1.061790585517883301e+00
2.718642652034759521e-01
-1.390781998634338379e-01
-2.497501224279403687e-01
-2.103599309921264648e-01
-1.580058038234710693e-01
-1.283163428306579590e-01
-1.181211248040199280e-01
-1.164782270789146423e-01
-1.278153210878372192e-01
-1.382313221693038940e-01
-1.558655649423599243e-01
-1.745317727327346802e-01
-1.963081657886505127e-01
-2.173814326524734497e-01
-2.371504753828048706e-01
-2.521707415580749512e-01
-2.569189965724945068e-01
-2.587513327598571777e-01
-2.515811622142791748e-01
-2.417935281991958618e-01
-2.419810146093368530e-01
-2.498831152915954590e-01
-2.570391595363616943e-01
-2.612559199333190918e-01
-2.643879950046539307e-01
-2.670018672943115234e-01
-2.662312388420104980e-01
-2.677001357078552246e-01
-2.677583098411560059e-01
-2.635628581047058105e-01
-2.645881474018096924e-01
-2.644928395748138428e-01
-2.658216655254364014e-01
-2.703703045845031738e-01
-2.696229815483093262e-01
-2.737170159816741943e-01
-2.766416668891906738e-01
-2.770830392837524414e-01
-2.748804390430450439e-01
-2.774834632873535156e-01
-2.754092216491699219e-01
-2.747239470481872559e-01
-2.761821448802947998e-01
-2.781071662902832031e-01
-2.821481525897979736e-01
-2.767342627048492432e-01
-2.787289321422576904e-01
-2.792414724826812744e-01
-2.802991569042205811e-01
-2.809067070484161377e-01
-2.818118333816528320e-01
-2.810947000980377197e-01
-2.846370637416839600e-01
-2.837964594364166260e-01
-2.833433747291564941e-01
-2.863762676715850830e-01
-2.887626588344573975e-01
-2.855182290077209473e-01
-2.860298454761505127e-01
-2.869395017623901367e-01
-2.837405502796173096e-01
-2.847394645214080811e-01
-2.871213257312774658e-01
-2.895293831825256348e-01
-2.906530797481536865e-01
-2.874433994293212891e-01
-2.900156676769256592e-01
-2.886417210102081299e-01
-2.886572778224945068e-01
-2.885937988758087158e-01
-2.893429100513458252e-01
-2.901178002357482910e-01
-2.907017767429351807e-01
-2.888773679733276367e-01
-2.893652319908142090e-01
-2.885454297065734863e-01
-2.896526455879211426e-01
-2.900350093841552734e-01
-2.885507643222808838e-01
-2.896108329296112061e-01
-2.905231416225433350e-01
-2.914576828479766846e-01
-2.921717464923858643e-01
-2.902055680751800537e-01
-2.902621924877166748e-01
-2.906474173069000244e-01
-2.912474274635314941e-01
-2.912987470626831055e-01
-2.899697124958038330e-01
-2.883469760417938232e-01
-2.899762094020843506e-01
-2.940428555011749268e-01
-2.911396324634552002e-01
-2.928636968135833740e-01
-2.914323806762695312e-01
-2.919476032257080078e-01
-2.894459664821624756e-01
-2.911876738071441650e-01
-2.915735542774200439e-01
-2.924624681472778320e-01
-2.924185395240783691e-01
-2.922837138175964355e-01
-2.917854487895965576e-01
-2.919135093688964844e-01
-2.908348441123962402e-01
-2.924352288246154785e-01
-2.913934886455535889e-01
-2.932629287242889404e-01
-2.922219932079315186e-01
-2.908328771591186523e-01
-2.913249433040618896e-01
-2.889178991317749023e-01
-2.946895360946655273e-01
-2.919148504734039307e-01
-2.931406795978546143e-01
-2.931842207908630371e-01
-2.925226390361785889e-01
-2.930365800857543945e-01
-2.950223088264465332e-01
-2.941636443138122559e-01
-2.930974364280700684e-01
-2.903938889503479004e-01
-2.937052845954895020e-01
-2.918182909488677979e-01
-2.933658361434936523e-01
-2.925914227962493896e-01
-2.947016656398773193e-01
-2.927287518978118896e-01
-2.919691801071166992e-01
-2.921017706394195557e-01
-2.952452600002288818e-01
-2.918465733528137207e-01
-2.905730605125427246e-01
-2.929162085056304932e-01
-2.933041453361511230e-01
-2.940410673618316650e-01
-2.920842468738555908e-01
-2.923081517219543457e-01
-2.923375666141510010e-01
-2.924820482730865479e-01
-2.932214438915252686e-01
-2.940875887870788574e-01
-2.928569316864013672e-01
-2.952350974082946777e-01
-2.926979362964630127e-01
-2.928144037723541260e-01
-2.910741567611694336e-01
-2.944778501987457275e-01
-2.909676730632781982e-01
-2.957498133182525635e-01
-2.927305102348327637e-01
-2.929085493087768555e-01
-2.923651039600372314e-01
-2.927025258541107178e-01
-2.934333384037017822e-01
-2.946082651615142822e-01
-2.940681874752044678e-01
-2.944833040237426758e-01
-2.936150431632995605e-01
-2.928832769393920898e-01
-2.904397249221801758e-01
-2.913513779640197754e-01
-2.941038608551025391e-01
-2.944350540637969971e-01
-2.919769287109375000e-01
-2.937613427639007568e-01
-2.932427227497100830e-01
-2.923084199428558350e-01
-2.904346883296966553e-01
-2.923032343387603760e-01
-2.924588620662689209e-01
-2.927781045436859131e-01
-2.930431663990020752e-01
-2.941385805606842041e-01
-2.932962775230407715e-01
-2.929174304008483887e-01
-2.934946417808532715e-01
-2.923088073730468750e-01
-2.929562628269195557e-01
-2.932426929473876953e-01
-2.920178771018981934e-01
-2.946926355361938477e-01
-2.916645407676696777e-01
-2.940919101238250732e-01
-2.914490401744842529e-01
-2.927401065826416016e-01
-2.926028966903686523e-01
-2.922104299068450928e-01
-2.935076057910919189e-01
-2.948052287101745605e-01
-2.925781309604644775e-01
-2.929480075836181641e-01
-2.930264472961425781e-01
-2.919680178165435791e-01
-2.923951148986816406e-01
-2.948770523071289062e-01
-2.933484017848968506e-01
-2.930121421813964844e-01
-2.925848960876464844e-01
-2.934232652187347412e-01
-2.934748530387878418e-01
-2.935706079006195068e-01
-2.951597869396209717e-01
-2.915809452533721924e-01
-2.923867702484130859e-01
-2.934312522411346436e-01
-2.956118285655975342e-01
-2.928108274936676025e-01
-2.943875193595886230e-01
-2.942860126495361328e-01
-2.927225232124328613e-01
-2.932167351245880127e-01
-2.942868471145629883e-01
-2.962330877780914307e-01
-2.916432023048400879e-01
-2.954012453556060791e-01
-2.939262092113494873e-01
-2.937457859516143799e-01
-2.926696836948394775e-01
-2.956964373588562012e-01
-2.946759760379791260e-01
-2.944668531417846680e-01
-2.912668585777282715e-01
-2.935042083263397217e-01
-2.932948470115661621e-01
-2.928148508071899414e-01
-2.934396266937255859e-01
-2.944098412990570068e-01
-2.962371110916137695e-01
-2.937943637371063232e-01
-2.937122285366058350e-01
-2.915304005146026611e-01
-2.939042448997497559e-01
-2.919779121875762939e-01
-2.954485416412353516e-01
-2.967996299266815186e-01
-2.947046458721160889e-01
-2.925944924354553223e-01
-2.947544455528259277e-01
-2.933663427829742432e-01
-2.940364480018615723e-01
-2.964169085025787354e-01
-2.945943772792816162e-01
-2.951245605945587158e-01
-2.957150340080261230e-01
-2.932794094085693359e-01
-2.952655851840972900e-01
-2.951571643352508545e-01
-2.934784591197967529e-01
-2.936922609806060791e-01
-2.970927357673645020e-01
-2.949186265468597412e-01
-2.942805290222167969e-01
-2.946177721023559570e-01
-2.963114082813262939e-01
-2.959983050823211670e-01
-2.929756343364715576e-01
-2.965429425239562988e-01
-2.947701513767242432e-01
-2.956207990646362305e-01
-2.960537075996398926e-01
-2.955141365528106689e-01
-2.949662208557128906e-01
-2.948199212551116943e-01
-2.938679754734039307e-01
-2.951702773571014404e-01
-2.948285937309265137e-01
-2.949688136577606201e-01
-2.932069599628448486e-01
-2.964399456977844238e-01
-2.946510016918182373e-01
-2.962900400161743164e-01
-2.957737743854522705e-01
-2.955964207649230957e-01
-2.956097722053527832e-01
-2.934980392456054688e-01
-2.951826155185699463e-01
-2.944509983062744141e-01
-2.963367700576782227e-01
-2.953195273876190186e-01
-2.936778962612152100e-01
-2.960181236267089844e-01
-2.966208755970001221e-01
-2.967597544193267822e-01
-2.959154546260833740e-01
-2.976579666137695312e-01
-2.945089936256408691e-01
-2.947034835815429688e-01
-2.956228554248809814e-01
-2.950704097747802734e-01
-2.968735396862030029e-01
-2.951314449310302734e-01
-2.944248616695404053e-01
-2.962344884872436523e-01
-2.928947210311889648e-01
-2.945377528667449951e-01
-2.924760878086090088e-01
-2.941693961620330811e-01
-2.974872291088104248e-01
-2.969899475574493408e-01
-2.948471605777740479e-01
-2.938988506793975830e-01
-2.946500480175018311e-01
-2.957436442375183105e-01
-2.959319055080413818e-01
-2.948107421398162842e-01
-2.945845425128936768e-01
-2.931858599185943604e-01
-2.965075671672821045e-01
-2.949843704700469971e-01
-2.972426712512969971e-01
-2.983495593070983887e-01
-2.960394024848937988e-01
-2.959701418876647949e-01
-2.963838875293731689e-01
-2.967504560947418213e-01
-2.980849444866180420e-01
-2.988412976264953613e-01
-2.960527241230010986e-01
-2.979955673217773438e-01
-2.967047393321990967e-01
-2.961514890193939209e-01
-2.958343923091888428e-01
-2.947082519531250000e-01
-2.957438528537750244e-01
-2.961861491203308105e-01
-2.964537739753723145e-01
-2.974445223808288574e-01
-2.977443635463714600e-01
-3.000466823577880859e-01
-2.993955612182617188e-01
-2.957074642181396484e-01
-2.973767220973968506e-01
-2.973280847072601318e-01
-2.995312213897705078e-01
-2.987700104713439941e-01
-2.997782528400421143e-01
-3.003589510917663574e-01
-2.982048392295837402e-01
-2.989149689674377441e-01
-3.000880181789398193e-01
-2.993951439857482910e-01
-3.001430928707122803e-01
-2.995260059833526611e-01
-3.009622693061828613e-01
-3.018703162670135498e-01
-3.019865453243255615e-01
-3.048484325408935547e-01
-3.034573793411254883e-01
-3.033341169357299805e-01
-3.053458631038665771e-01
-3.038950264453887939e-01
-3.043853044509887695e-01
-3.055878877639770508e-01
-3.074618577957153320e-01
-3.085403144359588623e-01
-3.072094023227691650e-01
-3.078311383724212646e-01
-3.091845810413360596e-01
-3.099405169486999512e-01
-3.098278343677520752e-01
-3.084443211555480957e-01
-3.097906410694122314e-01
-3.097626864910125732e-01
-3.094909787178039551e-01
-3.100239038467407227e-01
-3.109286129474639893e-01
-3.122124373912811279e-01
-3.111727833747863770e-01
-3.086892664432525635e-01
-3.101993203163146973e-01
-3.113710284233093262e-01
-3.106357455253601074e-01
-3.111192584037780762e-01
-3.112387657165527344e-01
-3.135791122913360596e-01
-3.113613426685333252e-01
-3.139047920703887939e-01
-3.113155663013458252e-01
-3.106268048286437988e-01
-3.122511506080627441e-01
-3.132117390632629395e-01
-3.127477467060089111e-01
-3.154025375843048096e-01
-3.123848736286163330e-01
-3.123175501823425293e-01
-3.136282861232757568e-01
-3.152295053005218506e-01
-3.134881258010864258e-01
-3.155865669250488281e-01
-3.143919110298156738e-01
-3.161190748214721680e-01
-3.158643841743469238e-01
-3.162147104740142822e-01
-3.154914677143096924e-01
-3.149054050445556641e-01
-3.159326910972595215e-01
-3.146237134933471680e-01
-3.155498802661895752e-01
-3.158912360668182373e-01
-3.144973218441009521e-01
-3.171051144599914551e-01
-3.151983618736267090e-01
-3.168510496616363525e-01
-3.168397545814514160e-01
-3.151599764823913574e-01
-3.169940710067749023e-01
-3.166782259941101074e-01
-3.146865069866180420e-01
-3.161904215812683105e-01
-3.179023563861846924e-01
-3.156194984912872314e-01
-3.137219250202178955e-01
-3.184791207313537598e-01
-3.150515854358673096e-01
-3.154992759227752686e-01
-3.150524795055389404e-01
-3.171488344669342041e-01
-3.150270581245422363e-01
-3.151929676532745361e-01
-3.160046935081481934e-01
-3.164435625076293945e-01
-3.169367313385009766e-01
-3.165580332279205322e-01
-3.163536489009857178e-01
-3.164597749710083008e-01
-3.167535364627838135e-01
-3.176560103893280029e-01
-3.163782656192779541e-01
-3.175440430641174316e-01
-3.154662847518920898e-01
-3.138181567192077637e-01
-3.171298205852508545e-01
-3.162139356136322021e-01
-3.142923116683959961e-01
-3.143431544303894043e-01
-3.171246945858001709e-01
-3.155845105648040771e-01
-3.183419406414031982e-01
-3.170813322067260742e-01
-3.154996931552886963e-01
-3.174630403518676758e-01
-3.170774281024932861e-01
-3.168894648551940918e-01
-3.190184235572814941e-01
-3.170018792152404785e-01
-3.162674605846405029e-01
-3.159301280975341797e-01
-3.161906301975250244e-01
-3.150916695594787598e-01
-3.172269761562347412e-01
-3.166175186634063721e-01
-3.180169463157653809e-01
-3.165950477123260498e-01
-3.188036680221557617e-01
-3.140641748905181885e-01
-3.174136579036712646e-01
-3.175749778747558594e-01
-3.175543844699859619e-01
-3.156751096248626709e-01
-3.169832825660705566e-01
-3.178917765617370605e-01
-3.179207444190979004e-01
-3.184252977371215820e-01
-3.166243433952331543e-01
-3.187220394611358643e-01
-3.174640536308288574e-01
-3.173445761203765869e-01
-3.165633380413055420e-01
-3.178742527961730957e-01
-3.166618943214416504e-01
-3.167580366134643555e-01
-3.162069916725158691e-01
-3.166834712028503418e-01
-3.185756206512451172e-01
-3.187821209430694580e-01
-3.184819221496582031e-01
-3.180463016033172607e-01
-3.169677853584289551e-01
-3.177151381969451904e-01
-3.191831409931182861e-01
-3.192379772663116455e-01
-3.185549378395080566e-01
-3.180968165397644043e-01
-3.187582194805145264e-01
-3.177492916584014893e-01
-3.181252479553222656e-01
-3.169471919536590576e-01
-3.184223771095275879e-01
-3.187488317489624023e-01
-3.159992098808288574e-01
-3.162323534488677979e-01
-3.173850476741790771e-01
-3.177664279937744141e-01
-3.154070973396301270e-01
-3.184577226638793945e-01
-3.191112577915191650e-01
-3.169357180595397949e-01
-3.190991580486297607e-01
-3.181837797164916992e-01
-3.168495595455169678e-01
-3.178829848766326904e-01
-3.194260001182556152e-01
-3.179281055927276611e-01
-3.190208971500396729e-01
-3.186123669147491455e-01
-3.174280524253845215e-01
-3.180501163005828857e-01
-3.161789476871490479e-01
-3.197329640388488770e-01
-3.207646012306213379e-01
-3.211506307125091553e-01
-3.206788897514343262e-01
-3.189854621887207031e-01
-3.195386826992034912e-01
-3.199985623359680176e-01
-3.204774260520935059e-01
-3.184822499752044678e-01
-3.188467621803283691e-01
-3.205275833606719971e-01
-3.194727301597595215e-01
-3.185696601867675781e-01
-3.211180865764617920e-01
-3.230697810649871826e-01
-3.214514553546905518e-01
-3.213621377944946289e-01
-3.208049237728118896e-01
-3.208314776420593262e-01
-3.227720260620117188e-01
-3.211345076560974121e-01
-3.210726976394653320e-01
-3.202050030231475830e-01
-3.202246129512786865e-01
-3.209572732448577881e-01
-3.228804767131805420e-01
-3.231727480888366699e-01
-3.217132091522216797e-01
-3.225367665290832520e-01
-3.226954340934753418e-01
-3.231755197048187256e-01
-3.227542936801910400e-01
-3.231195211410522461e-01
-3.261964321136474609e-01
-3.234144151210784912e-01
-3.249268829822540283e-01
-3.233043849468231201e-01
-3.250221312046051025e-01
-3.255671262741088867e-01
-3.242237269878387451e-01
-3.242655396461486816e-01
-3.243362605571746826e-01
-3.251469731330871582e-01
-3.250511586666107178e-01
-3.266126215457916260e-01
-3.226699829101562500e-01
-3.210346400737762451e-01
-3.234462141990661621e-01
-3.246867954730987549e-01
-3.262875676155090332e-01
-3.235037922859191895e-01
-3.222924470901489258e-01
-3.258998990058898926e-01
-3.226203620433807373e-01
-3.237586915493011475e-01
-3.258967995643615723e-01
-3.253577947616577148e-01
-3.250993490219116211e-01
-3.275499343872070312e-01
-3.258965015411376953e-01
-3.239113092422485352e-01
-3.244752883911132812e-01
-3.269291818141937256e-01
-3.254743516445159912e-01
-3.256076276302337646e-01
-3.270239233970642090e-01
-3.255741894245147705e-01
-3.244183361530303955e-01
-3.269492685794830322e-01
-3.223226964473724365e-01
-3.243651092052459717e-01
-3.253670930862426758e-01
-3.229047358036041260e-01
-3.262816667556762695e-01
-3.265581727027893066e-01
-3.236401379108428955e-01
-3.264401853084564209e-01
-3.286530077457427979e-01
-3.254690170288085938e-01
-3.267708420753479004e-01
-3.258856534957885742e-01
-3.263423442840576172e-01
-3.251819014549255371e-01
-3.257029354572296143e-01
-3.255338966846466064e-01
-3.283385038375854492e-01
-3.291052877902984619e-01
-3.272005319595336914e-01
-3.274581730365753174e-01
-3.259844481945037842e-01
-3.265657424926757812e-01
-3.266536295413970947e-01
-3.275618851184844971e-01
-3.285197615623474121e-01
-3.282279968261718750e-01
-3.280526697635650635e-01
-3.273719549179077148e-01
-3.259368836879730225e-01
-3.284811973571777344e-01
-3.274047374725341797e-01
-3.284438550472259521e-01
-3.280942738056182861e-01
-3.279563486576080322e-01
-3.291402161121368408e-01
-3.294097781181335449e-01
-3.295059502124786377e-01
-3.265800476074218750e-01
-3.301661312580108643e-01
-3.288530409336090088e-01
-3.271021246910095215e-01
-3.282949328422546387e-01
-3.289694488048553467e-01
-3.282483816146850586e-01
-3.309631943702697754e-01
-3.286336362361907959e-01
-3.279626071453094482e-01
-3.296136260032653809e-01
-3.299412131309509277e-01
-3.292962610721588135e-01
-3.291125595569610596e-01
-3.298820257186889648e-01
-3.286661803722381592e-01
-3.288472294807434082e-01
-3.296810984611511230e-01
-3.301396965980529785e-01
-3.297913670539855957e-01
-3.292508423328399658e-01
-3.304237723350524902e-01
-3.306818604469299316e-01
-3.284845650196075439e-01
-3.299864530563354492e-01
-3.293614387512207031e-01
-3.292225897312164307e-01
-3.301235437393188477e-01
-3.302891552448272705e-01
-3.325240612030029297e-01
-3.315819203853607178e-01
-3.298813998699188232e-01
-3.305958211421966553e-01
-3.293172717094421387e-01
-3.308219015598297119e-01
-3.309552073478698730e-01
-3.293986022472381592e-01
-3.307964205741882324e-01
-3.322465419769287109e-01
-3.316566646099090576e-01
-3.297986686229705811e-01
-3.330997526645660400e-01
-3.294690847396850586e-01
-3.329938948154449463e-01
-3.324305713176727295e-01
-3.320814073085784912e-01
-3.330619633197784424e-01
-3.337282240390777588e-01
-3.317655920982360840e-01
-3.332495689392089844e-01
-3.342996537685394287e-01
-3.335400223731994629e-01
-3.335777521133422852e-01
-3.338589370250701904e-01
-3.338223099708557129e-01
-3.348836302757263184e-01
-3.354537189006805420e-01
-3.348922133445739746e-01
-3.343029320240020752e-01
-3.360634148120880127e-01
-3.336253762245178223e-01
-3.359331190586090088e-01
-3.354891836643218994e-01
-3.357910811901092529e-01
-3.367983102798461914e-01
-3.331659734249114990e-01
-3.355944454669952393e-01
-3.362216055393218994e-01
-3.372353613376617432e-01
-3.361131548881530762e-01
-3.367143273353576660e-01
-3.347859382629394531e-01
-3.358630239963531494e-01
-3.357510268688201904e-01
-3.377903401851654053e-01
-3.360610604286193848e-01
-3.371513187885284424e-01
-3.371373414993286133e-01
-3.352803587913513184e-01
-3.390032947063446045e-01
-3.379270732402801514e-01
-3.374138474464416504e-01
-3.387161195278167725e-01
-3.380975723266601562e-01
-3.383235335350036621e-01
-3.366159796714782715e-01
-3.371630311012268066e-01
-3.377670645713806152e-01
-3.382266163825988770e-01
-3.377991318702697754e-01
-3.370898962020874023e-01
-3.382834792137145996e-01
-3.378596305847167969e-01
-3.390807509422302246e-01
-3.406449556350708008e-01
-3.398678004741668701e-01
-3.397936820983886719e-01
-3.379537463188171387e-01
-3.390811085700988770e-01
-3.370349109172821045e-01
-3.387561142444610596e-01
-3.353473842144012451e-01
-3.391356766223907471e-01
-3.392830789089202881e-01
-3.378155529499053955e-01
-3.403873145580291748e-01
-3.402582406997680664e-01
-3.377642333507537842e-01
-3.377766907215118408e-01
-3.394594788551330566e-01
-3.389099836349487305e-01
-3.392705023288726807e-01
-3.404785096645355225e-01
-3.393982648849487305e-01
-3.396415412425994873e-01
-3.389066159725189209e-01
-3.405665755271911621e-01
-3.405025601387023926e-01
-3.394167125225067139e-01
-3.404516279697418213e-01
-3.412223458290100098e-01
-3.416937291622161865e-01
-3.402572572231292725e-01
-3.410735130310058594e-01
-3.400038182735443115e-01
-3.403548300266265869e-01
-3.412697911262512207e-01
-3.425160646438598633e-01
-3.410907685756683350e-01
-3.422142565250396729e-01
-3.417652845382690430e-01
-3.430051207542419434e-01
-3.407891988754272461e-01
-3.429671227931976318e-01
-3.415402770042419434e-01
-3.417621254920959473e-01
-3.413957357406616211e-01
-3.422721624374389648e-01
-3.411177098751068115e-01
-3.418983817100524902e-01
-3.420554995536804199e-01
-3.431404829025268555e-01
-3.410198986530303955e-01
-3.432328402996063232e-01
-3.432660698890686035e-01
-3.430080711841583252e-01
-3.419065475463867188e-01
-3.430511653423309326e-01
-3.426365852355957031e-01
-3.420393466949462891e-01
-3.428120017051696777e-01
-3.438163101673126221e-01
-3.415872156620025635e-01
-3.429894447326660156e-01
-3.429044485092163086e-01
-3.428713679313659668e-01
-3.430482447147369385e-01
-3.431552648544311523e-01
-3.424586951732635498e-01
-3.434761464595794678e-01
-3.439103960990905762e-01
-3.439843654632568359e-01
-3.435111045837402344e-01
-3.439225554466247559e-01
-3.439195454120635986e-01
-3.437778949737548828e-01
-3.437076508998870850e-01
-3.434779644012451172e-01
-3.439866304397583008e-01
-3.435288071632385254e-01
-3.433223962783813477e-01
-3.425966799259185791e-01
-3.421709537506103516e-01
-3.443004786968231201e-01
-3.432332575321197510e-01
-3.449161350727081299e-01
-3.429236412048339844e-01
-3.458974063396453857e-01
-3.433070778846740723e-01
-3.445563316345214844e-01
-3.448473811149597168e-01
-3.436616957187652588e-01
-3.445485830307006836e-01
-3.440980315208435059e-01
-3.458992838859558105e-01
-3.440702557563781738e-01
-3.451661765575408936e-01
-3.441461920738220215e-01
-3.455419838428497314e-01
-3.460547924041748047e-01
-3.446761071681976318e-01
-3.471001386642456055e-01
-3.458020091056823730e-01
-3.465441465377807617e-01
-3.471112549304962158e-01
-3.470424115657806396e-01
-3.448446989059448242e-01
-3.474561572074890137e-01
-3.476872444152832031e-01
-3.473944365978240967e-01
-3.470722436904907227e-01
-3.467846214771270752e-01
-3.486314713954925537e-01
-3.486229479312896729e-01
-3.475832641124725342e-01
-3.484308421611785889e-01
-3.486264944076538086e-01
-3.491799235343933105e-01
-3.500394821166992188e-01
-3.489318788051605225e-01
-3.482286334037780762e-01
-3.490609824657440186e-01
-3.482413589954376221e-01
-3.503151834011077881e-01
-3.490677177906036377e-01
-3.489191234111785889e-01
-3.488695919513702393e-01
-3.508439064025878906e-01
-3.502297997474670410e-01
-3.497072756290435791e-01
-3.500733077526092529e-01
-3.507196009159088135e-01
-3.495658040046691895e-01
-3.506880998611450195e-01
-3.525530397891998291e-01
-3.507991731166839600e-01
-3.501130044460296631e-01
-3.499418199062347412e-01
-3.516205549240112305e-01
-3.520295321941375732e-01
-3.515475988388061523e-01
-3.510831594467163086e-01
-3.512344360351562500e-01
-3.504470884799957275e-01
-3.510765731334686279e-01
-3.522227704524993896e-01
-3.519968390464782715e-01
-3.520378470420837402e-01
-3.519136309623718262e-01
-3.513650894165039062e-01
-3.534737229347229004e-01
-3.526481986045837402e-01
-3.530034720897674561e-01
-3.531624972820281982e-01
-3.532722294330596924e-01
-3.526658415794372559e-01
-3.541063070297241211e-01
-3.525423109531402588e-01
-3.544695377349853516e-01
-3.520261347293853760e-01
-3.532863259315490723e-01
-3.524101376533508301e-01
-3.526751101016998291e-01
-3.512551188468933105e-01
-3.541480600833892822e-01
-3.539737164974212646e-01
-3.527353405952453613e-01
-3.530048131942749023e-01
-3.528215885162353516e-01
-3.528141975402832031e-01
-3.535272777080535889e-01
-3.541045486927032471e-01
-3.529734611511230469e-01
-3.537296652793884277e-01
-3.552898764610290527e-01
-3.543314635753631592e-01
-3.544102013111114502e-01
-3.547096550464630127e-01
-3.552261292934417725e-01
-3.543964326381683350e-01
-3.557207584381103516e-01
-3.564306199550628662e-01
-3.540920317173004150e-01
-3.545051813125610352e-01
-3.560902774333953857e-01
-3.555787205696105957e-01
-3.547953963279724121e-01
-3.548484444618225098e-01
-3.554069399833679199e-01
-3.565161228179931641e-01
-3.568401634693145752e-01
-3.565110564231872559e-01
-3.556082546710968018e-01
-3.552589714527130127e-01
-3.550280332565307617e-01
-3.566948175430297852e-01
-3.554641604423522949e-01
-3.572341203689575195e-01
-3.568410575389862061e-01
-3.562661707401275635e-01
-3.563453257083892822e-01
-3.555093109607696533e-01
-3.561873733997344971e-01
-3.577210605144500732e-01
-3.563662469387054443e-01
-3.572205603122711182e-01
-3.583103716373443604e-01
-3.569440841674804688e-01
-3.573648333549499512e-01
-3.577064871788024902e-01
-3.566118776798248291e-01
-3.562763631343841553e-01
-3.562875390052795410e-01
-3.589843511581420898e-01
-3.582703769207000732e-01
-3.571937382221221924e-01
-3.581019341945648193e-01
-3.582550883293151855e-01
-3.587641716003417969e-01
-3.585727214813232422e-01
-3.584062159061431885e-01
-3.586853146553039551e-01
-3.582459390163421631e-01
-3.586707115173339844e-01
-3.583893775939941406e-01
-3.585916757583618164e-01
-3.578057885169982910e-01
-3.591714799404144287e-01
-3.583604693412780762e-01
-3.584428727626800537e-01
-3.591752946376800537e-01
-3.588139116764068604e-01
-3.587594032287597656e-01
-3.589303493499755859e-01
-3.593439459800720215e-01
-3.589870631694793701e-01
-3.594302535057067871e-01
-3.589945733547210693e-01
-3.587012290954589844e-01
-3.598739206790924072e-01
-3.592731952667236328e-01
-3.596909046173095703e-01
-3.590811491012573242e-01
-3.599370718002319336e-01
-3.585608899593353271e-01
-3.603784143924713135e-01
-3.585587143898010254e-01
-3.601607680320739746e-01
-3.594887554645538330e-01
-3.605549931526184082e-01
-3.593083322048187256e-01
-3.591137230396270752e-01
-3.592918515205383301e-01
-3.610554933547973633e-01
-3.595079779624938965e-01
-3.596073687076568604e-01
-3.603319227695465088e-01
-3.603318333625793457e-01
-3.612921833992004395e-01
-3.602197170257568359e-01
-3.612411320209503174e-01
-3.597157597541809082e-01
-3.601388037204742432e-01
-3.600848317146301270e-01
-3.612291216850280762e-01
-3.584617972373962402e-01
-3.611599802970886230e-01
-3.593376576900482178e-01
-3.612205088138580322e-01
-3.607463240623474121e-01
-3.614268302917480469e-01
-3.614372014999389648e-01
-3.602948486804962158e-01
-3.603061437606811523e-01
-3.612623214721679688e-01
-3.609987199306488037e-01
-3.609530627727508545e-01
-3.602261245250701904e-01
-3.603500425815582275e-01
-3.611727952957153320e-01
-3.594343066215515137e-01
-3.614695966243743896e-01
-3.627491295337677002e-01
-3.600049912929534912e-01
-3.617349267005920410e-01
-3.609756529331207275e-01
-3.609540462493896484e-01
-3.605026900768280029e-01
-3.613018095493316650e-01
-3.607499897480010986e-01
-3.603969514369964600e-01
-3.603984415531158447e-01
-3.613723814487457275e-01
-3.602786362171173096e-01
-3.606555759906768799e-01
-3.609971404075622559e-01
-3.619880676269531250e-01
-3.607336282730102539e-01
-3.629735708236694336e-01
-3.606012761592864990e-01
-3.618222177028656006e-01
-3.595169186592102051e-01
-3.618741333484649658e-01
-3.589443862438201904e-01
-3.615694344043731689e-01
-3.613101243972778320e-01
-3.634130060672760010e-01
-3.626714348793029785e-01
-3.619522154331207275e-01
-3.625464141368865967e-01
-3.622564673423767090e-01
-3.620308935642242432e-01
-3.619718253612518311e-01
-3.623636960983276367e-01
-3.625291883945465088e-01
-3.622343838214874268e-01
-3.628407716751098633e-01
-3.631800115108489990e-01
-3.629601299762725830e-01
-3.620779812335968018e-01
-3.633119463920593262e-01
-3.637950122356414795e-01
-3.626289367675781250e-01
-3.619576990604400635e-01
-3.624956011772155762e-01
-3.633483648300170898e-01
-3.629859685897827148e-01
-3.631241917610168457e-01
-3.631705343723297119e-01
-3.632389903068542480e-01
-3.636516034603118896e-01
-3.633902370929718018e-01
-3.635169565677642822e-01
-3.640566766262054443e-01
-3.631286323070526123e-01
-3.633950948715209961e-01
-3.635415136814117432e-01
-3.634850978851318359e-01
-3.635622859001159668e-01
-3.645200133323669434e-01
-3.635356128215789795e-01
-3.645219206809997559e-01
-3.634018301963806152e-01
-3.633019030094146729e-01
-3.640848100185394287e-01
-3.639362156391143799e-01
-3.636380434036254883e-01
-3.652102947235107422e-01
-3.642268180847167969e-01
-3.637689352035522461e-01
-3.651089370250701904e-01
-3.638331294059753418e-01
-3.646311759948730469e-01
-3.640782833099365234e-01
-3.645638525485992432e-01
-3.645697236061096191e-01
-3.639797866344451904e-01
-3.640293180942535400e-01
-3.641807138919830322e-01
-3.635071516036987305e-01
-3.641619384288787842e-01
-3.642036318778991699e-01
-3.644270598888397217e-01
-3.649236559867858887e-01
-3.646820783615112305e-01
-3.647439777851104736e-01
-3.653991222381591797e-01
-3.654580116271972656e-01
-3.650469779968261719e-01
-3.646317124366760254e-01
-3.647401034832000732e-01
-3.657049238681793213e-01
-3.649239242076873779e-01
-3.651719987392425537e-01
-3.645424246788024902e-01
-3.660322129726409912e-01
-3.650778532028198242e-01
-3.654477000236511230e-01
-3.646986782550811768e-01
-3.652018904685974121e-01
-3.646760880947113037e-01
-3.653994202613830566e-01
-3.648622334003448486e-01
-3.653268516063690186e-01
-3.648236095905303955e-01
-3.646509945392608643e-01
-3.652429282665252686e-01
-3.653766214847564697e-01
-3.652127087116241455e-01
-3.656981885433197021e-01
-3.656251430511474609e-01
-3.648574650287628174e-01
-3.653521835803985596e-01
-3.665356040000915527e-01
-3.655546307563781738e-01
-3.654645383358001709e-01
-3.662513494491577148e-01
-3.665021359920501709e-01
-3.661732673645019531e-01
-3.663210570812225342e-01
-3.668079674243927002e-01
-3.661784827709197998e-01
-3.664603829383850098e-01
-3.673050999641418457e-01
-3.672298491001129150e-01
-3.664923608303070068e-01
-3.663643896579742432e-01
-3.671088814735412598e-01
-3.649666309356689453e-01
-3.656944930553436279e-01
-3.663410544395446777e-01
-3.658866584300994873e-01
-3.673187196254730225e-01
-3.651199042797088623e-01
-3.660928010940551758e-01
-3.663973510265350342e-01
-3.653818368911743164e-01
-3.648989498615264893e-01
-3.647696971893310547e-01
-3.670265376567840576e-01
-3.661879301071166992e-01
-3.657853901386260986e-01
-3.664005398750305176e-01
-3.673712015151977539e-01
-3.656814396381378174e-01
-3.666130304336547852e-01
-3.669892549514770508e-01
-3.666848838329315186e-01
-3.666433095932006836e-01
-3.664393126964569092e-01
-3.671780228614807129e-01
-3.667202889919281006e-01
-3.670139908790588379e-01
-3.682716786861419678e-01
-3.678983747959136963e-01
-3.680058121681213379e-01
-3.679492771625518799e-01
-3.676989674568176270e-01
-3.678113222122192383e-01
-3.673996031284332275e-01
-3.681711554527282715e-01
-3.681588768959045410e-01
-3.682075142860412598e-01
-3.679993748664855957e-01
-3.685769438743591309e-01
-3.678431510925292969e-01
-3.686175644397735596e-01
-3.689394891262054443e-01
-3.685488402843475342e-01
-3.683483898639678955e-01
-3.680775165557861328e-01
-3.687633574008941650e-01
-3.682462573051452637e-01
-3.683696389198303223e-01
-3.683931827545166016e-01
-3.684827089309692383e-01
-3.674352169036865234e-01
-3.686759173870086670e-01
-3.680270910263061523e-01
-3.686352074146270752e-01
-3.677194118499755859e-01
-3.678596913814544678e-01
-3.672012388706207275e-01
-3.680863082408905029e-01
-3.686039149761199951e-01
-3.674887120723724365e-01
-3.689170479774475098e-01
-3.686430454254150391e-01
-3.682827055454254150e-01
-3.687848448753356934e-01
-3.684462010860443115e-01
-3.687918186187744141e-01
-3.679365813732147217e-01
-3.686730265617370605e-01
-3.683427870273590088e-01
-3.686425685882568359e-01
-3.679517507553100586e-01
-3.689464032649993896e-01
-3.692029416561126709e-01
-3.691239356994628906e-01
-3.693868815898895264e-01
-3.696916997432708740e-01
-3.692742586135864258e-01
-3.695974647998809814e-01
-3.686765134334564209e-01
-3.695045411586761475e-01
-3.696921467781066895e-01
-3.695707917213439941e-01
-3.694370687007904053e-01
-3.691641688346862793e-01
-3.684074580669403076e-01
-3.698479831218719482e-01
-3.688451647758483887e-01
-3.694208562374114990e-01
-3.690671324729919434e-01
-3.694849908351898193e-01
-3.693618178367614746e-01
-3.689712584018707275e-01
-3.703676760196685791e-01
-3.697835206985473633e-01
-3.698519766330718994e-01
-3.690296709537506104e-01
-3.696233630180358887e-01
-3.693161606788635254e-01
-3.693592548370361328e-01
-3.690222799777984619e-01
-3.695687353610992432e-01
-3.701003491878509521e-01
-3.696905374526977539e-01
-3.694222271442413330e-01
-3.694097399711608887e-01
-3.701082468032836914e-01
-3.696250021457672119e-01
-3.700889348983764648e-01
-3.698369562625885010e-01
-3.698674440383911133e-01
-3.692958950996398926e-01
-3.692992329597473145e-01
-3.693993389606475830e-01
-3.687685430049896240e-01
-3.688485026359558105e-01
-3.694337606430053711e-01
-3.693779408931732178e-01
-3.691336810588836670e-01
-3.689676523208618164e-01
-3.687539994716644287e-01
-3.695687055587768555e-01
-3.696555495262145996e-01
-3.692800402641296387e-01
-3.691416680812835693e-01
-3.691959679126739502e-01
-3.691540062427520752e-01
-3.692993819713592529e-01
-3.690477907657623291e-01
-3.697866499423980713e-01
-3.695259392261505127e-01
-3.697625398635864258e-01
-3.699374496936798096e-01
-3.702005743980407715e-01
-3.694773912429809570e-01
-3.693883419036865234e-01
-3.701311647891998291e-01
-3.691990375518798828e-01
-3.703895807266235352e-01
-3.704499602317810059e-01
-3.690832853317260742e-01
-3.694946169853210449e-01
-3.702443242073059082e-01
-3.704007863998413086e-01
-3.699397444725036621e-01
-3.698474764823913574e-01
-3.690256178379058838e-01
-3.696572780609130859e-01
-3.699545860290527344e-01
-3.698569238185882568e-01
-3.701879382133483887e-01
-3.700779378414154053e-01
-3.701264560222625732e-01
-3.690356910228729248e-01
-3.695827126502990723e-01
-3.695064485073089600e-01
-3.694847524166107178e-01
-3.695019781589508057e-01
-3.701743185520172119e-01
-3.696744441986083984e-01
-3.695794641971588135e-01
-3.705175220966339111e-01
-3.700977265834808350e-01
-3.700591325759887695e-01
-3.695828914642333984e-01
-3.703813850879669189e-01
-3.700047731399536133e-01
-3.693453371524810791e-01
-3.701807856559753418e-01
-3.706849217414855957e-01
-3.689209520816802979e-01
-3.691878616809844971e-01
-3.692344427108764648e-01
-3.705160021781921387e-01
-3.702374994754791260e-01
-3.697711527347564697e-01
-3.692640960216522217e-01
-3.689926862716674805e-01
-3.707386553287506104e-01
-3.697763681411743164e-01
-3.698353469371795654e-01
-3.694798350334167480e-01
-3.697828054428100586e-01
-3.699215054512023926e-01
-3.694743514060974121e-01
-3.693478703498840332e-01
-3.673751354217529297e-01
-3.679262697696685791e-01
-3.690129518508911133e-01
-3.687296807765960693e-01
-3.691582083702087402e-01
-3.676038384437561035e-01
-3.523539602756500244e-01
-2.790659070014953613e-01
-3.081970810890197754e-01
-2.974966466426849365e-01
-2.878392040729522705e-01
-2.903628647327423096e-01
-3.003071844577789307e-01
-3.195610344409942627e-01
-3.192960917949676514e-01
-3.058273494243621826e-01
-3.265579938888549805e-01
-3.192678689956665039e-01
-3.277345895767211914e-01
-3.189012408256530762e-01
-3.254611492156982422e-01
-3.322542309761047363e-01
-3.269264400005340576e-01
-3.248224854469299316e-01
-3.298764228820800781e-01
-3.296153843402862549e-01
-3.296404778957366943e-01
-3.361854851245880127e-01
-3.377082645893096924e-01
-3.357465863227844238e-01
-3.364718556404113770e-01
-3.395373225212097168e-01
-3.421045541763305664e-01
-3.405073285102844238e-01
-3.418893814086914062e-01
-3.429192304611206055e-01
-3.439989686012268066e-01
-3.455442488193511963e-01
-3.466673493385314941e-01
-3.488228023052215576e-01
-3.515967428684234619e-01
-3.511346578598022461e-01
-3.517608642578125000e-01
-3.526812791824340820e-01
-3.532609343528747559e-01
-3.561470806598663330e-01
-3.550935685634613037e-01
-3.564004004001617432e-01
-3.561614155769348145e-01
-3.567884862422943115e-01
-3.581531941890716553e-01
-3.583283126354217529e-01
-3.594024777412414551e-01
-3.594734966754913330e-01
-3.593783378601074219e-01
-3.616335093975067139e-01
-3.616564273834228516e-01
-3.609886467456817627e-01
-3.619817197322845459e-01
-3.615676462650299072e-01
-3.617767393589019775e-01
-3.642518222332000732e-01
-3.638544678688049316e-01
-3.634680509567260742e-01
-3.634589910507202148e-01
-3.648251891136169434e-01
-3.647213280200958252e-01
-3.649955391883850098e-01
-3.660889267921447754e-01
-3.658386170864105225e-01
-3.672040998935699463e-01
-3.671197593212127686e-01
-3.678159713745117188e-01
-3.665773272514343262e-01
-3.669754266738891602e-01
-3.674718737602233887e-01
-3.675246536731719971e-01
-3.673824369907379150e-01
-3.676952719688415527e-01
-3.675877451896667480e-01
-3.681102991104125977e-01
-3.682440221309661865e-01
-3.688264787197113037e-01
-3.684602081775665283e-01
-3.692517280578613281e-01
-3.686654567718505859e-01
-3.692469000816345215e-01
-3.683736622333526611e-01
-3.691319525241851807e-01
-3.689204156398773193e-01
-3.689438402652740479e-01
-3.689797222614288330e-01
-3.693281114101409912e-01
-3.690809309482574463e-01
-3.685427308082580566e-01
-3.692611753940582275e-01
-3.691692650318145752e-01
-3.689421415328979492e-01
-3.693944215774536133e-01
-3.689790666103363037e-01
-3.689174950122833252e-01
-3.690241575241088867e-01
-3.693467676639556885e-01
-3.699301183223724365e-01
-3.697255551815032959e-01
-3.694495856761932373e-01
-3.695804476737976074e-01
-3.694503903388977051e-01
-3.690670430660247803e-01
-3.697219789028167725e-01
-3.695845901966094971e-01
-3.696459531784057617e-01
-3.702314496040344238e-01
-3.694773316383361816e-01
-3.698246479034423828e-01
-3.699348866939544678e-01
-3.696088194847106934e-01
-3.697107732295989990e-01
-3.700672388076782227e-01
-3.696928620338439941e-01
-3.707130253314971924e-01
-3.705466389656066895e-01
-3.690776228904724121e-01
-3.699269890785217285e-01
-3.691505789756774902e-01
-3.695092797279357910e-01
-3.700792789459228516e-01
-3.701220750808715820e-01
-3.696127831935882568e-01
-3.691149652004241943e-01
-3.700139224529266357e-01
-3.697987198829650879e-01
-3.696669340133666992e-01
-3.695648312568664551e-01
-3.698959350585937500e-01
-3.698736131191253662e-01
-3.700901567935943604e-01
-3.694475889205932617e-01
-3.693313002586364746e-01
-3.697224855422973633e-01
-3.700788617134094238e-01
-3.699478507041931152e-01
-3.701925277709960938e-01
-3.700637817382812500e-01
-3.695554137229919434e-01
-3.703851401805877686e-01
-3.701176643371582031e-01
-3.693787157535552979e-01
-3.696504533290863037e-01
-3.702686727046966553e-01
-3.698243200778961182e-01
-3.699840009212493896e-01
-3.699108660221099854e-01
-3.702419400215148926e-01
-3.700491189956665039e-01
-3.700024485588073730e-01
-3.700785934925079346e-01
-3.700833618640899658e-01
-3.703129887580871582e-01
-3.695131540298461914e-01
-3.698515594005584717e-01
-3.698632717132568359e-01
-3.698934316635131836e-01
-3.696474134922027588e-01
-3.704020082950592041e-01
-3.702768087387084961e-01
-3.697085082530975342e-01
-3.699712455272674561e-01
-3.701226115226745605e-01
-3.703644871711730957e-01
-3.699844777584075928e-01
-3.696608841419219971e-01
-3.697861433029174805e-01
-3.702206909656524658e-01
-3.703009784221649170e-01
-3.704677820205688477e-01
-3.698018789291381836e-01
-3.701626658439636230e-01
-3.703386485576629639e-01
-3.708186149597167969e-01
-3.703241348266601562e-01
-3.703706562519073486e-01
-3.703510761260986328e-01
-3.701422810554504395e-01
-3.703566193580627441e-01
-3.692304193973541260e-01
-3.700534105300903320e-01
-3.702311515808105469e-01
-3.698168098926544189e-01
-3.708088397979736328e-01
-3.704766631126403809e-01
-3.705623149871826172e-01
-3.706425130367279053e-01
-3.703460693359375000e-01
-3.707840144634246826e-01
-3.706411421298980713e-01
-3.706768751144409180e-01
-3.705646395683288574e-01
-3.701895177364349365e-01
-3.704004585742950439e-01
-3.697724938392639160e-01
-3.698756694793701172e-01
-3.701787590980529785e-01
-3.706219494342803955e-01
-3.698063492774963379e-01
-3.699212670326232910e-01
-3.701459169387817383e-01
-3.701875209808349609e-01
-3.698650002479553223e-01
-3.706025481224060059e-01
-3.706641793251037598e-01
-3.704038262367248535e-01
-3.704343140125274658e-01
-3.708040118217468262e-01
-3.702994287014007568e-01
-3.702733814716339111e-01
-3.694426417350769043e-01
-3.701446652412414551e-01
-3.704527020454406738e-01
-3.704917430877685547e-01
-3.702164292335510254e-01
-3.702508211135864258e-01
-3.701820075511932373e-01
-3.699441552162170410e-01
-3.701109886169433594e-01
-3.703413009643554688e-01
-3.700067698955535889e-01
-3.702937662601470947e-01
-3.703599870204925537e-01
-3.704358041286468506e-01
-3.701114356517791748e-01
-3.697295486927032471e-01
-3.699339330196380615e-01
-3.697875142097473145e-01
-3.704482316970825195e-01
-3.696400225162506104e-01
-3.688430786132812500e-01
-3.699502050876617432e-01
-3.686967492103576660e-01
-3.695442974567413330e-01
-3.696089088916778564e-01
-3.706870675086975098e-01
-3.693683147430419922e-01
-3.686823248863220215e-01
-3.703083097934722900e-01
-3.696973323822021484e-01
-3.695853352546691895e-01
-3.704242110252380371e-01
-3.699523508548736572e-01
-3.701570332050323486e-01
-3.705929517745971680e-01
-3.702415227890014648e-01
-3.699977993965148926e-01
-3.704872429370880127e-01
-3.706883490085601807e-01
-3.703612685203552246e-01
-3.701589107513427734e-01
-3.703768253326416016e-01
-3.705831766128540039e-01
-3.703190386295318604e-01
-3.707199692726135254e-01
-3.705227673053741455e-01
-3.704063594341278076e-01
-3.708823919296264648e-01
-3.703824877738952637e-01
-3.702262341976165771e-01
-3.698389232158660889e-01
-3.702339828014373779e-01
-3.707335293292999268e-01
-3.707579374313354492e-01
-3.709121644496917725e-01
-3.700297474861145020e-01
-3.702059984207153320e-01
-3.705461323261260986e-01
-3.706779778003692627e-01
-3.706069588661193848e-01
-3.704554140567779541e-01
-3.700976073741912842e-01
-3.700454533100128174e-01
-3.705660104751586914e-01
-3.703463971614837646e-01
-3.707340061664581299e-01
-3.704147338867187500e-01
-3.703622221946716309e-01
-3.703426420688629150e-01
-3.708948194980621338e-01
-3.697677552700042725e-01
-3.705161809921264648e-01
-3.702736794948577881e-01
-3.711030781269073486e-01
-3.702070415019989014e-01
-3.704368174076080322e-01
-3.700228035449981689e-01
-3.704810142517089844e-01
-3.706087172031402588e-01
-3.706688284873962402e-01
-3.696728646755218506e-01
-3.698564469814300537e-01
-3.707908391952514648e-01
-3.704847991466522217e-01
-3.707582652568817139e-01
-3.704033792018890381e-01
-3.709009289741516113e-01
-3.695763051509857178e-01
-3.704635500907897949e-01
-3.704573512077331543e-01
-3.703602254390716553e-01
-3.705510795116424561e-01
-3.702802658081054688e-01
-3.707583546638488770e-01
-3.700142800807952881e-01
-3.705692887306213379e-01
-3.702650070190429688e-01
-3.703628480434417725e-01
-3.696892559528350830e-01
-3.698244094848632812e-01
-3.705622851848602295e-01
-3.695534765720367432e-01
-3.696208596229553223e-01
-3.706146180629730225e-01
-3.699201941490173340e-01
-3.699279129505157471e-01
-3.701903223991394043e-01
-3.703765869140625000e-01
-3.703419268131256104e-01
-3.702668547630310059e-01
-3.702280819416046143e-01
-3.702007532119750977e-01
-3.701674938201904297e-01
-3.698594570159912109e-01
-3.700780570507049561e-01
-3.700708150863647461e-01
-3.708720207214355469e-01
-3.698902428150177002e-01
-3.702312409877777100e-01
-3.694345951080322266e-01
-3.704701066017150879e-01
-3.705651760101318359e-01
-3.696831762790679932e-01
-3.702978789806365967e-01
-3.704994022846221924e-01
-3.698448240756988525e-01
-3.702217936515808105e-01
-3.700485229492187500e-01
-3.706817030906677246e-01
-3.703258633613586426e-01
-3.706855773925781250e-01
-3.704067468643188477e-01
-3.708004653453826904e-01
-3.704238235950469971e-01
-3.700150549411773682e-01
-3.694672882556915283e-01
-3.702153265476226807e-01
-3.704026043415069580e-01
-3.697621524333953857e-01
-3.704488873481750488e-01
-3.703519403934478760e-01
-3.702137172222137451e-01
-3.707505464553833008e-01
-3.703162968158721924e-01
-3.695266246795654297e-01
-3.703515827655792236e-01
-3.700272440910339355e-01
-3.699080944061279297e-01
-3.709181547164916992e-01
-3.706935942173004150e-01
-3.704115748405456543e-01
-3.703490197658538818e-01
-3.703728020191192627e-01
-3.711559176445007324e-01
-3.706126213073730469e-01
-3.702137470245361328e-01
-3.702586591243743896e-01
-3.704821169376373291e-01
-3.708381354808807373e-01
-3.707777857780456543e-01
-3.708067536354064941e-01
-3.704351186752319336e-01
-3.704622089862823486e-01
-3.711449503898620605e-01
-3.710507154464721680e-01
-3.710190951824188232e-01
-3.701756596565246582e-01
-3.705539107322692871e-01
-3.703552484512329102e-01
-3.710232675075531006e-01
-3.703036010265350342e-01
-3.701862394809722900e-01
-3.698764145374298096e-01
-3.711023032665252686e-01
-3.704537153244018555e-01
-3.699487447738647461e-01
-3.701513409614562988e-01
-3.706312179565429688e-01
-3.704901039600372314e-01
-3.707328438758850098e-01
-3.707691133022308350e-01
-3.701775074005126953e-01
-3.704065978527069092e-01
-3.704064190387725830e-01
-3.701787292957305908e-01
-3.705155551433563232e-01
-3.706029951572418213e-01
-3.699710667133331299e-01
-3.703607320785522461e-01
-3.707150816917419434e-01
-3.703149855136871338e-01
-3.704100549221038818e-01
-3.708151280879974365e-01
-3.708179295063018799e-01
-3.705028593540191650e-01
-3.708561360836029053e-01
-3.707119822502136230e-01
-3.705102503299713135e-01
-3.704926073551177979e-01
-3.705181181430816650e-01
-3.706101179122924805e-01
-3.706862926483154297e-01
-3.706753849983215332e-01
-3.702772855758666992e-01
-3.706871867179870605e-01
-3.708598911762237549e-01
-3.707640767097473145e-01
-3.701006472110748291e-01
-3.704017996788024902e-01
-3.704765141010284424e-01
-3.706694543361663818e-01
-3.708447217941284180e-01
-3.706535995006561279e-01
-3.708944618701934814e-01
-3.704496622085571289e-01
-3.702084422111511230e-01
-3.703983426094055176e-01
-3.700976073741912842e-01
-3.714137673377990723e-01
-3.704999983310699463e-01
-3.698660135269165039e-01
-3.707772195339202881e-01
-3.703874647617340088e-01
-3.707070648670196533e-01
-3.706298172473907471e-01
-3.707293272018432617e-01
-3.706219196319580078e-01
-3.707552552223205566e-01
-3.709215819835662842e-01
-3.703687787055969238e-01
-3.704999685287475586e-01
-3.709578216075897217e-01
-3.709787726402282715e-01
-3.706594705581665039e-01
-3.707983791828155518e-01
-3.705942928791046143e-01
-3.710207045078277588e-01
-3.710325956344604492e-01
-3.708255290985107422e-01
-3.707850873470306396e-01
-3.705117404460906982e-01
-3.706352114677429199e-01
-3.705220818519592285e-01
-3.706088066101074219e-01
-3.708749413490295410e-01
-3.709847927093505859e-01
-3.703747987747192383e-01
-3.706131279468536377e-01
-3.704924285411834717e-01
-3.705025017261505127e-01
-3.713464736938476562e-01
-3.704757094383239746e-01
-3.702605664730072021e-01
-3.709936738014221191e-01
-3.712999820709228516e-01
-3.709141910076141357e-01
-3.710427880287170410e-01
-3.708019852638244629e-01
-3.712260723114013672e-01
-3.709544539451599121e-01
-3.705469667911529541e-01
-3.706617355346679688e-01
-3.701143562793731689e-01
-3.705303072929382324e-01
-3.708810508251190186e-01
-3.706703484058380127e-01
-3.704665303230285645e-01
-3.708887696266174316e-01
-3.704675436019897461e-01
-3.704246878623962402e-01
-3.706840574741363525e-01
-3.703691363334655762e-01
-3.710567653179168701e-01
-3.702587783336639404e-01
-3.712995946407318115e-01
-3.707972466945648193e-01
-3.709688484668731689e-01
-3.712479174137115479e-01
-3.709239065647125244e-01
-3.709634542465209961e-01
-3.706913590431213379e-01
-3.708461225032806396e-01
-3.708616197109222412e-01
-3.713816404342651367e-01
-3.708925545215606689e-01
-3.711305558681488037e-01
-3.708218038082122803e-01
-3.701784610748291016e-01
-3.709647357463836670e-01
-3.710010349750518799e-01
-3.707834482192993164e-01
-3.711380064487457275e-01
-3.708935678005218506e-01
-3.704982697963714600e-01
-3.707701563835144043e-01
-3.705186843872070312e-01
-3.705985844135284424e-01
-3.703766167163848877e-01
-3.705332279205322266e-01
-3.708929419517517090e-01
-3.708667457103729248e-01
-3.707806468009948730e-01
-3.713291585445404053e-01
-3.707405030727386475e-01
-3.708983659744262695e-01
-3.702091276645660400e-01
-3.705122768878936768e-01
-3.703852891921997070e-01
-3.713721334934234619e-01
-3.710381984710693359e-01
-3.710447549819946289e-01
-3.703775703907012939e-01
-3.706707060337066650e-01
-3.706828057765960693e-01
-3.707931637763977051e-01
-3.711397647857666016e-01
-3.703856766223907471e-01
-3.710700869560241699e-01
-3.703503906726837158e-01
-3.707463741302490234e-01
-3.709324002265930176e-01
-3.709397017955780029e-01
-3.711996376514434814e-01
-3.706597387790679932e-01
-3.708648383617401123e-01
-3.709457218647003174e-01
-3.705229461193084717e-01
-3.704974353313446045e-01
-3.707627058029174805e-01
-3.706710040569305420e-01
-3.709698617458343506e-01
-3.702979087829589844e-01
-3.706874251365661621e-01
-3.704472184181213379e-01
-3.704225420951843262e-01
-3.706952333450317383e-01
-3.702611923217773438e-01
-3.705555498600006104e-01
-3.707888126373291016e-01
-3.705482184886932373e-01
-3.704519271850585938e-01
-3.710142970085144043e-01
-3.701043128967285156e-01
-3.708123862743377686e-01
-3.708581328392028809e-01
-3.710317909717559814e-01
-3.705876469612121582e-01
-3.709112405776977539e-01
-3.704092204570770264e-01
-3.714697360992431641e-01
-3.707094788551330566e-01
-3.708415925502777100e-01
-3.709996044635772705e-01
-3.717473447322845459e-01
-3.710963129997253418e-01
-3.705780506134033203e-01
-3.709903657436370850e-01
-3.706948757171630859e-01
-3.712419271469116211e-01
-3.704617917537689209e-01
-3.704416453838348389e-01
-3.709059953689575195e-01
-3.706483840942382812e-01
-3.710233569145202637e-01
-3.705689013004302979e-01
-3.709408938884735107e-01
-3.706652522087097168e-01
-3.709958195686340332e-01
-3.712384104728698730e-01
-3.706305623054504395e-01
-3.706790506839752197e-01
-3.709162473678588867e-01
-3.706786632537841797e-01
-3.705455362796783447e-01
-3.711378574371337891e-01
-3.709961473941802979e-01
-3.705048859119415283e-01
-3.708851635456085205e-01
-3.706980645656585693e-01
-3.708174824714660645e-01
-3.708692789077758789e-01
-3.709310293197631836e-01
-3.704847395420074463e-01
-3.703761100769042969e-01
-3.707453012466430664e-01
-3.708990216255187988e-01
-3.712183237075805664e-01
-3.713529109954833984e-01
-3.711845576763153076e-01
-3.711572289466857910e-01
-3.715941309928894043e-01
-3.710310161113739014e-01
-3.705771565437316895e-01
-3.703183829784393311e-01
-3.707723915576934814e-01
-3.708659112453460693e-01
-3.704693019390106201e-01
-3.709504306316375732e-01
-3.707709610462188721e-01
-3.710979223251342773e-01
-3.706854879856109619e-01
-3.707821071147918701e-01
-3.705739080905914307e-01
-3.707893788814544678e-01
-3.709489107131958008e-01
-3.707374036312103271e-01
-3.705068230628967285e-01
-3.711061477661132812e-01
-3.708086013793945312e-01
-3.709272742271423340e-01
-3.705634176731109619e-01
-3.273463249206542969e-01
-2.925983369350433350e-01
-2.803989052772521973e-01
-2.744570374488830566e-01
-2.803341150283813477e-01
-3.027360737323760986e-01
-3.083646297454833984e-01
-3.199937641620635986e-01
-3.292723894119262695e-01
-3.308903276920318604e-01
-3.288410604000091553e-01
-3.283655643463134766e-01
-3.300462961196899414e-01
-3.331143260002136230e-01
-3.315434753894805908e-01
-3.321353197097778320e-01
-3.357372581958770752e-01
-3.382270634174346924e-01
-3.400703072547912598e-01
-3.413381576538085938e-01
-3.420092165470123291e-01
-3.422499299049377441e-01
-3.443514406681060791e-01
-3.461840152740478516e-01
-3.481433093547821045e-01
-3.483102917671203613e-01
-3.478819727897644043e-01
-3.492708802223205566e-01
-3.503038287162780762e-01
-3.520473539829254150e-01
-3.512263298034667969e-01
-3.527396917343139648e-01
-3.537242114543914795e-01
-3.550269901752471924e-01
-3.559398055076599121e-01
-3.555411398410797119e-01
-3.561027944087982178e-01
-3.566992282867431641e-01
-3.567739129066467285e-01
-3.584633171558380127e-01
-3.579502403736114502e-01
-3.585383296012878418e-01
-3.592240512371063232e-01
-3.585012257099151611e-01
-3.591243624687194824e-01
-3.612731099128723145e-01
-3.605775237083435059e-01
-3.604066073894500732e-01
-3.610295951366424561e-01
-3.618411719799041748e-01
-3.614990413188934326e-01
-3.615622520446777344e-01
-3.609922528266906738e-01
-3.620260655879974365e-01
-3.626190125942230225e-01
-3.624211549758911133e-01
-3.622709512710571289e-01
-3.628509640693664551e-01
-3.633019924163818359e-01
-3.634689450263977051e-01
-3.630954623222351074e-01
-3.638165295124053955e-01
-3.634538054466247559e-01
-3.644765615463256836e-01
-3.639538586139678955e-01
-3.650478124618530273e-01
-3.646546304225921631e-01
-3.642078936100006104e-01
-3.656020462512969971e-01
-3.650880753993988037e-01
-3.655164837837219238e-01
-3.647821545600891113e-01
-3.649085760116577148e-01
-3.653502762317657471e-01
-3.652381002902984619e-01
-3.658465445041656494e-01
-3.655002713203430176e-01
-3.657882213592529297e-01
-3.657319843769073486e-01
-3.663045465946197510e-01
-3.666946887969970703e-01
-3.661657273769378662e-01
-3.659127056598663330e-01
-3.662428557872772217e-01
-3.653748035430908203e-01
-3.667767345905303955e-01
-3.664036691188812256e-01
-3.666066825389862061e-01
-3.671662509441375732e-01
-3.664401471614837646e-01
-3.663690090179443359e-01
-3.669711947441101074e-01
-3.676831126213073730e-01
-3.672710061073303223e-01
-3.678147196769714355e-01
-3.675457835197448730e-01
-3.674899935722351074e-01
-3.679010868072509766e-01
-3.681044578552246094e-01
-3.681514263153076172e-01
-3.687891960144042969e-01
-3.675097823143005371e-01
-3.684797286987304688e-01
-3.682045936584472656e-01
-3.678700625896453857e-01
-3.689265251159667969e-01
-3.678965568542480469e-01
-3.685595393180847168e-01
-3.685789704322814941e-01
-3.683100342750549316e-01
-3.679384291172027588e-01
-3.687694668769836426e-01
-3.687566220760345459e-01
-3.690067827701568604e-01
-3.694243431091308594e-01
-3.689419031143188477e-01
-3.690861463546752930e-01
-3.696519136428833008e-01
-3.692289292812347412e-01
-3.695572316646575928e-01
-3.698290288448333740e-01
-3.694899678230285645e-01
-3.696931004524230957e-01
-3.697997331619262695e-01
-3.697280883789062500e-01
-3.695775866508483887e-01
-3.695996701717376709e-01
-3.693235814571380615e-01
-3.700423538684844971e-01
-3.698131740093231201e-01
-3.701550364494323730e-01
-3.700559139251708984e-01
-3.695162236690521240e-01
-3.703875839710235596e-01
-3.701637089252471924e-01
-3.701338768005371094e-01
-3.700052499771118164e-01
-3.700099289417266846e-01
-3.697211742401123047e-01
-3.703480362892150879e-01
-3.703874945640563965e-01
-3.698860704898834229e-01
-3.699647188186645508e-01
-3.708865642547607422e-01
-3.701844811439514160e-01
-3.704914748668670654e-01
-3.703863024711608887e-01
-3.700459003448486328e-01
-3.703990280628204346e-01
-3.703780472278594971e-01
-3.700755834579467773e-01
-3.701346516609191895e-01
-3.700751960277557373e-01
-3.711549341678619385e-01
-3.701235353946685791e-01
-3.704276084899902344e-01
-3.704846501350402832e-01
-3.700254857540130615e-01
-3.699368238449096680e-01
-3.700914382934570312e-01
-3.705220818519592285e-01
-3.704919219017028809e-01
-3.708550035953521729e-01
-3.702345192432403564e-01
-3.698681592941284180e-01
-3.706447780132293701e-01
-3.697564601898193359e-01
-3.706050813198089600e-01
-3.705386519432067871e-01
-3.702328503131866455e-01
-3.695015907287597656e-01
-3.706708550453186035e-01
-3.702325820922851562e-01
-3.708049654960632324e-01
-3.701863586902618408e-01
-3.708849549293518066e-01
-3.701449930667877197e-01
-3.707856237888336182e-01
-3.701136410236358643e-01
-3.705557882785797119e-01
-3.707225024700164795e-01
-3.703828155994415283e-01
-3.704172372817993164e-01
-3.705770373344421387e-01
-3.705176413059234619e-01
-3.703191876411437988e-01
-3.706817626953125000e-01
-3.707799911499023438e-01
-3.701338171958923340e-01
-3.710464537143707275e-01
-3.703771829605102539e-01
-3.706367015838623047e-01
-3.705020844936370850e-01
-3.705011010169982910e-01
-3.709999322891235352e-01
-3.703299760818481445e-01
-3.700698018074035645e-01
-3.702982664108276367e-01
-3.704376220703125000e-01
-3.708813488483428955e-01
-3.708270490169525146e-01
-3.703837990760803223e-01
-3.710125982761383057e-01
-3.702008724212646484e-01
-3.709245026111602783e-01
-3.708064556121826172e-01
-3.706885874271392822e-01
-3.711499571800231934e-01
-3.706985414028167725e-01
-3.708831965923309326e-01
-3.705570101737976074e-01
-3.708637356758117676e-01
-3.709986805915832520e-01
-3.708156645298004150e-01
-3.709143698215484619e-01
-3.709705173969268799e-01
-3.711585104465484619e-01
-3.705608546733856201e-01
-3.704151511192321777e-01
-3.709113895893096924e-01
-3.707927763462066650e-01
-3.709148466587066650e-01
-3.704825341701507568e-01
-3.707545399665832520e-01
-3.711761832237243652e-01
-3.707926273345947266e-01
-3.699023425579071045e-01
-3.709070384502410889e-01
-3.710785210132598877e-01
-3.707902729511260986e-01
-3.712560534477233887e-01
-3.712545633316040039e-01
-3.705824613571166992e-01
-3.713883757591247559e-01
-3.709049522876739502e-01
-3.704920411109924316e-01
-3.708277642726898193e-01
-3.706775903701782227e-01
-3.704421520233154297e-01
-3.709305524826049805e-01
-3.709672093391418457e-01
-3.707167804241180420e-01
-3.701328635215759277e-01
-3.709616661071777344e-01
-3.702806830406188965e-01
-3.707740604877471924e-01
-3.712194263935089111e-01
-3.709708750247955322e-01
-3.710155785083770752e-01
-3.712739348411560059e-01
-3.708666861057281494e-01
-3.711151778697967529e-01
-3.704929649829864502e-01
-3.711284995079040527e-01
-3.698518574237823486e-01
-3.700930178165435791e-01
-3.708353936672210693e-01
-3.707086443901062012e-01
-3.708086907863616943e-01
-3.705876171588897705e-01
-3.711422383785247803e-01
-3.705029189586639404e-01
-3.701970279216766357e-01
-3.705891072750091553e-01
-3.703396618366241455e-01
-3.708440661430358887e-01
-3.712582588195800781e-01
-3.712674677371978760e-01
-3.706132769584655762e-01
-3.709105849266052246e-01
-3.707988858222961426e-01
-3.708737790584564209e-01
-3.701157569885253906e-01
-3.712984025478363037e-01
-3.706168830394744873e-01
-3.711379468441009521e-01
-3.710286319255828857e-01
-3.709554970264434814e-01
-3.709264397621154785e-01
-3.708821535110473633e-01
-3.710691928863525391e-01
-3.708898127079010010e-01
-3.705587685108184814e-01
-3.708795905113220215e-01
-3.711135387420654297e-01
-3.713793456554412842e-01
-3.711538910865783691e-01
-3.705612421035766602e-01
-3.708536922931671143e-01
-3.707014918327331543e-01
-3.706985414028167725e-01
-3.709457516670227051e-01
-3.706992268562316895e-01
-3.710206151008605957e-01
-3.705762624740600586e-01
-3.709697425365447998e-01
-3.703475892543792725e-01
-3.707807064056396484e-01
-3.714190721511840820e-01
-3.708964288234710693e-01
-3.705605864524841309e-01
-3.705794215202331543e-01
-3.708518743515014648e-01
-3.709730803966522217e-01
-3.704793751239776611e-01
-3.711752891540527344e-01
-3.712319433689117432e-01
-3.705962300300598145e-01
-3.705001771450042725e-01
-3.707149326801300049e-01
-3.708114027976989746e-01
-3.704708218574523926e-01
-3.709219992160797119e-01
-3.709984719753265381e-01
-3.712254166603088379e-01
-3.713136911392211914e-01
-3.713636994361877441e-01
-3.709191381931304932e-01
-3.710979521274566650e-01
-3.712265491485595703e-01
-3.706686496734619141e-01
-3.705056011676788330e-01
-3.706995248794555664e-01
-3.708881735801696777e-01
-3.707118630409240723e-01
-3.709672093391418457e-01
-3.713263571262359619e-01
-3.709518611431121826e-01
-3.712890446186065674e-01
-3.710621297359466553e-01
-3.713109791278839111e-01
-3.703984916210174561e-01
-3.715717196464538574e-01
-3.711074292659759521e-01
-3.710137605667114258e-01
-3.704746365547180176e-01
-3.699848055839538574e-01
-3.710713088512420654e-01
-3.705130815505981445e-01
-3.713091313838958740e-01
-3.705002367496490479e-01
-3.708179891109466553e-01
-3.712449967861175537e-01
-3.709464669227600098e-01
-3.705971240997314453e-01
-3.706566095352172852e-01
-3.706202507019042969e-01
-3.707553446292877197e-01
-3.708844482898712158e-01
-3.710470497608184814e-01
-3.703339099884033203e-01
-3.708842992782592773e-01
-3.702785670757293701e-01
-3.709121942520141602e-01
-3.705552220344543457e-01
-3.711430728435516357e-01
-3.706565499305725098e-01
-3.709509074687957764e-01
-3.717201054096221924e-01
-3.711283802986145020e-01
-3.707463145256042480e-01
-3.705901503562927246e-01
-3.703906536102294922e-01
-3.707204461097717285e-01
-3.709370791912078857e-01
-3.708327710628509521e-01
-3.711771368980407715e-01
-3.709255158901214600e-01
-3.712328970432281494e-01
-3.695626854896545410e-01
-3.691400289535522461e-01
-3.700931370258331299e-01
-3.700072169303894043e-01
-3.706869482994079590e-01
-3.704620301723480225e-01
-3.705628514289855957e-01
-3.711872994899749756e-01
-3.706409037113189697e-01
-3.696396946907043457e-01
-3.702169656753540039e-01
-3.701983392238616943e-01
-3.714606463909149170e-01
-3.703364729881286621e-01
-3.702127039432525635e-01
-3.699672520160675049e-01
-3.704701662063598633e-01
-3.704730272293090820e-01
-3.707730472087860107e-01
-3.706328272819519043e-01
-3.703012168407440186e-01
-3.706263005733489990e-01
-3.710137605667114258e-01
-3.708314001560211182e-01
-3.707537651062011719e-01
-3.705822229385375977e-01
-3.710419237613677979e-01
-3.704104125499725342e-01
-3.707198500633239746e-01
-3.706642091274261475e-01
-3.709674775600433350e-01
-3.710475862026214600e-01
-3.712146580219268799e-01
-3.708303272724151611e-01
-3.710768520832061768e-01
-3.712487220764160156e-01
-3.705479204654693604e-01
-3.707341253757476807e-01
-3.715376555919647217e-01
-3.711852431297302246e-01
-3.713961243629455566e-01
-3.712179660797119141e-01
-3.709525167942047119e-01
-3.707314431667327881e-01
-3.712184429168701172e-01
-3.712688684463500977e-01
-3.710533380508422852e-01
-3.713019192218780518e-01
-3.709141314029693604e-01
-3.714295327663421631e-01
-3.709722459316253662e-01
-3.714353740215301514e-01
-3.709440231323242188e-01
-3.704762458801269531e-01
-3.703843653202056885e-01
-3.710108399391174316e-01
-3.708302676677703857e-01
-3.711341619491577148e-01
-3.713851869106292725e-01
-3.713242709636688232e-01
-3.711822330951690674e-01
-3.712517619132995605e-01
-3.708426356315612793e-01
-3.711259663105010986e-01
-3.707896173000335693e-01
-3.708280622959136963e-01
-3.716512620449066162e-01
-3.710347414016723633e-01
-3.707615733146667480e-01
-3.706941306591033936e-01
-3.706954717636108398e-01
-3.712843060493469238e-01
-3.712205290794372559e-01
-3.709797263145446777e-01
-3.710993528366088867e-01
-3.716458678245544434e-01
-3.711869418621063232e-01
-3.710199594497680664e-01
-3.706971406936645508e-01
-3.715939223766326904e-01
-3.705131709575653076e-01
-3.708027899265289307e-01
-3.711478412151336670e-01
-3.713258802890777588e-01
-3.707052171230316162e-01
-3.706937432289123535e-01
-3.706681132316589355e-01
-3.713458180427551270e-01
-3.711873888969421387e-01
-3.711065649986267090e-01
-3.711356818675994873e-01
-3.712083995342254639e-01
-3.714683949947357178e-01
-3.702938258647918701e-01
-3.706579506397247314e-01
-3.711274266242980957e-01
-3.715836405754089355e-01
-3.715057373046875000e-01
-3.708109557628631592e-01
-3.711823225021362305e-01
-3.710711002349853516e-01
-3.710291981697082520e-01
-3.714464008808135986e-01
-3.711842000484466553e-01
-3.714244365692138672e-01
-3.711775243282318115e-01
-3.707692325115203857e-01
-3.712505996227264404e-01
-3.705363869667053223e-01
-3.709442019462585449e-01
-3.710153102874755859e-01
-3.712482154369354248e-01
-3.712715208530426025e-01
-3.712245523929595947e-01
-3.712047934532165527e-01
-3.711572289466857910e-01
-3.711484074592590332e-01
-3.712781369686126709e-01
-3.710463643074035645e-01
-3.710378408432006836e-01
-3.705738484859466553e-01
-3.710468411445617676e-01
-3.705977797508239746e-01
-3.705564439296722412e-01
-3.710832297801971436e-01
-3.713279664516448975e-01
-3.712004721164703369e-01
-3.711146116256713867e-01
-3.713487982749938965e-01
-3.712060451507568359e-01
-3.710948824882507324e-01
-3.712214231491088867e-01
-3.712387681007385254e-01
-3.707549571990966797e-01
-3.710954487323760986e-01
-3.710784912109375000e-01
-3.711746335029602051e-01
-3.711529076099395752e-01
-3.713102340698242188e-01
-3.710658550262451172e-01
-3.710045814514160156e-01
-3.712275326251983643e-01
-3.706041574478149414e-01
-3.712134659290313721e-01
-3.710979521274566650e-01
-3.711310923099517822e-01
-3.712528944015502930e-01
-3.710352182388305664e-01
-3.708193302154541016e-01
-3.708172142505645752e-01
-3.711960911750793457e-01
-3.708465099334716797e-01
-3.717760145664215088e-01
-3.710079491138458252e-01
-3.706333637237548828e-01
-3.712806105613708496e-01
-3.707942068576812744e-01
-3.710098564624786377e-01
-3.712328374385833740e-01
-3.709736168384552002e-01
-3.708319664001464844e-01
-3.711782395839691162e-01
-3.713104724884033203e-01
-3.714755773544311523e-01
-3.712843060493469238e-01
-3.711554706096649170e-01
-3.713564276695251465e-01
-3.708178699016571045e-01
-3.717400431632995605e-01
-3.710710108280181885e-01
-3.716564774513244629e-01
-3.711584508419036865e-01
-3.711724281311035156e-01
-3.710672557353973389e-01
-3.710263967514038086e-01
-3.713179528713226318e-01
-3.709181845188140869e-01
-3.709788918495178223e-01
-3.713700771331787109e-01
-3.715983927249908447e-01
-3.711746931076049805e-01
-3.711127042770385742e-01
-3.712376654148101807e-01
-3.710026144981384277e-01
-3.710429072380065918e-01
-3.713806271553039551e-01
