6.978251934051513672e-01
2.105395942926406860e-01
-3.443497046828269958e-02
-8.933385461568832397e-02
-9.872801601886749268e-02
-8.630569279193878174e-02
-6.771561503410339355e-02
-9.943420439958572388e-02
-1.215909123420715332e-01
-1.101367771625518799e-01
-1.085301190614700317e-01
-1.465500444173812866e-01
-1.426637023687362671e-01
-1.646069437265396118e-01
-1.557064205408096313e-01
-1.745127290487289429e-01
-1.878217458724975586e-01
-1.977112144231796265e-01
-1.900529414415359497e-01
-1.998446583747863770e-01
-2.011507600545883179e-01
-2.035583853721618652e-01
-2.128995358943939209e-01
-2.137574106454849243e-01
-2.206278443336486816e-01
-2.245218604803085327e-01
-2.313278466463088989e-01
-2.412204742431640625e-01
-2.348529547452926636e-01
-2.362183332443237305e-01
-2.376887053251266479e-01
-2.429384738206863403e-01
-2.395816892385482788e-01
-2.384805530309677124e-01
-2.491156905889511108e-01
-2.588127553462982178e-01
-2.515219151973724365e-01
-2.492552846670150757e-01
-2.625713646411895752e-01
-2.519522011280059814e-01
-2.662518322467803955e-01
-2.653277814388275146e-01
-2.607859969139099121e-01
-2.621573507785797119e-01
-2.643876969814300537e-01
-2.609905600547790527e-01
-2.707835435867309570e-01
-2.624215483665466309e-01
-2.699797451496124268e-01
-2.661085426807403564e-01
-2.711684107780456543e-01
-2.753452062606811523e-01
-2.764887511730194092e-01
-2.733363509178161621e-01
-2.755008339881896973e-01
-2.686411142349243164e-01
-2.858354449272155762e-01
-2.731539309024810791e-01
-2.699847519397735596e-01
-2.724841833114624023e-01
-2.742473185062408447e-01
-2.864517569541931152e-01
-2.774937748908996582e-01
-2.804531455039978027e-01
-2.794396579265594482e-01
-2.764543294906616211e-01
-2.595922350883483887e-01
-2.816324532032012939e-01
-2.850330173969268799e-01
-2.799131572246551514e-01
-2.830856144428253174e-01
-2.866851985454559326e-01
-2.854517400264739990e-01
-2.933023273944854736e-01
-2.805098891258239746e-01
-2.859601378440856934e-01
-2.956881225109100342e-01
-3.005917370319366455e-01
-2.992697656154632568e-01
-3.068997263908386230e-01
-2.977602183818817139e-01
-3.031024634838104248e-01
-3.124718070030212402e-01
-2.947425544261932373e-01
-3.084921836853027344e-01
-3.017158806324005127e-01
-3.171285092830657959e-01
-2.986586391925811768e-01
-3.026931285858154297e-01
-2.969905436038970947e-01
-3.191319704055786133e-01
-3.045832216739654541e-01
-3.102444112300872803e-01
-3.060835599899291992e-01
-3.097779452800750732e-01
-3.073604702949523926e-01
-3.056323826313018799e-01
-3.073880076408386230e-01
-3.135393559932708740e-01
-3.205421864986419678e-01
-3.053991794586181641e-01
-3.044905960559844971e-01
-3.042964041233062744e-01
-3.099502623081207275e-01
-3.161786794662475586e-01
-3.142336905002593994e-01
-3.065333664417266846e-01
-3.149235248565673828e-01
-3.045916259288787842e-01
-3.144730329513549805e-01
-3.071187138557434082e-01
-3.129928708076477051e-01
-3.135583698749542236e-01
-3.098212778568267822e-01
-3.026551008224487305e-01
-3.073481023311614990e-01
-3.242864310741424561e-01
-3.178375959396362305e-01
-3.046304285526275635e-01
-3.148627281188964844e-01
-3.184983432292938232e-01
-3.118383288383483887e-01
-3.114460408687591553e-01
-3.235850632190704346e-01
-3.249086737632751465e-01
-3.002314567565917969e-01
-3.162520229816436768e-01
-3.157220482826232910e-01
-3.183922767639160156e-01
-3.138805627822875977e-01
-3.226478993892669678e-01
-3.223778903484344482e-01
-3.108151853084564209e-01
-3.098165988922119141e-01
-3.230130672454833984e-01
-3.191042244434356689e-01
-3.001836240291595459e-01
-3.155527412891387939e-01
-3.248048126697540283e-01
-3.176654577255249023e-01
-3.174935877323150635e-01
-3.126612603664398193e-01
-3.184727728366851807e-01
-3.218079209327697754e-01
-3.243595063686370850e-01
-3.150841891765594482e-01
-3.243553042411804199e-01
-3.249267041683197021e-01
-3.208979368209838867e-01
-3.150713145732879639e-01
-3.225164711475372314e-01
-3.279124796390533447e-01
-3.232347667217254639e-01
-3.159687519073486328e-01
-3.218086361885070801e-01
-3.259177505970001221e-01
-3.261403143405914307e-01
-3.263434171676635742e-01
-3.240988552570343018e-01
-3.208893239498138428e-01
-3.289645910263061523e-01
-3.212254941463470459e-01
-3.265021741390228271e-01
-3.290970325469970703e-01
-3.255480229854583740e-01
-3.183974027633666992e-01
-3.387829661369323730e-01
-3.225521147251129150e-01
-3.299816250801086426e-01
-3.368154168128967285e-01
-3.336411714553833008e-01
-3.327496945858001709e-01
-3.363645076751708984e-01
-3.306225538253784180e-01
-3.233406841754913330e-01
-3.356010317802429199e-01
-3.336870074272155762e-01
-3.272179067134857178e-01
-3.331540822982788086e-01
-3.290126323699951172e-01
-3.303814828395843506e-01
-3.300470709800720215e-01
-3.377814888954162598e-01
-3.285380899906158447e-01
-3.362061679363250732e-01
-3.324481844902038574e-01
-3.398292958736419678e-01
-3.384225964546203613e-01
-3.308242857456207275e-01
-3.315902054309844971e-01
-3.400116562843322754e-01
-3.371364176273345947e-01
-3.307403028011322021e-01
-3.356579244136810303e-01
-3.334186375141143799e-01
-3.366580903530120850e-01
-3.395979106426239014e-01
-3.397996723651885986e-01
-3.303350210189819336e-01
-3.328392207622528076e-01
-3.346647918224334717e-01
-3.476239740848541260e-01
-3.583544194698333740e-01
-3.635435998439788818e-01
-3.537202775478363037e-01
-3.505414724349975586e-01
-3.510139286518096924e-01
-3.561303317546844482e-01
-3.605488240718841553e-01
-3.613683283329010010e-01
-3.637315332889556885e-01
-3.612442612648010254e-01
-3.634208738803863525e-01
-3.629644215106964111e-01
-3.656017780303955078e-01
-3.635984659194946289e-01
-3.669583201408386230e-01
-3.662005662918090820e-01
-3.648542463779449463e-01
-3.668151795864105225e-01
-3.668936789035797119e-01
-3.655809760093688965e-01
-3.676034510135650635e-01
-3.696338832378387451e-01
-3.708192110061645508e-01
-3.688339293003082275e-01
-3.656398952007293701e-01
-3.699803352355957031e-01
-3.707388341426849365e-01
-3.714914321899414062e-01
-3.719967603683471680e-01
-3.730485141277313232e-01
-3.729418218135833740e-01
-3.695131540298461914e-01
-3.725976049900054932e-01
-3.747064471244812012e-01
-3.741334080696105957e-01
-3.732806444168090820e-01
-3.723149895668029785e-01
-3.731692433357238770e-01
-3.727023005485534668e-01
-3.736715614795684814e-01
-3.758360147476196289e-01
-3.730072677135467529e-01
-3.753968179225921631e-01
-3.743419945240020752e-01
-3.731740117073059082e-01
-3.750280737876892090e-01
-3.723741471767425537e-01
-3.740297257900238037e-01
-3.746896386146545410e-01
-3.743202388286590576e-01
-3.741736412048339844e-01
-3.755153417587280273e-01
-3.757638931274414062e-01
-3.739481568336486816e-01
-3.749698996543884277e-01
-3.765303492546081543e-01
-3.752504885196685791e-01
-3.751772344112396240e-01
-3.744880855083465576e-01
-3.745213150978088379e-01
-3.747137486934661865e-01
-3.732538521289825439e-01
-3.783687651157379150e-01
-3.742147684097290039e-01
-3.741242289543151855e-01
-3.766910135746002197e-01
-3.747104108333587646e-01
-3.766893446445465088e-01
-3.737244009971618652e-01
-3.771325647830963135e-01
-3.748131692409515381e-01
-3.741441071033477783e-01
-3.755649328231811523e-01
-3.732041120529174805e-01
-3.769300580024719238e-01
-3.742904663085937500e-01
-3.760690391063690186e-01
-3.768438696861267090e-01
-3.767482936382293701e-01
-3.755235970020294189e-01
-3.762841820716857910e-01
-3.763215243816375732e-01
-3.758415579795837402e-01
-3.760853707790374756e-01
-3.775475323200225830e-01
-3.739500343799591064e-01
-3.759121894836425781e-01
-3.780587315559387207e-01
-3.767149150371551514e-01
-3.766518533229827881e-01
-3.757130205631256104e-01
-3.768444657325744629e-01
-3.749633729457855225e-01
-3.767226040363311768e-01
-3.766338825225830078e-01
-3.734697997570037842e-01
-3.771856129169464111e-01
-3.777863681316375732e-01
-3.765480220317840576e-01
-3.767153322696685791e-01
-3.776809275150299072e-01
-3.758262395858764648e-01
-3.763883113861083984e-01
-3.755075037479400635e-01
-3.748957812786102295e-01
-3.797136247158050537e-01
-3.780660033226013184e-01
-3.765612244606018066e-01
-3.775329589843750000e-01
-3.775161206722259521e-01
-3.768428266048431396e-01
-3.774746954441070557e-01
-3.749727904796600342e-01
-3.759727180004119873e-01
-3.761554658412933350e-01
-3.763722479343414307e-01
-3.759313821792602539e-01
-3.794665634632110596e-01
-3.769265413284301758e-01
-3.769213855266571045e-01
-3.764578998088836670e-01
-3.769804835319519043e-01
-3.782228231430053711e-01
-3.766143918037414551e-01
-3.766458630561828613e-01
-3.772628903388977051e-01
-3.761361837387084961e-01
-3.783026039600372314e-01
-3.767126202583312988e-01
-3.773295879364013672e-01
-3.770126998424530029e-01
-3.773814737796783447e-01
-3.777086734771728516e-01
-3.784447014331817627e-01
-3.742968142032623291e-01
-3.765069544315338135e-01
-3.759195506572723389e-01
-3.772514760494232178e-01
-3.782823979854583740e-01
-3.773877024650573730e-01
-3.784101307392120361e-01
-3.783632814884185791e-01
-3.752965927124023438e-01
-3.781468868255615234e-01
-3.775380551815032959e-01
-3.779899477958679199e-01
-3.780046105384826660e-01
-3.780580461025238037e-01
-3.770096898078918457e-01
-3.785315454006195068e-01
-3.775790929794311523e-01
-3.762359619140625000e-01
-3.763789236545562744e-01
-3.774198591709136963e-01
-3.763674199581146240e-01
-3.771511912345886230e-01
-3.788877427577972412e-01
-3.780713081359863281e-01
-3.780827224254608154e-01
-3.792880773544311523e-01
-3.770754933357238770e-01
-3.772693574428558350e-01
-3.767135739326477051e-01
-3.773339092731475830e-01
-3.788001537322998047e-01
-3.785389661788940430e-01
-3.797715306282043457e-01
-3.770700097084045410e-01
-3.780419230461120605e-01
-3.784625232219696045e-01
-3.778412640094757080e-01
-3.772496879100799561e-01
-3.782550990581512451e-01
-3.784436583518981934e-01
-3.780869245529174805e-01
-3.776473402976989746e-01
-3.769460916519165039e-01
-3.778253197669982910e-01
-3.758825063705444336e-01
-3.783223927021026611e-01
-3.774065971374511719e-01
-3.779794275760650635e-01
-3.779047727584838867e-01
-3.768314123153686523e-01
-3.769422173500061035e-01
-3.768026828765869141e-01
-3.783805072307586670e-01
-3.793344199657440186e-01
-3.781705796718597412e-01
-3.792179822921752930e-01
-3.783578574657440186e-01
-3.794459402561187744e-01
-3.777977228164672852e-01
-3.782385885715484619e-01
-3.785109519958496094e-01
-3.775925338268280029e-01
-3.773820102214813232e-01
-3.777430355548858643e-01
-3.777364492416381836e-01
-3.788808286190032959e-01
-3.777885735034942627e-01
-3.800139129161834717e-01
-3.768320381641387939e-01
-3.788649737834930420e-01
-3.788694441318511963e-01
-3.773954510688781738e-01
-3.767160177230834961e-01
-3.800038993358612061e-01
-3.790382742881774902e-01
-3.799675405025482178e-01
-3.790299892425537109e-01
-3.785670399665832520e-01
-3.782098889350891113e-01
-3.785571157932281494e-01
-3.768197596073150635e-01
-3.784240782260894775e-01
-3.794290721416473389e-01
-3.778352141380310059e-01
-3.776461184024810791e-01
-3.787108957767486572e-01
-3.750964403152465820e-01
-3.785538375377655029e-01
-3.792405426502227783e-01
-3.774368464946746826e-01
-3.792785406112670898e-01
-3.788381814956665039e-01
-3.761544227600097656e-01
-3.774695098400115967e-01
-3.791529536247253418e-01
-3.804571628570556641e-01
-3.781797289848327637e-01
-3.796212077140808105e-01
-3.805418610572814941e-01
-3.815870881080627441e-01
-3.792856335639953613e-01
-3.782739341259002686e-01
-3.774297535419464111e-01
-3.794464170932769775e-01
-3.808997869491577148e-01
-3.787470161914825439e-01
-3.798569440841674805e-01
-3.769634664058685303e-01
-3.786630332469940186e-01
-3.779423236846923828e-01
-3.800194561481475830e-01
-3.790557980537414551e-01
-3.791261613368988037e-01
-3.779694139957427979e-01
-3.793993592262268066e-01
-3.794306516647338867e-01
-3.790518641471862793e-01
-3.808112144470214844e-01
-3.784733414649963379e-01
-3.780785501003265381e-01
-3.791241943836212158e-01
-3.781680166721343994e-01
-3.804992139339447021e-01
-3.795892000198364258e-01
-3.805228173732757568e-01
-3.794449865818023682e-01
-3.801648914813995361e-01
-3.793706595897674561e-01
-3.795356452465057373e-01
-3.800008594989776611e-01
-3.793489336967468262e-01
-3.811997175216674805e-01
-3.802502453327178955e-01
-3.799968957901000977e-01
-3.792566657066345215e-01
-3.818401992321014404e-01
-3.788050711154937744e-01
-3.793674409389495850e-01
-3.789035975933074951e-01
-3.784157633781433105e-01
-3.774082064628601074e-01
-3.786997199058532715e-01
-3.786906898021697998e-01
-3.805313706398010254e-01
-3.813652396202087402e-01
-3.808471262454986572e-01
-3.791092634201049805e-01
-3.791152536869049072e-01
-3.808863759040832520e-01
-3.793678581714630127e-01
-3.779656291007995605e-01
-3.812476098537445068e-01
-3.806638121604919434e-01
-3.806796371936798096e-01
-3.809328079223632812e-01
-3.805297911167144775e-01
-3.803314268589019775e-01
-3.797674477100372314e-01
-3.794747591018676758e-01
-3.801554739475250244e-01
-3.811357617378234863e-01
-3.805281519889831543e-01
-3.802404701709747314e-01
-3.808613121509552002e-01
-3.800036311149597168e-01
-3.797560930252075195e-01
-3.816921412944793701e-01
-3.789474368095397949e-01
-3.817673027515411377e-01
-3.813740313053131104e-01
-3.814727663993835449e-01
-3.816303014755249023e-01
-3.802041113376617432e-01
-3.781463503837585449e-01
-3.818442821502685547e-01
-3.804518580436706543e-01
-3.800234496593475342e-01
-3.799235522747039795e-01
-3.814637660980224609e-01
-3.813834190368652344e-01
-3.792405128479003906e-01
-3.810096383094787598e-01
-3.813000023365020752e-01
-3.807333409786224365e-01
-3.811602592468261719e-01
-3.798924684524536133e-01
-3.800612986087799072e-01
-3.807601928710937500e-01
-3.811849951744079590e-01
-3.817768394947052002e-01
-3.805629909038543701e-01
-3.803588449954986572e-01
-3.803667426109313965e-01
-3.801532089710235596e-01
-3.795578479766845703e-01
-3.799426555633544922e-01
-3.803121447563171387e-01
-3.799569606781005859e-01
-3.814305663108825684e-01
-3.825306892395019531e-01
-3.809263408184051514e-01
-3.791289627552032471e-01
-3.807132542133331299e-01
-3.803436458110809326e-01
-3.809544146060943604e-01
-3.813423514366149902e-01
-3.812085092067718506e-01
-3.818756043910980225e-01
-3.817765414714813232e-01
-3.806110918521881104e-01
-3.800023198127746582e-01
-3.806648254394531250e-01
-3.804728984832763672e-01
-3.804298341274261475e-01
-3.806192576885223389e-01
-3.804319500923156738e-01
-3.815787434577941895e-01
-3.823450803756713867e-01
-3.797974884510040283e-01
-3.802372217178344727e-01
-3.817593455314636230e-01
-3.820672631263732910e-01
-3.821814656257629395e-01
-3.790413737297058105e-01
-3.811369538307189941e-01
-3.813386559486389160e-01
-3.816590309143066406e-01
-3.796606361865997314e-01
-3.816659152507781982e-01
-3.804367184638977051e-01
-3.808709084987640381e-01
-3.806757032871246338e-01
-3.821073472499847412e-01
-3.812633454799652100e-01
-3.818807601928710938e-01
-3.809864521026611328e-01
-3.827822804450988770e-01
-3.815696537494659424e-01
-3.807886242866516113e-01
-3.810929059982299805e-01
-3.805347383022308350e-01
-3.836460411548614502e-01
-3.821325898170471191e-01
-3.824290633201599121e-01
-3.830591440200805664e-01
-3.819006085395812988e-01
-3.789502084255218506e-01
-3.811509013175964355e-01
-3.836395144462585449e-01
-3.838224411010742188e-01
-3.816530108451843262e-01
-3.806240856647491455e-01
-3.825761675834655762e-01
-3.830631673336029053e-01
-3.815351128578186035e-01
-3.835858106613159180e-01
-3.839595019817352295e-01
-3.830394148826599121e-01
-3.848759233951568604e-01
-3.827692866325378418e-01
-3.836325407028198242e-01
-3.826562762260437012e-01
-3.833965659141540527e-01
-3.820862472057342529e-01
-3.814873099327087402e-01
-3.829420804977416992e-01
-3.829092085361480713e-01
-3.847695589065551758e-01
-3.836713433265686035e-01
-3.825861811637878418e-01
-3.805667161941528320e-01
-3.817171156406402588e-01
-3.826336562633514404e-01
-3.836938440799713135e-01
-3.823713362216949463e-01
-3.826932013034820557e-01
-3.813709020614624023e-01
-3.836196959018707275e-01
-3.834263980388641357e-01
-3.839432299137115479e-01
-3.816195726394653320e-01
-3.831743597984313965e-01
-3.818076252937316895e-01
-3.824683725833892822e-01
-3.817895054817199707e-01
-3.815104067325592041e-01
-3.836368322372436523e-01
-3.833803534507751465e-01
-3.825630545616149902e-01
-3.819931149482727051e-01
-3.820759356021881104e-01
-3.833297789096832275e-01
-3.841361105442047119e-01
-3.838511109352111816e-01
-3.813648819923400879e-01
-3.817576766014099121e-01
-3.838018178939819336e-01
-3.836377859115600586e-01
-3.827029466629028320e-01
-3.833883702754974365e-01
-3.837800025939941406e-01
-3.803513050079345703e-01
-3.826451301574707031e-01
-3.854632377624511719e-01
-3.820480406284332275e-01
-3.824462294578552246e-01
-3.824597299098968506e-01
-3.830864727497100830e-01
-3.833043873310089111e-01
-3.833046853542327881e-01
-3.845141530036926270e-01
-3.846003413200378418e-01
-3.816469013690948486e-01
-3.831976950168609619e-01
-3.844866454601287842e-01
-3.826625943183898926e-01
-3.830150067806243896e-01
-3.831226825714111328e-01
-3.829368948936462402e-01
-3.837772905826568604e-01
-3.834492564201354980e-01
-3.843520581722259521e-01
-3.836220800876617432e-01
-3.837958276271820068e-01
-3.844308555126190186e-01
-3.834138214588165283e-01
-3.837616443634033203e-01
-3.829057812690734863e-01
-3.833804428577423096e-01
-3.823087811470031738e-01
-3.859924972057342529e-01
-3.839181959629058838e-01
-3.829908370971679688e-01
-3.838015794754028320e-01
-3.833581507205963135e-01
-3.816518187522888184e-01
-3.841741085052490234e-01
-3.844273090362548828e-01
-3.823965191841125488e-01
-3.850928246974945068e-01
-3.824754059314727783e-01
-3.840005993843078613e-01
-3.839428424835205078e-01
-3.849611282348632812e-01
-3.839779198169708252e-01
-3.850248456001281738e-01
-3.826206326484680176e-01
-3.842290639877319336e-01
-3.838146924972534180e-01
-3.838149905204772949e-01
-3.842466771602630615e-01
-3.841562569141387939e-01
-3.833244144916534424e-01
-3.838979899883270264e-01
-3.838373720645904541e-01
-3.847928345203399658e-01
-3.844215869903564453e-01
-3.850832581520080566e-01
-3.847416937351226807e-01
-3.848408162593841553e-01
-3.843082785606384277e-01
-3.840951621532440186e-01
-3.840715885162353516e-01
-3.841340839862823486e-01
-3.842991590499877930e-01
-3.840177655220031738e-01
-3.844285905361175537e-01
-3.843947052955627441e-01
-3.863154053688049316e-01
-3.865254521369934082e-01
-3.831777870655059814e-01
-3.854702115058898926e-01
-3.855537176132202148e-01
-3.849052190780639648e-01
-3.847785890102386475e-01
-3.840138912200927734e-01
-3.845972716808319092e-01
-3.846791684627532959e-01
-3.860053122043609619e-01
-3.838292360305786133e-01
-3.848977684974670410e-01
-3.853420019149780273e-01
-3.852048218250274658e-01
-3.860346376895904541e-01
-3.835200071334838867e-01
-3.836373388767242432e-01
-3.854388296604156494e-01
-3.856849670410156250e-01
-3.845925033092498779e-01
-3.873133361339569092e-01
-3.839085102081298828e-01
-3.846348822116851807e-01
-3.853551745414733887e-01
-3.854604661464691162e-01
-3.846071660518646240e-01
-3.844608664512634277e-01
-3.860953152179718018e-01
-3.852412104606628418e-01
-3.855994343757629395e-01
-3.845380842685699463e-01
-3.846440613269805908e-01
-3.855820894241333008e-01
-3.851412534713745117e-01
-3.851657211780548096e-01
-3.848721683025360107e-01
-3.855488002300262451e-01
-3.864697813987731934e-01
-3.857622146606445312e-01
-3.858928084373474121e-01
-3.842326104640960693e-01
-3.855716884136199951e-01
-3.844524621963500977e-01
-3.855030536651611328e-01
-3.863604962825775146e-01
-3.855871856212615967e-01
-3.850315213203430176e-01
-3.864193260669708252e-01
-3.861756324768066406e-01
-3.865856826305389404e-01
-3.852816820144653320e-01
-3.863831758499145508e-01
-3.877364099025726318e-01
-3.862287402153015137e-01
-3.859857320785522461e-01
-3.851423859596252441e-01
-3.854638040065765381e-01
-3.869822323322296143e-01
-3.853099346160888672e-01
-3.851877450942993164e-01
-3.859839141368865967e-01
-3.857950568199157715e-01
-3.850073218345642090e-01
-3.856215775012969971e-01
-3.856873214244842529e-01
-3.873522877693176270e-01
-3.846492171287536621e-01
-3.856062889099121094e-01
-3.862625062465667725e-01
-3.854940235614776611e-01
-3.868216872215270996e-01
-3.862664103507995605e-01
-3.864757716655731201e-01
-3.874142765998840332e-01
-3.858520388603210449e-01
-3.865838348865509033e-01
-3.870421648025512695e-01
-3.857745230197906494e-01
-3.870558142662048340e-01
-3.856586813926696777e-01
-3.858737647533416748e-01
-3.861822783946990967e-01
-3.858298957347869873e-01
-3.864080905914306641e-01
-3.854486048221588135e-01
-3.861666321754455566e-01
-3.846185207366943359e-01
-3.866088986396789551e-01
-3.866371810436248779e-01
-3.851048052310943604e-01
-3.857055306434631348e-01
-3.869418799877166748e-01
-3.864490091800689697e-01
-3.853405714035034180e-01
-3.866153657436370850e-01
-3.866973519325256348e-01
-3.875857591629028320e-01
-3.867221176624298096e-01
-3.870986700057983398e-01
-3.864089846611022949e-01
-3.856984972953796387e-01
-3.854475617408752441e-01
-3.861435949802398682e-01
-3.858360350131988525e-01
-3.851766288280487061e-01
-3.866758346557617188e-01
-3.866058886051177979e-01
-3.850931525230407715e-01
-3.864876627922058105e-01
-3.847667276859283447e-01
-3.860234320163726807e-01
-3.866702318191528320e-01
-3.870111703872680664e-01
-3.859514296054840088e-01
-3.867872655391693115e-01
-3.870872259140014648e-01
-3.859872519969940186e-01
-3.873073160648345947e-01
-3.852880299091339111e-01
-3.861911594867706299e-01
-3.869141638278961182e-01
-3.871896862983703613e-01
-3.881277143955230713e-01
-3.871602416038513184e-01
-3.868221044540405273e-01
-3.868827819824218750e-01
-3.871299326419830322e-01
-3.878142535686492920e-01
-3.883122503757476807e-01
-3.862909674644470215e-01
-3.860363364219665527e-01
-3.879996836185455322e-01
-3.871471881866455078e-01
-3.867687284946441650e-01
-3.865507543087005615e-01
-3.872682154178619385e-01
-3.872512578964233398e-01
-3.865262269973754883e-01
-3.863855004310607910e-01
-3.871889114379882812e-01
-3.883323371410369873e-01
-3.871541321277618408e-01
-3.876085281372070312e-01
-3.870079219341278076e-01
-3.879533112049102783e-01
-3.863642513751983643e-01
-3.881319463253021240e-01
-3.875178098678588867e-01
-3.866146206855773926e-01
-3.873587846755981445e-01
-3.859387338161468506e-01
-3.856216967105865479e-01
-3.865765333175659180e-01
-3.880080282688140869e-01
-3.857131004333496094e-01
-3.895417451858520508e-01
-3.863458335399627686e-01
-3.863394856452941895e-01
-3.865668177604675293e-01
-3.865215480327606201e-01
-3.865580558776855469e-01
-3.865180015563964844e-01
-3.873080611228942871e-01
-3.862917125225067139e-01
-3.864459693431854248e-01
-3.880161046981811523e-01
-3.865720927715301514e-01
-3.867070078849792480e-01
-3.871380090713500977e-01
-3.863170146942138672e-01
-3.871787488460540771e-01
-3.867054581642150879e-01
-3.878554701805114746e-01
-3.874519765377044678e-01
-3.876200914382934570e-01
-3.859055042266845703e-01
-3.887727558612823486e-01
-3.870804905891418457e-01
-3.863290846347808838e-01
-3.872300088405609131e-01
-3.869722485542297363e-01
-3.873023688793182373e-01
-3.866947591304779053e-01
-3.874974250793457031e-01
-3.859516084194183350e-01
-3.875562846660614014e-01
-3.863759934902191162e-01
-3.865103721618652344e-01
-3.871021568775177002e-01
-3.860603272914886475e-01
-3.871173560619354248e-01
-3.870568275451660156e-01
-3.878735899925231934e-01
-3.855532109737396240e-01
-3.872800767421722412e-01
-3.875700235366821289e-01
-3.869217038154602051e-01
-3.873365521430969238e-01
-3.879294693470001221e-01
-3.871296644210815430e-01
-3.868054449558258057e-01
-3.872254490852355957e-01
-3.876689970493316650e-01
-3.876422643661499023e-01
-3.864095807075500488e-01
-3.871453106403350830e-01
-3.866244554519653320e-01
-3.886784315109252930e-01
-3.880747854709625244e-01
-3.873505294322967529e-01
-3.878319561481475830e-01
-3.876568078994750977e-01
-3.880886733531951904e-01
-3.885079622268676758e-01
-3.866216540336608887e-01
-3.870021104812622070e-01
-3.872855007648468018e-01
-3.871842622756958008e-01
-3.877280354499816895e-01
-3.863702416419982910e-01
-3.875002861022949219e-01
-3.871263861656188965e-01
-3.873968422412872314e-01
-3.869417607784271240e-01
-3.864721059799194336e-01
-3.877701461315155029e-01
-3.873685300350189209e-01
-3.894127905368804932e-01
-3.868409395217895508e-01
-3.867944478988647461e-01
-3.878506422042846680e-01
-3.863843381404876709e-01
-3.869759440422058105e-01
-3.868874013423919678e-01
-3.873475193977355957e-01
-3.871433734893798828e-01
-3.869638741016387939e-01
-3.875487446784973145e-01
-3.880639672279357910e-01
-3.883166909217834473e-01
-3.871379494667053223e-01
-3.882882297039031982e-01
-3.878797590732574463e-01
-3.879239857196807861e-01
-3.883450925350189209e-01
-3.863135576248168945e-01
-3.883992433547973633e-01
-3.878113031387329102e-01
-3.869177103042602539e-01
-3.886607885360717773e-01
-3.867759704589843750e-01
-3.858906924724578857e-01
-3.870789110660552979e-01
-3.870864808559417725e-01
-3.871541321277618408e-01
-3.876867890357971191e-01
-3.871175050735473633e-01
-3.875018954277038574e-01
-3.881929218769073486e-01
-3.882023096084594727e-01
-3.868798911571502686e-01
-3.868892788887023926e-01
-3.865669667720794678e-01
-3.870820701122283936e-01
-3.876900672912597656e-01
-3.875254094600677490e-01
-3.883312046527862549e-01
-3.870390653610229492e-01
-3.870072960853576660e-01
-3.878933787345886230e-01
-3.869083821773529053e-01
-3.867608308792114258e-01
-3.879003524780273438e-01
-3.871218860149383545e-01
-3.880117237567901611e-01
-3.876676559448242188e-01
-3.870764672756195068e-01
-3.874331414699554443e-01
-3.874833285808563232e-01
-3.879914581775665283e-01
-3.881564438343048096e-01
-3.872933685779571533e-01
-3.885517716407775879e-01
-3.876788318157196045e-01
-3.878650367259979248e-01
-3.882268667221069336e-01
-3.878174424171447754e-01
-3.879144489765167236e-01
-3.889009058475494385e-01
-3.873425126075744629e-01
-3.877164423465728760e-01
-3.875383734703063965e-01
-3.884895145893096924e-01
-3.872540295124053955e-01
-3.867421448230743408e-01
