6.978251934051513672e-01
2.088012099266052246e-01
-3.506286069750785828e-02
-8.949594199657440186e-02
-9.872746467590332031e-02
-8.616334199905395508e-02
-6.771681457757949829e-02
-9.952083230018615723e-02
-1.215308979153633118e-01
-1.101356148719787598e-01
-1.086199507117271423e-01
-1.465099602937698364e-01
-1.427257657051086426e-01
-1.650254279375076294e-01
-1.557297855615615845e-01
-1.744921803474426270e-01
-1.877969354391098022e-01
-1.978990286588668823e-01
-1.899575442075729370e-01
-1.998018771409988403e-01
-2.008682340383529663e-01
-2.037565857172012329e-01
-2.127999961376190186e-01
-2.129061222076416016e-01
-2.209415286779403687e-01
-2.252038270235061646e-01
-2.312113940715789795e-01
-2.417246699333190918e-01
-2.354434132575988770e-01
-2.364047765731811523e-01
-2.375404983758926392e-01
-2.437092959880828857e-01
-2.400802373886108398e-01
-2.391325086355209351e-01
-2.488542199134826660e-01
-2.588717341423034668e-01
-2.519083917140960693e-01
-2.493908405303955078e-01
-2.626822590827941895e-01
-2.522379755973815918e-01
-2.664384543895721436e-01
-2.667750716209411621e-01
-2.605332136154174805e-01
-2.621004581451416016e-01
-2.638614773750305176e-01
-2.608579099178314209e-01
-2.710660398006439209e-01
-2.621629834175109863e-01
-2.699614763259887695e-01
-2.666231393814086914e-01
-2.699909806251525879e-01
-2.751764357089996338e-01
-2.767866849899291992e-01
-2.737825810909271240e-01
-2.757309079170227051e-01
-2.686426043510437012e-01
-2.860566377639770508e-01
-2.733098864555358887e-01
-2.699833512306213379e-01
-2.730884253978729248e-01
-2.741693854331970215e-01
-2.861394286155700684e-01
-2.781408727169036865e-01
-2.805746793746948242e-01
-2.797393798828125000e-01
-2.764650881290435791e-01
-2.599990069866180420e-01
-2.819364368915557861e-01
-2.848225831985473633e-01
-2.801388502120971680e-01
-2.834461927413940430e-01
-2.868254780769348145e-01
-2.854155302047729492e-01
-2.933211326599121094e-01
-2.804215550422668457e-01
-2.873233854770660400e-01
-2.961352467536926270e-01
-3.007891178131103516e-01
-2.995060384273529053e-01
-3.070455193519592285e-01
-2.974841594696044922e-01
-3.025014102458953857e-01
-3.127494454383850098e-01
-2.950676977634429932e-01
-3.089712560176849365e-01
-3.021790683269500732e-01
-3.170814216136932373e-01
-2.987043857574462891e-01
-3.028355240821838379e-01
-2.969764173030853271e-01
-3.189262151718139648e-01
-3.045038878917694092e-01
-3.099009096622467041e-01
-3.062156438827514648e-01
-3.092953860759735107e-01
-3.072802126407623291e-01
-3.060333132743835449e-01
-3.076488673686981201e-01
-3.125500380992889404e-01
-3.210271596908569336e-01
-3.059166371822357178e-01
-3.042693734169006348e-01
-3.035248517990112305e-01
-3.098375201225280762e-01
-3.164725899696350098e-01
-3.144056499004364014e-01
-3.065483868122100830e-01
-3.149108886718750000e-01
-3.047679960727691650e-01
-3.144872486591339111e-01
-3.071940243244171143e-01
-3.130342364311218262e-01
-3.154221773147583008e-01
-3.098215162754058838e-01
-3.021354973316192627e-01
-3.073209226131439209e-01
-3.242713510990142822e-01
-3.181454539299011230e-01
-3.046401143074035645e-01
-3.144912719726562500e-01
-3.186059594154357910e-01
-3.118783533573150635e-01
-3.116594254970550537e-01
-3.238552212715148926e-01
-3.245964348316192627e-01
-3.001935482025146484e-01
-3.162534236907958984e-01
-3.159170150756835938e-01
-3.185078799724578857e-01
-3.064321279525756836e-01
-3.222468495368957520e-01
-3.241796791553497314e-01
-3.112152814865112305e-01
-3.091223835945129395e-01
-3.228000402450561523e-01
-3.191078603267669678e-01
-3.002168536186218262e-01
-3.155540227890014648e-01
-3.249194920063018799e-01
-3.177452981472015381e-01
-3.177119493484497070e-01
-3.127190470695495605e-01
-3.190147876739501953e-01
-3.222990632057189941e-01
-3.238775730133056641e-01
-3.134688436985015869e-01
-3.240822851657867432e-01
-3.253799378871917725e-01
-3.206535577774047852e-01
-3.155155479907989502e-01
-3.222949206829071045e-01
-3.275260627269744873e-01
-3.235011994838714600e-01
-3.160231411457061768e-01
-3.219589889049530029e-01
-3.265759944915771484e-01
-3.260715603828430176e-01
-3.259921669960021973e-01
-3.238702416419982910e-01
-3.207683861255645752e-01
-3.291926383972167969e-01
-3.209856450557708740e-01
-3.259550034999847412e-01
-3.289887607097625732e-01
-3.253215253353118896e-01
-3.185395002365112305e-01
-3.386092483997344971e-01
-3.221890926361083984e-01
-3.301817178726196289e-01
-3.371263146400451660e-01
-3.334017992019653320e-01
-3.323933184146881104e-01
-3.361252844333648682e-01
-3.307966291904449463e-01
-3.232981562614440918e-01
-3.355978727340698242e-01
-3.331293463706970215e-01
-3.266213238239288330e-01
-3.331808447837829590e-01
-3.293063938617706299e-01
-3.308794796466827393e-01
-3.303589522838592529e-01
-3.374026417732238770e-01
-3.278374671936035156e-01
-3.359970152378082275e-01
-3.325555920600891113e-01
-3.406241536140441895e-01
-3.381795585155487061e-01
-3.308116197586059570e-01
-3.317270874977111816e-01
-3.408004045486450195e-01
-3.371180295944213867e-01
-3.310606181621551514e-01
-3.355067670345306396e-01
-3.333746790885925293e-01
-3.368325829505920410e-01
-3.397885262966156006e-01
-3.390823900699615479e-01
-3.302251696586608887e-01
-3.330504596233367920e-01
-3.353103697299957275e-01
-3.437115848064422607e-01
-3.412248194217681885e-01
-3.300888538360595703e-01
-3.366203606128692627e-01
-3.459921181201934814e-01
-3.376859128475189209e-01
-3.301294445991516113e-01
-3.404293954372406006e-01
-3.391016721725463867e-01
-3.434165716171264648e-01
-3.358795046806335449e-01
-3.408304452896118164e-01
-3.486753702163696289e-01
-3.431139588356018066e-01
-3.363622426986694336e-01
-3.380212485790252686e-01
-3.423729240894317627e-01
-3.418370485305786133e-01
-3.445287942886352539e-01
-3.439467847347259521e-01
-3.414405286312103271e-01
-3.426815569400787354e-01
-3.399753272533416748e-01
-3.460395038127899170e-01
-3.448929488658905029e-01
-3.434580266475677490e-01
-3.429103493690490723e-01
-3.467294275760650635e-01
-3.490366041660308838e-01
-3.551511764526367188e-01
-3.462406098842620850e-01
-3.525288105010986328e-01
-3.482798337936401367e-01
-3.504205346107482910e-01
-3.528771400451660156e-01
-3.571304082870483398e-01
-3.519792556762695312e-01
-3.578284382820129395e-01
-3.511078655719757080e-01
-3.505665361881256104e-01
-3.519372344017028809e-01
-3.582164645195007324e-01
-3.569567203521728516e-01
-3.595996201038360596e-01
-3.532039821147918701e-01
-3.510848879814147949e-01
-3.576454520225524902e-01
-3.609904050827026367e-01
-3.589031398296356201e-01
-3.622516989707946777e-01
-3.559093773365020752e-01
-3.532734215259552002e-01
-3.625244200229644775e-01
-3.611676692962646484e-01
-3.618002831935882568e-01
-3.612362146377563477e-01
-3.659746050834655762e-01
-3.626929819583892822e-01
-3.583098948001861572e-01
-3.607856631278991699e-01
-3.628358244895935059e-01
-3.586587607860565186e-01
-3.562292158603668213e-01
-3.690993785858154297e-01
-3.644914329051971436e-01
-3.616125881671905518e-01
-3.655322790145874023e-01
-3.594486117362976074e-01
-3.608240187168121338e-01
-3.615270256996154785e-01
-3.667519390583038330e-01
-3.656350672245025635e-01
-3.612655103206634521e-01
-3.684559166431427002e-01
-3.603086173534393311e-01
-3.668529689311981201e-01
-3.682093024253845215e-01
-3.714616298675537109e-01
-3.653463125228881836e-01
-3.676321506500244141e-01
-3.677484095096588135e-01
-3.644008040428161621e-01
-3.687227666378021240e-01
-3.688909113407135010e-01
-3.700125813484191895e-01
-3.622764348983764648e-01
-3.678830564022064209e-01
-3.687440752983093262e-01
-3.682884573936462402e-01
-3.704470694065093994e-01
-3.689163923263549805e-01
-3.665322661399841309e-01
-3.696147203445434570e-01
-3.664264380931854248e-01
-3.692567646503448486e-01
-3.696912229061126709e-01
-3.677379786968231201e-01
-3.689935803413391113e-01
-3.713284432888031006e-01
-3.673385679721832275e-01
-3.669342100620269775e-01
-3.677037954330444336e-01
-3.680886924266815186e-01
-3.687645196914672852e-01
-3.705143034458160400e-01
-3.688041269779205322e-01
-3.695731163024902344e-01
-3.690331578254699707e-01
-3.654640614986419678e-01
-3.661918938159942627e-01
-3.736641108989715576e-01
-3.689695298671722412e-01
-3.696671426296234131e-01
-3.665826022624969482e-01
-3.694334924221038818e-01
-3.682339489459991455e-01
-3.632108271121978760e-01
-3.725270926952362061e-01
-3.732613921165466309e-01
-3.668039441108703613e-01
-3.652102053165435791e-01
-3.652359545230865479e-01
-3.683397173881530762e-01
-3.703272044658660889e-01
-3.711318373680114746e-01
-3.695050179958343506e-01
-3.742621839046478271e-01
-3.693679571151733398e-01
-3.724751472473144531e-01
-3.696503937244415283e-01
-3.721085786819458008e-01
-3.657069206237792969e-01
-3.685290217399597168e-01
-3.719331622123718262e-01
-3.710090816020965576e-01
-3.660956323146820068e-01
-3.661032021045684814e-01
-3.672668933868408203e-01
-3.682082593441009521e-01
-3.668992817401885986e-01
-3.695089221000671387e-01
-3.674651980400085449e-01
-3.705720603466033936e-01
-3.679583966732025146e-01
-3.736225664615631104e-01
-3.694187700748443604e-01
-3.697962760925292969e-01
-3.733759224414825439e-01
-3.713458180427551270e-01
-3.700246512889862061e-01
-3.735010921955108643e-01
-3.740656971931457520e-01
-3.697039783000946045e-01
-3.694553673267364502e-01
-3.708014488220214844e-01
-3.668009936809539795e-01
-3.702555298805236816e-01
-3.725171089172363281e-01
-3.697537481784820557e-01
-3.697201013565063477e-01
-3.700594902038574219e-01
-3.628183305263519287e-01
-3.699687123298645020e-01
-3.674646019935607910e-01
-3.732856512069702148e-01
-3.701845109462738037e-01
-3.710433244705200195e-01
-3.701450228691101074e-01
-3.657009601593017578e-01
-3.712652921676635742e-01
-3.675256371498107910e-01
-3.724543154239654541e-01
-3.688070178031921387e-01
-3.703143894672393799e-01
-3.721061050891876221e-01
-3.729771375656127930e-01
-3.694632649421691895e-01
-3.674389123916625977e-01
-3.665398061275482178e-01
-3.701831698417663574e-01
-3.698582053184509277e-01
-3.723121583461761475e-01
-3.691866993904113770e-01
-3.691438734531402588e-01
-3.698947727680206299e-01
-3.674454689025878906e-01
-3.708217144012451172e-01
-3.731374442577362061e-01
-3.708065748214721680e-01
-3.721424937248229980e-01
-3.665886223316192627e-01
-3.636050522327423096e-01
-3.673638999462127686e-01
-3.724466562271118164e-01
-3.730753660202026367e-01
-3.728384971618652344e-01
-3.689311146736145020e-01
-3.625927865505218506e-01
-3.704028427600860596e-01
-3.689830303192138672e-01
-3.735822737216949463e-01
-3.720461130142211914e-01
-3.760829567909240723e-01
-3.647796511650085449e-01
-3.745155036449432373e-01
-3.680532574653625488e-01
-3.728554248809814453e-01
-3.702256381511688232e-01
-3.675829172134399414e-01
-3.727475404739379883e-01
-3.714334964752197266e-01
-3.722688555717468262e-01
-3.656201362609863281e-01
-3.694173693656921387e-01
-3.722630143165588379e-01
-3.724685013294219971e-01
-3.681268393993377686e-01
-3.664630651473999023e-01
-3.638841509819030762e-01
-3.691933453083038330e-01
-3.739213943481445312e-01
-3.690329492092132568e-01
-3.720560371875762939e-01
-3.661092221736907959e-01
-3.717999756336212158e-01
-3.718301355838775635e-01
-3.707521259784698486e-01
-3.663466870784759521e-01
-3.663278222084045410e-01
-3.704450726509094238e-01
-3.694045841693878174e-01
-3.696329295635223389e-01
-3.682373166084289551e-01
-3.677722811698913574e-01
-3.714058399200439453e-01
-3.742461502552032471e-01
-3.726054131984710693e-01
-3.693965375423431396e-01
-3.687861263751983643e-01
-3.679847419261932373e-01
-3.718942403793334961e-01
-3.693236112594604492e-01
-3.682124018669128418e-01
-3.683721423149108887e-01
-3.693242073059082031e-01
-3.735058009624481201e-01
-3.720471858978271484e-01
-3.717349469661712646e-01
-3.689181506633758545e-01
-3.719676434993743896e-01
-3.694598972797393799e-01
-3.706660866737365723e-01
-3.726002275943756104e-01
-3.734646141529083252e-01
-3.687670230865478516e-01
-3.704677522182464600e-01
-3.705058991909027100e-01
-3.741016089916229248e-01
-3.685196638107299805e-01
-3.708595633506774902e-01
-3.731008470058441162e-01
-3.677397966384887695e-01
-3.660427927970886230e-01
-3.712005317211151123e-01
-3.699482381343841553e-01
-3.641042709350585938e-01
-3.711774647235870361e-01
-3.777696192264556885e-01
-3.737003207206726074e-01
-3.680076599121093750e-01
-3.692136108875274658e-01
-3.709709942340850830e-01
-3.722198009490966797e-01
-3.681594133377075195e-01
-3.733405768871307373e-01
-3.663066327571868896e-01
-3.694124221801757812e-01
-3.700592517852783203e-01
-3.691570758819580078e-01
-3.729360699653625488e-01
-3.724835216999053955e-01
-3.714094758033752441e-01
-3.684305846691131592e-01
-3.685391247272491455e-01
-3.699648976325988770e-01
-3.703930675983428955e-01
-3.696753680706024170e-01
-3.707334101200103760e-01
-3.674865067005157471e-01
-3.750709593296051025e-01
-3.743237853050231934e-01
-3.729146122932434082e-01
-3.685994148254394531e-01
-3.666261434555053711e-01
-3.717995285987854004e-01
-3.720821440219879150e-01
-3.646390438079833984e-01
-3.718041479587554932e-01
-3.726467192173004150e-01
-3.689172267913818359e-01
-3.708502948284149170e-01
-3.712846636772155762e-01
-3.712999820709228516e-01
-3.699150383472442627e-01
-3.723552823066711426e-01
-3.720283210277557373e-01
-3.696599602699279785e-01
-3.681868910789489746e-01
-3.704206049442291260e-01
-3.699288666248321533e-01
-3.725052177906036377e-01
-3.723074197769165039e-01
-3.696508109569549561e-01
-3.685072362422943115e-01
-3.718648552894592285e-01
-3.680384457111358643e-01
-3.646899759769439697e-01
-3.734437823295593262e-01
-3.710169196128845215e-01
-3.707757294178009033e-01
-3.714477419853210449e-01
-3.705061376094818115e-01
-3.697090446949005127e-01
-3.703947663307189941e-01
-3.717718720436096191e-01
-3.723584115505218506e-01
-3.709563612937927246e-01
-3.720009028911590576e-01
-3.723624944686889648e-01
-3.687626421451568604e-01
-3.698799312114715576e-01
-3.682701289653778076e-01
-3.675633072853088379e-01
-3.745905458927154541e-01
-3.688465058803558350e-01
-3.690288662910461426e-01
-3.708713054656982422e-01
-3.700706064701080322e-01
-3.730026185512542725e-01
-3.732790350914001465e-01
-3.659480512142181396e-01
-3.686558306217193604e-01
-3.705852627754211426e-01
-3.713767230510711670e-01
-3.693340718746185303e-01
-3.733963966369628906e-01
-3.688033819198608398e-01
-3.678004443645477295e-01
-3.699967563152313232e-01
-3.693569600582122803e-01
-3.677369356155395508e-01
-3.697195947170257568e-01
-3.740164041519165039e-01
-3.757805228233337402e-01
-3.685100674629211426e-01
-3.712530136108398438e-01
-3.676961958408355713e-01
-3.710916340351104736e-01
-3.695599138736724854e-01
-3.720163702964782715e-01
-3.704862594604492188e-01
-3.723012208938598633e-01
-3.720587790012359619e-01
-3.733795881271362305e-01
-3.699526786804199219e-01
-3.727934360504150391e-01
-3.719463646411895752e-01
-3.699982762336730957e-01
-3.709584474563598633e-01
-3.761135637760162354e-01
-3.676543533802032471e-01
-3.684682250022888184e-01
-3.667359054088592529e-01
-3.666039705276489258e-01
-3.682561516761779785e-01
-3.716441690921783447e-01
-3.693065047264099121e-01
-3.728529810905456543e-01
-3.721913993358612061e-01
-3.670536279678344727e-01
-3.678977191448211670e-01
-3.710250854492187500e-01
-3.730098307132720947e-01
-3.734101951122283936e-01
-3.697031140327453613e-01
-3.724478483200073242e-01
-3.726925253868103027e-01
-3.733097612857818604e-01
-3.691208660602569580e-01
-3.655984997749328613e-01
-3.720294535160064697e-01
-3.699126243591308594e-01
-3.716104030609130859e-01
-3.702508807182312012e-01
-3.722319304943084717e-01
-3.645543456077575684e-01
-3.690239787101745605e-01
-3.729610741138458252e-01
-3.753003478050231934e-01
-3.688868880271911621e-01
-3.702919185161590576e-01
-3.692434728145599365e-01
-3.731639981269836426e-01
-3.700850903987884521e-01
-3.729467093944549561e-01
-3.717269897460937500e-01
-3.701160252094268799e-01
-3.734281659126281738e-01
-3.708976507186889648e-01
-3.728866875171661377e-01
-3.713065683841705322e-01
-3.718654811382293701e-01
-3.712324202060699463e-01
-3.748478889465332031e-01
-3.731059432029724121e-01
-3.685654401779174805e-01
-3.736325800418853760e-01
-3.705140352249145508e-01
-3.727925717830657959e-01
-3.717114329338073730e-01
-3.693282902240753174e-01
-3.721425831317901611e-01
-3.702931106090545654e-01
-3.708016574382781982e-01
-3.729621469974517822e-01
-3.724086582660675049e-01
-3.700988292694091797e-01
-3.714993298053741455e-01
-3.726452589035034180e-01
-3.713514804840087891e-01
-3.719497025012969971e-01
-3.734501302242279053e-01
-3.690127730369567871e-01
-3.679927289485931396e-01
-3.723030686378479004e-01
-3.712286949157714844e-01
-3.712559342384338379e-01
-3.708667457103729248e-01
-3.740360736846923828e-01
-3.697631359100341797e-01
-3.741093277931213379e-01
-3.711693584918975830e-01
-3.721779286861419678e-01
-3.723618090152740479e-01
-3.694102168083190918e-01
-3.733618557453155518e-01
-3.705669045448303223e-01
-3.675976693630218506e-01
-3.710719943046569824e-01
-3.727811276912689209e-01
-3.701451718807220459e-01
-3.684321939945220947e-01
-3.665529787540435791e-01
-3.689179718494415283e-01
-3.735057115554809570e-01
-3.734657466411590576e-01
-3.714008927345275879e-01
-3.728674948215484619e-01
-3.667492270469665527e-01
-3.700521290302276611e-01
-3.723091483116149902e-01
-3.710074126720428467e-01
-3.726807236671447754e-01
-3.718104362487792969e-01
-3.678326904773712158e-01
-3.650986552238464355e-01
-3.713193237781524658e-01
-3.696783483028411865e-01
-3.743417263031005859e-01
-3.704687058925628662e-01
-3.696120679378509521e-01
-3.690775036811828613e-01
-3.737933337688446045e-01
-3.698126673698425293e-01
-3.711415231227874756e-01
-3.659832179546356201e-01
-3.702932596206665039e-01
-3.683049380779266357e-01
-3.677187263965606689e-01
-3.701007366180419922e-01
-3.730140626430511475e-01
-3.710185587406158447e-01
-3.684971332550048828e-01
-3.715446293354034424e-01
-3.687179982662200928e-01
-3.651411533355712891e-01
-3.684248030185699463e-01
-3.702209591865539551e-01
-3.709549009799957275e-01
-3.677335679531097412e-01
-3.711566030979156494e-01
-3.723444044589996338e-01
-3.701208829879760742e-01
-3.700695335865020752e-01
-3.729374408721923828e-01
-3.740670084953308105e-01
-3.714400827884674072e-01
-3.679758012294769287e-01
-3.694341480731964111e-01
-3.725185096263885498e-01
-3.669564723968505859e-01
-3.722251951694488525e-01
-3.715073764324188232e-01
-3.742402791976928711e-01
-3.673937022686004639e-01
-3.677863180637359619e-01
-3.730764687061309814e-01
-3.741779625415802002e-01
-3.683368563652038574e-01
-3.683698177337646484e-01
-3.691518604755401611e-01
-3.701080977916717529e-01
-3.700377345085144043e-01
-3.753447830677032471e-01
-3.695971667766571045e-01
-3.679383993148803711e-01
-3.710545003414154053e-01
-3.746717870235443115e-01
-3.679382801055908203e-01
-3.727874457836151123e-01
-3.713043034076690674e-01
-3.723054826259613037e-01
-3.668577671051025391e-01
-3.697536587715148926e-01
-3.708190023899078369e-01
-3.706609010696411133e-01
-3.689653277397155762e-01
-3.703074455261230469e-01
-3.705896139144897461e-01
-3.687829673290252686e-01
-3.721447587013244629e-01
-3.717717230319976807e-01
-3.700790405273437500e-01
-3.662359714508056641e-01
-3.675239086151123047e-01
-3.693848252296447754e-01
-3.686472475528717041e-01
-3.696561753749847412e-01
-3.693059682846069336e-01
-3.693103194236755371e-01
-3.699624538421630859e-01
-3.701863288879394531e-01
-3.705642223358154297e-01
-3.682682514190673828e-01
-3.701796829700469971e-01
-3.696715831756591797e-01
-3.731441795825958252e-01
-3.710523843765258789e-01
-3.644324243068695068e-01
-3.713363707065582275e-01
-3.693196773529052734e-01
-3.706840574741363525e-01
-3.700045049190521240e-01
-3.658321797847747803e-01
-3.716623485088348389e-01
-3.701428174972534180e-01
-3.671962022781372070e-01
-3.715505897998809814e-01
-3.685782551765441895e-01
-3.696821033954620361e-01
-3.712672591209411621e-01
-3.726423978805541992e-01
-3.688381314277648926e-01
-3.698832094669342041e-01
-3.712297379970550537e-01
-3.700438737869262695e-01
-3.675551414489746094e-01
-3.745554089546203613e-01
-3.720193505287170410e-01
-3.698540031909942627e-01
-3.729428648948669434e-01
-3.715816736221313477e-01
-3.727679550647735596e-01
-3.713580965995788574e-01
-3.689260780811309814e-01
-3.700069487094879150e-01
-3.674689531326293945e-01
-3.706997931003570557e-01
-3.709249794483184814e-01
-3.699967265129089355e-01
-3.720723390579223633e-01
-3.684796988964080811e-01
-3.697034418582916260e-01
-3.660190701484680176e-01
-3.669328689575195312e-01
-3.685063421726226807e-01
-3.727937638759613037e-01
-3.725026249885559082e-01
-3.663132786750793457e-01
-3.719317018985748291e-01
-3.692663013935089111e-01
-3.702813684940338135e-01
-3.702910840511322021e-01
-3.699340820312500000e-01
-3.667563199996948242e-01
-3.651719391345977783e-01
-3.701654374599456787e-01
-3.710627555847167969e-01
-3.722093403339385986e-01
-3.711739480495452881e-01
-3.739199042320251465e-01
-3.637537360191345215e-01
-3.743853271007537842e-01
-3.712311387062072754e-01
-3.703244030475616455e-01
-3.687297105789184570e-01
-3.740692138671875000e-01
-3.673787117004394531e-01
-3.653048574924468994e-01
-3.698962032794952393e-01
-3.708775043487548828e-01
-3.679150342941284180e-01
-3.707595765590667725e-01
-3.695438206195831299e-01
-3.658011555671691895e-01
-3.708535730838775635e-01
-3.672532439231872559e-01
-3.720000088214874268e-01
-3.733369112014770508e-01
-3.697600662708282471e-01
-3.688343167304992676e-01
-3.684630095958709717e-01
-3.707186281681060791e-01
-3.713584542274475098e-01
-3.694720864295959473e-01
-3.728370070457458496e-01
-3.681535720825195312e-01
-3.695473074913024902e-01
-3.700941205024719238e-01
-3.715130090713500977e-01
-3.713817000389099121e-01
-3.643401265144348145e-01
-3.689906299114227295e-01
-3.742185533046722412e-01
-3.675663173198699951e-01
-3.707750737667083740e-01
-3.698749244213104248e-01
-3.731928467750549316e-01
-3.705612719058990479e-01
-3.697267770767211914e-01
-3.707675337791442871e-01
-3.734390437602996826e-01
-3.738933503627777100e-01
-3.680056035518646240e-01
-3.683450818061828613e-01
-3.700813949108123779e-01
-3.717468380928039551e-01
-3.672392666339874268e-01
-3.756697773933410645e-01
-3.714350461959838867e-01
-3.688828051090240479e-01
-3.728266060352325439e-01
-3.699764907360076904e-01
-3.697365820407867432e-01
-3.693531155586242676e-01
-3.728450834751129150e-01
-3.710819184780120850e-01
-3.732465207576751709e-01
-3.684147298336029053e-01
-3.718486428260803223e-01
-3.685349524021148682e-01
-3.684810996055603027e-01
-3.680880665779113770e-01
-3.740052580833435059e-01
-3.739941120147705078e-01
-3.688904941082000732e-01
-3.700958788394927979e-01
-3.755028545856475830e-01
-3.724439740180969238e-01
-3.696036040782928467e-01
-3.692381978034973145e-01
-3.699128627777099609e-01
-3.701820671558380127e-01
-3.721365332603454590e-01
-3.751268386840820312e-01
-3.728767335414886475e-01
-3.719337284564971924e-01
-3.694828152656555176e-01
-3.694191575050354004e-01
-3.719478845596313477e-01
-3.729199171066284180e-01
-3.737915158271789551e-01
-3.694516122341156006e-01
-3.714006543159484863e-01
-3.691799640655517578e-01
-3.674177229404449463e-01
-3.726633489131927490e-01
-3.679804503917694092e-01
-3.701796233654022217e-01
-3.738840818405151367e-01
-3.695068657398223877e-01
-3.709828257560729980e-01
-3.660644590854644775e-01
-3.698029518127441406e-01
-3.741658627986907959e-01
-3.710967600345611572e-01
-3.706066310405731201e-01
-3.683573305606842041e-01
-3.706959784030914307e-01
-3.725125193595886230e-01
-3.754297494888305664e-01
-3.741960525512695312e-01
-3.735761344432830811e-01
-3.772896826267242432e-01
-3.706705868244171143e-01
-3.702524006366729736e-01
-3.754240870475769043e-01
-3.725898265838623047e-01
-3.673439621925354004e-01
-3.707047104835510254e-01
-3.753389418125152588e-01
-3.726035058498382568e-01
-3.708525300025939941e-01
-3.741145730018615723e-01
-3.723618090152740479e-01
-3.733214139938354492e-01
-3.756365180015563965e-01
-3.735869824886322021e-01
-3.745858669281005859e-01
-3.715819716453552246e-01
-3.709093630313873291e-01
-3.720104396343231201e-01
-3.769165575504302979e-01
-3.739644587039947510e-01
-3.754744827747344971e-01
-3.774473369121551514e-01
-3.748719394207000732e-01
-3.733773827552795410e-01
-3.712148070335388184e-01
-3.674938082695007324e-01
-3.733109533786773682e-01
-3.784780502319335938e-01
-3.770758807659149170e-01
-3.746977746486663818e-01
-3.747456967830657959e-01
-3.725267946720123291e-01
-3.747801780700683594e-01
-3.722178041934967041e-01
-3.738841712474822998e-01
-3.775109946727752686e-01
-3.731723129749298096e-01
-3.724189996719360352e-01
-3.738011419773101807e-01
-3.779644370079040527e-01
-3.717493712902069092e-01
-3.744327425956726074e-01
-3.718339800834655762e-01
-3.755411505699157715e-01
-3.754755258560180664e-01
-3.774588406085968018e-01
-3.760074079036712646e-01
-3.764848113059997559e-01
-3.757901191711425781e-01
-3.769470751285552979e-01
-3.722854852676391602e-01
-3.757256269454956055e-01
-3.737905025482177734e-01
-3.776395916938781738e-01
-3.761623501777648926e-01
-3.755900263786315918e-01
-3.769419193267822266e-01
-3.770867288112640381e-01
-3.776652812957763672e-01
-3.760406970977783203e-01
-3.753391504287719727e-01
-3.744443356990814209e-01
-3.779786229133605957e-01
-3.764652609825134277e-01
-3.770546317100524902e-01
-3.792931437492370605e-01
-3.799138367176055908e-01
-3.768357336521148682e-01
-3.794675767421722412e-01
-3.752214908599853516e-01
-3.768722414970397949e-01
-3.772683143615722656e-01
-3.797743022441864014e-01
-3.749054372310638428e-01
-3.767512142658233643e-01
-3.789549767971038818e-01
-3.798933625221252441e-01
-3.813532292842864990e-01
-3.762578368186950684e-01
-3.779295980930328369e-01
-3.757531642913818359e-01
-3.762574791908264160e-01
-3.773342669010162354e-01
-3.797968626022338867e-01
-3.790094554424285889e-01
-3.754444718360900879e-01
-3.769056499004364014e-01
-3.782287538051605225e-01
-3.791119456291198730e-01
-3.771131038665771484e-01
-3.796027302742004395e-01
-3.795078694820404053e-01
-3.789000511169433594e-01
-3.773214221000671387e-01
-3.764249384403228760e-01
