6.978251934051513672e-01
2.105395942926406860e-01
-3.443497046828269958e-02
-8.933385461568832397e-02
-9.872801601886749268e-02
-8.630569279193878174e-02
-6.771561503410339355e-02
-9.943420439958572388e-02
-1.215909123420715332e-01
-1.101367771625518799e-01
-1.085301190614700317e-01
-1.465500444173812866e-01
-1.426637023687362671e-01
-1.646069437265396118e-01
-1.557064205408096313e-01
-1.745127290487289429e-01
-1.878217458724975586e-01
-1.977112144231796265e-01
-1.900529414415359497e-01
-1.998446583747863770e-01
-2.011507600545883179e-01
-2.035583853721618652e-01
-2.128995358943939209e-01
-2.137574106454849243e-01
-2.206278443336486816e-01
-2.245218604803085327e-01
-2.313278466463088989e-01
-2.412204742431640625e-01
-2.348529547452926636e-01
-2.362183332443237305e-01
-2.376887053251266479e-01
-2.429384738206863403e-01
-2.395816892385482788e-01
-2.384805530309677124e-01
-2.491156905889511108e-01
-2.588127553462982178e-01
-2.515219151973724365e-01
-2.492552846670150757e-01
-2.625713646411895752e-01
-2.519522011280059814e-01
-2.662518322467803955e-01
-2.653277814388275146e-01
-2.607859969139099121e-01
-2.621573507785797119e-01
-2.643876969814300537e-01
-2.609905600547790527e-01
-2.707835435867309570e-01
-2.624215483665466309e-01
-2.699797451496124268e-01
-2.661085426807403564e-01
-2.711684107780456543e-01
-2.753452062606811523e-01
-2.764887511730194092e-01
-2.733363509178161621e-01
-2.755008339881896973e-01
-2.686411142349243164e-01
-2.858354449272155762e-01
-2.731539309024810791e-01
-2.699847519397735596e-01
-2.724841833114624023e-01
-2.742473185062408447e-01
-2.864517569541931152e-01
-2.774937748908996582e-01
-2.804531455039978027e-01
-2.794396579265594482e-01
-2.764543294906616211e-01
-2.595922350883483887e-01
-2.816324532032012939e-01
-2.850330173969268799e-01
-2.799131572246551514e-01
-2.830856144428253174e-01
-2.866851985454559326e-01
-2.854517400264739990e-01
-2.933023273944854736e-01
-2.805098891258239746e-01
-2.859601378440856934e-01
-2.956881225109100342e-01
-3.005917370319366455e-01
-2.992697656154632568e-01
-3.068997263908386230e-01
-2.977602183818817139e-01
-3.031024634838104248e-01
-3.124718070030212402e-01
-2.947425544261932373e-01
-3.084921836853027344e-01
-3.017158806324005127e-01
-3.171285092830657959e-01
-2.986586391925811768e-01
-3.026931285858154297e-01
-2.969905436038970947e-01
-3.191319704055786133e-01
-3.045832216739654541e-01
-3.102444112300872803e-01
-3.060835599899291992e-01
-3.097779452800750732e-01
-3.073604702949523926e-01
-3.056323826313018799e-01
-3.073880076408386230e-01
-3.135393559932708740e-01
-3.205421864986419678e-01
-3.053991794586181641e-01
-3.044905960559844971e-01
-3.042964041233062744e-01
-3.099502623081207275e-01
-3.161786794662475586e-01
-3.142336905002593994e-01
-3.065333664417266846e-01
-3.149235248565673828e-01
-3.045916259288787842e-01
-3.144730329513549805e-01
-3.071187138557434082e-01
-3.129928708076477051e-01
-3.135583698749542236e-01
-3.098212778568267822e-01
-3.026551008224487305e-01
-3.073481023311614990e-01
-3.242864310741424561e-01
-3.178375959396362305e-01
-3.046304285526275635e-01
-3.148627281188964844e-01
-3.184983432292938232e-01
-3.118383288383483887e-01
-3.114460408687591553e-01
-3.235850632190704346e-01
-3.249086737632751465e-01
-3.002314567565917969e-01
-3.162520229816436768e-01
-3.157220482826232910e-01
-3.183922767639160156e-01
-3.138805627822875977e-01
-3.226478993892669678e-01
-3.223778903484344482e-01
-3.108151853084564209e-01
-3.098165988922119141e-01
-3.230130672454833984e-01
-3.191042244434356689e-01
-3.001836240291595459e-01
-3.155527412891387939e-01
-3.248048126697540283e-01
-3.176654577255249023e-01
-3.174935877323150635e-01
-3.126612603664398193e-01
-3.184727728366851807e-01
-3.218079209327697754e-01
-3.243595063686370850e-01
-3.150841891765594482e-01
-3.243553042411804199e-01
-3.249267041683197021e-01
-3.208979368209838867e-01
-3.150713145732879639e-01
-3.225164711475372314e-01
-3.279124796390533447e-01
-3.232347667217254639e-01
-3.159687519073486328e-01
-3.218086361885070801e-01
-3.259177505970001221e-01
-3.261403143405914307e-01
-3.263434171676635742e-01
-3.240988552570343018e-01
-3.208893239498138428e-01
-3.289645910263061523e-01
-3.212254941463470459e-01
-3.265021741390228271e-01
-3.290970325469970703e-01
-3.255480229854583740e-01
-3.183974027633666992e-01
-3.387829661369323730e-01
-3.225521147251129150e-01
-3.299816250801086426e-01
-3.368154168128967285e-01
-3.336411714553833008e-01
-3.327496945858001709e-01
-3.363645076751708984e-01
-3.306225538253784180e-01
-3.233406841754913330e-01
-3.356010317802429199e-01
-3.336870074272155762e-01
-3.272179067134857178e-01
-3.331540822982788086e-01
-3.290126323699951172e-01
-3.303814828395843506e-01
-3.300470709800720215e-01
-3.377814888954162598e-01
-3.285380899906158447e-01
-3.362061679363250732e-01
-3.324481844902038574e-01
-3.398292958736419678e-01
-3.384225964546203613e-01
-3.308242857456207275e-01
-3.315902054309844971e-01
-3.400116562843322754e-01
-3.371364176273345947e-01
-3.307403028011322021e-01
-3.356579244136810303e-01
-3.334186375141143799e-01
-3.366580903530120850e-01
-3.395979106426239014e-01
-3.397996723651885986e-01
-3.303350210189819336e-01
-3.328392207622528076e-01
