6.978251934051513672e-01
6.033313274383544922e-01
5.463613271713256836e-01
5.259358882904052734e-01
4.668017625808715820e-01
3.898724317550659180e-01
3.835625648498535156e-01
3.205235600471496582e-01
2.747835516929626465e-01
2.803081572055816650e-01
2.385046631097793579e-01
1.818765848875045776e-01
1.581838130950927734e-01
1.162175610661506653e-01
1.118669286370277405e-01
8.099759370088577271e-02
4.331415146589279175e-02
1.699110306799411774e-02
9.751086472533643246e-04
-2.127578295767307281e-02
-3.748746588826179504e-02
-4.829353466629981995e-02
-8.097749203443527222e-02
-8.650082349777221680e-02
-1.152859181165695190e-01
-1.231045350432395935e-01
-1.407406628131866455e-01
-1.483280211687088013e-01
-1.578239798545837402e-01
-1.685014367103576660e-01
-1.762789636850357056e-01
-1.836636662483215332e-01
-1.859053373336791992e-01
-1.974349915981292725e-01
-2.138179689645767212e-01
-2.119980007410049438e-01
-2.119275480508804321e-01
-2.188360840082168579e-01
-2.226229012012481689e-01
-2.319444864988327026e-01
-2.304437756538391113e-01
-2.310078889131546021e-01
-2.408592104911804199e-01
-2.335932850837707520e-01
-2.400309443473815918e-01
-2.368918508291244507e-01
-2.434879690408706665e-01
-2.465995401144027710e-01
-2.450782060623168945e-01
-2.493200004100799561e-01
-2.440261095762252808e-01
-2.479013204574584961e-01
-2.525670528411865234e-01
-2.482473254203796387e-01
-2.519982755184173584e-01
-2.514742314815521240e-01
-2.592332661151885986e-01
-2.524746358394622803e-01
-2.489282190799713135e-01
-2.527395784854888916e-01
-2.504049837589263916e-01
-2.556594014167785645e-01
-2.525744140148162842e-01
-2.479366511106491089e-01
-2.454504966735839844e-01
-2.566874325275421143e-01
-2.483721375465393066e-01
-2.507912218570709229e-01
-2.580749094486236572e-01
-2.524829208850860596e-01
-2.542200982570648193e-01
-2.583680450916290283e-01
-2.530975341796875000e-01
-2.553181052207946777e-01
-2.463281899690628052e-01
-2.513398230075836182e-01
-2.554817497730255127e-01
-2.543359696865081787e-01
-2.608093321323394775e-01
-2.539539635181427002e-01
-2.514171600341796875e-01
-2.556854784488677979e-01
-2.633909881114959717e-01
-2.602120041847229004e-01
-2.549715340137481689e-01
-2.516050636768341064e-01
-2.576236128807067871e-01
-2.488440871238708496e-01
-2.554696500301361084e-01
-2.586415410041809082e-01
-2.557980418205261230e-01
-2.608899474143981934e-01
-2.582648098468780518e-01
-2.559517323970794678e-01
-2.648141384124755859e-01
-2.538936436176300049e-01
-2.566726505756378174e-01
-2.572284936904907227e-01
-2.584801018238067627e-01
-2.608793377876281738e-01
-2.608400285243988037e-01
-2.552319765090942383e-01
-2.568931281566619873e-01
-2.620702981948852539e-01
-2.593485116958618164e-01
-2.629728913307189941e-01
-2.588510215282440186e-01
-2.580704987049102783e-01
-2.571412920951843262e-01
-2.537446022033691406e-01
-2.585486173629760742e-01
-2.598794102668762207e-01
-2.612643539905548096e-01
-2.605516314506530762e-01
-2.568686306476593018e-01
-2.578607201576232910e-01
-2.607963681221008301e-01
-2.540923953056335449e-01
-2.581455707550048828e-01
-2.625749409198760986e-01
-2.635428607463836670e-01
-2.629561424255371094e-01
-2.637214362621307373e-01
-2.618567645549774170e-01
-2.567967474460601807e-01
-2.618229985237121582e-01
-2.616607546806335449e-01
-2.626520991325378418e-01
-2.607799172401428223e-01
-2.628957331180572510e-01
-2.637689113616943359e-01
-2.594715654850006104e-01
-2.614238560199737549e-01
-2.632797360420227051e-01
-2.621853649616241455e-01
-2.613389194011688232e-01
-2.580004930496215820e-01
-2.624825537204742432e-01
-2.554134428501129150e-01
-2.632007896900177002e-01
-2.575273215770721436e-01
-2.615397274494171143e-01
-2.610001266002655029e-01
-2.657712996006011963e-01
-2.630393803119659424e-01
-2.600873410701751709e-01
-2.585933208465576172e-01
-2.608970105648040771e-01
-2.635629475116729736e-01
-2.675630450248718262e-01
-2.616618573665618896e-01
-2.617308497428894043e-01
-2.673055827617645264e-01
-2.687666118144989014e-01
-2.634178400039672852e-01
-2.658023238182067871e-01
-2.630127072334289551e-01
-2.673386931419372559e-01
-2.628209292888641357e-01
-2.645485699176788330e-01
-2.643062770366668701e-01
-2.630481421947479248e-01
-2.624485492706298828e-01
-2.719201147556304932e-01
-2.683058977127075195e-01
-2.671328783035278320e-01
-2.672269940376281738e-01
-2.699455618858337402e-01
-2.706517875194549561e-01
-2.714413404464721680e-01
-2.689250111579895020e-01
-2.649761140346527100e-01
-2.680523693561553955e-01
-2.673146128654479980e-01
-2.703586518764495850e-01
-2.699657380580902100e-01
-2.722108662128448486e-01
-2.661754190921783447e-01
-2.737765610218048096e-01
-2.640186846256256104e-01
-2.724427580833435059e-01
-2.667659223079681396e-01
-2.676692306995391846e-01
-2.686180472373962402e-01
-2.687783837318420410e-01
-2.723343968391418457e-01
-2.691351175308227539e-01
-2.731013894081115723e-01
-2.744401693344116211e-01
-2.688450813293457031e-01
-2.705002725124359131e-01
-2.685156166553497314e-01
-2.678433358669281006e-01
-2.675186693668365479e-01
-2.671450078487396240e-01
-2.736180424690246582e-01
-2.724318802356719971e-01
-2.688755393028259277e-01
-2.727454304695129395e-01
-2.740310728549957275e-01
-2.705608010292053223e-01
-2.744463682174682617e-01
-2.731641829013824463e-01
-2.745499312877655029e-01
-2.648536264896392822e-01
-2.735268771648406982e-01
-2.703829407691955566e-01
-2.792316973209381104e-01
-2.764918208122253418e-01
-2.763919234275817871e-01
-2.718825638294219971e-01
-2.758685052394866943e-01
-2.721448242664337158e-01
-2.758613228797912598e-01
-2.712478339672088623e-01
-2.720136642456054688e-01
-2.720961868762969971e-01
-2.814161479473114014e-01
-2.737911939620971680e-01
-2.751488089561462402e-01
-2.779349386692047119e-01
-2.769108414649963379e-01
-2.782651185989379883e-01
-2.854370772838592529e-01
-2.791230380535125732e-01
-2.750739455223083496e-01
-2.780968844890594482e-01
-2.756812274456024170e-01
-2.741365432739257812e-01
-2.827339470386505127e-01
-2.722483873367309570e-01
-2.775649428367614746e-01
-2.788403630256652832e-01
-2.766829729080200195e-01
-2.817355990409851074e-01
-2.822033762931823730e-01
-2.761437296867370605e-01
-2.781493961811065674e-01
-2.825331091880798340e-01
-2.824427485466003418e-01
-2.744455635547637939e-01
-2.781264185905456543e-01
-2.863396406173706055e-01
-2.869060039520263672e-01
-2.848954200744628906e-01
-2.862914204597473145e-01
-2.792968451976776123e-01
-2.818632125854492188e-01
-2.824142575263977051e-01
-2.855575382709503174e-01
-2.785698771476745605e-01
-2.835637927055358887e-01
-2.852341830730438232e-01
-2.782447934150695801e-01
-2.823190391063690186e-01
-2.874521613121032715e-01
-2.789297401905059814e-01
-2.851013243198394775e-01
-2.855911254882812500e-01
-2.851481437683105469e-01
-2.872669100761413574e-01
-2.815075218677520752e-01
-2.819396853446960449e-01
-2.877608835697174072e-01
-2.865357100963592529e-01
-2.835353910923004150e-01
-2.853444516658782959e-01
-2.848619520664215088e-01
-2.879310250282287598e-01
-2.855720818042755127e-01
-2.860836684703826904e-01
-2.832540571689605713e-01
-2.843428254127502441e-01
-2.857470810413360596e-01
-2.892401218414306641e-01
-2.942863106727600098e-01
-2.918734550476074219e-01
-2.873501181602478027e-01
-2.921633124351501465e-01
-2.849847376346588135e-01
-2.895344197750091553e-01
-2.885980308055877686e-01
-2.965146303176879883e-01
-2.897265851497650146e-01
-2.891129851341247559e-01
-2.931312322616577148e-01
-2.903085350990295410e-01
-2.851885855197906494e-01
-2.935813069343566895e-01
-2.955632507801055908e-01
-2.929108142852783203e-01
-2.869645953178405762e-01
-2.954590916633605957e-01
-2.900338768959045410e-01
-2.887390255928039551e-01
-2.891821861267089844e-01
-2.892749011516571045e-01
-2.925843596458435059e-01
-2.934159636497497559e-01
-2.931243777275085449e-01
-2.915980219841003418e-01
-2.904922068119049072e-01
-2.931775450706481934e-01
-2.915720343589782715e-01
-2.913144826889038086e-01
-2.931073606014251709e-01
-2.893082201480865479e-01
-2.958608567714691162e-01
-2.963701188564300537e-01
-2.947721481323242188e-01
-2.902888953685760498e-01
-2.914604544639587402e-01
-2.924135625362396240e-01
-2.942101955413818359e-01
-2.972079813480377197e-01
-2.956175208091735840e-01
-2.921340763568878174e-01
-2.916464507579803467e-01
-2.949144244194030762e-01
-2.920893430709838867e-01
-2.956251204013824463e-01
-2.948914170265197754e-01
-2.952385246753692627e-01
-2.963851988315582275e-01
-2.986797988414764404e-01
-2.935392558574676514e-01
-2.928896546363830566e-01
-2.972685694694519043e-01
-2.931393086910247803e-01
-2.964582741260528564e-01
-2.987602651119232178e-01
-3.029139935970306396e-01
-2.975492179393768311e-01
-2.915357649326324463e-01
-2.981142103672027588e-01
-2.992116808891296387e-01
-2.972639501094818115e-01
-2.979358434677124023e-01
-2.989499866962432861e-01
-2.978834807872772217e-01
-2.991589307785034180e-01
-3.010034263134002686e-01
-2.983834147453308105e-01
-2.987725138664245605e-01
-2.935778498649597168e-01
-2.989822924137115479e-01
-3.004731237888336182e-01
-2.999575436115264893e-01
-2.984787523746490479e-01
-3.031659126281738281e-01
-3.033739626407623291e-01
-3.008142411708831787e-01
-3.011228144168853760e-01
-3.015521168708801270e-01
-3.016850948333740234e-01
-2.940999865531921387e-01
-2.997270822525024414e-01
-3.020094931125640869e-01
-3.010102510452270508e-01
-3.004099130630493164e-01
-2.954389452934265137e-01
-2.977448701858520508e-01
-3.062911629676818848e-01
-3.033319115638732910e-01
-2.982873022556304932e-01
-3.058587610721588135e-01
-3.034297525882720947e-01
-3.077511191368103027e-01
-3.025029301643371582e-01
-3.046113848686218262e-01
-3.011745214462280273e-01
-2.956561148166656494e-01
-3.022966980934143066e-01
-3.027721345424652100e-01
-3.041639328002929688e-01
-3.054032921791076660e-01
-3.037306666374206543e-01
-3.007971942424774170e-01
-3.048391044139862061e-01
-3.031954765319824219e-01
-2.988855242729187012e-01
-3.019313216209411621e-01
-3.072231709957122803e-01
-3.056707382202148438e-01
-3.094349205493927002e-01
-3.063156008720397949e-01
-3.040770888328552246e-01
-3.076136410236358643e-01
-3.073615133762359619e-01
-3.095668852329254150e-01
-3.085135519504547119e-01
-3.056469857692718506e-01
-3.059940040111541748e-01
-3.078376352787017822e-01
-3.058025240898132324e-01
-3.098708987236022949e-01
-3.092881441116333008e-01
-3.059945404529571533e-01
-3.038516938686370850e-01
-3.032334446907043457e-01
-3.048902750015258789e-01
-3.085822463035583496e-01
-3.096540570259094238e-01
-3.092380762100219727e-01
-3.075218796730041504e-01
-3.053798973560333252e-01
-3.072227835655212402e-01
-3.102888166904449463e-01
-3.045696020126342773e-01
-3.034724295139312744e-01
-3.130034804344177246e-01
-3.169679343700408936e-01
-3.114284873008728027e-01
-3.097475469112396240e-01
-3.117504715919494629e-01
-3.104752302169799805e-01
-3.091784417629241943e-01
-3.115128278732299805e-01
-3.108190894126892090e-01
-3.108207881450653076e-01
-3.097001910209655762e-01
-3.111957013607025146e-01
-3.091255724430084229e-01
-3.115755319595336914e-01
-3.104297518730163574e-01
-3.078155219554901123e-01
-3.109005689620971680e-01
-3.075630366802215576e-01
-3.056528568267822266e-01
-3.099050521850585938e-01
-3.108737170696258545e-01
-3.100412786006927490e-01
-3.123975098133087158e-01
-3.092848062515258789e-01
-3.119430541992187500e-01
-3.165958225727081299e-01
-3.102680742740631104e-01
-3.102347552776336670e-01
-3.129901587963104248e-01
-3.182077705860137939e-01
-3.121063411235809326e-01
-3.116762936115264893e-01
-3.123987019062042236e-01
-3.067214190959930420e-01
-3.165282905101776123e-01
-3.101154267787933350e-01
-3.118576705455780029e-01
-3.103939294815063477e-01
-3.153332471847534180e-01
-3.121522068977355957e-01
-3.131253123283386230e-01
-3.153837323188781738e-01
-3.106469213962554932e-01
-3.131519556045532227e-01
-3.121185600757598877e-01
-3.123110830783843994e-01
-3.134286105632781982e-01
-3.147730231285095215e-01
-3.155464231967926025e-01
-3.127154111862182617e-01
-3.133381903171539307e-01
-3.129710853099822998e-01
-3.126567900180816650e-01
-3.160947561264038086e-01
-3.161640465259552002e-01
-3.165522217750549316e-01
-3.190368115901947021e-01
-3.185083866119384766e-01
-3.126545548439025879e-01
-3.137653768062591553e-01
-3.204554319381713867e-01
-3.167509436607360840e-01
-3.135412931442260742e-01
-3.201101124286651611e-01
-3.154300153255462646e-01
-3.132602572441101074e-01
-3.113187849521636963e-01
-3.134164512157440186e-01
-3.175904750823974609e-01
-3.156206607818603516e-01
-3.171451985836029053e-01
-3.195359110832214355e-01
-3.138887882232666016e-01
-3.163876235485076904e-01
-3.171411454677581787e-01
-3.120640516281127930e-01
-3.168397843837738037e-01
-3.162616491317749023e-01
-3.171700537204742432e-01
-3.204132020473480225e-01
-3.198402822017669678e-01
-3.167528212070465088e-01
-3.178898096084594727e-01
-3.178521096706390381e-01
-3.164259791374206543e-01
-3.162728846073150635e-01
-3.177118003368377686e-01
-3.160565495491027832e-01
-3.169766068458557129e-01
-3.198695778846740723e-01
-3.197697103023529053e-01
-3.195158839225769043e-01
-3.245930671691894531e-01
-3.177847266197204590e-01
-3.163063824176788330e-01
-3.195504844188690186e-01
-3.238443732261657715e-01
-3.220470845699310303e-01
-3.208693265914916992e-01
-3.174182176589965820e-01
-3.219314515590667725e-01
-3.214641213417053223e-01
-3.173002600669860840e-01
-3.216713666915893555e-01
-3.197715878486633301e-01
-3.244277238845825195e-01
-3.179475665092468262e-01
-3.220840394496917725e-01
-3.203109204769134521e-01
-3.191250264644622803e-01
-3.218588829040527344e-01
-3.228928744792938232e-01
-3.235042691230773926e-01
-3.178859353065490723e-01
-3.256693184375762939e-01
-3.245111703872680664e-01
-3.234921395778656006e-01
-3.199406564235687256e-01
-3.230582177639007568e-01
-3.202925920486450195e-01
-3.227352797985076904e-01
-3.238937854766845703e-01
-3.236324787139892578e-01
-3.245869278907775879e-01
-3.313720226287841797e-01
-3.239988386631011963e-01
-3.279635012149810791e-01
-3.215173482894897461e-01
-3.260215520858764648e-01
-3.221689760684967041e-01
-3.251551389694213867e-01
-3.295992314815521240e-01
-3.227820396423339844e-01
-3.257648050785064697e-01
-3.248710930347442627e-01
-3.254992067813873291e-01
-3.265765309333801270e-01
-3.232407867908477783e-01
-3.255998790264129639e-01
-3.270904421806335449e-01
-3.275150060653686523e-01
-3.245877921581268311e-01
-3.246371448040008545e-01
-3.225569427013397217e-01
-3.287826180458068848e-01
-3.281445801258087158e-01
-3.255311250686645508e-01
-3.254569768905639648e-01
-3.250462114810943604e-01
-3.244829773902893066e-01
-3.259596228599548340e-01
-3.232178986072540283e-01
-3.283715844154357910e-01
-3.239355981349945068e-01
-3.314503431320190430e-01
-3.265367746353149414e-01
-3.301345109939575195e-01
-3.259209394454956055e-01
-3.297274112701416016e-01
-3.302026987075805664e-01
-3.297612071037292480e-01
-3.287902176380157471e-01
-3.315364420413970947e-01
-3.260923326015472412e-01
-3.273743987083435059e-01
-3.244507908821105957e-01
-3.264599740505218506e-01
-3.266175389289855957e-01
-3.271265923976898193e-01
-3.312586545944213867e-01
-3.277753293514251709e-01
-3.264198005199432373e-01
-3.271849155426025391e-01
-3.272230327129364014e-01
-3.336912989616394043e-01
-3.283830583095550537e-01
-3.251400887966156006e-01
-3.270219862461090088e-01
-3.278361260890960693e-01
-3.293461799621582031e-01
-3.303550481796264648e-01
-3.311351835727691650e-01
-3.277112245559692383e-01
-3.313406109809875488e-01
-3.311760723590850830e-01
-3.345964252948760986e-01
-3.306169509887695312e-01
-3.307261466979980469e-01
-3.345235586166381836e-01
-3.300746381282806396e-01
-3.294558525085449219e-01
-3.328247666358947754e-01
-3.323916494846343994e-01
-3.318282365798950195e-01
-3.304749131202697754e-01
-3.306514322757720947e-01
-3.294738829135894775e-01
-3.277688026428222656e-01
-3.321452736854553223e-01
-3.270598053932189941e-01
-3.261119723320007324e-01
-3.328211903572082520e-01
-3.324842751026153564e-01
-3.295542895793914795e-01
-3.325211107730865479e-01
-3.351496458053588867e-01
-3.278417289257049561e-01
-3.329851031303405762e-01
-3.343103528022766113e-01
-3.293303847312927246e-01
-3.286490440368652344e-01
-3.305068314075469971e-01
-3.325839638710021973e-01
-3.327676355838775635e-01
-3.309174478054046631e-01
-3.307073414325714111e-01
-3.323761522769927979e-01
-3.298142552375793457e-01
-3.336547315120697021e-01
-3.336551487445831299e-01
-3.313073217868804932e-01
-3.291123509407043457e-01
-3.325563371181488037e-01
-3.303264379501342773e-01
-3.352204859256744385e-01
-3.319664299488067627e-01
-3.332932293415069580e-01
-3.344782590866088867e-01
-3.286836743354797363e-01
-3.357853889465332031e-01
-3.314636647701263428e-01
-3.334648311138153076e-01
-3.352568745613098145e-01
-3.336612880229949951e-01
-3.307285010814666748e-01
-3.339841961860656738e-01
-3.354203402996063232e-01
-3.356088399887084961e-01
-3.307140171527862549e-01
-3.353421986103057861e-01
-3.339123427867889404e-01
-3.329741954803466797e-01
-3.332472145557403564e-01
-3.333284258842468262e-01
-3.297674059867858887e-01
-3.310087919235229492e-01
-3.321157395839691162e-01
-3.318943977355957031e-01
-3.353912234306335449e-01
-3.328752517700195312e-01
-3.330794274806976318e-01
-3.347704112529754639e-01
-3.347038328647613525e-01
-3.300374150276184082e-01
-3.346111178398132324e-01
-3.363797664642333984e-01
-3.346118628978729248e-01
-3.310427069664001465e-01
-3.337193131446838379e-01
-3.345035314559936523e-01
-3.331288397312164307e-01
-3.345564007759094238e-01
-3.336723744869232178e-01
-3.342469334602355957e-01
-3.349311053752899170e-01
-3.309572637081146240e-01
-3.316902816295623779e-01
-3.305698037147521973e-01
-3.324248194694519043e-01
-3.348480165004730225e-01
-3.380270302295684814e-01
-3.347693681716918945e-01
-3.299220800399780273e-01
-3.346849977970123291e-01
-3.301491141319274902e-01
-3.343600332736968994e-01
-3.341385424137115479e-01
-3.312278389930725098e-01
-3.352682888507843018e-01
-3.363355994224548340e-01
-3.347536027431488037e-01
-3.344551622867584229e-01
-3.347772955894470215e-01
-3.349438011646270752e-01
-3.335469365119934082e-01
-3.317961990833282471e-01
-3.328509032726287842e-01
-3.377055525779724121e-01
-3.351652324199676514e-01
-3.358946442604064941e-01
-3.345090448856353760e-01
-3.346444070339202881e-01
-3.339859545230865479e-01
-3.324356675148010254e-01
-3.361845612525939941e-01
-3.369347453117370605e-01
-3.373099267482757568e-01
-3.371644914150238037e-01
-3.353772163391113281e-01
-3.361718654632568359e-01
-3.358516991138458252e-01
-3.327797055244445801e-01
-3.341751694679260254e-01
-3.351678550243377686e-01
-3.317214846611022949e-01
-3.349931538105010986e-01
-3.336274325847625732e-01
-3.348981142044067383e-01
-3.349940180778503418e-01
-3.392371237277984619e-01
-3.344087004661560059e-01
-3.369424939155578613e-01
-3.386953175067901611e-01
-3.334486186504364014e-01
-3.355413079261779785e-01
-3.349671363830566406e-01
-3.368750810623168945e-01
-3.354093134403228760e-01
-3.378866612911224365e-01
-3.379667103290557861e-01
-3.349061310291290283e-01
-3.379605114459991455e-01
-3.376836776733398438e-01
-3.358227610588073730e-01
-3.364060521125793457e-01
-3.366448283195495605e-01
-3.344970643520355225e-01
-3.367477953433990479e-01
-3.332566916942596436e-01
-3.335894644260406494e-01
-3.356808423995971680e-01
-3.338249027729034424e-01
-3.372575342655181885e-01
-3.361743986606597900e-01
-3.367264270782470703e-01
-3.317750692367553711e-01
-3.355015218257904053e-01
-3.339987695217132568e-01
-3.360106945037841797e-01
-3.364868760108947754e-01
-3.371295630931854248e-01
-3.345245420932769775e-01
-3.363209366798400879e-01
-3.393035233020782471e-01
-3.365214169025421143e-01
-3.333079516887664795e-01
-3.357429206371307373e-01
-3.352028727531433105e-01
-3.361690938472747803e-01
-3.352777659893035889e-01
-3.326913714408874512e-01
-3.356802463531494141e-01
-3.354098200798034668e-01
-3.321129679679870605e-01
-3.321334123611450195e-01
-3.396107256412506104e-01
-3.353368043899536133e-01
-3.350637853145599365e-01
-3.365449309349060059e-01
-3.371422886848449707e-01
-3.349271118640899658e-01
-3.380112946033477783e-01
-3.364368677139282227e-01
-3.369295597076416016e-01
-3.343774378299713135e-01
-3.388400673866271973e-01
-3.377707898616790771e-01
-3.353897035121917725e-01
-3.355939984321594238e-01
-3.337175250053405762e-01
-3.326277136802673340e-01
-3.376605212688446045e-01
-3.374841511249542236e-01
-3.383649885654449463e-01
-3.342524468898773193e-01
-3.360701799392700195e-01
-3.329207897186279297e-01
-3.330260217189788818e-01
-3.380138576030731201e-01
-3.379818201065063477e-01
-3.353032469749450684e-01
-3.357306718826293945e-01
-3.397761285305023193e-01
-3.399857282638549805e-01
-3.336442112922668457e-01
-3.356246948242187500e-01
-3.389035165309906006e-01
-3.364846706390380859e-01
-3.378438055515289307e-01
-3.396708369255065918e-01
-3.358204960823059082e-01
-3.369541764259338379e-01
-3.396766185760498047e-01
-3.368540108203887939e-01
-3.374949395656585693e-01
-3.403905630111694336e-01
-3.350866138935089111e-01
-3.372040987014770508e-01
-3.381695747375488281e-01
-3.377702534198760986e-01
-3.376845717430114746e-01
-3.333256542682647705e-01
-3.362252116203308105e-01
-3.350867033004760742e-01
-3.384652733802795410e-01
-3.385322093963623047e-01
-3.380261361598968506e-01
-3.391350209712982178e-01
-3.389251828193664551e-01
-3.325142562389373779e-01
-3.374263346195220947e-01
-3.374933600425720215e-01
-3.360297381877899170e-01
-3.381110131740570068e-01
-3.382131159305572510e-01
-3.377139866352081299e-01
-3.404770195484161377e-01
-3.421973288059234619e-01
-3.386713266372680664e-01
-3.364012539386749268e-01
-3.359529972076416016e-01
-3.382118940353393555e-01
-3.377243280410766602e-01
-3.371178507804870605e-01
-3.391698002815246582e-01
-3.352131247520446777e-01
-3.384684622287750244e-01
-3.394809067249298096e-01
-3.365410268306732178e-01
-3.349347412586212158e-01
-3.375597000122070312e-01
-3.361293077468872070e-01
-3.355147242546081543e-01
-3.372689187526702881e-01
-3.365267813205718994e-01
-3.377867341041564941e-01
-3.394768536090850830e-01
-3.401132225990295410e-01
-3.371282517910003662e-01
-3.412294089794158936e-01
-3.369376361370086670e-01
-3.374966382980346680e-01
-3.399881124496459961e-01
-3.377686440944671631e-01
-3.361482620239257812e-01
-3.378894627094268799e-01
-3.390755653381347656e-01
-3.406800627708435059e-01
-3.385983407497406006e-01
-3.397100269794464111e-01
-3.367911279201507568e-01
-3.420444428920745850e-01
-3.394491970539093018e-01
-3.371884822845458984e-01
-3.409096896648406982e-01
-3.375124931335449219e-01
-3.379846811294555664e-01
-3.367741405963897705e-01
-3.354482054710388184e-01
-3.396686911582946777e-01
-3.351083993911743164e-01
-3.389626443386077881e-01
-3.357436358928680420e-01
-3.375376164913177490e-01
-3.371428847312927246e-01
-3.397229015827178955e-01
-3.389926254749298096e-01
-3.380089998245239258e-01
-3.378497958183288574e-01
-3.354223668575286865e-01
-3.377044200897216797e-01
-3.365032672882080078e-01
-3.353085815906524658e-01
-3.400203287601470947e-01
-3.389225602149963379e-01
-3.402422964572906494e-01
-3.363477289676666260e-01
-3.392727077007293701e-01
-3.345029354095458984e-01
-3.417821526527404785e-01
-3.404424488544464111e-01
-3.410313129425048828e-01
-3.378409445285797119e-01
-3.406788408756256104e-01
-3.400290012359619141e-01
-3.387026488780975342e-01
-3.398195803165435791e-01
-3.366435170173645020e-01
-3.401153385639190674e-01
-3.379855751991271973e-01
-3.362645804882049561e-01
-3.393399119377136230e-01
-3.401778042316436768e-01
-3.424678146839141846e-01
-3.387097120285034180e-01
-3.394688069820404053e-01
-3.393913805484771729e-01
-3.388706147670745850e-01
-3.381807804107666016e-01
-3.395326733589172363e-01
-3.412249386310577393e-01
-3.412936329841613770e-01
-3.369202315807342529e-01
-3.385271728038787842e-01
-3.383297026157379150e-01
-3.370817899703979492e-01
-3.406130671501159668e-01
-3.399532139301300049e-01
-3.407805263996124268e-01
-3.383729755878448486e-01
-3.398648202419281006e-01
-3.403561413288116455e-01
-3.415236473083496094e-01
-3.398866355419158936e-01
-3.397471904754638672e-01
-3.425470590591430664e-01
-3.425043225288391113e-01
-3.412653207778930664e-01
-3.380544483661651611e-01
-3.390619456768035889e-01
-3.408363759517669678e-01
-3.389934003353118896e-01
-3.399460315704345703e-01
-3.420779705047607422e-01
-3.413899242877960205e-01
-3.392352163791656494e-01
-3.422808945178985596e-01
-3.416997194290161133e-01
-3.401109576225280762e-01
-3.352603018283843994e-01
-3.417617678642272949e-01
-3.356707096099853516e-01
-3.405271768569946289e-01
-3.383203148841857910e-01
-3.403485715389251709e-01
-3.392443358898162842e-01
-3.398028314113616943e-01
-3.389197885990142822e-01
-3.373786509037017822e-01
-3.401148617267608643e-01
-3.371710777282714844e-01
-3.420578241348266602e-01
-3.404680788516998291e-01
-3.404165506362915039e-01
-3.414784371852874756e-01
-3.386597335338592529e-01
-3.390605151653289795e-01
-3.430659472942352295e-01
-3.418471515178680420e-01
-3.411638736724853516e-01
-3.431183993816375732e-01
-3.401651680469512939e-01
-3.395475447177886963e-01
-3.405263721942901611e-01
-3.430228233337402344e-01
-3.390125036239624023e-01
-3.406000733375549316e-01
-3.422509133815765381e-01
-3.397975862026214600e-01
-3.418225049972534180e-01
-3.391233384609222412e-01
-3.413208425045013428e-01
-3.404439687728881836e-01
-3.420933783054351807e-01
-3.418996334075927734e-01
-3.406864702701568604e-01
-3.395323157310485840e-01
-3.436715006828308105e-01
-3.443092405796051025e-01
-3.402591049671173096e-01
-3.427263498306274414e-01
-3.424726426601409912e-01
-3.448615074157714844e-01
-3.438785374164581299e-01
-3.441595435142517090e-01
-3.409223556518554688e-01
-3.403539657592773438e-01
-3.431598544120788574e-01
-3.447105586528778076e-01
-3.434169292449951172e-01
-3.423514962196350098e-01
-3.423111140727996826e-01
-3.421228229999542236e-01
-3.415975570678710938e-01
-3.407995998859405518e-01
-3.431899547576904297e-01
-3.448380827903747559e-01
-3.403637409210205078e-01
-3.421259820461273193e-01
-3.434091806411743164e-01
