2.662486135959625244e-01
-4.347161576151847839e-02
-1.938906908035278320e-01
-2.456749826669692993e-01
-2.511619031429290771e-01
-2.337428182363510132e-01
-2.131247818470001221e-01
-1.994997859001159668e-01
-1.888470202684402466e-01
-1.861164271831512451e-01
-1.827945113182067871e-01
-1.876126676797866821e-01
-1.896459907293319702e-01
-1.972657442092895508e-01
-2.058288604021072388e-01
-2.174952030181884766e-01
-2.277068197727203369e-01
-2.365666031837463379e-01
-2.472065091133117676e-01
-2.542049586772918701e-01
-2.589507400989532471e-01
-2.612722218036651611e-01
-2.593146860599517822e-01
-2.556781470775604248e-01
-2.505776584148406982e-01
-2.518508732318878174e-01
-2.550720274448394775e-01
-2.581010162830352783e-01
-2.618433833122253418e-01
-2.650841176509857178e-01
-2.668024599552154541e-01
-2.682797610759735107e-01
-2.674770951271057129e-01
-2.672022879123687744e-01
-2.696264684200286865e-01
-2.663729786872863770e-01
-2.694987058639526367e-01
-2.714123427867889404e-01
-2.717988193035125732e-01
-2.713044881820678711e-01
-2.740245759487152100e-01
-2.736624181270599365e-01
-2.746440470218658447e-01
-2.758558988571166992e-01
-2.780572474002838135e-01
-2.829563021659851074e-01
-2.782480120658874512e-01
-2.788113653659820557e-01
-2.791578471660614014e-01
-2.798943519592285156e-01
-2.801087498664855957e-01
-2.807908058166503906e-01
-2.816051542758941650e-01
-2.850203216075897217e-01
-2.857602536678314209e-01
-2.851059138774871826e-01
-2.877205014228820801e-01
-2.900917828083038330e-01
-2.869261503219604492e-01
-2.862134277820587158e-01
-2.882817983627319336e-01
-2.856315970420837402e-01
-2.868397235870361328e-01
-2.884503901004791260e-01
-2.918312847614288330e-01
-2.915082573890686035e-01
-2.897908389568328857e-01
-2.913327813148498535e-01
-2.897188067436218262e-01
-2.899365723133087158e-01
-2.898822128772735596e-01
-2.911413311958312988e-01
-2.912446260452270508e-01
-2.925899922847747803e-01
-2.912499904632568359e-01
-2.918629646301269531e-01
-2.893839180469512939e-01
-2.905409336090087891e-01
-2.910358309745788574e-01
-2.910666465759277344e-01
-2.918235957622528076e-01
-2.928965985774993896e-01
-2.929824590682983398e-01
-2.939348816871643066e-01
-2.910535037517547607e-01
-2.922256290912628174e-01
-2.918762266635894775e-01
-2.914194464683532715e-01
-2.924656271934509277e-01
-2.922176420688629150e-01
-2.907278537750244141e-01
-2.918932735919952393e-01
-2.954125106334686279e-01
-2.934156358242034912e-01
-2.934210896492004395e-01
-2.933566868305206299e-01
-2.934353351593017578e-01
-2.915554940700531006e-01
-2.923479080200195312e-01
-2.934931814670562744e-01
-2.931218743324279785e-01
-2.934367656707763672e-01
-2.938090860843658447e-01
-2.933469712734222412e-01
-2.930584549903869629e-01
-2.916807830333709717e-01
-2.930400967597961426e-01
-2.922019064426422119e-01
-2.939821183681488037e-01
-2.936164140701293945e-01
-2.919123470783233643e-01
-2.916523218154907227e-01
-2.906138598918914795e-01
-2.954490482807159424e-01
-2.932271063327789307e-01
-2.947891950607299805e-01
-2.939117550849914551e-01
-2.929185926914215088e-01
-2.941007614135742188e-01
-2.965930402278900146e-01
-2.948548793792724609e-01
-2.938776016235351562e-01
-2.911039590835571289e-01
-2.952702641487121582e-01
-2.929831445217132568e-01
-2.942892014980316162e-01
-2.939831018447875977e-01
-2.959467470645904541e-01
-2.942275404930114746e-01
-2.931561470031738281e-01
-2.930665314197540283e-01
-2.957284450531005859e-01
-2.936715483665466309e-01
-2.917018234729766846e-01
-2.941754758358001709e-01
-2.943553328514099121e-01
-2.954804599285125732e-01
-2.937204539775848389e-01
-2.930858135223388672e-01
-2.932479679584503174e-01
-2.935034036636352539e-01
-2.944134771823883057e-01
-2.947001457214355469e-01
-2.943339347839355469e-01
-2.958803176879882812e-01
-2.939651012420654297e-01
-2.938856780529022217e-01
-2.921706438064575195e-01
-2.955110967159271240e-01
-2.923082709312438965e-01
-2.969603836536407471e-01
-2.939319014549255371e-01
-2.945920228958129883e-01
-2.943532764911651611e-01
-2.939969599246978760e-01
-2.948239743709564209e-01
-2.961823344230651855e-01
-2.955883145332336426e-01
-2.957396805286407471e-01
-2.959522306919097900e-01
-2.943417429924011230e-01
-2.926584482192993164e-01
-2.939120233058929443e-01
-2.954559326171875000e-01
-2.957230210304260254e-01
-2.945572435855865479e-01
-2.958270907402038574e-01
-2.949966788291931152e-01
-2.946495413780212402e-01
-2.926493883132934570e-01
-2.948588728904724121e-01
-2.944553196430206299e-01
-2.947295010089874268e-01
-2.953450381755828857e-01
-2.960913479328155518e-01
-2.954757213592529297e-01
-2.940963804721832275e-01
-2.949325144290924072e-01
-2.946783900260925293e-01
-2.945658862590789795e-01
-2.955597043037414551e-01
-2.946875393390655518e-01
-2.963613867759704590e-01
-2.939822375774383545e-01
-2.968688607215881348e-01
-2.935084104537963867e-01
-2.954026460647583008e-01
-2.952490746974945068e-01
-2.937653660774230957e-01
-2.957092225551605225e-01
-2.972069680690765381e-01
-2.947668433189392090e-01
-2.964081466197967529e-01
-2.955647706985473633e-01
-2.948642075061798096e-01
-2.946635484695434570e-01
-2.976718246936798096e-01
-2.960998117923736572e-01
-2.947691380977630615e-01
-2.956803441047668457e-01
-2.958453893661499023e-01
-2.964879870414733887e-01
-2.956736385822296143e-01
-2.982495129108428955e-01
-2.937782108783721924e-01
-2.951852083206176758e-01
-2.967368960380554199e-01
-2.982505559921264648e-01
-2.962043583393096924e-01
-2.964537441730499268e-01
-2.960935533046722412e-01
-2.955298423767089844e-01
-2.953773140907287598e-01
-2.981019914150238037e-01
-2.987789809703826904e-01
-2.943644523620605469e-01
-2.970084249973297119e-01
-2.957701086997985840e-01
-2.960849106311798096e-01
-2.943282425403594971e-01
-2.984008789062500000e-01
-2.979988455772399902e-01
-2.963871955871582031e-01
-2.944280505180358887e-01
-2.964749038219451904e-01
-2.950641810894012451e-01
-2.954644858837127686e-01
-2.951591908931732178e-01
-2.972193658351898193e-01
-2.995439469814300537e-01
-2.968252897262573242e-01
-2.956011891365051270e-01
-2.939600646495819092e-01
-2.957082986831665039e-01
-2.946993410587310791e-01
-2.987543344497680664e-01
-2.996448278427124023e-01
-2.964004874229431152e-01
-2.955912053585052490e-01
-2.979302108287811279e-01
-2.969456017017364502e-01
-2.983740270137786865e-01
-2.983252704143524170e-01
-2.981632053852081299e-01
-2.987204492092132568e-01
-2.984439134597778320e-01
-2.966412007808685303e-01
-2.991614341735839844e-01
-2.986639440059661865e-01
-2.969113290309906006e-01
-2.972562909126281738e-01
-2.996688783168792725e-01
-2.987932264804840088e-01
-2.987307608127593994e-01
-2.979741096496582031e-01
-3.002434670925140381e-01
-2.998965382575988770e-01
-2.971788942813873291e-01
-3.005306422710418701e-01
-2.994270622730255127e-01
-2.999211549758911133e-01
-2.998761534690856934e-01
-2.991200685501098633e-01
-3.000487685203552246e-01
-3.006590604782104492e-01
-2.989326417446136475e-01
-3.006770908832550049e-01
-3.003050684928894043e-01
-3.009340465068817139e-01
-2.987916171550750732e-01
-3.023588061332702637e-01
-3.010344207286834717e-01
-3.009609878063201904e-01
-3.021101653575897217e-01
-3.025611340999603271e-01
-3.022896051406860352e-01
-3.017000854015350342e-01
-3.019680976867675781e-01
-3.005349636077880859e-01
-3.024874329566955566e-01
-3.029689490795135498e-01
-3.023082017898559570e-01
-3.026778697967529297e-01
-3.034962117671966553e-01
-3.056778013706207275e-01
-3.036137223243713379e-01
-3.039360642433166504e-01
-3.009637892246246338e-01
-3.039397001266479492e-01
-3.039647340774536133e-01
-3.048013448715209961e-01
-3.048678636550903320e-01
-3.034174740314483643e-01
-3.038979470729827881e-01
-3.054980933666229248e-01
-3.058719336986541748e-01
-3.053734004497528076e-01
-3.046449720859527588e-01
-3.063245117664337158e-01
-3.079106211662292480e-01
-3.068788647651672363e-01
-3.086072802543640137e-01
-3.081762194633483887e-01
-3.083596825599670410e-01
-3.081882894039154053e-01
-3.094394207000732422e-01
-3.092917799949645996e-01
-3.091421127319335938e-01
-3.083615005016326904e-01
-3.092399239540100098e-01
-3.099351823329925537e-01
-3.092995584011077881e-01
-3.124090433120727539e-01
-3.101098835468292236e-01
-3.099212646484375000e-01
-3.125543296337127686e-01
-3.106929361820220947e-01
-3.118236064910888672e-01
-3.112660646438598633e-01
-3.108169734477996826e-01
-3.112605214118957520e-01
-3.114442825317382812e-01
-3.099400699138641357e-01
-3.096506893634796143e-01
-3.115251362323760986e-01
-3.105169534683227539e-01
-3.100890517234802246e-01
-3.115803003311157227e-01
-3.120101392269134521e-01
-3.110216856002807617e-01
-3.118948340415954590e-01
-3.142971694469451904e-01
-3.122786879539489746e-01
-3.122196495532989502e-01
-3.127515614032745361e-01
-3.136450946331024170e-01
-3.141423463821411133e-01
-3.141404986381530762e-01
-3.132125139236450195e-01
-3.141615092754364014e-01
-3.144370615482330322e-01
-3.155363500118255615e-01
-3.129491508007049561e-01
-3.124895989894866943e-01
-3.144861459732055664e-01
-3.156926929950714111e-01
-3.151850104331970215e-01
-3.149923682212829590e-01
-3.146855533123016357e-01
-3.139597475528717041e-01
-3.144923746585845947e-01
-3.165295422077178955e-01
-3.146245777606964111e-01
-3.144672214984893799e-01
-3.168413639068603516e-01
-3.171783387660980225e-01
-3.162545561790466309e-01
-3.167783617973327637e-01
-3.153161704540252686e-01
-3.161777555942535400e-01
-3.162980377674102783e-01
-3.156001865863800049e-01
-3.143368661403656006e-01
-3.166894018650054932e-01
-3.155151307582855225e-01
-3.155755698680877686e-01
-3.144789636135101318e-01
-3.126763105392456055e-01
-3.157271742820739746e-01
-3.165992200374603271e-01
-3.150890171527862549e-01
-3.162412345409393311e-01
-3.160781264305114746e-01
-3.162144124507904053e-01
-3.144809901714324951e-01
-3.166965842247009277e-01
-3.168207406997680664e-01
-3.148244023323059082e-01
-3.128463625907897949e-01
-3.129429817199707031e-01
-3.173995316028594971e-01
-3.156065344810485840e-01
-3.136568665504455566e-01
-3.138532340526580811e-01
-3.167038559913635254e-01
-3.134060204029083252e-01
-3.138015270233154297e-01
-3.145289719104766846e-01
-3.163377046585083008e-01
-3.152175247669219971e-01
-3.169308900833129883e-01
-3.175815045833587646e-01
-3.172907829284667969e-01
-3.160043060779571533e-01
-3.171541094779968262e-01
-3.174996376037597656e-01
-3.167645037174224854e-01
-3.178153634071350098e-01
-3.162401020526885986e-01
-3.152642846107482910e-01
-3.175363242626190186e-01
-3.156235218048095703e-01
-3.173186480998992920e-01
-3.177460432052612305e-01
-3.179914355278015137e-01
-3.180521130561828613e-01
-3.174991309642791748e-01
-3.180443346500396729e-01
-3.180821835994720459e-01
-3.171980679035186768e-01
-3.173323273658752441e-01
-3.191151618957519531e-01
-3.169197142124176025e-01
-3.163331151008605957e-01
-3.185915052890777588e-01
-3.173328340053558350e-01
-3.168455064296722412e-01
-3.171858191490173340e-01
-3.194775283336639404e-01
-3.180202543735504150e-01
-3.180435895919799805e-01
-3.189032077789306641e-01
-3.182065188884735107e-01
-3.186299800872802734e-01
-3.178863227367401123e-01
-3.182709515094757080e-01
-3.184190094470977783e-01
-3.166784942150115967e-01
-3.185996413230895996e-01
-3.181962072849273682e-01
-3.183964788913726807e-01
-3.171608746051788330e-01
-3.167644441127777100e-01
-3.180632591247558594e-01
-3.161024153232574463e-01
-3.185507059097290039e-01
-3.162166774272918701e-01
-3.181547820568084717e-01
-3.179214894771575928e-01
-3.171170651912689209e-01
-3.180073201656341553e-01
-3.180013000965118408e-01
-3.178270161151885986e-01
-3.176600337028503418e-01
-3.180081844329833984e-01
-3.175483047962188721e-01
-3.184958696365356445e-01
-3.172282576560974121e-01
-3.169770538806915283e-01
-3.178946971893310547e-01
-3.168875873088836670e-01
-3.187291920185089111e-01
-3.185468614101409912e-01
-3.190496861934661865e-01
-3.183917105197906494e-01
-3.202263116836547852e-01
-3.178586065769195557e-01
-3.176215291023254395e-01
-3.184055089950561523e-01
-3.189900517463684082e-01
-3.188974261283874512e-01
-3.183394074440002441e-01
-3.187284767627716064e-01
-3.169975578784942627e-01
-3.175128996372222900e-01
-3.177831470966339111e-01
-3.178539574146270752e-01
-3.186786472797393799e-01
-3.185450434684753418e-01
-3.147301673889160156e-01
-3.162970542907714844e-01
-3.177739977836608887e-01
-3.172793686389923096e-01
-3.172579705715179443e-01
-3.186338245868682861e-01
-3.170857429504394531e-01
-3.166638016700744629e-01
-3.169419765472412109e-01
-3.181685209274291992e-01
-3.150812983512878418e-01
-3.186480402946472168e-01
-3.169901967048645020e-01
-3.171400129795074463e-01
-3.169916272163391113e-01
-3.175250887870788574e-01
-3.189922869205474854e-01
-3.186899423599243164e-01
-3.169164657592773438e-01
-3.173336684703826904e-01
-3.203908503055572510e-01
-3.179510831832885742e-01
-3.183283805847167969e-01
-3.169089257717132568e-01
-3.191120326519012451e-01
-3.196958005428314209e-01
-3.196433186531066895e-01
-3.182260692119598389e-01
-3.185712993144989014e-01
-3.183382749557495117e-01
-3.197630345821380615e-01
-3.178237974643707275e-01
-3.176402449607849121e-01
-3.194785118103027344e-01
-3.187271058559417725e-01
-3.179520070552825928e-01
-3.181142508983612061e-01
-3.187021911144256592e-01
-3.170258402824401855e-01
-3.177436590194702148e-01
-3.167217671871185303e-01
-3.177686035633087158e-01
-3.189797103404998779e-01
-3.176354169845581055e-01
-3.153985142707824707e-01
-3.161025941371917725e-01
-3.170705735683441162e-01
-3.169351518154144287e-01
-3.173464238643646240e-01
-3.177883327007293701e-01
-3.169600665569305420e-01
-3.171896040439605713e-01
-3.159212768077850342e-01
-3.173246383666992188e-01
-3.197915256023406982e-01
-3.185440301895141602e-01
-3.186661005020141602e-01
-3.177552223205566406e-01
-3.180727660655975342e-01
-3.187018334865570068e-01
-3.189494311809539795e-01
-3.175130188465118408e-01
-3.185302019119262695e-01
-3.176024854183197021e-01
-3.186024725437164307e-01
-3.175250291824340820e-01
-3.192366063594818115e-01
-3.193800151348114014e-01
-3.177658021450042725e-01
-3.191149234771728516e-01
-3.204281032085418701e-01
-3.187943994998931885e-01
-3.160008192062377930e-01
-3.173784911632537842e-01
-3.215501606464385986e-01
-3.191521167755126953e-01
-3.200002312660217285e-01
-3.177379369735717773e-01
-3.186313509941101074e-01
-3.192673325538635254e-01
-3.173943459987640381e-01
-3.186812102794647217e-01
-3.179150521755218506e-01
-3.191280663013458252e-01
-3.170207440853118896e-01
-3.197074234485626221e-01
-3.181947767734527588e-01
-3.195669651031494141e-01
-3.185403645038604736e-01
-3.175115585327148438e-01
-3.194553256034851074e-01
-3.180609941482543945e-01
-3.179196715354919434e-01
-3.183149397373199463e-01
-3.185054361820220947e-01
-3.175806105136871338e-01
-3.193076252937316895e-01
-3.193164765834808350e-01
-3.197055757045745850e-01
-3.199415802955627441e-01
-3.186852931976318359e-01
-3.175491988658905029e-01
-3.177873492240905762e-01
-3.195040225982666016e-01
-3.198656141757965088e-01
-3.181717991828918457e-01
-3.196829259395599365e-01
-3.173603415489196777e-01
-3.188699483871459961e-01
-3.194895386695861816e-01
-3.192771673202514648e-01
-3.182424008846282959e-01
-3.195615708827972412e-01
-3.196781575679779053e-01
-3.192335367202758789e-01
-3.187899887561798096e-01
-3.181066215038299561e-01
-3.190561532974243164e-01
-3.211811482906341553e-01
-3.185876607894897461e-01
-3.173497319221496582e-01
-3.182621598243713379e-01
-3.197863399982452393e-01
-3.174546360969543457e-01
-3.192581832408905029e-01
-3.183975815773010254e-01
-3.192103207111358643e-01
-3.202975392341613770e-01
-3.207406103610992432e-01
-3.180771172046661377e-01
-3.173740208148956299e-01
-3.170360028743743896e-01
-3.185899257659912109e-01
-3.183887898921966553e-01
-3.191558122634887695e-01
-3.188579678535461426e-01
-3.187135756015777588e-01
-3.157403469085693359e-01
-3.156954944133758545e-01
-3.172905147075653076e-01
-3.179633915424346924e-01
-3.194854259490966797e-01
-3.194079101085662842e-01
-3.196215629577636719e-01
-3.192313909530639648e-01
-3.179363310337066650e-01
-3.201940059661865234e-01
-3.181761503219604492e-01
-3.201479017734527588e-01
-3.190473914146423340e-01
-3.201042115688323975e-01
-3.201669454574584961e-01
-3.186574578285217285e-01
-3.207280933856964111e-01
-3.189358711242675781e-01
-3.189305961132049561e-01
-3.189485669136047363e-01
-3.198708593845367432e-01
-3.172052204608917236e-01
-3.187148571014404297e-01
-3.201959133148193359e-01
-3.184413015842437744e-01
-3.186978995800018311e-01
-3.181973695755004883e-01
-3.184138834476470947e-01
-3.190909326076507568e-01
-3.179787397384643555e-01
-3.192844986915588379e-01
-3.218178749084472656e-01
-3.187368214130401611e-01
-3.169806599617004395e-01
-3.188414871692657471e-01
-3.188319206237792969e-01
-3.180418014526367188e-01
-3.180236816406250000e-01
-3.189702630043029785e-01
-3.210945725440979004e-01
-3.190468847751617432e-01
-3.187939524650573730e-01
-3.190157413482666016e-01
-3.194811046123504639e-01
-3.194539844989776611e-01
-3.198716938495635986e-01
-3.187507092952728271e-01
-3.200856447219848633e-01
-3.204007148742675781e-01
-3.192398846149444580e-01
-3.191797733306884766e-01
-3.205604553222656250e-01
-3.185293674468994141e-01
-3.189750611782073975e-01
-3.206366300582885742e-01
-3.209000825881958008e-01
-3.202217221260070801e-01
-3.216336667537689209e-01
-3.193743228912353516e-01
-3.205693960189819336e-01
-3.194235861301422119e-01
-3.210696876049041748e-01
-3.200908601284027100e-01
-3.191649317741394043e-01
-3.211170434951782227e-01
-3.199617266654968262e-01
-3.184555470943450928e-01
-3.187876939773559570e-01
-3.208782970905303955e-01
-3.193809986114501953e-01
-3.193725049495697021e-01
-3.196831345558166504e-01
-3.189263045787811279e-01
-3.210930824279785156e-01
-3.199597001075744629e-01
-3.198727965354919434e-01
-3.185602426528930664e-01
-3.205810487270355225e-01
-3.203433156013488770e-01
-3.202879428863525391e-01
-3.221639692783355713e-01
-3.201461136341094971e-01
-3.195529282093048096e-01
-3.190547525882720947e-01
-3.210588991641998291e-01
-3.209086358547210693e-01
-3.216927349567413330e-01
-3.179188370704650879e-01
-3.202659487724304199e-01
-3.201306760311126709e-01
-3.210919797420501709e-01
-3.197746574878692627e-01
-3.210891485214233398e-01
-3.211615979671478271e-01
-3.191086649894714355e-01
-3.200858235359191895e-01
-3.192308843135833740e-01
-3.194164931774139404e-01
-3.215888440608978271e-01
-3.198044002056121826e-01
-3.197942078113555908e-01
-3.215641677379608154e-01
-3.202239274978637695e-01
-3.197627961635589600e-01
-3.211444318294525146e-01
-3.216038644313812256e-01
-3.201189041137695312e-01
-3.199958801269531250e-01
-3.205520510673522949e-01
-3.184255361557006836e-01
-3.206762671470642090e-01
-3.200979530811309814e-01
-3.208223879337310791e-01
-3.207268714904785156e-01
-3.194780349731445312e-01
-3.220765590667724609e-01
-3.224553167819976807e-01
-3.207171857357025146e-01
-3.197505772113800049e-01
-3.185408115386962891e-01
-3.203037083148956299e-01
-3.208690285682678223e-01
-3.194173574447631836e-01
-3.188771307468414307e-01
-3.196754753589630127e-01
-3.190690875053405762e-01
-3.210707604885101318e-01
-3.188351690769195557e-01
-3.210492432117462158e-01
-3.194129765033721924e-01
-3.206191658973693848e-01
-3.203703761100769043e-01
-3.207827508449554443e-01
-3.206765651702880859e-01
-3.182334899902343750e-01
-3.207749128341674805e-01
-3.187545537948608398e-01
-3.220842182636260986e-01
-3.191193342208862305e-01
-3.179406821727752686e-01
-3.184019327163696289e-01
-3.216940164566040039e-01
-3.194144368171691895e-01
-3.216079175472259521e-01
-3.206562101840972900e-01
-3.205707073211669922e-01
-3.204838633537292480e-01
-3.199346959590911865e-01
-3.193922042846679688e-01
-3.197282850742340088e-01
-3.198810219764709473e-01
-3.199718594551086426e-01
-3.205208778381347656e-01
-3.205528557300567627e-01
-3.202938735485076904e-01
-3.195857405662536621e-01
-3.186919093132019043e-01
-3.199511170387268066e-01
-3.215006589889526367e-01
-3.190191686153411865e-01
-3.193536996841430664e-01
-3.216680884361267090e-01
-3.187953531742095947e-01
-3.190955817699432373e-01
-3.210195899009704590e-01
-3.209380507469177246e-01
-3.200615346431732178e-01
-3.199802935123443604e-01
-3.203261494636535645e-01
-3.186084032058715820e-01
-3.205070495605468750e-01
-3.214323222637176514e-01
-3.206628859043121338e-01
-3.203503191471099854e-01
-3.203791975975036621e-01
-3.213679790496826172e-01
-3.204971253871917725e-01
-3.199922442436218262e-01
-3.223583400249481201e-01
-3.202244937419891357e-01
-3.215655982494354248e-01
-3.213014900684356689e-01
-3.187583088874816895e-01
-3.208469152450561523e-01
-3.188441693782806396e-01
-3.175641596317291260e-01
-3.191365301609039307e-01
-3.215284943580627441e-01
-3.191559612751007080e-01
-3.161403834819793701e-01
-3.183683156967163086e-01
-3.213897347450256348e-01
-3.213060796260833740e-01
-3.186792135238647461e-01
-3.173582255840301514e-01
-3.210151493549346924e-01
-3.217637538909912109e-01
-3.205924034118652344e-01
-3.215771019458770752e-01
-3.196066915988922119e-01
-3.221342265605926514e-01
-3.203467428684234619e-01
-3.213391304016113281e-01
-3.223364353179931641e-01
-3.214383721351623535e-01
-3.196846246719360352e-01
-3.193818926811218262e-01
-3.210678398609161377e-01
-3.185788094997406006e-01
-3.215813636779785156e-01
-3.202831149101257324e-01
-3.195081055164337158e-01
-3.208884000778198242e-01
-3.203786313533782959e-01
-3.205907046794891357e-01
-3.196565508842468262e-01
-3.200184404850006104e-01
-3.188090026378631592e-01
-3.187497556209564209e-01
-3.201818764209747314e-01
-3.208939731121063232e-01
-3.205782771110534668e-01
-3.176838457584381104e-01
-3.195151984691619873e-01
-3.213810920715332031e-01
-3.205749988555908203e-01
-3.183837234973907471e-01
-3.192750513553619385e-01
-3.212433159351348877e-01
-3.194074034690856934e-01
-3.227387666702270508e-01
-3.193902969360351562e-01
-3.191274702548980713e-01
-3.204327523708343506e-01
-3.210032284259796143e-01
-3.209225535392761230e-01
-3.202644586563110352e-01
-3.201804161071777344e-01
-3.219376206398010254e-01
-3.205335140228271484e-01
-3.205501139163970947e-01
-3.218679726123809814e-01
-3.203892707824707031e-01
-3.205032348632812500e-01
-3.205618560314178467e-01
-3.199310600757598877e-01
-3.203803598880767822e-01
-3.216662704944610596e-01
-3.204011917114257812e-01
-3.211036920547485352e-01
-3.233273029327392578e-01
-3.214966952800750732e-01
-3.222283720970153809e-01
-3.204947113990783691e-01
-3.217006921768188477e-01
-3.223966062068939209e-01
-3.203273117542266846e-01
-3.213071823120117188e-01
-3.218661546707153320e-01
-3.200473487377166748e-01
-3.206000030040740967e-01
-3.181798160076141357e-01
-3.206785321235656738e-01
-3.217581510543823242e-01
-3.217201828956604004e-01
-3.216313421726226807e-01
-3.197749853134155273e-01
-3.206314146518707275e-01
-3.208315968513488770e-01
-3.208314776420593262e-01
-3.210404515266418457e-01
-3.205958306789398193e-01
-3.207095861434936523e-01
-3.213232457637786865e-01
-3.216037452220916748e-01
-3.212684988975524902e-01
-3.220518231391906738e-01
-3.205177485942840576e-01
-3.228707909584045410e-01
-3.207803070545196533e-01
-3.216549158096313477e-01
-3.216921687126159668e-01
-3.218029737472534180e-01
-3.204893767833709717e-01
-3.232671618461608887e-01
-3.214620649814605713e-01
-3.202183842658996582e-01
-3.212371170520782471e-01
-3.215163052082061768e-01
-3.227907121181488037e-01
-3.218794465065002441e-01
-3.212952315807342529e-01
-3.223944008350372314e-01
-3.225556015968322754e-01
-3.200835585594177246e-01
-3.221567869186401367e-01
-3.228420317173004150e-01
-3.220904171466827393e-01
-3.191740810871124268e-01
-3.200655281543731689e-01
-3.193133175373077393e-01
-3.199157714843750000e-01
-3.223620653152465820e-01
-3.214814364910125732e-01
-3.201137781143188477e-01
-3.203117549419403076e-01
-3.224902749061584473e-01
-3.210841119289398193e-01
-3.196465969085693359e-01
-3.210174143314361572e-01
-3.210938572883605957e-01
-3.215593397617340088e-01
-3.209055662155151367e-01
-3.205029964447021484e-01
-3.218141496181488037e-01
-3.211171030998229980e-01
-3.224631249904632568e-01
-3.215875327587127686e-01
-3.234616816043853760e-01
-3.208086192607879639e-01
-3.202907145023345947e-01
-3.234116435050964355e-01
-3.211255371570587158e-01
-3.215255141258239746e-01
-3.235635757446289062e-01
-3.212057948112487793e-01
-3.234033584594726562e-01
-3.225986957550048828e-01
-3.219707906246185303e-01
-3.207705616950988770e-01
-3.215365111827850342e-01
-3.228033483028411865e-01
-3.211191892623901367e-01
-3.219481408596038818e-01
-3.214100897312164307e-01
-3.232523500919342041e-01
-3.211258649826049805e-01
-3.233391940593719482e-01
-3.232461512088775635e-01
-3.221408724784851074e-01
-3.237456083297729492e-01
-3.232656121253967285e-01
-3.207461237907409668e-01
-3.231274485588073730e-01
-3.221605122089385986e-01
-3.220618367195129395e-01
-3.208287358283996582e-01
-3.215781152248382568e-01
-3.217016458511352539e-01
-3.222372829914093018e-01
-3.202351331710815430e-01
-3.223232328891754150e-01
-3.221295475959777832e-01
-3.223983645439147949e-01
-3.214431107044219971e-01
-3.233481943607330322e-01
-3.230789899826049805e-01
-3.223182260990142822e-01
-3.236237168312072754e-01
-3.247429728507995605e-01
-3.221449255943298340e-01
-3.211367726325988770e-01
-3.215271532535552979e-01
-3.218739032745361328e-01
-3.243544995784759521e-01
-3.233638107776641846e-01
-3.238654732704162598e-01
-3.221271932125091553e-01
-3.224348723888397217e-01
-3.230005204677581787e-01
-3.222889900207519531e-01
-3.251083493232727051e-01
-3.249758183956146240e-01
-3.238049149513244629e-01
-3.242759108543395996e-01
-3.233603537082672119e-01
-3.238259851932525635e-01
-3.247620761394500732e-01
-3.245693743228912354e-01
-3.238719701766967773e-01
-3.226188421249389648e-01
-3.236861824989318848e-01
-3.256415426731109619e-01
-3.252819776535034180e-01
-3.235629796981811523e-01
-3.245159983634948730e-01
-3.229651451110839844e-01
-3.246062099933624268e-01
-3.255515992641448975e-01
-3.231265544891357422e-01
-3.238766491413116455e-01
-3.254690468311309814e-01
-3.261890113353729248e-01
-3.264583349227905273e-01
