-1.188172623515129089e-01
-1.979106366634368896e-01
-1.762720346450805664e-01
-2.241120934486389160e-01
-2.157378494739532471e-01
-2.271444797515869141e-01
-2.240967154502868652e-01
-2.302976101636886597e-01
-2.306705862283706665e-01
-2.244049459695816040e-01
-2.277228087186813354e-01
-2.399780303239822388e-01
-2.282087057828903198e-01
-2.281972914934158325e-01
-2.281065881252288818e-01
-2.377731353044509888e-01
-2.447263300418853760e-01
-2.311837226152420044e-01
-2.291563749313354492e-01
-2.344792932271957397e-01
-2.392101734876632690e-01
-2.403572797775268555e-01
-2.413787841796875000e-01
-2.339810281991958618e-01
-2.491703480482101440e-01
-2.437728345394134521e-01
-2.405120134353637695e-01
-2.415712028741836548e-01
-2.640413343906402588e-01
-2.578510046005249023e-01
-2.548418045043945312e-01
-2.596277892589569092e-01
-2.581891417503356934e-01
-2.527018487453460693e-01
-2.522189617156982422e-01
-2.625899314880371094e-01
-2.540685236454010010e-01
-2.512279152870178223e-01
-2.600835859775543213e-01
-2.605904638767242432e-01
-2.613095641136169434e-01
-2.714592218399047852e-01
-2.813183367252349854e-01
-2.800123989582061768e-01
-2.812622785568237305e-01
-2.804995179176330566e-01
-2.671224176883697510e-01
-2.648229897022247314e-01
-2.870389521121978760e-01
-2.733730971813201904e-01
-2.683407664299011230e-01
-2.673487067222595215e-01
-2.745480239391326904e-01
-2.679378986358642578e-01
-2.715078294277191162e-01
-2.849343121051788330e-01
-2.799181044101715088e-01
-2.871436178684234619e-01
-2.922576367855072021e-01
-2.953003048896789551e-01
-2.895460128784179688e-01
-2.908690869808197021e-01
-2.806481719017028809e-01
-2.824058234691619873e-01
-2.865580320358276367e-01
-2.994259595870971680e-01
-2.853225469589233398e-01
-2.888203263282775879e-01
-3.034915626049041748e-01
-2.968017458915710449e-01
-2.931673228740692139e-01
-2.912442684173583984e-01
-2.851714193820953369e-01
-3.011516630649566650e-01
-3.061842024326324463e-01
-3.003188371658325195e-01
-2.865286171436309814e-01
-3.013128638267517090e-01
-3.109949827194213867e-01
-3.031975626945495605e-01
-2.940988838672637939e-01
-3.005222976207733154e-01
-2.898331582546234131e-01
-2.931326925754547119e-01
-3.044760823249816895e-01
-3.038861751556396484e-01
-3.023337423801422119e-01
-3.023898303508758545e-01
-3.128499388694763184e-01
-3.201741576194763184e-01
-3.171177506446838379e-01
-2.961606383323669434e-01
-3.211664557456970215e-01
-3.197470903396606445e-01
-3.161078989505767822e-01
-3.161140978336334229e-01
-3.243078887462615967e-01
-3.219335377216339111e-01
-3.239638209342956543e-01
-3.279082477092742920e-01
-3.325340151786804199e-01
-3.264365196228027344e-01
-3.397973775863647461e-01
-3.274465501308441162e-01
-3.325127661228179932e-01
-3.341265320777893066e-01
-3.402035832405090332e-01
-3.315035104751586914e-01
-3.441580832004547119e-01
-3.320423662662506104e-01
-3.437687456607818604e-01
-3.361369669437408447e-01
-3.328415453433990479e-01
-3.401149213314056396e-01
-3.373447656631469727e-01
-3.415750563144683838e-01
-3.449893295764923096e-01
-3.398922681808471680e-01
-3.384950757026672363e-01
-3.421095609664916992e-01
-3.431602716445922852e-01
-3.410115242004394531e-01
-3.354324102401733398e-01
-3.436180651187896729e-01
-3.446367979049682617e-01
-3.472782671451568604e-01
-3.385480940341949463e-01
-3.388287425041198730e-01
-3.455663323402404785e-01
-3.389780819416046143e-01
-3.390015363693237305e-01
-3.428722918033599854e-01
-3.478989899158477783e-01
-3.453775644302368164e-01
-3.370569050312042236e-01
-3.404160439968109131e-01
-3.374862074851989746e-01
-3.425138890743255615e-01
-3.438174426555633545e-01
-3.499373793601989746e-01
-3.392786681652069092e-01
-3.459754288196563721e-01
-3.449871838092803955e-01
-3.417899310588836670e-01
-3.448375761508941650e-01
-3.375636637210845947e-01
-3.434867858886718750e-01
-3.441910445690155029e-01
-3.414832651615142822e-01
-3.459423780441284180e-01
-3.447840809822082520e-01
-3.446943461894989014e-01
-3.439946770668029785e-01
-3.506871461868286133e-01
-3.456768095493316650e-01
-3.453063666820526123e-01
-3.423231542110443115e-01
-3.328970372676849365e-01
-3.333249986171722412e-01
-3.469850718975067139e-01
-3.365176022052764893e-01
-3.451635241508483887e-01
-3.407573997974395752e-01
-3.457895517349243164e-01
-3.472036719322204590e-01
-3.440251350402832031e-01
-3.440280854701995850e-01
-3.443174362182617188e-01
-3.453136682510375977e-01
-3.461931645870208740e-01
-3.471127450466156006e-01
-3.454858362674713135e-01
-3.410870730876922607e-01
-3.451808989048004150e-01
-3.452605307102203369e-01
-3.435808718204498291e-01
-3.427710235118865967e-01
-3.408730030059814453e-01
-3.439741730690002441e-01
-3.441143631935119629e-01
-3.385691344738006592e-01
-3.400595188140869141e-01
-3.479976058006286621e-01
-3.467139303684234619e-01
-3.313962519168853760e-01
-3.407147526741027832e-01
-3.404042422771453857e-01
-3.461979329586029053e-01
-3.475131094455718994e-01
-3.440248370170593262e-01
-3.451152443885803223e-01
-3.448288738727569580e-01
-3.435484766960144043e-01
-3.388570547103881836e-01
-3.463585674762725830e-01
-3.434961438179016113e-01
-3.449263572692871094e-01
-3.442198634147644043e-01
-3.382249772548675537e-01
-3.502814471721649170e-01
-3.504444658756256104e-01
-3.472286164760589600e-01
-3.518274426460266113e-01
-3.561012744903564453e-01
-3.577053546905517578e-01
-3.545977473258972168e-01
-3.569192588329315186e-01
-3.533571958541870117e-01
-3.597263395786285400e-01
-3.571048080921173096e-01
-3.564494550228118896e-01
-3.579709529876708984e-01
-3.608880937099456787e-01
-3.607361912727355957e-01
-3.614451885223388672e-01
-3.611824214458465576e-01
-3.603438735008239746e-01
-3.611566722393035889e-01
-3.621238172054290771e-01
-3.614082336425781250e-01
-3.637050390243530273e-01
-3.623903691768646240e-01
-3.629127144813537598e-01
-3.644705712795257568e-01
-3.640997409820556641e-01
-3.644898235797882080e-01
-3.646777868270874023e-01
-3.647188842296600342e-01
-3.645109832286834717e-01
-3.643833696842193604e-01
-3.659724593162536621e-01
-3.653447329998016357e-01
-3.648376762866973877e-01
-3.664357960224151611e-01
-3.650378882884979248e-01
-3.662915527820587158e-01
-3.663240671157836914e-01
-3.648883104324340820e-01
-3.662331700325012207e-01
-3.662242293357849121e-01
-3.655079901218414307e-01
-3.657599389553070068e-01
-3.662124276161193848e-01
-3.660987019538879395e-01
-3.655784130096435547e-01
-3.658898174762725830e-01
-3.650647103786468506e-01
-3.670245409011840820e-01
-3.663164675235748291e-01
-3.650481104850769043e-01
-3.664315044879913330e-01
-3.655622303485870361e-01
-3.670972883701324463e-01
-3.661403059959411621e-01
-3.670102059841156006e-01
-3.651760816574096680e-01
-3.665950298309326172e-01
-3.661567866802215576e-01
-3.659483790397644043e-01
-3.668530285358428955e-01
-3.656213879585266113e-01
-3.671150803565979004e-01
-3.643173873424530029e-01
-3.665623962879180908e-01
-3.667389154434204102e-01
-3.667347431182861328e-01
-3.671028912067413330e-01
-3.654355704784393311e-01
-3.672347962856292725e-01
-3.649136126041412354e-01
-3.665335178375244141e-01
-3.667364120483398438e-01
-3.655087947845458984e-01
-3.662010431289672852e-01
-3.671390414237976074e-01
-3.657329082489013672e-01
-3.671049773693084717e-01
-3.667346239089965820e-01
-3.666850626468658447e-01
-3.680750429630279541e-01
-3.663223683834075928e-01
-3.678327500820159912e-01
-3.671597242355346680e-01
-3.671765923500061035e-01
-3.671929240226745605e-01
-3.683816194534301758e-01
-3.676684200763702393e-01
-3.668144643306732178e-01
-3.675471842288970947e-01
-3.678784072399139404e-01
-3.677069842815399170e-01
-3.673515617847442627e-01
-3.686605691909790039e-01
-3.675960004329681396e-01
-3.675659596920013428e-01
-3.685986399650573730e-01
-3.686768710613250732e-01
-3.684763312339782715e-01
-3.680789768695831299e-01
-3.693379461765289307e-01
-3.683308064937591553e-01
-3.677518665790557861e-01
-3.681087791919708252e-01
-3.680674433708190918e-01
-3.680045902729034424e-01
-3.686480224132537842e-01
-3.682785034179687500e-01
-3.682213127613067627e-01
-3.680168390274047852e-01
-3.680453598499298096e-01
-3.690443336963653564e-01
-3.688021004199981689e-01
-3.689039945602416992e-01
-3.679959774017333984e-01
-3.686246275901794434e-01
-3.681035637855529785e-01
-3.685266673564910889e-01
-3.678264021873474121e-01
-3.689830005168914795e-01
-3.686886727809906006e-01
-3.681688308715820312e-01
-3.695665299892425537e-01
-3.685590326786041260e-01
-3.688893914222717285e-01
-3.692981898784637451e-01
-3.685311973094940186e-01
-3.693101406097412109e-01
-3.690319955348968506e-01
-3.689908385276794434e-01
-3.696007728576660156e-01
-3.696623444557189941e-01
-3.685407638549804688e-01
-3.693992197513580322e-01
-3.695384562015533447e-01
-3.692666590213775635e-01
-3.690069019794464111e-01
-3.691088855266571045e-01
-3.692720830440521240e-01
-3.691742420196533203e-01
-3.696010410785675049e-01
-3.697140514850616455e-01
-3.689182698726654053e-01
-3.696562051773071289e-01
-3.682986497879028320e-01
-3.689346909523010254e-01
-3.682758808135986328e-01
-3.695224523544311523e-01
-3.693846762180328369e-01
-3.692879676818847656e-01
-3.692260682582855225e-01
-3.691552877426147461e-01
-3.697887659072875977e-01
-3.686151802539825439e-01
-3.685351014137268066e-01
-3.689309060573577881e-01
-3.696360290050506592e-01
-3.693813383579254150e-01
-3.698935210704803467e-01
-3.689027428627014160e-01
-3.689071834087371826e-01
-3.693013191223144531e-01
-3.689960837364196777e-01
-3.691181242465972900e-01
-3.693655133247375488e-01
-3.684372603893280029e-01
-3.700717687606811523e-01
-3.687098324298858643e-01
-3.692552149295806885e-01
-3.690933883190155029e-01
-3.690046370029449463e-01
-3.690910041332244873e-01
-3.693564236164093018e-01
-3.700514435768127441e-01
-3.699929118156433105e-01
-3.694334626197814941e-01
-3.700005114078521729e-01
-3.697186112403869629e-01
-3.693325817584991455e-01
-3.693739771842956543e-01
-3.693720102310180664e-01
-3.699318170547485352e-01
-3.694347441196441650e-01
-3.701247572898864746e-01
-3.687703907489776611e-01
-3.694316148757934570e-01
-3.696360886096954346e-01
-3.692805469036102295e-01
-3.693210780620574951e-01
-3.697812557220458984e-01
-3.702576756477355957e-01
-3.697015047073364258e-01
-3.696998059749603271e-01
-3.697529435157775879e-01
-3.697554469108581543e-01
-3.701619505882263184e-01
-3.698584437370300293e-01
-3.698572516441345215e-01
-3.696475327014923096e-01
-3.699494898319244385e-01
-3.700046241283416748e-01
-3.701661229133605957e-01
-3.700164556503295898e-01
-3.696202337741851807e-01
-3.700502812862396240e-01
-3.702839910984039307e-01
-3.699798583984375000e-01
-3.700525164604187012e-01
-3.695361018180847168e-01
-3.701103627681732178e-01
-3.700163662433624268e-01
-3.695185482501983643e-01
-3.695572614669799805e-01
-3.703557848930358887e-01
-3.702595233917236328e-01
-3.694210648536682129e-01
-3.703157603740692139e-01
-3.702260553836822510e-01
-3.699372410774230957e-01
-3.703582882881164551e-01
-3.698337376117706299e-01
-3.704580068588256836e-01
-3.694190680980682373e-01
-3.706075549125671387e-01
-3.696768283843994141e-01
-3.698782026767730713e-01
-3.699768185615539551e-01
-3.702709972858428955e-01
-3.702694177627563477e-01
-3.701001107692718506e-01
-3.695894181728363037e-01
-3.700424432754516602e-01
-3.702107071876525879e-01
-3.702097535133361816e-01
-3.702621459960937500e-01
-3.699838817119598389e-01
-3.699955344200134277e-01
-3.700582087039947510e-01
-3.702858090400695801e-01
-3.699384033679962158e-01
-3.704866468906402588e-01
-3.709052503108978271e-01
-3.703970909118652344e-01
-3.693230450153350830e-01
-3.694894015789031982e-01
-3.702829778194427490e-01
-3.701848685741424561e-01
-3.706997334957122803e-01
-3.703959882259368896e-01
-3.699133098125457764e-01
-3.701148927211761475e-01
-3.704216182231903076e-01
-3.701917231082916260e-01
-3.704475760459899902e-01
-3.700266182422637939e-01
-3.695462048053741455e-01
-3.702797293663024902e-01
-3.701774477958679199e-01
-3.699376285076141357e-01
-3.705144524574279785e-01
-3.705494999885559082e-01
-3.704395890235900879e-01
-3.704649209976196289e-01
-3.692992329597473145e-01
-3.701813817024230957e-01
-3.707193732261657715e-01
-3.700884282588958740e-01
-3.696958124637603760e-01
-3.711113333702087402e-01
-3.705241084098815918e-01
-3.699467182159423828e-01
-3.699428141117095947e-01
-3.703553676605224609e-01
-3.706397414207458496e-01
-3.708337545394897461e-01
-3.701248168945312500e-01
-3.695499897003173828e-01
-3.700381517410278320e-01
-3.705842196941375732e-01
-3.700761198997497559e-01
-3.704052567481994629e-01
-3.701776862144470215e-01
-3.689357340335845947e-01
-3.710738718509674072e-01
-3.707458972930908203e-01
-3.702570497989654541e-01
-3.698256015777587891e-01
-3.708394169807434082e-01
-3.702121376991271973e-01
-3.704989850521087646e-01
-3.705145120620727539e-01
-3.705548346042633057e-01
-3.705779314041137695e-01
-3.700453639030456543e-01
-3.705546855926513672e-01
-3.703830540180206299e-01
-3.706701397895812988e-01
-3.698379695415496826e-01
-3.709526956081390381e-01
-3.708007931709289551e-01
-3.706676661968231201e-01
-3.704384565353393555e-01
-3.703831434249877930e-01
-3.697218894958496094e-01
-3.709327876567840576e-01
-3.697712123394012451e-01
-3.703142106533050537e-01
-3.706818521022796631e-01
-3.701273202896118164e-01
-3.708138167858123779e-01
-3.703486919403076172e-01
-3.708687722682952881e-01
-3.706417977809906006e-01
-3.702514469623565674e-01
-3.710407018661499023e-01
-3.713336288928985596e-01
-3.708943426609039307e-01
-3.712263703346252441e-01
-3.710412085056304932e-01
-3.712424933910369873e-01
-3.706457316875457764e-01
-3.710062801837921143e-01
-3.717807233333587646e-01
-3.716475367546081543e-01
-3.705449104309082031e-01
-3.706187307834625244e-01
-3.708234727382659912e-01
-3.712708652019500732e-01
-3.708859682083129883e-01
-3.710583448410034180e-01
-3.711464703083038330e-01
-3.708643317222595215e-01
-3.715147376060485840e-01
-3.716345429420471191e-01
-3.707784414291381836e-01
-3.712070882320404053e-01
-3.712238073348999023e-01
-3.711813390254974365e-01
-3.711476325988769531e-01
-3.708859980106353760e-01
-3.712801039218902588e-01
-3.712007701396942139e-01
-3.709412813186645508e-01
-3.713529706001281738e-01
-3.709377348423004150e-01
-3.711911141872406006e-01
-3.712703883647918701e-01
-3.707611858844757080e-01
-3.712712526321411133e-01
-3.709423243999481201e-01
-3.714247941970825195e-01
-3.716926276683807373e-01
-3.713230788707733154e-01
-3.715938329696655273e-01
-3.717731535434722900e-01
-3.708954453468322754e-01
-3.705702126026153564e-01
-3.712818026542663574e-01
-3.710275590419769287e-01
-3.708882331848144531e-01
-3.710695505142211914e-01
-3.706744015216827393e-01
-3.715096116065979004e-01
-3.710091412067413330e-01
-3.715593516826629639e-01
-3.720021247863769531e-01
-3.713027834892272949e-01
-3.712416887283325195e-01
-3.713319599628448486e-01
-3.712273538112640381e-01
-3.711727261543273926e-01
-3.711573481559753418e-01
-3.712106347084045410e-01
-3.712565004825592041e-01
-3.710824549198150635e-01
-3.711996376514434814e-01
-3.716580271720886230e-01
-3.708085417747497559e-01
-3.715659081935882568e-01
-3.706192374229431152e-01
-3.714438676834106445e-01
-3.706503510475158691e-01
-3.703502714633941650e-01
-3.709966242313385010e-01
-3.708567023277282715e-01
-3.708350360393524170e-01
-3.710319697856903076e-01
-3.712399303913116455e-01
-3.709918260574340820e-01
-3.716886639595031738e-01
-3.714689910411834717e-01
-3.707695305347442627e-01
-3.713822066783905029e-01
-3.712426722049713135e-01
-3.717587888240814209e-01
-3.713965415954589844e-01
-3.720054924488067627e-01
-3.712423741817474365e-01
-3.711762428283691406e-01
-3.715474903583526611e-01
-3.717056512832641602e-01
-3.718624413013458252e-01
-3.718458116054534912e-01
-3.714088201522827148e-01
-3.716426789760589600e-01
-3.715780079364776611e-01
-3.713806867599487305e-01
-3.710265457630157471e-01
-3.715925216674804688e-01
-3.705174028873443604e-01
-3.720872700214385986e-01
-3.716396987438201904e-01
-3.711265921592712402e-01
-3.711630702018737793e-01
-3.711926341056823730e-01
-3.714910745620727539e-01
-3.705548644065856934e-01
-3.719045519828796387e-01
-3.706245422363281250e-01
-3.711652457714080811e-01
-3.713960945606231689e-01
-3.711294829845428467e-01
-3.713004291057586670e-01
-3.698326051235198975e-01
-3.714264035224914551e-01
-3.684933185577392578e-01
-3.707922399044036865e-01
-3.692125380039215088e-01
-3.716201186180114746e-01
-3.716409802436828613e-01
-3.706626296043395996e-01
-3.708393275737762451e-01
-3.711130619049072266e-01
-3.715753555297851562e-01
-3.717529475688934326e-01
-3.712667822837829590e-01
-3.712302744388580322e-01
-3.717438876628875732e-01
-3.717228472232818604e-01
-3.708441257476806641e-01
-3.708858191967010498e-01
-3.715364336967468262e-01
-3.708555698394775391e-01
-3.715575635433197021e-01
-3.711557686328887939e-01
-3.714029192924499512e-01
-3.716019988059997559e-01
-3.714271187782287598e-01
-3.708490133285522461e-01
-3.705283403396606445e-01
-3.713277578353881836e-01
-3.716048002243041992e-01
-3.711327016353607178e-01
-3.706906139850616455e-01
-3.716182112693786621e-01
-3.716565072536468506e-01
-3.713637590408325195e-01
-3.718036115169525146e-01
-3.714253902435302734e-01
-3.716982305049896240e-01
-3.712705969810485840e-01
-3.714736998081207275e-01
-3.712978661060333252e-01
-3.714118599891662598e-01
-3.714609444141387939e-01
-3.714075982570648193e-01
-3.715589642524719238e-01
-3.712024390697479248e-01
-3.718926906585693359e-01
-3.719485402107238770e-01
-3.715018033981323242e-01
-3.716371059417724609e-01
-3.716211616992950439e-01
-3.711485266685485840e-01
-3.719343245029449463e-01
-3.710602521896362305e-01
-3.712680637836456299e-01
-3.707395493984222412e-01
-3.711030185222625732e-01
-3.712900578975677490e-01
-3.718738257884979248e-01
-3.713417351245880127e-01
-3.711037039756774902e-01
-3.714331388473510742e-01
-3.715898096561431885e-01
-3.718077540397644043e-01
-3.716759681701660156e-01
-3.718743026256561279e-01
-3.715168535709381104e-01
-3.714823126792907715e-01
-3.716829717159271240e-01
-3.710939288139343262e-01
-3.712648451328277588e-01
-3.712208569049835205e-01
-3.715685009956359863e-01
-3.717826306819915771e-01
-3.718849122524261475e-01
-3.712836205959320068e-01
-3.712755143642425537e-01
-3.716988563537597656e-01
-3.719322383403778076e-01
-3.721354603767395020e-01
-3.714461624622344971e-01
-3.715339303016662598e-01
-3.714761734008789062e-01
-3.719019293785095215e-01
-3.711669445037841797e-01
-3.712689876556396484e-01
-3.717716634273529053e-01
-3.717576265335083008e-01
-3.715596199035644531e-01
-3.714950084686279297e-01
-3.720544576644897461e-01
-3.716408610343933105e-01
-3.717387020587921143e-01
-3.713662624359130859e-01
-3.712638616561889648e-01
-3.713354170322418213e-01
-3.717036843299865723e-01
-3.709760010242462158e-01
-3.704716265201568604e-01
-3.713538944721221924e-01
-3.717777132987976074e-01
-3.706022202968597412e-01
-3.709412217140197754e-01
-3.716120719909667969e-01
-3.723394870758056641e-01
-3.716636002063751221e-01
-3.712522685527801514e-01
-3.710578680038452148e-01
-3.712156414985656738e-01
-3.710752427577972412e-01
-3.719000816345214844e-01
-3.711249530315399170e-01
-3.716165721416473389e-01
-3.711831569671630859e-01
-3.713530600070953369e-01
-3.716189563274383545e-01
-3.716231584548950195e-01
-3.720533251762390137e-01
-3.719235360622406006e-01
-3.712410926818847656e-01
-3.719559311866760254e-01
-3.716877102851867676e-01
-3.722958862781524658e-01
-3.714806437492370605e-01
-3.721453249454498291e-01
-3.720969855785369873e-01
-3.723075687885284424e-01
-3.721556067466735840e-01
-3.718429803848266602e-01
-3.719233870506286621e-01
-3.717865645885467529e-01
-3.719467222690582275e-01
-3.719525635242462158e-01
-3.714513182640075684e-01
-3.715280294418334961e-01
-3.712522685527801514e-01
-3.714805245399475098e-01
-3.706986010074615479e-01
-3.720884621143341064e-01
-3.720138370990753174e-01
-3.716230392456054688e-01
-3.717726171016693115e-01
-3.716074228286743164e-01
-3.716576397418975830e-01
-3.712179064750671387e-01
-3.713323771953582764e-01
-3.719167411327362061e-01
-3.711979985237121582e-01
-3.719252049922943115e-01
-3.717609047889709473e-01
-3.716948926448822021e-01
-3.717192411422729492e-01
-3.715805411338806152e-01
-3.719961047172546387e-01
-3.721945285797119141e-01
-3.720639646053314209e-01
-3.714113831520080566e-01
-3.718007504940032959e-01
-3.719793558120727539e-01
-3.720665276050567627e-01
-3.712747395038604736e-01
-3.719264864921569824e-01
-3.711049258708953857e-01
-3.716098368167877197e-01
-3.714908063411712646e-01
-3.712781369686126709e-01
-3.714241385459899902e-01
-3.724235892295837402e-01
-3.718290627002716064e-01
-3.720471262931823730e-01
-3.721592426300048828e-01
-3.726824820041656494e-01
-3.718241453170776367e-01
-3.717727959156036377e-01
-3.716986775398254395e-01
-3.717589378356933594e-01
-3.721236586570739746e-01
-3.712393939495086670e-01
-3.720562458038330078e-01
-3.712748885154724121e-01
-3.722760677337646484e-01
-3.718237876892089844e-01
-3.720317482948303223e-01
-3.717258870601654053e-01
-3.716855347156524658e-01
-3.716393709182739258e-01
-3.714777827262878418e-01
-3.719159066677093506e-01
-3.719210326671600342e-01
-3.715191781520843506e-01
-3.724260032176971436e-01
-3.725281655788421631e-01
-3.722772300243377686e-01
-3.719901442527770996e-01
-3.724033236503601074e-01
-3.720492422580718994e-01
-3.718965351581573486e-01
-3.715942502021789551e-01
-3.713609874248504639e-01
-3.717007339000701904e-01
-3.720152974128723145e-01
-3.718294203281402588e-01
-3.715833723545074463e-01
-3.699360787868499756e-01
-3.716485202312469482e-01
-3.705561161041259766e-01
-3.706489205360412598e-01
-3.711978793144226074e-01
-3.708553612232208252e-01
-3.710452914237976074e-01
-3.709521591663360596e-01
-3.704489469528198242e-01
-3.709144294261932373e-01
-3.705962598323822021e-01
-3.710704445838928223e-01
-3.711063265800476074e-01
-3.712782561779022217e-01
-3.709852397441864014e-01
-3.705559372901916504e-01
-3.710972964763641357e-01
-3.705269098281860352e-01
-3.707914948463439941e-01
-3.710835278034210205e-01
-3.711580336093902588e-01
-3.713044822216033936e-01
-3.713106811046600342e-01
-3.708220422267913818e-01
-3.712010383605957031e-01
-3.706512451171875000e-01
-3.712795972824096680e-01
-3.704600036144256592e-01
-3.705634474754333496e-01
-3.709496557712554932e-01
-3.706679642200469971e-01
-3.714793324470520020e-01
-3.700510859489440918e-01
-3.706096708774566650e-01
-3.699954152107238770e-01
-3.706907331943511963e-01
-3.694523870944976807e-01
-3.694928586483001709e-01
-3.701279461383819580e-01
-3.709144294261932373e-01
-3.708356320858001709e-01
-3.703907132148742676e-01
-3.703190088272094727e-01
-3.710639774799346924e-01
-3.711645007133483887e-01
-3.707740604877471924e-01
-3.703655898571014404e-01
-3.708502054214477539e-01
-3.709677159786224365e-01
-3.715401887893676758e-01
-3.709070086479187012e-01
-3.711730837821960449e-01
-3.709917664527893066e-01
-3.711942434310913086e-01
-3.712366819381713867e-01
-3.715455830097198486e-01
-3.716138601303100586e-01
-3.710167109966278076e-01
-3.710646927356719971e-01
-3.707850575447082520e-01
-3.718038499355316162e-01
-3.712655007839202881e-01
-3.710657060146331787e-01
-3.711591660976409912e-01
-3.715852797031402588e-01
-3.709370791912078857e-01
-3.715617656707763672e-01
-3.710254132747650146e-01
-3.708821833133697510e-01
-3.714979290962219238e-01
-3.708666563034057617e-01
-3.713491857051849365e-01
-3.707736730575561523e-01
-3.716867864131927490e-01
-3.710916042327880859e-01
-3.713651001453399658e-01
-3.705073297023773193e-01
-3.716732859611511230e-01
-3.713721334934234619e-01
-3.708950877189636230e-01
-3.711282908916473389e-01
-3.712491393089294434e-01
-3.712695538997650146e-01
-3.715727031230926514e-01
-3.710945546627044678e-01
-3.715958893299102783e-01
-3.711600601673126221e-01
-3.710853159427642822e-01
-3.714895546436309814e-01
-3.713013231754302979e-01
-3.718541562557220459e-01
-3.712643980979919434e-01
-3.706642985343933105e-01
-3.718309998512268066e-01
-3.713373243808746338e-01
-3.712669909000396729e-01
-3.712059259414672852e-01
-3.713113069534301758e-01
-3.714554905891418457e-01
-3.712348043918609619e-01
-3.711231648921966553e-01
-3.712634444236755371e-01
-3.714508414268493652e-01
-3.711608946323394775e-01
-3.720136582851409912e-01
-3.711599111557006836e-01
-3.709511458873748779e-01
-3.714889585971832275e-01
-3.716741502285003662e-01
-3.717028796672821045e-01
-3.713545501232147217e-01
-3.719916641712188721e-01
-3.718134164810180664e-01
-3.718277513980865479e-01
-3.720014095306396484e-01
-3.722484707832336426e-01
-3.718297779560089111e-01
-3.720952868461608887e-01
-3.720374107360839844e-01
-3.719167709350585938e-01
-3.721867203712463379e-01
-3.722535073757171631e-01
-3.718005120754241943e-01
-3.722999989986419678e-01
-3.721313476562500000e-01
-3.718982636928558350e-01
-3.724538385868072510e-01
-3.716382682323455811e-01
-3.716516494750976562e-01
-3.720685839653015137e-01
-3.717362880706787109e-01
-3.723864257335662842e-01
-3.719865083694458008e-01
-3.722299933433532715e-01
-3.725840151309967041e-01
-3.727914392948150635e-01
-3.722876012325286865e-01
-3.717666566371917725e-01
-3.720793128013610840e-01
-3.717966973781585693e-01
-3.725863695144653320e-01
-3.722579181194305420e-01
-3.715089857578277588e-01
-3.723700642585754395e-01
-3.721921443939208984e-01
-3.722295463085174561e-01
-3.720839023590087891e-01
-3.722412884235382080e-01
-3.723852634429931641e-01
-3.719592690467834473e-01
-3.719982802867889404e-01
-3.718900978565216064e-01
-3.722001314163208008e-01
-3.720870316028594971e-01
-3.725288510322570801e-01
-3.720352649688720703e-01
-3.719370663166046143e-01
-3.725229501724243164e-01
-3.718040287494659424e-01
-3.726446926593780518e-01
-3.717916905879974365e-01
-3.716367483139038086e-01
-3.725602328777313232e-01
-3.718065321445465088e-01
-3.723628520965576172e-01
-3.719889819622039795e-01
-3.720765411853790283e-01
-3.713449537754058838e-01
-3.714367747306823730e-01
-3.719478249549865723e-01
-3.728561103343963623e-01
-3.721264004707336426e-01
-3.711989223957061768e-01
-3.725833594799041748e-01
-3.712565898895263672e-01
-3.719298243522644043e-01
-3.719002008438110352e-01
-3.716218769550323486e-01
-3.720867335796356201e-01
-3.722310662269592285e-01
-3.721919059753417969e-01
-3.720572590827941895e-01
-3.719521164894104004e-01
-3.727293312549591064e-01
-3.723324537277221680e-01
-3.725978136062622070e-01
-3.724548816680908203e-01
-3.720791637897491455e-01
-3.726018667221069336e-01
-3.716152012348175049e-01
-3.720627427101135254e-01
-3.716155588626861572e-01
-3.717084527015686035e-01
-3.715234398841857910e-01
-3.717958927154541016e-01
-3.726280629634857178e-01
-3.717759251594543457e-01
-3.722662329673767090e-01
-3.718303740024566650e-01
-3.722870647907257080e-01
-3.719852566719055176e-01
-3.724429309368133545e-01
-3.718549609184265137e-01
-3.723439574241638184e-01
-3.721357285976409912e-01
-3.722808361053466797e-01
-3.721271455287933350e-01
-3.720953762531280518e-01
-3.719071745872497559e-01
-3.714224100112915039e-01
-3.719130456447601318e-01
-3.719673752784729004e-01
-3.710238933563232422e-01
-3.719076812267303467e-01
-3.712328374385833740e-01
-3.716035187244415283e-01
-3.718790709972381592e-01
-3.717122673988342285e-01
-3.717100322246551514e-01
-3.717600405216217041e-01
-3.713611364364624023e-01
-3.721557259559631348e-01
-3.717900514602661133e-01
-3.720936477184295654e-01
-3.719751238822937012e-01
-3.717650175094604492e-01
-3.719800412654876709e-01
-3.720343708992004395e-01
-3.721551001071929932e-01
-3.717304766178131104e-01
-3.719998300075531006e-01
-3.719680905342102051e-01
-3.725020289421081543e-01
-3.718480169773101807e-01
-3.722612857818603516e-01
-3.720603287220001221e-01
-3.714171648025512695e-01
-3.716149926185607910e-01
-3.726951777935028076e-01
-3.720403015613555908e-01
-3.720232844352722168e-01
-3.712882697582244873e-01
-3.718427121639251709e-01
-3.717144727706909180e-01
-3.718062937259674072e-01
-3.719169795513153076e-01
-3.720957636833190918e-01
-3.722134232521057129e-01
-3.722094595432281494e-01
-3.723759651184082031e-01
-3.723942935466766357e-01
-3.726633489131927490e-01
-3.719210028648376465e-01
-3.725106716156005859e-01
-3.717809319496154785e-01
-3.720080554485321045e-01
-3.720423579216003418e-01
-3.721424639225006104e-01
-3.723941743373870850e-01
-3.712558150291442871e-01
-3.720857799053192139e-01
-3.708276450634002686e-01
-3.718562126159667969e-01
-3.725386857986450195e-01
-3.718844652175903320e-01
-3.721870481967926025e-01
-3.721849918365478516e-01
-3.717873692512512207e-01
-3.722574412822723389e-01
-3.716757297515869141e-01
-3.717389702796936035e-01
-3.718416690826416016e-01
-3.719626963138580322e-01
-3.720409274101257324e-01
-3.716510534286499023e-01
-3.719349205493927002e-01
-3.724963963031768799e-01
-3.719352483749389648e-01
-3.726205527782440186e-01
-3.728397786617279053e-01
-3.724492192268371582e-01
-3.727118670940399170e-01
-3.721343278884887695e-01
-3.721168339252471924e-01
-3.722659349441528320e-01
-3.720556497573852539e-01
-3.720985054969787598e-01
-3.725468814373016357e-01
-3.723905086517333984e-01
-3.724296987056732178e-01
-3.720682561397552490e-01
-3.721292316913604736e-01
-3.721502125263214111e-01
-3.721182942390441895e-01
-3.725806176662445068e-01
-3.715237677097320557e-01
-3.716382980346679688e-01
-3.723351061344146729e-01
-3.721100986003875732e-01
-3.718873858451843262e-01
-3.714368343353271484e-01
-3.716992735862731934e-01
-3.725208640098571777e-01
-3.722226023674011230e-01
-3.723852634429931641e-01
-3.720125257968902588e-01
-3.724335432052612305e-01
-3.726996481418609619e-01
-3.721378743648529053e-01
-3.717879354953765869e-01
-3.717495203018188477e-01
-3.714561164379119873e-01
-3.720487654209136963e-01
-3.722001314163208008e-01
-3.720653057098388672e-01
-3.724786937236785889e-01
-3.716451525688171387e-01
-3.716094493865966797e-01
-3.722005486488342285e-01
-3.721305727958679199e-01
-3.719946146011352539e-01
-3.720884919166564941e-01
-3.727924227714538574e-01
-3.720958530902862549e-01
-3.720486462116241455e-01
-3.721859455108642578e-01
-3.719524145126342773e-01
-3.718514442443847656e-01
-3.728880882263183594e-01
-3.723068237304687500e-01
-3.721702396869659424e-01
-3.725060522556304932e-01
-3.722906410694122314e-01
-3.723926246166229248e-01
-3.722118437290191650e-01
-3.719854056835174561e-01
-3.719278573989868164e-01
-3.722959458827972412e-01
-3.721947371959686279e-01
-3.717936873435974121e-01
-3.722999989986419678e-01
-3.720941245555877686e-01
-3.724895417690277100e-01
-3.725976049900054932e-01
-3.727783858776092529e-01
-3.725170493125915527e-01
-3.721408247947692871e-01
-3.729108273983001709e-01
-3.728837370872497559e-01
-3.722353875637054443e-01
-3.719237744808197021e-01
-3.725468218326568604e-01
-3.725340664386749268e-01
-3.726677894592285156e-01
-3.725555539131164551e-01
-3.715028166770935059e-01
-3.717798888683319092e-01
-3.710987567901611328e-01
-3.721388876438140869e-01
-3.713976144790649414e-01
-3.726577758789062500e-01
-3.717151582241058350e-01
-3.715054094791412354e-01
-3.721936047077178955e-01
-3.714556097984313965e-01
-3.714699149131774902e-01
-3.718541264533996582e-01
-3.714301288127899170e-01
-3.721545934677124023e-01
-3.720256686210632324e-01
-3.722972273826599121e-01
-3.716682493686676025e-01
-3.716655969619750977e-01
-3.716217577457427979e-01
-3.717710971832275391e-01
-3.720264136791229248e-01
-3.721405565738677979e-01
-3.719169199466705322e-01
-3.724475502967834473e-01
-3.725730478763580322e-01
-3.723171055316925049e-01
-3.723532855510711670e-01
-3.721804320812225342e-01
-3.723272979259490967e-01
-3.727157115936279297e-01
-3.730636239051818848e-01
-3.724431693553924561e-01
-3.725759387016296387e-01
-3.725665807723999023e-01
-3.723713457584381104e-01
-3.722904026508331299e-01
-3.724806010723114014e-01
-3.727746009826660156e-01
-3.723723292350769043e-01
-3.726522624492645264e-01
-3.722175955772399902e-01
-3.725917935371398926e-01
-3.722167909145355225e-01
-3.721472024917602539e-01
-3.721657693386077881e-01
-3.730306029319763184e-01
-3.725692033767700195e-01
-3.715783357620239258e-01
-3.726194798946380615e-01
-3.724483251571655273e-01
-3.720619380474090576e-01
-3.718486726284027100e-01
-3.721190094947814941e-01
-3.722859621047973633e-01
-3.719342648983001709e-01
-3.720268607139587402e-01
-3.718568384647369385e-01
-3.720078170299530029e-01
-3.696925640106201172e-01
-3.706292808055877686e-01
-3.709564805030822754e-01
-3.697815537452697754e-01
-3.709696829319000244e-01
-3.701650202274322510e-01
-3.703994750976562500e-01
-3.701729774475097656e-01
-3.709563612937927246e-01
-3.713240325450897217e-01
-3.710813224315643311e-01
-3.708190917968750000e-01
-3.711293339729309082e-01
-3.700009882450103760e-01
-3.714531362056732178e-01
-3.713054060935974121e-01
-3.712317645549774170e-01
-3.709942698478698730e-01
-3.706454932689666748e-01
-3.712136745452880859e-01
-3.709999322891235352e-01
-3.706540465354919434e-01
-3.709274828433990479e-01
-3.713600337505340576e-01
-3.714028894901275635e-01
-3.713272213935852051e-01
-3.709107637405395508e-01
-3.715864419937133789e-01
-3.713226616382598877e-01
-3.710831403732299805e-01
-3.713610768318176270e-01
-3.705060780048370361e-01
-3.708989918231964111e-01
-3.712405860424041748e-01
-3.717475831508636475e-01
-3.713649213314056396e-01
-3.712379038333892822e-01
-3.711943924427032471e-01
-3.708787262439727783e-01
-3.707138001918792725e-01
-3.706270456314086914e-01
-3.715732991695404053e-01
-3.702854812145233154e-01
-3.709988296031951904e-01
-3.715123236179351807e-01
-3.704317510128021240e-01
-3.704633116722106934e-01
-3.716087043285369873e-01
-3.709124922752380371e-01
-3.714168071746826172e-01
-3.713464140892028809e-01
-3.714798092842102051e-01
-3.717580139636993408e-01
-3.716554641723632812e-01
-3.712488412857055664e-01
-3.716067671775817871e-01
-3.714531958103179932e-01
-3.712427914142608643e-01
-3.709469139575958252e-01
-3.714910149574279785e-01
-3.714584708213806152e-01
-3.716333508491516113e-01
-3.714928627014160156e-01
-3.712654709815979004e-01
-3.711507618427276611e-01
-3.709772527217864990e-01
-3.715171515941619873e-01
-3.714754283428192139e-01
-3.718589544296264648e-01
-3.707639873027801514e-01
-3.715820908546447754e-01
-3.714946210384368896e-01
-3.716657757759094238e-01
-3.713482320308685303e-01
-3.713772296905517578e-01
-3.719041049480438232e-01
-3.716621100902557373e-01
-3.711222112178802490e-01
-3.716123700141906738e-01
-3.718340396881103516e-01
-3.713775277137756348e-01
-3.714296221733093262e-01
-3.715814650058746338e-01
-3.711578547954559326e-01
-3.710196614265441895e-01
-3.714916706085205078e-01
-3.710712194442749023e-01
-3.710723817348480225e-01
-3.710171878337860107e-01
-3.713860511779785156e-01
-3.715666532516479492e-01
-3.719400763511657715e-01
-3.712259531021118164e-01
-3.713381290435791016e-01
-3.712575137615203857e-01
-3.714768588542938232e-01
-3.712041974067687988e-01
-3.711405694484710693e-01
-3.711036145687103271e-01
-3.711213767528533936e-01
-3.714733421802520752e-01
-3.712384104728698730e-01
-3.713696002960205078e-01
-3.715502619743347168e-01
-3.713140189647674561e-01
-3.715598881244659424e-01
-3.720695972442626953e-01
-3.707836270332336426e-01
-3.715155720710754395e-01
-3.721323311328887939e-01
-3.711892962455749512e-01
-3.713833689689636230e-01
-3.716938495635986328e-01
-3.712752163410186768e-01
-3.712969422340393066e-01
-3.713680803775787354e-01
-3.713898956775665283e-01
-3.712719678878784180e-01
-3.717672824859619141e-01
-3.706784546375274658e-01
-3.715286254882812500e-01
-3.713853657245635986e-01
-3.715267479419708252e-01
-3.715583384037017822e-01
-3.717011511325836182e-01
-3.717465102672576904e-01
-3.711385130882263184e-01
-3.712081313133239746e-01
-3.713566958904266357e-01
-3.715057969093322754e-01
-3.716230392456054688e-01
-3.715186715126037598e-01
-3.710471093654632568e-01
-3.710568845272064209e-01
-3.719346821308135986e-01
-3.715369403362274170e-01
-3.716841340065002441e-01
-3.716157674789428711e-01
-3.713693320751190186e-01
-3.714430928230285645e-01
-3.714916706085205078e-01
-3.713431060314178467e-01
-3.717459142208099365e-01
-3.711769580841064453e-01
-3.713691532611846924e-01
-3.712789714336395264e-01
-3.720364272594451904e-01
-3.713715076446533203e-01
-3.714153170585632324e-01
-3.713269531726837158e-01
-3.711262345314025879e-01
-3.718810379505157471e-01
-3.714140057563781738e-01
-3.716497719287872314e-01
-3.713015019893646240e-01
-3.718146979808807373e-01
-3.718193769454956055e-01
-3.713886141777038574e-01
-3.715341091156005859e-01
-3.709565401077270508e-01
-3.717081844806671143e-01
-3.715223371982574463e-01
-3.717598319053649902e-01
-3.713321089744567871e-01
-3.716338574886322021e-01
-3.718577027320861816e-01
-3.715473413467407227e-01
-3.716770410537719727e-01
-3.713915050029754639e-01
-3.715718090534210205e-01
-3.714415431022644043e-01
-3.719814419746398926e-01
-3.718192279338836670e-01
-3.717545866966247559e-01
-3.719631433486938477e-01
-3.716009855270385742e-01
-3.720031082630157471e-01
-3.712669312953948975e-01
-3.713817298412322998e-01
-3.719276189804077148e-01
-3.714053332805633545e-01
-3.716146349906921387e-01
-3.719414174556732178e-01
-3.718816041946411133e-01
-3.716132342815399170e-01
-3.714947104454040527e-01
-3.712744414806365967e-01
-3.714151680469512939e-01
-3.717300295829772949e-01
-3.719321489334106445e-01
-3.713717758655548096e-01
-3.717249631881713867e-01
-3.718525767326354980e-01
-3.715167939662933350e-01
-3.714762628078460693e-01
-3.716311454772949219e-01
-3.713115453720092773e-01
-3.713162243366241455e-01
-3.713342845439910889e-01
-3.718077540397644043e-01
-3.714171350002288818e-01
-3.712288439273834229e-01
-3.715972900390625000e-01
-3.713447153568267822e-01
-3.710070848464965820e-01
-3.703236877918243408e-01
-3.701812922954559326e-01
-3.714646995067596436e-01
-3.710681796073913574e-01
-3.711791634559631348e-01
-3.703262805938720703e-01
-3.712653219699859619e-01
-3.714025318622589111e-01
-3.710639476776123047e-01
-3.717780709266662598e-01
-3.716847598552703857e-01
-3.708106577396392822e-01
-3.711655139923095703e-01
-3.709153532981872559e-01
-3.716906607151031494e-01
-3.717088699340820312e-01
-3.714253902435302734e-01
-3.711953759193420410e-01
-3.712493777275085449e-01
-3.713504076004028320e-01
-3.710042834281921387e-01
-3.714829981327056885e-01
-3.717651069164276123e-01
-3.715637028217315674e-01
-3.716325759887695312e-01
-3.711594343185424805e-01
-3.718693256378173828e-01
-3.715758621692657471e-01
-3.716307878494262695e-01
-3.715050220489501953e-01
-3.719264268875122070e-01
-3.710554540157318115e-01
-3.715598285198211670e-01
-3.713933229446411133e-01
-3.718822300434112549e-01
-3.720488846302032471e-01
-3.713702261447906494e-01
-3.718278110027313232e-01
-3.719404935836791992e-01
-3.715565204620361328e-01
-3.719720840454101562e-01
-3.712017238140106201e-01
-3.718488812446594238e-01
-3.714241981506347656e-01
-3.721234798431396484e-01
-3.714730143547058105e-01
-3.709642291069030762e-01
-3.718278110027313232e-01
-3.714622259140014648e-01
-3.716999590396881104e-01
-3.720574080944061279e-01
-3.712711036205291748e-01
-3.715359866619110107e-01
-3.719491958618164062e-01
-3.717290759086608887e-01
-3.715238571166992188e-01
-3.719698488712310791e-01
-3.720657229423522949e-01
-3.719173073768615723e-01
-3.721137642860412598e-01
-3.718335926532745361e-01
-3.714820146560668945e-01
-3.718862235546112061e-01
-3.720912039279937744e-01
-3.717883825302124023e-01
-3.715092241764068604e-01
-3.718284964561462402e-01
-3.720894753932952881e-01
-3.714811503887176514e-01
-3.719889223575592041e-01
-3.715043962001800537e-01
-3.716070055961608887e-01
-3.719452619552612305e-01
-3.718879520893096924e-01
-3.719772696495056152e-01
-3.718878924846649170e-01
-3.715270459651947021e-01
-3.716766536235809326e-01
-3.710849881172180176e-01
-3.716902434825897217e-01
-3.714732527732849121e-01
-3.724262714385986328e-01
-3.717282712459564209e-01
-3.713018298149108887e-01
-3.713636398315429688e-01
-3.717771470546722412e-01
-3.715451657772064209e-01
-3.712226450443267822e-01
-3.717273473739624023e-01
-3.717146515846252441e-01
-3.717231750488281250e-01
-3.719922602176666260e-01
-3.711830377578735352e-01
-3.717616498470306396e-01
-3.722171485424041748e-01
-3.721604943275451660e-01
-3.718626499176025391e-01
-3.719572722911834717e-01
-3.716826140880584717e-01
-3.718394637107849121e-01
-3.720670640468597412e-01
-3.716039955615997314e-01
-3.721700608730316162e-01
-3.718621134757995605e-01
-3.715054988861083984e-01
-3.718076646327972412e-01
-3.716253638267517090e-01
-3.721866905689239502e-01
-3.717805147171020508e-01
-3.712828159332275391e-01
-3.718123733997344971e-01
-3.715496361255645752e-01
-3.718542158603668213e-01
-3.716071248054504395e-01
-3.719666600227355957e-01
-3.719029128551483154e-01
-3.716550171375274658e-01
-3.717359006404876709e-01
-3.719934225082397461e-01
-3.718629777431488037e-01
-3.713667690753936768e-01
-3.722460865974426270e-01
-3.712602853775024414e-01
-3.719674646854400635e-01
-3.714074194431304932e-01
-3.714679479598999023e-01
-3.717308044433593750e-01
-3.713373243808746338e-01
-3.715799152851104736e-01
-3.716224431991577148e-01
-3.716065585613250732e-01
-3.718526065349578857e-01
-3.715813457965850830e-01
-3.723884224891662598e-01
-3.720279633998870850e-01
-3.719361424446105957e-01
-3.716611564159393311e-01
-3.712062239646911621e-01
-3.718357682228088379e-01
-3.710472285747528076e-01
-3.716437816619873047e-01
-3.718978166580200195e-01
-3.711455762386322021e-01
-3.721552789211273193e-01
-3.718950748443603516e-01
-3.711879253387451172e-01
-3.714579939842224121e-01
-3.715713620185852051e-01
-3.714723587036132812e-01
-3.718997240066528320e-01
-3.712866604328155518e-01
-3.718098104000091553e-01
-3.719400465488433838e-01
-3.710631430149078369e-01
-3.711009621620178223e-01
-3.714487254619598389e-01
-3.718287348747253418e-01
-3.717985749244689941e-01
-3.715741932392120361e-01
-3.717164993286132812e-01
-3.711050450801849365e-01
-3.712112307548522949e-01
-3.710327446460723877e-01
-3.717746138572692871e-01
-3.718104958534240723e-01
-3.715113997459411621e-01
-3.720068931579589844e-01
-3.716866672039031982e-01
-3.718806207180023193e-01
-3.717399239540100098e-01
-3.711268007755279541e-01
-3.720211386680603027e-01
-3.711047470569610596e-01
-3.713530302047729492e-01
-3.715825676918029785e-01
-3.713618218898773193e-01
-3.715072572231292725e-01
-3.718912303447723389e-01
-3.714129030704498291e-01
-3.714528381824493408e-01
-3.714411556720733643e-01
-3.712721765041351318e-01
-3.714158833026885986e-01
-3.715367615222930908e-01
-3.717848062515258789e-01
-3.707997500896453857e-01
-3.714565336704254150e-01
-3.713870942592620850e-01
-3.708059787750244141e-01
-3.713352978229522705e-01
-3.713123202323913574e-01
-3.715063035488128662e-01
-3.718425333499908447e-01
-3.717187941074371338e-01
-3.715463280677795410e-01
-3.719009459018707275e-01
-3.716457784175872803e-01
-3.712176382541656494e-01
-3.715870678424835205e-01
-3.718020617961883545e-01
-3.716096282005310059e-01
-3.716464042663574219e-01
-3.717968165874481201e-01
-3.722666501998901367e-01
-3.716730475425720215e-01
-3.718327581882476807e-01
-3.719356656074523926e-01
-3.715027272701263428e-01
-3.718042373657226562e-01
-3.724359273910522461e-01
-3.714743852615356445e-01
-3.718378245830535889e-01
-3.713950812816619873e-01
-3.719616532325744629e-01
-3.717420697212219238e-01
-3.719764351844787598e-01
-3.719350397586822510e-01
-3.720640540122985840e-01
-3.716818988323211670e-01
-3.713290095329284668e-01
-3.717349171638488770e-01
-3.717956542968750000e-01
-3.718719482421875000e-01
-3.720476329326629639e-01
-3.719348609447479248e-01
-3.715952634811401367e-01
-3.720059692859649658e-01
-3.717848062515258789e-01
-3.717894256114959717e-01
-3.717812597751617432e-01
-3.721333444118499756e-01
-3.711540400981903076e-01
-3.719568550586700439e-01
-3.716161251068115234e-01
-3.718796670436859131e-01
-3.719996809959411621e-01
-3.721492290496826172e-01
-3.717828989028930664e-01
-3.713918328285217285e-01
-3.719382882118225098e-01
-3.715053796768188477e-01
-3.717809617519378662e-01
-3.719788789749145508e-01
-3.723928332328796387e-01
-3.715632259845733643e-01
-3.720723986625671387e-01
-3.716579973697662354e-01
-3.721071779727935791e-01
-3.717562854290008545e-01
-3.720885515213012695e-01
-3.717148900032043457e-01
-3.715091347694396973e-01
-3.724550306797027588e-01
-3.718662858009338379e-01
-3.722106516361236572e-01
-3.722280561923980713e-01
-3.717292547225952148e-01
-3.718477189540863037e-01
-3.717236816883087158e-01
-3.713649809360504150e-01
-3.714444041252136230e-01
-3.719849288463592529e-01
-3.716267645359039307e-01
-3.719060719013214111e-01
-3.712461292743682861e-01
-3.712225854396820068e-01
-3.718195855617523193e-01
-3.716021180152893066e-01
-3.711606562137603760e-01
-3.715198934078216553e-01
-3.716566562652587891e-01
-3.716902136802673340e-01
-3.716469109058380127e-01
-3.717172741889953613e-01
-3.716685771942138672e-01
-3.717764019966125488e-01
-3.717190623283386230e-01
-3.716072440147399902e-01
-3.715966939926147461e-01
-3.717380464076995850e-01
-3.717389702796936035e-01
-3.716434836387634277e-01
-3.717788159847259521e-01
-3.714741170406341553e-01
-3.712403476238250732e-01
-3.717233240604400635e-01
-3.718552291393280029e-01
-3.718468546867370605e-01
-3.718610703945159912e-01
-3.716924786567687988e-01
-3.715881705284118652e-01
-3.717426657676696777e-01
-3.716691136360168457e-01
-3.720561563968658447e-01
-3.721553087234497070e-01
-3.714548349380493164e-01
-3.719277381896972656e-01
-3.719005882740020752e-01
-3.724066913127899170e-01
-3.719217777252197266e-01
-3.720163702964782715e-01
-3.717148303985595703e-01
-3.716889321804046631e-01
-3.714727163314819336e-01
-3.716845810413360596e-01
-3.713810741901397705e-01
-3.713041245937347412e-01
-3.714856207370758057e-01
-3.718193769454956055e-01
-3.721607029438018799e-01
-3.716731071472167969e-01
-3.717229068279266357e-01
-3.717092275619506836e-01
-3.716607689857482910e-01
-3.716534674167633057e-01
-3.719065487384796143e-01
-3.715614974498748779e-01
-3.712886869907379150e-01
-3.718361854553222656e-01
-3.714093565940856934e-01
-3.715023100376129150e-01
-3.714573383331298828e-01
-3.713165819644927979e-01
-3.719843029975891113e-01
-3.722302913665771484e-01
-3.717297911643981934e-01
-3.718650639057159424e-01
-3.716676235198974609e-01
-3.715147972106933594e-01
-3.716914355754852295e-01
-3.718537688255310059e-01
-3.717277646064758301e-01
-3.718042373657226562e-01
-3.718346655368804932e-01
-3.719347417354583740e-01
-3.711003959178924561e-01
-3.711632192134857178e-01
-3.711991906166076660e-01
-3.714303970336914062e-01
-3.724760413169860840e-01
-3.712042570114135742e-01
-3.718936741352081299e-01
-3.712963163852691650e-01
-3.719764351844787598e-01
-3.717558681964874268e-01
-3.714935183525085449e-01
-3.715103566646575928e-01
-3.720378279685974121e-01
-3.718629777431488037e-01
-3.719598352909088135e-01
-3.715729117393493652e-01
-3.714186549186706543e-01
-3.717793524265289307e-01
-3.715523183345794678e-01
-3.713044822216033936e-01
-3.717006742954254150e-01
-3.720102608203887939e-01
-3.711020350456237793e-01
-3.718573749065399170e-01
-3.719124197959899902e-01
-3.716839551925659180e-01
-3.718715012073516846e-01
-3.722178936004638672e-01
-3.721903264522552490e-01
-3.718163073062896729e-01
-3.715657293796539307e-01
-3.713875412940979004e-01
-3.713303208351135254e-01
-3.720313608646392822e-01
-3.717557489871978760e-01
-3.716732263565063477e-01
-3.718182146549224854e-01
-3.715253472328186035e-01
-3.714782595634460449e-01
-3.716598451137542725e-01
-3.720941543579101562e-01
-3.721264898777008057e-01
-3.716042339801788330e-01
-3.720164000988006592e-01
-3.715871572494506836e-01
-3.719029128551483154e-01
-3.719930350780487061e-01
-3.719637989997863770e-01
-3.721737861633300781e-01
-3.718411624431610107e-01
-3.719428181648254395e-01
-3.715735375881195068e-01
-3.713008463382720947e-01
-3.718592524528503418e-01
-3.713021278381347656e-01
-3.711450099945068359e-01
-3.719059228897094727e-01
-3.715751469135284424e-01
-3.716973364353179932e-01
-3.710386157035827637e-01
-3.707816004753112793e-01
-3.714068233966827393e-01
-3.701520264148712158e-01
-3.714754581451416016e-01
-3.689411580562591553e-01
-3.707705140113830566e-01
-3.708049654960632324e-01
-3.713129758834838867e-01
-3.713688254356384277e-01
-3.713378012180328369e-01
-3.712310194969177246e-01
-3.709113895893096924e-01
-3.716688752174377441e-01
-3.719507455825805664e-01
-3.716691136360168457e-01
-3.710361421108245850e-01
-3.714295029640197754e-01
-3.713081181049346924e-01
-3.714456558227539062e-01
-3.716116249561309814e-01
-3.716873824596405029e-01
-3.712063133716583252e-01
-3.714392483234405518e-01
-3.718582689762115479e-01
-3.711237311363220215e-01
-3.717539608478546143e-01
-3.715069591999053955e-01
-3.713279664516448975e-01
-3.717219829559326172e-01
-3.718542456626892090e-01
-3.715554773807525635e-01
-3.715437054634094238e-01
-3.716699779033660889e-01
-3.715840578079223633e-01
-3.714512884616851807e-01
-3.714838922023773193e-01
-3.718250691890716553e-01
-3.713810443878173828e-01
-3.716161549091339111e-01
-3.718757927417755127e-01
-3.715552389621734619e-01
-3.716222643852233887e-01
-3.720693588256835938e-01
-3.718852400779724121e-01
-3.712774515151977539e-01
-3.711555302143096924e-01
-3.716690540313720703e-01
-3.715973496437072754e-01
-3.716582655906677246e-01
-3.717022836208343506e-01
-3.718110918998718262e-01
-3.721325397491455078e-01
-3.721005320549011230e-01
-3.716232776641845703e-01
-3.720261752605438232e-01
-3.715836107730865479e-01
-3.717431724071502686e-01
-3.714702725410461426e-01
-3.718377649784088135e-01
-3.716400861740112305e-01
-3.720224499702453613e-01
-3.720224797725677490e-01
-3.715989887714385986e-01
-3.719889819622039795e-01
-3.719587922096252441e-01
-3.716861307621002197e-01
-3.715746998786926270e-01
-3.722252547740936279e-01
-3.716145157814025879e-01
-3.720121979713439941e-01
-3.722125291824340820e-01
-3.716292977333068848e-01
-3.718724846839904785e-01
-3.717374503612518311e-01
-3.716786503791809082e-01
-3.717237412929534912e-01
-3.721892237663269043e-01
-3.722937405109405518e-01
-3.718473613262176514e-01
-3.717852830886840820e-01
-3.718965947628021240e-01
-3.715418577194213867e-01
-3.716398477554321289e-01
-3.724396228790283203e-01
-3.721411526203155518e-01
-3.721499741077423096e-01
-3.717882633209228516e-01
-3.720710277557373047e-01
-3.721193969249725342e-01
-3.714630007743835449e-01
-3.718197047710418701e-01
-3.717719614505767822e-01
-3.720882534980773926e-01
-3.714884221553802490e-01
-3.721140921115875244e-01
-3.717833161354064941e-01
-3.720801472663879395e-01
-3.722275495529174805e-01
-3.722327053546905518e-01
-3.720438182353973389e-01
-3.717723786830902100e-01
-3.718867897987365723e-01
-3.716113865375518799e-01
-3.717727065086364746e-01
-3.715199530124664307e-01
-3.723103106021881104e-01
-3.715577423572540283e-01
-3.718346357345581055e-01
-3.716629445552825928e-01
-3.720198571681976318e-01
-3.714624643325805664e-01
-3.713400363922119141e-01
-3.723443150520324707e-01
-3.719637989997863770e-01
-3.718171715736389160e-01
-3.717515170574188232e-01
-3.723941743373870850e-01
-3.718339502811431885e-01
-3.714890480041503906e-01
-3.721055090427398682e-01
-3.719706535339355469e-01
-3.718220293521881104e-01
-3.721316456794738770e-01
-3.719113767147064209e-01
-3.729541599750518799e-01
-3.721797764301300049e-01
-3.720330297946929932e-01
-3.724623620510101318e-01
-3.729580044746398926e-01
-3.721653223037719727e-01
-3.719531893730163574e-01
-3.720909953117370605e-01
-3.722924888134002686e-01
-3.724926114082336426e-01
-3.723950088024139404e-01
-3.722041249275207520e-01
-3.723999559879302979e-01
-3.726659417152404785e-01
-3.725152909755706787e-01
-3.724649250507354736e-01
-3.719276189804077148e-01
-3.714661002159118652e-01
-3.719460368156433105e-01
-3.723475933074951172e-01
-3.722088932991027832e-01
-3.723101317882537842e-01
-3.718128800392150879e-01
-3.724875748157501221e-01
-3.720054924488067627e-01
-3.723697960376739502e-01
-3.724553883075714111e-01
-3.722445666790008545e-01
-3.722719550132751465e-01
-3.721959590911865234e-01
-3.725219070911407471e-01
-3.724635839462280273e-01
-3.730179965496063232e-01
-3.723546266555786133e-01
-3.723236024379730225e-01
-3.723941147327423096e-01
-3.725681900978088379e-01
-3.728708326816558838e-01
-3.728124499320983887e-01
-3.728090524673461914e-01
-3.727512061595916748e-01
-3.726572096347808838e-01
-3.724662363529205322e-01
-3.724259436130523682e-01
-3.718309998512268066e-01
-3.724445998668670654e-01
-3.725505769252777100e-01
-3.724399209022521973e-01
-3.723655045032501221e-01
-3.727482855319976807e-01
-3.729591071605682373e-01
-3.722393810749053955e-01
-3.725533783435821533e-01
-3.725474774837493896e-01
-3.726578354835510254e-01
-3.722802102565765381e-01
-3.720785081386566162e-01
-3.722419440746307373e-01
-3.726882040500640869e-01
-3.726022839546203613e-01
-3.723060190677642822e-01
-3.724474608898162842e-01
-3.724406659603118896e-01
-3.730673193931579590e-01
-3.723243474960327148e-01
-3.723446130752563477e-01
-3.731689453125000000e-01
-3.721126616001129150e-01
-3.730638325214385986e-01
-3.724007606506347656e-01
-3.730228543281555176e-01
-3.719861209392547607e-01
-3.721666932106018066e-01
-3.723801076412200928e-01
-3.728114664554595947e-01
-3.725251257419586182e-01
-3.729611933231353760e-01
-3.729675114154815674e-01
-3.722305893898010254e-01
-3.728918433189392090e-01
-3.726690113544464111e-01
-3.726444840431213379e-01
-3.726135790348052979e-01
-3.728538751602172852e-01
-3.729304969310760498e-01
-3.726208209991455078e-01
-3.726330101490020752e-01
-3.730219602584838867e-01
-3.728272020816802979e-01
-3.731000721454620361e-01
-3.729932010173797607e-01
-3.725771605968475342e-01
-3.726091980934143066e-01
-3.711077868938446045e-01
-3.725323975086212158e-01
-3.717293441295623779e-01
-3.727796077728271484e-01
-3.723502159118652344e-01
-3.724490106105804443e-01
-3.728151917457580566e-01
-3.721411824226379395e-01
-3.724709749221801758e-01
-3.729492425918579102e-01
-3.728323280811309814e-01
-3.732338845729827881e-01
-3.729231953620910645e-01
-3.724718093872070312e-01
-3.729729056358337402e-01
-3.723146021366119385e-01
-3.723961114883422852e-01
-3.725255131721496582e-01
-3.724406659603118896e-01
-3.721472024917602539e-01
-3.728064000606536865e-01
-3.722073435783386230e-01
-3.722569346427917480e-01
-3.732647001743316650e-01
-3.721187710762023926e-01
-3.730325996875762939e-01
-3.722679316997528076e-01
-3.725890815258026123e-01
-3.718340396881103516e-01
-3.713070154190063477e-01
-3.718113303184509277e-01
-3.720816373825073242e-01
-3.713534772396087646e-01
-3.715047240257263184e-01
-3.716886043548583984e-01
-3.713595569133758545e-01
-3.712302744388580322e-01
-3.721555173397064209e-01
-3.719992637634277344e-01
-3.715531826019287109e-01
-3.712866902351379395e-01
-3.717223405838012695e-01
-3.719381093978881836e-01
-3.723483979701995850e-01
-3.721104860305786133e-01
-3.717263936996459961e-01
-3.718095719814300537e-01
-3.719078898429870605e-01
-3.720767498016357422e-01
-3.721632659435272217e-01
-3.718044459819793701e-01
-3.717551827430725098e-01
-3.715574443340301514e-01
-3.714444041252136230e-01
-3.720415532588958740e-01
-3.717336654663085938e-01
-3.721055090427398682e-01
-3.718061447143554688e-01
-3.718352019786834717e-01
-3.718159794807434082e-01
-3.715561628341674805e-01
-3.719014227390289307e-01
-3.715746402740478516e-01
-3.721131086349487305e-01
-3.721422255039215088e-01
-3.717355430126190186e-01
-3.716596066951751709e-01
-3.722913861274719238e-01
-3.719600439071655273e-01
-3.720357716083526611e-01
-3.719290792942047119e-01
-3.720396161079406738e-01
-3.714941442012786865e-01
-3.715316355228424072e-01
-3.719962835311889648e-01
-3.719188570976257324e-01
-3.718885183334350586e-01
-3.718674182891845703e-01
-3.719015419483184814e-01
-3.719856142997741699e-01
-3.717809617519378662e-01
-3.717042207717895508e-01
-3.722167909145355225e-01
-3.722010552883148193e-01
-3.719128072261810303e-01
-3.718290328979492188e-01
-3.721308708190917969e-01
-3.720192313194274902e-01
-3.718342781066894531e-01
-3.719314634799957275e-01
-3.716955184936523438e-01
-3.720741868019104004e-01
-3.718551099300384521e-01
-3.720725774765014648e-01
-3.723451495170593262e-01
-3.718477189540863037e-01
-3.720087707042694092e-01
-3.716280162334442139e-01
-3.717377781867980957e-01
-3.721226751804351807e-01
-3.721145093441009521e-01
-3.721269965171813965e-01
-3.724302649497985840e-01
-3.722694218158721924e-01
-3.722959458827972412e-01
-3.719818890094757080e-01
-3.719576001167297363e-01
-3.721864521503448486e-01
-3.721221685409545898e-01
-3.720131814479827881e-01
-3.718637824058532715e-01
-3.722002506256103516e-01
-3.729881048202514648e-01
-3.724784851074218750e-01
-3.723418414592742920e-01
-3.729018568992614746e-01
-3.727422356605529785e-01
-3.726132214069366455e-01
-3.723962903022766113e-01
-3.723891377449035645e-01
-3.723557591438293457e-01
-3.724727332592010498e-01
-3.735540509223937988e-01
-3.725870251655578613e-01
-3.729469478130340576e-01
-3.727158010005950928e-01
-3.724122047424316406e-01
-3.724633753299713135e-01
-3.720637261867523193e-01
-3.723703622817993164e-01
-3.717991411685943604e-01
-3.727097809314727783e-01
-3.721435666084289551e-01
-3.725320696830749512e-01
-3.727023899555206299e-01
-3.726008236408233643e-01
-3.729946315288543701e-01
-3.724830448627471924e-01
-3.728513419628143311e-01
-3.725693225860595703e-01
-3.726019263267517090e-01
-3.725911974906921387e-01
-3.730208575725555420e-01
-3.728961646556854248e-01
-3.724294602870941162e-01
-3.723538815975189209e-01
-3.724020421504974365e-01
-3.723660707473754883e-01
-3.725508451461791992e-01
-3.723315000534057617e-01
-3.727749586105346680e-01
-3.725934922695159912e-01
-3.724376261234283447e-01
-3.720355033874511719e-01
-3.726463019847869873e-01
-3.725218176841735840e-01
-3.723934888839721680e-01
-3.721835315227508545e-01
-3.729025125503540039e-01
-3.719979822635650635e-01
-3.727867901325225830e-01
-3.722786605358123779e-01
-3.714890778064727783e-01
-3.721455633640289307e-01
-3.722668290138244629e-01
-3.724353313446044922e-01
-3.724328875541687012e-01
-3.724015355110168457e-01
-3.725015521049499512e-01
-3.719775974750518799e-01
-3.722774684429168701e-01
-3.723987936973571777e-01
-3.723008334636688232e-01
-3.729847073554992676e-01
-3.722149729728698730e-01
-3.716384172439575195e-01
-3.725421726703643799e-01
-3.733528554439544678e-01
-3.727717995643615723e-01
-3.720875382423400879e-01
-3.725208044052124023e-01
-3.728919029235839844e-01
-3.728173971176147461e-01
-3.723928630352020264e-01
-3.728015422821044922e-01
-3.727830052375793457e-01
-3.721709549427032471e-01
-3.721011877059936523e-01
-3.725198507308959961e-01
-3.726784586906433105e-01
-3.723553121089935303e-01
-3.717922270298004150e-01
-3.724268376827239990e-01
-3.725753724575042725e-01
-3.722791373729705811e-01
-3.714582920074462891e-01
-3.723180592060089111e-01
-3.719559907913208008e-01
-3.720227777957916260e-01
-3.724997341632843018e-01
-3.721463084220886230e-01
-3.720743358135223389e-01
-3.728094995021820068e-01
-3.722603023052215576e-01
-3.722128868103027344e-01
-3.719038367271423340e-01
-3.721777200698852539e-01
-3.721742033958435059e-01
-3.725804090499877930e-01
-3.722185194492340088e-01
-3.725729882717132568e-01
-3.719499111175537109e-01
-3.720908463001251221e-01
-3.726098537445068359e-01
-3.728023171424865723e-01
-3.719533085823059082e-01
-3.730769753456115723e-01
-3.728175461292266846e-01
-3.729355335235595703e-01
-3.725639581680297852e-01
-3.731422722339630127e-01
-3.726008236408233643e-01
-3.732375502586364746e-01
-3.719485998153686523e-01
-3.724167346954345703e-01
-3.727521896362304688e-01
-3.728779554367065430e-01
-3.723562657833099365e-01
-3.728950321674346924e-01
-3.723291754722595215e-01
-3.725311160087585449e-01
-3.724956810474395752e-01
-3.724837005138397217e-01
-3.727417290210723877e-01
-3.729207217693328857e-01
-3.731957972049713135e-01
-3.730700612068176270e-01
-3.728372752666473389e-01
-3.727558553218841553e-01
-3.728601634502410889e-01
-3.724393844604492188e-01
-3.723567724227905273e-01
-3.732246458530426025e-01
-3.725782334804534912e-01
-3.733738958835601807e-01
-3.725785613059997559e-01
-3.731166720390319824e-01
-3.731728196144104004e-01
-3.727987110614776611e-01
-3.730736374855041504e-01
-3.731081187725067139e-01
-3.730331957340240479e-01
-3.728652000427246094e-01
-3.731372952461242676e-01
-3.731505274772644043e-01
-3.732782304286956787e-01
-3.728901147842407227e-01
-3.725595176219940186e-01
-3.724939227104187012e-01
-3.732573986053466797e-01
-3.717718422412872314e-01
-3.714097142219543457e-01
-3.714629411697387695e-01
-3.716907799243927002e-01
-3.714919090270996094e-01
-3.714382350444793701e-01
-3.717033565044403076e-01
-3.722049891948699951e-01
-3.714902698993682861e-01
-3.713240921497344971e-01
-3.718732893466949463e-01
-3.711156547069549561e-01
-3.720228374004364014e-01
-3.714519143104553223e-01
-3.720600008964538574e-01
-3.716181516647338867e-01
-3.715160489082336426e-01
-3.712465167045593262e-01
-3.716443479061126709e-01
-3.717686533927917480e-01
-3.714696168899536133e-01
-3.714431822299957275e-01
-3.717700839042663574e-01
-3.720711767673492432e-01
-3.720977902412414551e-01
-3.720688223838806152e-01
-3.723025023937225342e-01
-3.723018765449523926e-01
-3.721350133419036865e-01
-3.717424571514129639e-01
-3.717300891876220703e-01
-3.718704879283905029e-01
-3.721702992916107178e-01
-3.718078136444091797e-01
-3.720060586929321289e-01
-3.722473680973052979e-01
-3.719112873077392578e-01
-3.722539544105529785e-01
-3.718509078025817871e-01
-3.723015785217285156e-01
-3.713550269603729248e-01
-3.722271025180816650e-01
-3.717060685157775879e-01
-3.716520965099334717e-01
-3.718457818031311035e-01
-3.715601861476898193e-01
-3.720980584621429443e-01
-3.716511428356170654e-01
-3.726141452789306641e-01
-3.718896210193634033e-01
-3.720437288284301758e-01
-3.720198571681976318e-01
-3.723745942115783691e-01
-3.718598484992980957e-01
-3.719378411769866943e-01
-3.718963861465454102e-01
-3.722592294216156006e-01
-3.724211454391479492e-01
-3.721265196800231934e-01
-3.715845644474029541e-01
-3.720329701900482178e-01
-3.718070089817047119e-01
-3.720161020755767822e-01
-3.717983067035675049e-01
-3.718444705009460449e-01
-3.712961673736572266e-01
-3.716109693050384521e-01
-3.722481131553649902e-01
-3.719968199729919434e-01
-3.718536496162414551e-01
-3.722008764743804932e-01
-3.715285062789916992e-01
-3.716709613800048828e-01
-3.721429109573364258e-01
-3.716047406196594238e-01
-3.719197511672973633e-01
-3.717962205410003662e-01
-3.723179399967193604e-01
-3.714614212512969971e-01
-3.718962371349334717e-01
-3.724562525749206543e-01
-3.716698586940765381e-01
-3.715674281120300293e-01
-3.718654215335845947e-01
-3.719729483127593994e-01
-3.722751140594482422e-01
-3.722199499607086182e-01
-3.715756833553314209e-01
-3.719907104969024658e-01
-3.720470666885375977e-01
-3.722614347934722900e-01
-3.719980716705322266e-01
-3.718218505382537842e-01
-3.715465664863586426e-01
-3.721083998680114746e-01
-3.722995221614837646e-01
-3.723032474517822266e-01
-3.719089329242706299e-01
-3.715636134147644043e-01
-3.719062507152557373e-01
-3.724358081817626953e-01
-3.719754815101623535e-01
-3.721664249897003174e-01
-3.718816637992858887e-01
-3.724523186683654785e-01
-3.720001876354217529e-01
-3.723216056823730469e-01
-3.720450997352600098e-01
-3.720388412475585938e-01
-3.724366426467895508e-01
-3.721743226051330566e-01
-3.721511363983154297e-01
-3.720419704914093018e-01
-3.725357651710510254e-01
-3.718060255050659180e-01
-3.718194663524627686e-01
-3.724023997783660889e-01
-3.722147047519683838e-01
-3.721355497837066650e-01
-3.722358942031860352e-01
-3.722553849220275879e-01
-3.721961975097656250e-01
-3.726263046264648438e-01
-3.724150359630584717e-01
-3.726270496845245361e-01
-3.726901113986968994e-01
-3.724109530448913574e-01
-3.725472390651702881e-01
-3.725830018520355225e-01
-3.731309771537780762e-01
-3.723361790180206299e-01
-3.719241023063659668e-01
-3.719151616096496582e-01
-3.724255263805389404e-01
-3.719760179519653320e-01
-3.726179599761962891e-01
-3.721883296966552734e-01
-3.726710677146911621e-01
-3.720929026603698730e-01
-3.728509545326232910e-01
-3.721901476383209229e-01
-3.724235296249389648e-01
-3.724594712257385254e-01
-3.720641434192657471e-01
-3.735987544059753418e-01
-3.724029064178466797e-01
-3.722777962684631348e-01
-3.727691173553466797e-01
-3.728134334087371826e-01
-3.725751042366027832e-01
-3.727924823760986328e-01
-3.724464774131774902e-01
-3.726981282234191895e-01
-3.724263906478881836e-01
-3.733804225921630859e-01
-3.725366294384002686e-01
-3.726833462715148926e-01
-3.726693689823150635e-01
-3.724386692047119141e-01
-3.721875250339508057e-01
-3.727969825267791748e-01
-3.720743060111999512e-01
-3.723585307598114014e-01
-3.721300661563873291e-01
-3.732507824897766113e-01
-3.726362287998199463e-01
-3.727998137474060059e-01
-3.729825913906097412e-01
-3.729746937751770020e-01
-3.731914162635803223e-01
-3.728590011596679688e-01
-3.720695674419403076e-01
-3.715324103832244873e-01
-3.725183904170989990e-01
-3.734234571456909180e-01
-3.728332519531250000e-01
-3.728101849555969238e-01
-3.728654086589813232e-01
-3.724872469902038574e-01
-3.725639283657073975e-01
-3.731998205184936523e-01
-3.726651072502136230e-01
-3.730686604976654053e-01
-3.728568851947784424e-01
-3.730834126472473145e-01
-3.732638359069824219e-01
-3.727441430091857910e-01
-3.731229901313781738e-01
-3.729327321052551270e-01
-3.731637895107269287e-01
-3.732265532016754150e-01
-3.725961446762084961e-01
-3.731160163879394531e-01
-3.732787370681762695e-01
-3.730510771274566650e-01
-3.728937506675720215e-01
-3.727871775627136230e-01
-3.726702928543090820e-01
-3.724167943000793457e-01
-3.725957274436950684e-01
-3.723744451999664307e-01
-3.723827302455902100e-01
-3.724092543125152588e-01
-3.728500306606292725e-01
-3.730666339397430420e-01
-3.725774288177490234e-01
-3.728109002113342285e-01
-3.727083206176757812e-01
-3.719330430030822754e-01
-3.725523948669433594e-01
-3.717558681964874268e-01
-3.729595839977264404e-01
-3.724428117275238037e-01
-3.725933730602264404e-01
-3.716333508491516113e-01
-3.725296556949615479e-01
-3.725667595863342285e-01
-3.718693256378173828e-01
-3.722709715366363525e-01
-3.730151355266571045e-01
-3.716443479061126709e-01
-3.727593421936035156e-01
-3.718855082988739014e-01
-3.721241652965545654e-01
-3.728220164775848389e-01
-3.723431825637817383e-01
-3.725094497203826904e-01
-3.725324571132659912e-01
-3.725659251213073730e-01
-3.722003102302551270e-01
-3.732308447360992432e-01
-3.731348514556884766e-01
-3.722823560237884521e-01
-3.727958798408508301e-01
-3.728004097938537598e-01
-3.728708922863006592e-01
-3.728894591331481934e-01
-3.729649782180786133e-01
-3.727523386478424072e-01
-3.725058734416961670e-01
-3.729926049709320068e-01
-3.733109831809997559e-01
-3.732111155986785889e-01
-3.726013302803039551e-01
-3.731820881366729736e-01
-3.730347752571105957e-01
-3.728337883949279785e-01
-3.730664551258087158e-01
-3.722769916057586670e-01
-3.719276189804077148e-01
-3.717086315155029297e-01
-3.709099590778350830e-01
-3.711020648479461670e-01
-3.706072270870208740e-01
-3.713010549545288086e-01
-3.712921738624572754e-01
-3.713670074939727783e-01
-3.716438114643096924e-01
-3.717648983001708984e-01
-3.713768124580383301e-01
-3.717844486236572266e-01
-3.717193603515625000e-01
-3.713143169879913330e-01
-3.719687163829803467e-01
-3.717136085033416748e-01
-3.716465830802917480e-01
-3.722608387470245361e-01
-3.716152012348175049e-01
-3.717572093009948730e-01
-3.721019923686981201e-01
-3.721799850463867188e-01
-3.719118535518646240e-01
-3.717279732227325439e-01
-3.717887401580810547e-01
-3.720922768115997314e-01
-3.542778193950653076e-01
-3.338586986064910889e-01
-3.441924154758453369e-01
-3.238277733325958252e-01
-3.116348981857299805e-01
-3.173182010650634766e-01
-3.164036870002746582e-01
-3.257546424865722656e-01
-3.304323554039001465e-01
-3.384957611560821533e-01
-3.398333191871643066e-01
-3.424175083637237549e-01
-3.427838981151580811e-01
-3.450559675693511963e-01
-3.448295295238494873e-01
-3.433983325958251953e-01
-3.493395447731018066e-01
-3.519317805767059326e-01
-3.505971133708953857e-01
-3.515021800994873047e-01
-3.533250391483306885e-01
-3.574903011322021484e-01
-3.597728908061981201e-01
-3.594118654727935791e-01
-3.601018190383911133e-01
-3.629875779151916504e-01
-3.618370890617370605e-01
-3.635219335556030273e-01
-3.661889433860778809e-01
-3.662115037441253662e-01
-3.668027818202972412e-01
-3.685450553894042969e-01
-3.684843778610229492e-01
-3.679277896881103516e-01
-3.675613999366760254e-01
-3.691023588180541992e-01
-3.698985576629638672e-01
-3.698074519634246826e-01
-3.693831264972686768e-01
-3.693472743034362793e-01
-3.696338534355163574e-01
-3.710405826568603516e-01
-3.700667619705200195e-01
-3.701534867286682129e-01
-3.700747787952423096e-01
-3.714908063411712646e-01
-3.708615005016326904e-01
-3.711224496364593506e-01
-3.710463941097259521e-01
-3.707570731639862061e-01
-3.718529343605041504e-01
-3.722042143344879150e-01
-3.716184496879577637e-01
-3.716057837009429932e-01
-3.720513880252838135e-01
-3.718905150890350342e-01
-3.711389899253845215e-01
-3.718108534812927246e-01
-3.719119131565093994e-01
-3.718220889568328857e-01
-3.718387484550476074e-01
-3.721434473991394043e-01
-3.717448115348815918e-01
-3.724235892295837402e-01
-3.721868991851806641e-01
-3.723195791244506836e-01
-3.720990121364593506e-01
-3.723455667495727539e-01
-3.722400367259979248e-01
-3.726263940334320068e-01
-3.722575008869171143e-01
-3.724059760570526123e-01
-3.723501563072204590e-01
-3.727387189865112305e-01
-3.721584975719451904e-01
-3.724040091037750244e-01
-3.721627891063690186e-01
-3.723633885383605957e-01
-3.720514178276062012e-01
-3.715883493423461914e-01
-3.719208240509033203e-01
-3.716350793838500977e-01
-3.713799118995666504e-01
-3.720242977142333984e-01
-3.723374009132385254e-01
-3.723039627075195312e-01
-3.718894720077514648e-01
-3.722670972347259521e-01
-3.717905879020690918e-01
-3.722886145114898682e-01
-3.723794519901275635e-01
-3.723410665988922119e-01
-3.727007210254669189e-01
-3.729597032070159912e-01
-3.721393644809722900e-01
-3.724114894866943359e-01
-3.726598918437957764e-01
-3.722483217716217041e-01
-3.726273775100708008e-01
-3.720725774765014648e-01
-3.717045783996582031e-01
-3.725567162036895752e-01
-3.720557391643524170e-01
-3.727940022945404053e-01
-3.722755610942840576e-01
-3.721285462379455566e-01
-3.726689517498016357e-01
-3.726196885108947754e-01
-3.728017807006835938e-01
-3.729359805583953857e-01
-3.725972771644592285e-01
-3.727335333824157715e-01
-3.720668554306030273e-01
-3.727015554904937744e-01
-3.729503154754638672e-01
-3.725917935371398926e-01
-3.724757730960845947e-01
-3.726538717746734619e-01
-3.723060786724090576e-01
-3.727183341979980469e-01
-3.723686635494232178e-01
-3.721802830696105957e-01
-3.726409375667572021e-01
-3.726500272750854492e-01
-3.727370202541351318e-01
-3.728300034999847412e-01
-3.728713393211364746e-01
-3.726983666419982910e-01
-3.722714483737945557e-01
-3.719819784164428711e-01
-3.731037974357604980e-01
-3.722557723522186279e-01
-3.728086650371551514e-01
-3.723672032356262207e-01
-3.721248209476470947e-01
-3.725437521934509277e-01
-3.727093636989593506e-01
-3.725923299789428711e-01
-3.718391060829162598e-01
-3.727112710475921631e-01
-3.722177743911743164e-01
-3.720863759517669678e-01
-3.726747334003448486e-01
-3.729408383369445801e-01
-3.727870583534240723e-01
-3.727559149265289307e-01
-3.727773427963256836e-01
-3.730557262897491455e-01
-3.727595806121826172e-01
-3.722356557846069336e-01
-3.726158440113067627e-01
-3.731536865234375000e-01
-3.723279535770416260e-01
-3.726948797702789307e-01
-3.729601204395294189e-01
-3.726453185081481934e-01
-3.723762333393096924e-01
-3.726344704627990723e-01
-3.727704584598541260e-01
-3.731179833412170410e-01
-3.726046383380889893e-01
-3.726758062839508057e-01
-3.731157481670379639e-01
-3.725120723247528076e-01
-3.726063072681427002e-01
-3.723508417606353760e-01
-3.721740841865539551e-01
-3.715250194072723389e-01
-3.712689876556396484e-01
-3.722862601280212402e-01
-3.717407286167144775e-01
-3.725799620151519775e-01
-3.727003931999206543e-01
-3.725944757461547852e-01
-3.730582296848297119e-01
-3.724604547023773193e-01
-3.727180361747741699e-01
-3.727569580078125000e-01
-3.724728524684906006e-01
-3.726727366447448730e-01
-3.725421726703643799e-01
-3.721981942653656006e-01
-3.726890981197357178e-01
-3.729607462882995605e-01
-3.727174103260040283e-01
-3.729056715965270996e-01
-3.728198111057281494e-01
-3.730522394180297852e-01
-3.726410567760467529e-01
-3.729375004768371582e-01
-3.726713061332702637e-01
-3.727760910987854004e-01
-3.722257316112518311e-01
-3.728879988193511963e-01
-3.728821277618408203e-01
-3.728035986423492432e-01
-3.729449808597564697e-01
-3.729369640350341797e-01
-3.732222020626068115e-01
-3.728031218051910400e-01
-3.731482625007629395e-01
-3.730108141899108887e-01
-3.728699982166290283e-01
-3.729678988456726074e-01
-3.719793260097503662e-01
-3.728133440017700195e-01
-3.727527558803558350e-01
-3.730225861072540283e-01
-3.730158805847167969e-01
-3.734472095966339111e-01
-3.722902238368988037e-01
-3.729040026664733887e-01
-3.733254969120025635e-01
-3.730734288692474365e-01
-3.725213110446929932e-01
-3.730147480964660645e-01
-3.732053339481353760e-01
-3.727422952651977539e-01
-3.725294768810272217e-01
-3.730126321315765381e-01
-3.718535900115966797e-01
-3.717522323131561279e-01
-3.709720969200134277e-01
-3.714985847473144531e-01
-3.714458644390106201e-01
-3.714929819107055664e-01
-3.715229630470275879e-01
-3.719160258769989014e-01
-3.719941973686218262e-01
-3.715404570102691650e-01
-3.715409338474273682e-01
-3.720638155937194824e-01
-3.716902136802673340e-01
-3.720115423202514648e-01
-3.709591925144195557e-01
-3.724086284637451172e-01
-3.718803822994232178e-01
-3.717155754566192627e-01
-3.716671764850616455e-01
-3.713770508766174316e-01
-3.718607127666473389e-01
-3.722946941852569580e-01
-3.717313408851623535e-01
-3.717640936374664307e-01
-3.717101216316223145e-01
-3.717218041419982910e-01
-3.715061545372009277e-01
-3.723429143428802490e-01
-3.722078800201416016e-01
-3.714889585971832275e-01
-3.721905648708343506e-01
-3.715600073337554932e-01
-3.719052076339721680e-01
-3.719355463981628418e-01
-3.716280460357666016e-01
-3.717784285545349121e-01
-3.721474111080169678e-01
-3.719534277915954590e-01
-3.718837797641754150e-01
-3.720215260982513428e-01
-3.722528219223022461e-01
-3.718364238739013672e-01
-3.718149960041046143e-01
-3.719926178455352783e-01
-3.722780644893646240e-01
-3.719523251056671143e-01
-3.717246651649475098e-01
-3.721229732036590576e-01
-3.716705441474914551e-01
-3.717519044876098633e-01
-3.719880878925323486e-01
-3.722543418407440186e-01
-3.719808459281921387e-01
-3.721788525581359863e-01
-3.726207017898559570e-01
-3.720028996467590332e-01
-3.720016181468963623e-01
-3.720141351222991943e-01
-3.722083270549774170e-01
-3.718482553958892822e-01
-3.722629249095916748e-01
-3.723785281181335449e-01
-3.722183704376220703e-01
-3.716029226779937744e-01
-3.723560273647308350e-01
-3.720303475856781006e-01
-3.723322749137878418e-01
-3.716643750667572021e-01
-3.719723820686340332e-01
-3.719802796840667725e-01
-3.718982636928558350e-01
-3.719512224197387695e-01
-3.719522953033447266e-01
-3.718480765819549561e-01
-3.719148933887481689e-01
-3.720681667327880859e-01
-3.721009790897369385e-01
-3.716611266136169434e-01
-3.718363642692565918e-01
-3.724741935729980469e-01
-3.721914887428283691e-01
-3.720904588699340820e-01
-3.722320795059204102e-01
-3.720085918903350830e-01
-3.720549345016479492e-01
-3.723728656768798828e-01
-3.723872601985931396e-01
-3.721843361854553223e-01
-3.722773790359497070e-01
-3.721181154251098633e-01
-3.716232776641845703e-01
-3.720507919788360596e-01
-3.720500171184539795e-01
-3.720127940177917480e-01
-3.719473779201507568e-01
-3.717990517616271973e-01
-3.721823096275329590e-01
-3.723793327808380127e-01
-3.720293641090393066e-01
-3.717699050903320312e-01
-3.719969987869262695e-01
-3.722434639930725098e-01
-3.718983232975006104e-01
-3.717493116855621338e-01
-3.720019757747650146e-01
-3.720920681953430176e-01
-3.720305860042572021e-01
-3.723553419113159180e-01
-3.717052638530731201e-01
-3.721184432506561279e-01
-3.719061315059661865e-01
-3.720127344131469727e-01
-3.715575039386749268e-01
-3.724442124366760254e-01
-3.719218075275421143e-01
-3.720456659793853760e-01
-3.722121715545654297e-01
-3.721785247325897217e-01
-3.721740245819091797e-01
-3.719001412391662598e-01
-3.718911111354827881e-01
-3.721050322055816650e-01
-3.722668886184692383e-01
-3.721897900104522705e-01
-3.715593814849853516e-01
-3.723034262657165527e-01
-3.720560967922210693e-01
-3.722272217273712158e-01
-3.716870248317718506e-01
-3.719424307346343994e-01
-3.723405897617340088e-01
-3.723757863044738770e-01
-3.725157380104064941e-01
-3.721234202384948730e-01
-3.723090589046478271e-01
-3.725509345531463623e-01
-3.716771006584167480e-01
-3.718194365501403809e-01
-3.720683753490447998e-01
-3.720913231372833252e-01
-3.723848760128021240e-01
-3.724186718463897705e-01
-3.725982904434204102e-01
-3.726772964000701904e-01
-3.724495172500610352e-01
-3.723147511482238770e-01
-3.721127808094024658e-01
-3.719913363456726074e-01
-3.718968629837036133e-01
-3.722624480724334717e-01
-3.720979690551757812e-01
-3.724739253520965576e-01
-3.721317648887634277e-01
-3.720003068447113037e-01
-3.722468018531799316e-01
-3.721815347671508789e-01
-3.721868991851806641e-01
-3.715431094169616699e-01
-3.721511363983154297e-01
-3.722274899482727051e-01
-3.716077208518981934e-01
-3.719971776008605957e-01
-3.722218871116638184e-01
-3.719133138656616211e-01
-3.722569346427917480e-01
-3.721195757389068604e-01
-3.721795678138732910e-01
-3.719787299633026123e-01
-3.719862699508666992e-01
-3.720784783363342285e-01
-3.723887801170349121e-01
-3.723053038120269775e-01
-3.721513748168945312e-01
-3.723239600658416748e-01
-3.721919655799865723e-01
-3.723807334899902344e-01
-3.723763525485992432e-01
-3.721822500228881836e-01
-3.723356723785400391e-01
-3.726609349250793457e-01
-3.716686964035034180e-01
-3.723154067993164062e-01
-3.722014725208282471e-01
-3.721814155578613281e-01
-3.726996481418609619e-01
-3.720003664493560791e-01
-3.725007772445678711e-01
-3.724976480007171631e-01
-3.725073337554931641e-01
-3.722736239433288574e-01
-3.726246953010559082e-01
-3.727405369281768799e-01
-3.726932406425476074e-01
-3.726448416709899902e-01
-3.723503351211547852e-01
-3.724518716335296631e-01
-3.728628456592559814e-01
-3.725990951061248779e-01
-3.724136650562286377e-01
-3.730423748493194580e-01
-3.731109499931335449e-01
-3.731150031089782715e-01
-3.730118870735168457e-01
-3.732272088527679443e-01
-3.727311491966247559e-01
-3.729769885540008545e-01
-3.727669119834899902e-01
-3.734172880649566650e-01
-3.728262782096862793e-01
-3.729941844940185547e-01
-3.729959726333618164e-01
-3.733445405960083008e-01
-3.727349340915679932e-01
-3.729640841484069824e-01
-3.735673427581787109e-01
-3.727822303771972656e-01
-3.730676770210266113e-01
-3.724963366985321045e-01
-3.729427456855773926e-01
-3.728049993515014648e-01
-3.731516599655151367e-01
-3.726502060890197754e-01
-3.731210231781005859e-01
-3.727849721908569336e-01
-3.732135593891143799e-01
-3.727997243404388428e-01
-3.725357055664062500e-01
-3.730792701244354248e-01
-3.730658590793609619e-01
-3.726116716861724854e-01
-3.728120625019073486e-01
-3.735931515693664551e-01
-3.724729120731353760e-01
-3.726270794868469238e-01
-3.732059895992279053e-01
-3.730687797069549561e-01
-3.731286525726318359e-01
-3.728309273719787598e-01
-3.726628422737121582e-01
-3.733112215995788574e-01
-3.725112080574035645e-01
-3.724595308303833008e-01
-3.734060525894165039e-01
-3.725744485855102539e-01
-3.728551566600799561e-01
-3.725387156009674072e-01
-3.734416365623474121e-01
-3.731254041194915771e-01
-3.731578290462493896e-01
-3.734712004661560059e-01
-3.718009889125823975e-01
-3.724476993083953857e-01
-3.725573718547821045e-01
-3.727263212203979492e-01
-3.732169270515441895e-01
-3.726206123828887939e-01
-3.727040290832519531e-01
-3.726326227188110352e-01
-3.728568255901336670e-01
-3.727805912494659424e-01
-3.728219270706176758e-01
-3.725313842296600342e-01
-3.728350400924682617e-01
-3.728573024272918701e-01
-3.731087446212768555e-01
-3.727226555347442627e-01
-3.730363249778747559e-01
-3.727528154850006104e-01
-3.731389939785003662e-01
-3.719232082366943359e-01
-3.729301691055297852e-01
-3.727755248546600342e-01
-3.737643659114837646e-01
-3.729336559772491455e-01
-3.729931712150573730e-01
-3.726799190044403076e-01
-3.729431033134460449e-01
-3.730631768703460693e-01
-3.730286359786987305e-01
-3.727118670940399170e-01
-3.729780912399291992e-01
-3.732431530952453613e-01
-3.729415833950042725e-01
-3.731810450553894043e-01
-3.722326159477233887e-01
-3.725976645946502686e-01
-3.725987672805786133e-01
-3.729172348976135254e-01
-3.730650544166564941e-01
-3.730581402778625488e-01
-3.726078569889068604e-01
-3.728006482124328613e-01
-3.720360100269317627e-01
-3.729515075683593750e-01
-3.727248013019561768e-01
-3.731432557106018066e-01
-3.723788857460021973e-01
-3.726474344730377197e-01
-3.730391263961791992e-01
-3.723956942558288574e-01
-3.730385005474090576e-01
-3.722144067287445068e-01
-3.729529380798339844e-01
-3.719075620174407959e-01
-3.728867471218109131e-01
-3.725776970386505127e-01
-3.728436529636383057e-01
-3.727334141731262207e-01
-3.724907636642456055e-01
-3.730303943157196045e-01
-3.727756738662719727e-01
-3.732106685638427734e-01
-3.723818361759185791e-01
-3.729328513145446777e-01
-3.727442622184753418e-01
-3.731900751590728760e-01
-3.724993169307708740e-01
-3.732581138610839844e-01
-3.728802502155303955e-01
-3.733251988887786865e-01
-3.722801506519317627e-01
-3.723465204238891602e-01
-3.728028237819671631e-01
-3.727782666683197021e-01
-3.728592395782470703e-01
-3.726460039615631104e-01
-3.722007572650909424e-01
-3.726193308830261230e-01
-3.721042573451995850e-01
-3.727125227451324463e-01
-3.724629580974578857e-01
-3.725500404834747314e-01
-3.730105459690093994e-01
-3.728850781917572021e-01
-3.725632131099700928e-01
-3.728778064250946045e-01
-3.734038174152374268e-01
-3.729057013988494873e-01
-3.732842504978179932e-01
-3.726867735385894775e-01
-3.727153241634368896e-01
-3.729909956455230713e-01
-3.730373680591583252e-01
-3.730948269367218018e-01
-3.728806078433990479e-01
-3.730587661266326904e-01
-3.730536997318267822e-01
-3.728423416614532471e-01
-3.724773228168487549e-01
-3.730038404464721680e-01
-3.725908100605010986e-01
-3.730459809303283691e-01
-3.726381957530975342e-01
-3.732855916023254395e-01
-3.724261522293090820e-01
-3.728593587875366211e-01
-3.726511001586914062e-01
-3.727139532566070557e-01
-3.727262616157531738e-01
-3.727807104587554932e-01
-3.728227615356445312e-01
-3.729695379734039307e-01
-3.719541728496551514e-01
-3.733133077621459961e-01
-3.732920587062835693e-01
-3.728269040584564209e-01
-3.729503750801086426e-01
-3.732222616672515869e-01
-3.727456629276275635e-01
-3.732887506484985352e-01
-3.724879026412963867e-01
-3.722124993801116943e-01
-3.723126649856567383e-01
-3.723576366901397705e-01
-3.729172945022583008e-01
-3.727447092533111572e-01
-3.729623854160308838e-01
-3.730532526969909668e-01
-3.731010556221008301e-01
-3.732401132583618164e-01
-3.728910684585571289e-01
-3.728582561016082764e-01
-3.728626370429992676e-01
-3.733797073364257812e-01
-3.731553852558135986e-01
-3.731448948383331299e-01
-3.733249008655548096e-01
-3.734455704689025879e-01
-3.729980885982513428e-01
-3.729753494262695312e-01
-3.730840384960174561e-01
-3.734393417835235596e-01
-3.731544613838195801e-01
-3.734793663024902344e-01
-3.732622265815734863e-01
-3.734103143215179443e-01
-3.734649717807769775e-01
-3.731462359428405762e-01
-3.735109865665435791e-01
-3.735581636428833008e-01
-3.730261325836181641e-01
-3.733798265457153320e-01
-3.735705018043518066e-01
-3.733265995979309082e-01
-3.728806674480438232e-01
-3.717348277568817139e-01
-3.713735342025756836e-01
-3.713725507259368896e-01
-3.716518878936767578e-01
-3.726245164871215820e-01
-3.717507421970367432e-01
-3.722715377807617188e-01
-3.718645870685577393e-01
-3.719713687896728516e-01
-3.720200657844543457e-01
-3.718220889568328857e-01
-3.711956739425659180e-01
-3.722301721572875977e-01
-3.719660043716430664e-01
-3.715686500072479248e-01
-3.720848262310028076e-01
-3.718244731426239014e-01
-3.717209100723266602e-01
-3.719860911369323730e-01
-3.721134662628173828e-01
-3.721128702163696289e-01
-3.720054328441619873e-01
-3.722276687622070312e-01
-3.725390136241912842e-01
-3.717309534549713135e-01
-3.722120225429534912e-01
-3.722474873065948486e-01
-3.721460700035095215e-01
-3.722734153270721436e-01
-3.722376227378845215e-01
-3.721513152122497559e-01
-3.720777630805969238e-01
-3.721411824226379395e-01
-3.717531263828277588e-01
-3.722103238105773926e-01
-3.720385134220123291e-01
-3.720179796218872070e-01
-3.720174729824066162e-01
-3.719030022621154785e-01
-3.715208172798156738e-01
-3.716880083084106445e-01
-3.718932569026947021e-01
-3.721717596054077148e-01
-3.721015155315399170e-01
-3.726129531860351562e-01
-3.724367618560791016e-01
-3.716088235378265381e-01
-3.718946576118469238e-01
-3.719438612461090088e-01
-3.717919886112213135e-01
-3.720285892486572266e-01
-3.724323511123657227e-01
-3.719110786914825439e-01
-3.722241222858428955e-01
-3.724943995475769043e-01
-3.725478649139404297e-01
-3.722483217716217041e-01
-3.723515272140502930e-01
-3.721109330654144287e-01
-3.722606897354125977e-01
-3.721688389778137207e-01
-3.721995651721954346e-01
-3.722469508647918701e-01
-3.721226751804351807e-01
-3.719494640827178955e-01
-3.718633353710174561e-01
-3.721971511840820312e-01
-3.723372519016265869e-01
-3.720148801803588867e-01
-3.721581101417541504e-01
-3.721475899219512939e-01
-3.718465566635131836e-01
-3.719937801361083984e-01
-3.721417188644409180e-01
-3.723781108856201172e-01
-3.721289336681365967e-01
-3.725081682205200195e-01
-3.721679151058197021e-01
-3.725040256977081299e-01
-3.723965585231781006e-01
-3.718870878219604492e-01
-3.720048964023590088e-01
-3.721345663070678711e-01
-3.720554709434509277e-01
-3.716569840908050537e-01
-3.717620968818664551e-01
-3.722425699234008789e-01
-3.719298243522644043e-01
-3.721677064895629883e-01
-3.724378645420074463e-01
-3.725377321243286133e-01
-3.722671568393707275e-01
-3.720186948776245117e-01
-3.718916773796081543e-01
-3.720943033695220947e-01
-3.718435764312744141e-01
-3.718381524085998535e-01
-3.721481263637542725e-01
-3.726093173027038574e-01
-3.718216419219970703e-01
-3.722009360790252686e-01
-3.725150525569915771e-01
-3.719797432422637939e-01
-3.720943927764892578e-01
-3.725038766860961914e-01
-3.723010718822479248e-01
-3.718473017215728760e-01
-3.723230063915252686e-01
-3.722899258136749268e-01
-3.720234036445617676e-01
-3.724020421504974365e-01
-3.724095821380615234e-01
-3.724450767040252686e-01
-3.719972372055053711e-01
-3.725156486034393311e-01
-3.722293078899383545e-01
-3.724005222320556641e-01
-3.719204664230346680e-01
-3.723956048488616943e-01
-3.722862303256988525e-01
-3.727271556854248047e-01
-3.722330927848815918e-01
-3.722603321075439453e-01
-3.722937107086181641e-01
-3.720381259918212891e-01
-3.722584843635559082e-01
-3.722932040691375732e-01
-3.723270297050476074e-01
-3.722666501998901367e-01
-3.720292150974273682e-01
-3.719225227832794189e-01
-3.720498681068420410e-01
-3.725912570953369141e-01
-3.723886609077453613e-01
-3.726132810115814209e-01
-3.725546896457672119e-01
-3.719032108783721924e-01
-3.720990419387817383e-01
-3.720578253269195557e-01
-3.720200657844543457e-01
-3.722842633724212646e-01
-3.725570142269134521e-01
-3.724283576011657715e-01
-3.723545670509338379e-01
-3.720155060291290283e-01
-3.722388148307800293e-01
-3.726197481155395508e-01
-3.724624514579772949e-01
-3.720795810222625732e-01
-3.723715841770172119e-01
-3.726357221603393555e-01
-3.724505007266998291e-01
-3.727629780769348145e-01
-3.728225827217102051e-01
-3.722042739391326904e-01
-3.724539279937744141e-01
-3.724371194839477539e-01
-3.723166882991790771e-01
-3.725806474685668945e-01
-3.729332983493804932e-01
-3.722633719444274902e-01
-3.732445538043975830e-01
-3.730870187282562256e-01
-3.728312253952026367e-01
-3.729805946350097656e-01
-3.728334903717041016e-01
-3.725905716419219971e-01
-3.727702796459197998e-01
-3.723856806755065918e-01
-3.726263344287872314e-01
-3.724592328071594238e-01
-3.723305761814117432e-01
-3.718786835670471191e-01
-3.730129599571228027e-01
-3.722987771034240723e-01
-3.723102211952209473e-01
-3.728528320789337158e-01
-3.726517558097839355e-01
-3.727859556674957275e-01
-3.729793429374694824e-01
-3.731054067611694336e-01
-3.731029927730560303e-01
-3.728098273277282715e-01
-3.729144930839538574e-01
-3.727287054061889648e-01
-3.731333017349243164e-01
-3.729158341884613037e-01
-3.727867901325225830e-01
-3.730735480785369873e-01
-3.731351792812347412e-01
-3.724632263183593750e-01
-3.729214072227478027e-01
-3.731591105461120605e-01
-3.734157681465148926e-01
-3.731058239936828613e-01
-3.730056881904602051e-01
-3.731522262096405029e-01
-3.731766045093536377e-01
-3.729232549667358398e-01
-3.729872405529022217e-01
-3.730315566062927246e-01
-3.729054033756256104e-01
-3.734227418899536133e-01
-3.727691173553466797e-01
-3.729101419448852539e-01
-3.727600872516632080e-01
-3.725369274616241455e-01
-3.726089596748352051e-01
-3.733251690864562988e-01
-3.726288676261901855e-01
-3.726479113101959229e-01
-3.724932968616485596e-01
-3.737840056419372559e-01
-3.714759349822998047e-01
-3.732331991195678711e-01
-3.732853829860687256e-01
-3.732664585113525391e-01
-3.727238476276397705e-01
-3.727947771549224854e-01
-3.727287650108337402e-01
-3.721466660499572754e-01
-3.729458153247833252e-01
-3.717990219593048096e-01
-3.732685744762420654e-01
-3.724744319915771484e-01
-3.726183474063873291e-01
-3.733411729335784912e-01
-3.724361062049865723e-01
-3.728418350219726562e-01
-3.730217814445495605e-01
-3.726959824562072754e-01
-3.732519149780273438e-01
-3.724906146526336670e-01
-3.731162846088409424e-01
-3.726842105388641357e-01
-3.726497292518615723e-01
-3.728900253772735596e-01
-3.725767731666564941e-01
-3.726947009563446045e-01
-3.724640607833862305e-01
-3.731767535209655762e-01
-3.722461462020874023e-01
-3.726112544536590576e-01
-3.727262616157531738e-01
-3.730716407299041748e-01
-3.727254569530487061e-01
-3.733431398868560791e-01
-3.731111884117126465e-01
-3.725714683532714844e-01
-3.728031516075134277e-01
-3.727378249168395996e-01
-3.727085292339324951e-01
-3.729903399944305420e-01
-3.730433285236358643e-01
-3.726300895214080811e-01
-3.726324439048767090e-01
-3.726615905761718750e-01
-3.725516498088836670e-01
-3.727429211139678955e-01
-3.733244538307189941e-01
-3.727326095104217529e-01
-3.731111288070678711e-01
-3.721489906311035156e-01
-3.730057477951049805e-01
-3.728728592395782471e-01
-3.730084896087646484e-01
-3.732285499572753906e-01
-3.734661638736724854e-01
-3.732352852821350098e-01
-3.730946779251098633e-01
-3.732444643974304199e-01
-3.736320734024047852e-01
-3.730418980121612549e-01
-3.729263544082641602e-01
-3.730454742908477783e-01
-3.731936514377593994e-01
-3.734860420227050781e-01
-3.733517527580261230e-01
-3.730251789093017578e-01
-3.735114932060241699e-01
-3.732608258724212646e-01
-3.731079697608947754e-01
-3.729287683963775635e-01
-3.729988634586334229e-01
-3.729595839977264404e-01
-3.730071187019348145e-01
-3.726680278778076172e-01
-3.730879426002502441e-01
-3.728199601173400879e-01
-3.728978037834167480e-01
-3.721470832824707031e-01
-3.717142939567565918e-01
-3.735453486442565918e-01
-3.712876439094543457e-01
-3.729261159896850586e-01
-3.719655573368072510e-01
-3.718546926975250244e-01
-3.724323809146881104e-01
-3.729392588138580322e-01
-3.722049593925476074e-01
-3.727580308914184570e-01
-3.728400766849517822e-01
-3.721751272678375244e-01
-3.725945353507995605e-01
-3.730689585208892822e-01
-3.723907768726348877e-01
-3.725380897521972656e-01
-3.733753561973571777e-01
-3.722887635231018066e-01
-3.724073767662048340e-01
-3.733165264129638672e-01
-3.722159564495086670e-01
-3.724454343318939209e-01
-3.731243312358856201e-01
-3.720203638076782227e-01
-3.728397488594055176e-01
-3.726946413516998291e-01
-3.729840219020843506e-01
-3.719317615032196045e-01
-3.731348216533660889e-01
-3.726175427436828613e-01
-3.726461529731750488e-01
-3.730627298355102539e-01
-3.732838034629821777e-01
-3.731999993324279785e-01
-3.730629384517669678e-01
-3.735826909542083740e-01
-3.733636736869812012e-01
-3.730357587337493896e-01
-3.729247748851776123e-01
-3.734466731548309326e-01
-3.732833862304687500e-01
-3.725133240222930908e-01
-3.720673322677612305e-01
-3.725806772708892822e-01
-3.721035718917846680e-01
-3.731788396835327148e-01
-3.723860383033752441e-01
-3.728508353233337402e-01
-3.728800117969512939e-01
-3.734827041625976562e-01
-3.722773492336273193e-01
-3.727591633796691895e-01
-3.727816641330718994e-01
-3.729814589023590088e-01
-3.729708790779113770e-01
-3.721455335617065430e-01
-3.732400238513946533e-01
-3.725815713405609131e-01
-3.728665709495544434e-01
-3.728122115135192871e-01
-3.727862536907196045e-01
-3.733391761779785156e-01
-3.728146851062774658e-01
-3.725907504558563232e-01
-3.727451860904693604e-01
-3.727170228958129883e-01
-3.729552626609802246e-01
-3.728762269020080566e-01
-3.729097843170166016e-01
-3.727970421314239502e-01
-3.736881613731384277e-01
-3.725826144218444824e-01
-3.730526864528656006e-01
-3.719713985919952393e-01
-3.730086684226989746e-01
-3.724804818630218506e-01
-3.732230365276336670e-01
-3.725320100784301758e-01
-3.734284639358520508e-01
-3.731147944927215576e-01
-3.730893433094024658e-01
-3.732832074165344238e-01
-3.733533918857574463e-01
-3.734196126461029053e-01
-3.735180199146270752e-01
-3.731222450733184814e-01
-3.734003901481628418e-01
-3.733648657798767090e-01
-3.732788860797882080e-01
-3.732173144817352295e-01
-3.731310069561004639e-01
-3.729551434516906738e-01
-3.732705116271972656e-01
-3.727377057075500488e-01
-3.732981085777282715e-01
-3.735358119010925293e-01
-3.732928335666656494e-01
-3.735312521457672119e-01
-3.732227087020874023e-01
-3.732415139675140381e-01
-3.734308481216430664e-01
-3.730843663215637207e-01
-3.733761012554168701e-01
-3.733657896518707275e-01
-3.731939196586608887e-01
-3.729629516601562500e-01
-3.736955523490905762e-01
-3.729465901851654053e-01
-3.726895749568939209e-01
-3.728691339492797852e-01
-3.726994693279266357e-01
-3.733170330524444580e-01
-3.719921708106994629e-01
-3.729456067085266113e-01
-3.725170493125915527e-01
-3.731756210327148438e-01
-3.722654581069946289e-01
-3.732298612594604492e-01
-3.722477257251739502e-01
-3.729853928089141846e-01
-3.733650445938110352e-01
-3.722277879714965820e-01
-3.727351129055023193e-01
-3.725892007350921631e-01
-3.729528784751892090e-01
-3.729863464832305908e-01
-3.730916678905487061e-01
-3.727819323539733887e-01
-3.732268214225769043e-01
-3.730605244636535645e-01
-3.730581998825073242e-01
-3.726299107074737549e-01
-3.728314042091369629e-01
-3.730102479457855225e-01
-3.731638789176940918e-01
-3.727118670940399170e-01
-3.731505870819091797e-01
-3.732047677040100098e-01
-3.728757202625274658e-01
-3.726093173027038574e-01
-3.731015324592590332e-01
-3.730538189411163330e-01
-3.735455870628356934e-01
-3.730895817279815674e-01
-3.732358515262603760e-01
-3.733946084976196289e-01
-3.733603954315185547e-01
-3.735261857509613037e-01
-3.729181885719299316e-01
-3.734960854053497314e-01
-3.731091022491455078e-01
-3.731635212898254395e-01
-3.734457492828369141e-01
-3.727811276912689209e-01
-3.730622529983520508e-01
-3.730128705501556396e-01
-3.734562695026397705e-01
-3.724781572818756104e-01
-3.732145726680755615e-01
-3.734084963798522949e-01
-3.729962110519409180e-01
-3.731028735637664795e-01
-3.734597563743591309e-01
-3.735718429088592529e-01
-3.732554316520690918e-01
-3.730278909206390381e-01
-3.727150559425354004e-01
-3.733116984367370605e-01
-3.730384409427642822e-01
-3.729780912399291992e-01
-3.733014464378356934e-01
-3.726105093955993652e-01
-3.736357986927032471e-01
-3.734290599822998047e-01
-3.727959692478179932e-01
-3.729291856288909912e-01
-3.733373284339904785e-01
-3.732939064502716064e-01
-3.738138973712921143e-01
-3.733737468719482422e-01
-3.731412887573242188e-01
-3.732482194900512695e-01
-3.737115561962127686e-01
-3.727240562438964844e-01
-3.728715181350708008e-01
-3.728848397731781006e-01
-3.729049563407897949e-01
-3.734362423419952393e-01
-3.728627860546112061e-01
-3.730056881904602051e-01
-3.733190000057220459e-01
-3.736810088157653809e-01
-3.731719255447387695e-01
-3.733157217502593994e-01
-3.731858432292938232e-01
-3.733211159706115723e-01
-3.733566105365753174e-01
-3.734400570392608643e-01
-3.730974793434143066e-01
-3.734429180622100830e-01
-3.736593723297119141e-01
-3.728912770748138428e-01
-3.730721771717071533e-01
-3.728856146335601807e-01
-3.734305500984191895e-01
-3.730514347553253174e-01
-3.729934096336364746e-01
