-2.785125308566623326e-01
-3.145933151245117188e-01
-3.600695398118760604e-01
-3.619179725646972656e-01
-3.642588456471760883e-01
-3.678294817606608258e-01
-3.686690860324435826e-01
-3.696551587846543807e-01
-3.671375380622016182e-01
-3.674517207675510044e-01
-3.645809491475422992e-01
-3.678230179680718193e-01
-3.718745178646511440e-01
-3.772457970513237724e-01
-3.791848818461100445e-01
-3.803688950008816128e-01
-3.818592495388454799e-01
-3.827744589911566964e-01
-3.829051123725043526e-01
-3.838860193888346539e-01
-3.833915392557780133e-01
-3.834904034932454242e-01
-3.845256699456108818e-01
-3.854697280459933872e-01
-3.857239087422688617e-01
-3.856804635789659041e-01
-3.858631451924641742e-01
-3.862069182925754185e-01
-3.843620088365342635e-01
-3.853517373402913226e-01
-3.849395645989311943e-01
-3.854267597198486328e-01
-3.858441246880425224e-01
-3.864162762959797992e-01
-3.860532707638210659e-01
-3.864381048414442521e-01
-3.865000671810573940e-01
-3.863489627838134766e-01
-3.835199673970540180e-01
-3.849216037326388951e-01
-3.859758377075195312e-01
-3.866011831495497209e-01
-3.856636948055691128e-01
-3.865658177269829521e-01
-3.864114814334445591e-01
-3.867965804206000557e-01
-3.863657315572102680e-01
-3.868323167165120258e-01
-3.871084054311116351e-01
-3.865444925096299666e-01
-3.869123723771836776e-01
-3.873981634775797711e-01
-3.868738015492756976e-01
-3.872708744472927456e-01
-3.871060212453206195e-01
-3.861718177795410156e-01
-3.874720467461479911e-01
-3.866924709743923549e-01
-3.861024909549289341e-01
-3.855053583780924664e-01
-3.867837852901882534e-01
-3.868048455980088729e-01
-3.870938883887397042e-01
-3.878842989603678570e-01
-3.876747025383843193e-01
-3.872836430867512836e-01
-3.877658843994140625e-01
-3.855679565005832310e-01
-3.870022296905517578e-01
-3.853336705101860771e-01
-3.870623376634385604e-01
-3.870052496592203961e-01
-3.876832591162787667e-01
-3.880018923017714005e-01
-3.869299623701307755e-01
-3.862987094455295201e-01
-3.870083491007487164e-01
-3.872099187639024276e-01
-3.873522281646728516e-01
-3.877175119188096541e-01
-3.873786661359999162e-01
-3.875197039710150948e-01
-3.877922164069281807e-01
-3.873802026112874164e-01
-3.882997565799289341e-01
-3.876004219055175781e-01
-3.877951039208306083e-01
-3.851746453179253349e-01
-3.863261275821261997e-01
-3.869678444332546596e-01
-3.870230250888400669e-01
-3.875074916415744419e-01
-3.847688833872477399e-01
-3.854383362664116630e-01
-3.874182966020371932e-01
-3.867775069342719307e-01
-3.873814741770426617e-01
-3.872406482696533203e-01
-3.851084974077012557e-01
-3.874118328094482422e-01
-3.818083339267306919e-01
-3.855808311038547154e-01
-3.873007827334933872e-01
-3.872343169318305245e-01
-3.876225153605143414e-01
-3.875523938073052177e-01
-3.851293457878960380e-01
-3.871966997782389508e-01
-3.870105478498671037e-01
-3.873501088884141463e-01
-3.874419265323215122e-01
-3.874694506327311383e-01
-3.879801432291666852e-01
-3.878142303890652065e-01
-3.880376815795898438e-01
-3.873416582743327008e-01
-3.876101970672607422e-01
-3.881211545732285995e-01
-3.887687259250217076e-01
-3.873701095581054688e-01
-3.875064584943983537e-01
-3.877618047926161271e-01
-3.840808338589138393e-01
-3.872900803883870258e-01
-3.879982100592719307e-01
-3.868440786997477399e-01
-3.879615465799967633e-01
-3.874478605058457870e-01
-3.876393900977240792e-01
-3.880679077572292690e-01
-3.880391120910644531e-01
-3.879500230153401508e-01
-3.877162668440077287e-01
-3.879671891530354633e-01
-3.880221843719482422e-01
-3.881328370836045760e-01
-3.875932693481445312e-01
-3.881135516696506138e-01
-3.884227275848388672e-01
-3.877362145317925224e-01
-3.878855705261230469e-01
-3.878287209404839286e-01
-3.877371417151557198e-01
-3.874539004431830636e-01
-3.881815009646945591e-01
-3.880142900678846818e-01
-3.881565994686550503e-01
-3.877020676930745258e-01
-3.877759774525960101e-01
-3.881236182318793526e-01
-3.877877129448784599e-01
-3.881460030873616351e-01
-3.872292306688096541e-01
-3.876676824357774276e-01
-3.877911832597520370e-01
-3.844906224144829521e-01
-3.867469098832871932e-01
-3.870758215586344586e-01
-3.876593377855088729e-01
-3.882044421301947823e-01
-3.878026803334553851e-01
-3.866550922393798828e-01
-3.866726822323269253e-01
-3.856375482347276229e-01
-3.876498540242512836e-01
-3.877331150902642021e-01
-3.872529135810004464e-01
-3.874826431274414062e-01
-3.878950807783339005e-01
-3.878795305887858258e-01
-3.874460591210259208e-01
-3.876284228430854073e-01
-3.878201908535427456e-01
-3.878242174784342633e-01
-3.879811763763427734e-01
-3.877617253197563896e-01
-3.876168727874755859e-01
-3.879870308770073661e-01
-3.882152504391140346e-01
-3.879255188835991630e-01
-3.876819875505235213e-01
-3.878029982248942242e-01
-3.876577218373616351e-01
-3.875463008880615234e-01
-3.881309827168782367e-01
-3.877605597178141461e-01
-3.873028490278456193e-01
-3.879169623057047711e-01
-3.879589769575331193e-01
-3.876686096191406250e-01
-3.879512415991889229e-01
-3.878182040320502511e-01
-3.854820993211534041e-01
-3.875269095102946149e-01
-3.878601921929253349e-01
-3.874451319376627789e-01
-3.875380357106526508e-01
-3.882132636176215401e-01
-3.877866003248426896e-01
-3.879269493950737724e-01
-3.878362178802490234e-01
-3.877149952782524833e-01
-3.875586986541748047e-01
-3.868917624155680524e-01
-3.876277075873481026e-01
-3.875723679860432758e-01
-3.880401187472873326e-01
-3.866936365763346539e-01
-3.793592188093397599e-01
-3.879040082295735492e-01
-3.880551656087239398e-01
-3.877754476335313338e-01
-3.882161246405707589e-01
-3.879349231719970703e-01
-3.864565955268012276e-01
-3.879172537061903459e-01
-3.876936965518527622e-01
-3.878613313039143695e-01
-3.878922462463378906e-01
-3.880921204884846820e-01
-3.878226810031467076e-01
-3.878413041432698383e-01
-3.824426068200005302e-01
-3.877428902520073661e-01
-3.884584373897976284e-01
-3.878637684716118583e-01
-3.876789940728081474e-01
-3.861875798967149276e-01
-3.867692417568630581e-01
-3.875317838456895370e-01
-3.875076770782470703e-01
-3.874470127953423271e-01
-3.879517184363471261e-01
-3.879570166269938336e-01
-3.876167403327094307e-01
-3.875664075215657367e-01
-3.878708150651719588e-01
-2.373575634426540737e-01
-2.741752465565999164e-01
-2.913526693979899274e-01
-2.870345645480685826e-01
-2.966955237918429966e-01
-3.160201708475748883e-01
-3.156083159976535435e-01
-3.237068123287624721e-01
-3.286858664618598214e-01
-3.325850168863932477e-01
-3.460086716545952568e-01
-3.441576162974039899e-01
-3.480135599772135602e-01
-3.461848894755045758e-01
-3.517087035708957310e-01
-3.536333772871229630e-01
-3.532128863864474888e-01
-3.551957342359755021e-01
-3.508247004614936104e-01
-3.551273875766330357e-01
-3.640689849853515625e-01
-3.603531519571940289e-01
-3.681693606906467076e-01
-3.645856645372178573e-01
-3.694693512386745815e-01
-3.660602834489610213e-01
-3.675008085038926620e-01
-3.650579982333713169e-01
-3.677583800421820870e-01
-3.704246944851345424e-01
-3.670774300893147601e-01
-3.691007031334770927e-01
-3.715895546807183036e-01
-3.729234801398383370e-01
-3.709308041466606864e-01
-3.718354966905381698e-01
-3.721227116054958706e-01
-3.361577722761366349e-01
-3.580064508650038224e-01
-3.666693104637993583e-01
-3.704214890797932758e-01
-3.700321780310736886e-01
-3.714979489644368305e-01
-3.698611524369981307e-01
-3.677429358164469586e-01
-3.711552090115017299e-01
-3.738514582316080914e-01
-3.729363547431098214e-01
-3.754654725392659320e-01
-3.737700780232747211e-01
-3.766233126322428570e-01
-3.774492475721571427e-01
-3.781266742282443638e-01
-3.779418468475341797e-01
-3.786898189120822544e-01
-3.766852484809027901e-01
-3.777776824103461495e-01
-3.794670104980468750e-01
-3.792909516228569755e-01
-3.798401090833876115e-01
-3.813157081604003906e-01
-3.653115431467692242e-01
-3.739952511257595424e-01
-3.768819173177083148e-01
-3.728136486477321987e-01
-3.764119413163926620e-01
-3.768513732486301060e-01
-3.768949773576524276e-01
-3.796213203006320591e-01
-3.786146905687119979e-01
-3.798919783698188057e-01
-3.809997770521376115e-01
-3.796126312679714565e-01
-3.803980085584852677e-01
-3.804749912685818081e-01
-3.826664553748236886e-01
-3.810222413804795760e-01
-3.825956450568305245e-01
-3.811136616600884208e-01
-3.816701836056179409e-01
-3.823976781633164901e-01
-3.824670314788818359e-01
-3.818857669830322266e-01
-3.833072980244954242e-01
-3.826131290859646206e-01
-3.830293019612630023e-01
-3.813918431599934711e-01
-3.840499454074435826e-01
-3.816532558865017299e-01
-3.834927346971299666e-01
-3.833710617489284878e-01
-3.838294347127278461e-01
-3.822929064432780133e-01
-3.826872242821587333e-01
-3.831489086151123047e-01
-3.834391170077853794e-01
-3.837464650472005023e-01
-3.838163216908772601e-01
-3.838237391577826729e-01
-3.839703930748833427e-01
-3.827284706963433036e-01
-3.843774265713161831e-01
-3.835976123809814453e-01
-3.850287066565619698e-01
-3.856534163157145367e-01
-3.840204609764946708e-01
-3.853530883789062500e-01
-3.840994569990370255e-01
-3.849536577860514508e-01
-3.848229779137505302e-01
-3.844041294521755581e-01
-3.853168487548828125e-01
-3.845970630645751953e-01
-3.848287264506022320e-01
-3.850705888536241073e-01
-3.845539887746174945e-01
-3.853974607255723495e-01
-3.837546242607964286e-01
-3.842024803161621094e-01
-3.842641247643364677e-01
-3.854249053531222935e-01
-3.683619234297010880e-01
-3.678400251600477677e-01
-3.811577690972222099e-01
-3.826738728417290458e-01
-3.833801746368408203e-01
-3.842295275794135323e-01
-3.843148814307318917e-01
-3.785483572218153459e-01
-3.817710611555311662e-01
-3.828519185384114398e-01
-3.821291128794352399e-01
-3.838100168440077287e-01
-3.841129144032796039e-01
-3.817981349097357979e-01
-3.829958438873291016e-01
-3.837918440500895367e-01
-3.852293226453993302e-01
-3.845785458882649555e-01
-3.850089444054497489e-01
-3.850956492953830357e-01
-3.849250210656059989e-01
-3.857993814680311662e-01
-3.859580887688530693e-01
-3.859077029758029576e-01
-3.858844969007704240e-01
-3.857704268561469307e-01
-3.862508402930365792e-01
-3.857423994276258927e-01
-3.866990672217475167e-01
-3.858555157979329242e-01
-3.859083387586805802e-01
-3.861147562662760602e-01
-3.867409759097629185e-01
-3.859502209557427177e-01
-3.860737747616238003e-01
-3.861210611131455916e-01
-3.857482804192436943e-01
-3.846311304304335099e-01
-3.867045773400200614e-01
-3.857657379574245815e-01
-3.864326212141249162e-01
-3.867269357045491351e-01
-3.862075275844997768e-01
-3.861059612698025112e-01
-3.862496217091878070e-01
-3.869164519839816685e-01
-3.865055243174235211e-01
-3.867242336273193359e-01
-3.866510391235351562e-01
-3.864651785956488839e-01
-3.866667747497558594e-01
-3.866029315524631138e-01
-3.865751955244276505e-01
-3.871031867133246651e-01
-3.871351348029242745e-01
-3.666669527689616070e-01
-3.670340379079182758e-01
-3.687536981370713729e-01
-3.711350758870442523e-01
-3.733932707044813615e-01
-3.729142877790663224e-01
-3.753009372287326451e-01
-3.794618182712131138e-01
-3.806647194756401786e-01
-3.755127588907877789e-01
-3.814112875196669084e-01
-3.816080093383789062e-01
-3.818881776597764510e-01
-3.833058940039740792e-01
-3.804321818881564732e-01
-3.762253125508626117e-01
-3.825551138983832589e-01
-3.807808823055691128e-01
-3.825595113966200334e-01
-3.828293747372097378e-01
-3.725181685553656807e-01
-3.842762311299641742e-01
-3.661454253726535435e-01
-3.841243320041232701e-01
-3.851345645056830636e-01
-3.854014873504638672e-01
-3.841225571102566128e-01
-3.677879969278971539e-01
-3.782409826914469586e-01
-3.804064591725667133e-01
-3.788215584225124721e-01
-3.804357051849365234e-01
-3.818045987023247489e-01
-3.687116305033366070e-01
-3.823488023546006698e-01
-3.834717803531222935e-01
-3.837172190348307477e-01
-3.827561802334255581e-01
-3.725887669457329521e-01
-3.737269242604573383e-01
-3.778311941358778459e-01
-3.808031082153320312e-01
-3.716783788469102401e-01
-3.809208605024549943e-01
-3.822363482581244698e-01
-3.827420340643988839e-01
-3.825156688690185547e-01
-3.829042911529541016e-01
-3.845705986022949219e-01
-3.813189665476481305e-01
-3.847473197513156529e-01
-3.842459784613715401e-01
-3.803571330176459542e-01
-3.805457750956217633e-01
-3.835831218295627232e-01
-3.837198946211073380e-01
-3.834794892205132255e-01
-3.848265541924370536e-01
-3.812811374664306641e-01
-3.827874395582411271e-01
-3.849745591481526508e-01
-3.836629125807020646e-01
-3.839565118153889789e-01
-3.800486723581950055e-01
-3.844286070929633370e-01
-3.845477369096543807e-01
-3.852851125929090959e-01
-3.810358577304416294e-01
-3.761319054497612724e-01
-3.842728667789035435e-01
-3.805435498555501117e-01
-3.840128580729166852e-01
-3.849594328138563615e-01
-3.847353988223605747e-01
-3.853403992123073940e-01
-3.865709039900038224e-01
-3.854026264614529018e-01
-3.504953384399414062e-01
-3.739497926500108260e-01
-3.822555012173122768e-01
-3.715060816870795479e-01
-3.735130627950032367e-01
-3.675646781921386719e-01
-3.671524524688720703e-01
-3.735503355662028180e-01
-3.784945540957980747e-01
-3.759985235002305526e-01
-3.781159983740912667e-01
-3.731407324473063336e-01
-3.758063051435682755e-01
-3.769269519382053013e-01
-3.783830271826850167e-01
-3.774901760949028739e-01
-3.754399087693955916e-01
-3.798380427890353794e-01
-3.824075327979193917e-01
-3.820548322465684432e-01
-3.833452595604790458e-01
-3.815890947977702008e-01
-3.805883195665147323e-01
-3.809473779466416854e-01
-3.810073269738091239e-01
-3.825387424892849331e-01
-3.827412128448486328e-01
-3.831834263271755581e-01
-3.804440498352050781e-01
-3.814600043826633091e-01
-3.826230896843804130e-01
-3.808106846279568081e-01
-3.817692597707112445e-01
-3.833071390787760602e-01
-3.831393718719482422e-01
-3.839320606655544643e-01
-3.836623297797309151e-01
-3.736798498365614396e-01
-3.834684160020616073e-01
-3.824153211381700057e-01
-3.838021490308973771e-01
-3.826484680175781250e-01
-3.821022245619032365e-01
-3.830623891618516463e-01
-3.832536538441975726e-01
-3.847642739613850726e-01
-3.846239778730604630e-01
-3.848486741383870258e-01
-3.856265279981825334e-01
-3.849907716115315570e-01
-3.839251200358073102e-01
-3.867587778303358537e-01
-3.846598996056450614e-01
-3.851299815707736607e-01
-3.859196503957112445e-01
-3.859224054548475724e-01
-3.874196211496989117e-01
-3.858863512674967633e-01
-3.857170210944281807e-01
-3.861156304677327289e-01
-3.859526051415337333e-01
-3.863929642571343193e-01
-3.867976665496826172e-01
-3.877508375379774552e-01
-3.865056302812364120e-01
-3.863313727908664341e-01
-3.873727056715223771e-01
-3.864969677395290737e-01
-3.864030573103163224e-01
-3.872003820207383651e-01
-3.875814543830023995e-01
-3.871457311842176896e-01
-3.866899808247883930e-01
-3.869786262512207031e-01
-3.871381017896864396e-01
-3.867496119605170479e-01
-3.873471948835585099e-01
-3.874123361375596541e-01
-3.872045411003960380e-01
-3.871198230319553013e-01
-3.878629737430148716e-01
-3.871815734439426060e-01
-3.875956005520290737e-01
-3.873483339945475445e-01
-3.871945010291205636e-01
-3.871370951334635602e-01
-3.869695928361680526e-01
-3.874906698862711774e-01
-3.880176809098985213e-01
-3.872544765472412109e-01
-3.876901997460259208e-01
-3.875654008653428573e-01
-3.873747984568278180e-01
-3.878642453087700614e-01
-3.876998424530029297e-01
-3.877592616611056919e-01
-3.870828416612412948e-01
-3.870166142781575336e-01
-3.867715994517008649e-01
-3.872364891899956474e-01
-3.870405885908339005e-01
-3.872813118828667411e-01
-3.870900207095676060e-01
-3.868469397226969586e-01
-3.869922690921359654e-01
-3.863016499413384208e-01
-3.877326382531059989e-01
-3.877612749735514508e-01
-3.873624801635742188e-01
-3.877511289384629745e-01
-3.871022330390082589e-01
-3.874660332997639789e-01
-3.874559932284885044e-01
-3.875652154286702289e-01
-3.873805469936794643e-01
-3.876232835981581193e-01
-3.870576222737630023e-01
-3.874169455634223214e-01
-3.860751522911919364e-01
-3.862470785776774274e-01
-3.874137401580810547e-01
-3.872269789377848492e-01
-3.872836430867512836e-01
-3.874661392635769253e-01
-3.873916202121310826e-01
-3.874931600358750838e-01
-3.874080446031358260e-01
-3.873641226026747209e-01
-3.875970840454101562e-01
-3.876591258578830357e-01
-3.866897953881157646e-01
-3.876374032762315291e-01
-3.879797723558213729e-01
-3.873033258650038224e-01
-3.878020445505778180e-01
-3.879276116689046039e-01
-3.880162768893771763e-01
-3.879469235738118305e-01
-3.872843848334418526e-01
-3.876504368252224331e-01
-3.873484929402669086e-01
-3.877941502465142021e-01
-3.879850970374213448e-01
-3.879557715521918526e-01
-3.878001901838514787e-01
-3.879481951395670758e-01
-3.881443871392143974e-01
-3.873162799411349888e-01
-3.867027759552001953e-01
-3.871070808834499721e-01
-3.870817820231119977e-01
-3.878725634680854073e-01
-3.880383703443739396e-01
-3.873447842068142299e-01
-3.825860288408067245e-01
-3.879228962792290458e-01
-3.874002827538384208e-01
-3.875574270884196149e-01
-3.874787754482693081e-01
-3.879669772254096261e-01
-3.882165749867756976e-01
-3.878917959001328963e-01
-3.883487913343641740e-01
-3.876940939161512834e-01
-3.875668048858642578e-01
-3.878228399488661271e-01
-3.879101276397705078e-01
-3.872713777754042130e-01
-3.874720467461479911e-01
-3.878604571024577008e-01
-3.878418604532877789e-01
-3.878978888193766461e-01
-3.881306913163926620e-01
-3.866473568810356864e-01
-3.876737223731147042e-01
-3.877815140618218193e-01
-3.881316714816623326e-01
-3.868835237291123885e-01
-3.876439465416802177e-01
-3.884099589453803292e-01
-3.877051406436496372e-01
-3.880591392517089844e-01
-3.869679239061143416e-01
-3.877312607235378628e-01
-3.875114917755126953e-01
-3.880355358123779297e-01
-3.880554570092095146e-01
-3.877223862542046318e-01
-3.880712985992431641e-01
-3.875435193379719867e-01
-3.884725835588243026e-01
-3.881448109944661273e-01
-3.876486354404025669e-01
-3.876880539788140068e-01
-3.880115614997016182e-01
-3.879928323957655412e-01
-3.878014352586534041e-01
-3.878353966606987724e-01
-3.878197140163845424e-01
-3.876101440853542690e-01
-3.884725835588243026e-01
-3.876231776343451729e-01
-3.875695069630940570e-01
-3.876399728986952287e-01
-3.873274326324462891e-01
-3.881531821356879464e-01
-3.856320116255018693e-01
-3.879432678222656250e-01
-3.878442711300320034e-01
-3.883560763465033761e-01
-3.878964847988552456e-01
-3.878658082750108260e-01
-3.881681495242648716e-01
-3.881056838565402622e-01
-3.879044055938720703e-01
-3.877842956119113560e-01
-3.880384763081868305e-01
-3.874638610415988560e-01
-3.881120416853163224e-01
-3.881924417283799666e-01
-3.877416716681586495e-01
-3.881410757700602399e-01
-3.881293932596842633e-01
-3.879572020636664620e-01
-3.881091541714138393e-01
-3.884255621168348771e-01
-3.884906238979763393e-01
-3.880865573883056641e-01
-3.874016867743598214e-01
-3.878498872121174945e-01
-3.872168329026963729e-01
-3.879216512044270648e-01
-3.879926204681396484e-01
-3.876235220167372209e-01
-3.883670171101887836e-01
-3.881030347612168807e-01
-3.881805737813313617e-01
-3.883636262681748885e-01
-3.880386617448594588e-01
-3.880185816023085099e-01
-3.882643116845024833e-01
-3.879602485232883091e-01
-3.880761464436848773e-01
-3.882337676154242745e-01
-3.880032168494330636e-01
-3.883681827121310826e-01
-3.881583743625217076e-01
-3.879761695861816406e-01
-3.877941502465142021e-01
-3.878005875481499443e-01
-3.879401418897840959e-01
-3.876032299465603237e-01
-3.882310920291476841e-01
-3.609044551849365234e-01
-3.870325618320041294e-01
-3.882363107469346541e-01
-3.880705833435058594e-01
-3.878659937116835099e-01
-3.877618842654758091e-01
-3.880224492814805526e-01
-3.882199658287895927e-01
-3.881370491451687221e-01
-3.881532880995008927e-01
-3.880941338009304409e-01
-3.882595433129204521e-01
-3.871554798550075893e-01
-3.878062036302354354e-01
-3.882032500372992745e-01
-3.880216015709770927e-01
-3.881727324591742745e-01
-3.879487249586317521e-01
-3.878667884402804966e-01
-3.884328471289740792e-01
-3.876102765401204242e-01
-3.878522713979085101e-01
-3.881986406114366073e-01
-3.876654836866590959e-01
-3.881004121568467635e-01
-3.883423805236816406e-01
-3.862561914655897599e-01
-3.879372808668348771e-01
-3.878499931759304409e-01
-3.874449200100368862e-01
-3.881756994459364396e-01
-3.878778881496853237e-01
-3.880344496832953682e-01
-3.880343437194824219e-01
-3.883178234100341797e-01
-3.880186875661214008e-01
-3.880703979068332310e-01
-3.879113462236192245e-01
-3.883726067013210659e-01
-3.875913619995117188e-01
-3.877485328250461216e-01
-3.883361286587185268e-01
-3.886056476169162388e-01
-3.882479137844509487e-01
-3.884146478441026229e-01
-3.880265288882785435e-01
-3.883303271399604073e-01
-3.882717026604546318e-01
-3.883911768595377789e-01
-3.888466358184814453e-01
-3.883672290378146763e-01
-3.879307640923393974e-01
-3.880660798814561385e-01
-3.877752357059054966e-01
-3.883828587002224331e-01
-3.883099026150173549e-01
-3.883013725280761719e-01
-3.881987995571560268e-01
-3.879623413085937500e-01
-3.532052305009629745e-01
-3.698746098412407646e-01
-3.862558470831977120e-01
-3.878033426072862166e-01
-3.880358801947699776e-01
-3.880066341824001674e-01
-3.883041540781657086e-01
-3.883007897271050224e-01
-3.879826068878173828e-01
-3.881999121771918526e-01
-3.882415824466281529e-01
-3.880156146155463448e-01
-3.883046044243706474e-01
-3.881350888146294364e-01
-3.881291813320583706e-01
-3.882108264499240513e-01
-3.882811334398057479e-01
-3.664311038123236886e-01
-3.696691460079616909e-01
-3.839133050706651229e-01
-3.873630364735921039e-01
-3.878274228837754745e-01
-3.877220683627658482e-01
-3.877549966176350726e-01
-3.881266382005479354e-01
-3.879906336466471539e-01
-3.884590996636284599e-01
-3.880427413516574497e-01
-3.878568013509114398e-01
-3.872928089565700893e-01
-3.879479037390815011e-01
-3.878093560536702289e-01
-3.881719112396240234e-01
-3.885570632086859932e-01
-3.879597451951768416e-01
-3.880880408816867466e-01
-3.879466056823730469e-01
-3.879314263661702289e-01
-3.879826333787705916e-01
-3.880950344933403739e-01
-3.880395624372694474e-01
-3.881608645121256695e-01
-3.876967695024278182e-01
-3.879617849985758649e-01
-3.882571591271294364e-01
-3.879961967468261719e-01
-3.882571061452229633e-01
-3.881368637084960938e-01
-3.879885938432481307e-01
-3.880549271901448383e-01
-3.881552749209933872e-01
-3.882742987738715401e-01
-3.883893224928114396e-01
-3.881239626142714005e-01
-3.880115085177951451e-01
-3.879361682467990513e-01
-3.876023557451035995e-01
-3.881236182318793526e-01
-3.880902396308051339e-01
-3.881480163998073940e-01
-3.883089754316542130e-01
-3.880127271016438617e-01
-3.881609174940321427e-01
-3.880288600921630859e-01
-3.882816367679172154e-01
-3.881065050760905133e-01
-3.884424898359510880e-01
-3.886013031005859375e-01
-3.881633546617295760e-01
-3.885185983445909041e-01
-3.880074289109971541e-01
-3.882865111033121930e-01
-3.878497282663981305e-01
-3.884668615129258651e-01
-3.878678480784098492e-01
-3.881589041815863839e-01
-3.885281085968017578e-01
-3.885833952162001115e-01
-3.880885971917046318e-01
-3.880850738949245815e-01
-3.881285190582275391e-01
-3.881390624576144810e-01
-3.882784843444824219e-01
-3.882728682623969307e-01
-3.880386882358127232e-01
-3.888441191779242745e-01
-3.878645896911621094e-01
-3.882994651794433594e-01
-3.880692587958441964e-01
-2.127415339152018137e-01
-2.394935290018717355e-01
-2.560290230645073661e-01
-3.116411103142632255e-01
-3.485581080118815289e-01
-3.607729540930854073e-01
-3.643072446187337055e-01
-3.625463379753960380e-01
-3.663593928019205914e-01
-3.673547638787163505e-01
-3.679599497053358537e-01
-3.681611220041910992e-01
-3.707972632514106026e-01
-3.681658109029133930e-01
-3.681656254662407646e-01
-3.682574431101481305e-01
-3.702192571428086776e-01
-3.710945182376437779e-01
-3.728252516852484932e-01
-3.695290883382161273e-01
-3.711162673102484932e-01
-3.704937034183078404e-01
-3.666288852691650391e-01
-3.694793383280436383e-01
-3.693312803904215680e-01
-3.734999232821994419e-01
-3.766170342763264789e-01
-3.765930599636501674e-01
-3.798482947879367466e-01
-3.788329495324028739e-01
-3.781100114186604633e-01
-3.796413739522297992e-01
-3.808192147148979911e-01
-3.810429308149549943e-01
-3.819900883568657646e-01
-3.829109138912624721e-01
-3.836041556464301339e-01
-3.839294645521376115e-01
-3.843244711558024274e-01
-3.839652273390028459e-01
-3.848728603786892299e-01
-3.839460213979085101e-01
-3.845443460676405412e-01
-3.846860726674397601e-01
-3.864060242970784320e-01
-3.849588235219319476e-01
-3.859869903988308315e-01
-3.853468365139431362e-01
-3.854638470543755302e-01
-3.859130276574028739e-01
-3.863869243197970982e-01
-3.853976461622450334e-01
-3.863222599029541016e-01
-3.858660591973198661e-01
-3.857396443684895648e-01
-3.863606982760959263e-01
-3.863041400909423828e-01
-3.871478769514296037e-01
-3.864218129052056083e-01
-3.864675097995334263e-01
-3.862820201449924107e-01
-3.863855202992756976e-01
-3.855845928192138672e-01
-3.870756626129150391e-01
-3.862148920694987164e-01
-3.866256078084309711e-01
-3.859572675493028182e-01
-3.855314784579806919e-01
-3.863598505655924664e-01
-3.864974975585937500e-01
-3.867455323537190570e-01
-3.856421046786838169e-01
-3.870132499270969029e-01
-3.866722053951687221e-01
-3.868905703226725445e-01
-3.865488900078667411e-01
-3.863862355550130023e-01
-3.868222236633300781e-01
-3.872412840525309430e-01
-3.866003619299994698e-01
-3.856809933980305805e-01
-3.862071567111545201e-01
-3.863190015157063617e-01
-3.861834737989637834e-01
-3.868401580386691685e-01
-3.864436944325764789e-01
-3.869053787655300503e-01
-3.865923086802164899e-01
-3.867318895128037948e-01
-3.874515957302517299e-01
-3.867693742116292133e-01
-3.862402968936496372e-01
-3.872873253292507534e-01
-3.869559499952528459e-01
-3.866282304128010883e-01
-3.875150945451524276e-01
-3.867660098605685826e-01
-3.870072629716660995e-01
-3.871605131361219865e-01
-3.868061436547173271e-01
-3.799686431884765625e-01
-3.859004974365234375e-01
-3.865787718031141740e-01
-3.864664501614040737e-01
-3.857621881696913224e-01
-3.869610892401801339e-01
-3.868201308780246372e-01
-3.864314026302761440e-01
-3.863501548767089844e-01
