1.660642385482788086e+00
1.087775230407714844e+00
6.117668747901916504e-01
2.582352757453918457e-01
7.631297223269939423e-03
-1.011495515704154968e-01
-1.074253246188163757e-01
-1.077756658196449280e-01
-9.407089650630950928e-02
-7.464636862277984619e-02
-8.452554792165756226e-02
-1.193512007594108582e-01
-1.184088438749313354e-01
-1.230301037430763245e-01
-1.156207546591758728e-01
-1.310959011316299438e-01
-1.453703939914703369e-01
-1.590813249349594116e-01
-1.568993479013442993e-01
-1.555855423212051392e-01
-1.494001448154449463e-01
-1.556562781333923340e-01
-1.690853536128997803e-01
-1.650529652833938599e-01
-1.793096363544464111e-01
-1.861454099416732788e-01
-1.852496862411499023e-01
-1.902384907007217407e-01
-1.843007802963256836e-01
-1.818253546953201294e-01
-1.863678991794586182e-01
-1.863436996936798096e-01
-1.854046881198883057e-01
-1.996713131666183472e-01
-1.944243758916854858e-01
-2.006119638681411743e-01
-2.074306309223175049e-01
-2.043098211288452148e-01
-1.948319673538208008e-01
-2.040306329727172852e-01
-2.106417268514633179e-01
-2.041403800249099731e-01
-2.035697698593139648e-01
-2.094213664531707764e-01
-2.062446624040603638e-01
-2.095209211111068726e-01
-2.122729420661926270e-01
-2.105251401662826538e-01
-2.103837430477142334e-01
-2.234550118446350098e-01
-2.080917656421661377e-01
-2.274429351091384888e-01
-2.226322889328002930e-01
-2.283508777618408203e-01
-2.217622697353363037e-01
-2.268097549676895142e-01
-2.304354459047317505e-01
-2.236417382955551147e-01
-2.309604883193969727e-01
-2.266473025083541870e-01
-2.354194074869155884e-01
-2.286196798086166382e-01
-2.393889278173446655e-01
-2.404281049966812134e-01
-2.299874275922775269e-01
-2.354926019906997681e-01
-2.178480476140975952e-01
-2.325062900781631470e-01
-2.549975812435150146e-01
-2.376316487789154053e-01
-2.406038194894790649e-01
-2.444471716880798340e-01
-2.441971451044082642e-01
-2.551826834678649902e-01
-2.295962423086166382e-01
-2.476330846548080444e-01
-2.392820119857788086e-01
-2.497252672910690308e-01
-2.551431059837341309e-01
-2.385987192392349243e-01
-2.598426043987274170e-01
-2.472556829452514648e-01
-2.609360814094543457e-01
-2.497941255569458008e-01
-2.552199661731719971e-01
-2.520272731781005859e-01
-2.571002244949340820e-01
-2.498725354671478271e-01
-2.581171989440917969e-01
-2.545052766799926758e-01
-2.618148326873779297e-01
-2.520944178104400635e-01
-2.655375897884368896e-01
-2.561261951923370361e-01
-2.537143826484680176e-01
-2.666575312614440918e-01
-2.563795149326324463e-01
-2.698762714862823486e-01
-2.724108994007110596e-01
-2.561732828617095947e-01
-2.594096958637237549e-01
-2.623960971832275391e-01
-2.535238564014434814e-01
-2.755008041858673096e-01
-2.563882470130920410e-01
-2.719698548316955566e-01
-2.585776448249816895e-01
-2.717204689979553223e-01
-2.520004510879516602e-01
-2.750584781169891357e-01
-2.613081037998199463e-01
-2.672975063323974609e-01
-2.740502059459686279e-01
-2.679708302021026611e-01
-2.707516551017761230e-01
-2.626648247241973877e-01
-2.770670354366302490e-01
-2.682371735572814941e-01
-2.727316319942474365e-01
-2.559293806552886963e-01
-2.680525481700897217e-01
-2.716959714889526367e-01
-2.825141251087188721e-01
-2.564781904220581055e-01
-2.739405333995819092e-01
-2.647263407707214355e-01
-2.766096889972686768e-01
-2.678129374980926514e-01
-2.839772105216979980e-01
-2.517373263835906982e-01
-2.698561847209930420e-01
-2.800689637660980225e-01
-2.770564854145050049e-01
-2.648350000381469727e-01
-2.764088511466979980e-01
-2.751133441925048828e-01
-2.677541971206665039e-01
-2.746339440345764160e-01
-2.730224132537841797e-01
-2.602688670158386230e-01
-2.782708108425140381e-01
-2.761416733264923096e-01
-2.791586220264434814e-01
-2.810310423374176025e-01
-2.734743654727935791e-01
-2.724273800849914551e-01
-2.790510356426239014e-01
-2.763118147850036621e-01
-2.767791152000427246e-01
-2.837828099727630615e-01
-2.744028270244598389e-01
-2.752140760421752930e-01
-2.762293815612792969e-01
-2.853803038597106934e-01
-2.756212055683135986e-01
-2.663821280002593994e-01
-2.742794454097747803e-01
-2.846228480339050293e-01
-2.807780504226684570e-01
-2.776015400886535645e-01
-2.786175906658172607e-01
-2.906202077865600586e-01
-2.800759971141815186e-01
-2.852855026721954346e-01
-2.847708761692047119e-01
-2.764130234718322754e-01
-2.903783619403839111e-01
-2.803379297256469727e-01
-2.856832444667816162e-01
-2.854551672935485840e-01
-2.735769748687744141e-01
-2.959130108356475830e-01
-2.798480093479156494e-01
-2.799947261810302734e-01
-2.832598984241485596e-01
-2.694379389286041260e-01
-2.892890572547912598e-01
-2.847840189933776855e-01
-2.900917232036590576e-01
-2.839679121971130371e-01
-2.835558950901031494e-01
-2.950135469436645508e-01
-2.880978584289550781e-01
-2.777771055698394775e-01
-2.910189628601074219e-01
-2.818659543991088867e-01
-2.937165796756744385e-01
-2.997151613235473633e-01
-2.845876216888427734e-01
-2.822106182575225830e-01
-2.925760746002197266e-01
-2.949523925781250000e-01
-3.027102053165435791e-01
-2.906208634376525879e-01
-3.057985603809356689e-01
-3.112644553184509277e-01
-3.021234273910522461e-01
-2.947864234447479248e-01
-2.863618135452270508e-01
-2.884027659893035889e-01
-2.935791611671447754e-01
-3.075491189956665039e-01
-3.018813431262969971e-01
-3.009833991527557373e-01
-3.059436380863189697e-01
-3.034555315971374512e-01
-3.008708059787750244e-01
-2.884466648101806641e-01
-2.985195219516754150e-01
-3.013578355312347412e-01
-3.110712170600891113e-01
-3.040254414081573486e-01
-3.065291047096252441e-01
-3.083618283271789551e-01
-3.173471093177795410e-01
-3.057301640510559082e-01
-3.032557368278503418e-01
-3.198208510875701904e-01
-3.086750805377960205e-01
-3.036296963691711426e-01
-3.039451241493225098e-01
-3.037540316581726074e-01
-3.124346435070037842e-01
-2.981312274932861328e-01
-3.071749210357666016e-01
-3.002169132232666016e-01
-2.986264526844024658e-01
-3.074306249618530273e-01
-3.063340187072753906e-01
-3.191761374473571777e-01
-3.142616748809814453e-01
-3.110254406929016113e-01
-3.120327293872833252e-01
-3.106892704963684082e-01
-3.101439177989959717e-01
-3.150226771831512451e-01
-3.113188743591308594e-01
-3.079024553298950195e-01
-3.202429711818695068e-01
-3.132988214492797852e-01
-3.085727989673614502e-01
-3.097895085811614990e-01
-3.270827531814575195e-01
-3.163770735263824463e-01
-3.192547559738159180e-01
-3.237093389034271240e-01
-3.097211718559265137e-01
-3.176543712615966797e-01
-3.256299793720245361e-01
-3.125032484531402588e-01
-3.180830478668212891e-01
-3.250112831592559814e-01
-3.188171386718750000e-01
-3.085280060768127441e-01
-3.263553380966186523e-01
-3.266959190368652344e-01
-3.134139478206634521e-01
-3.220722675323486328e-01
-3.214632868766784668e-01
-3.261043727397918701e-01
-3.154349327087402344e-01
-3.156923949718475342e-01
-3.279173672199249268e-01
-3.218711018562316895e-01
-3.232416510581970215e-01
-3.182201683521270752e-01
-3.173220157623291016e-01
-3.263473510742187500e-01
-3.137821257114410400e-01
-3.237958848476409912e-01
-3.316316008567810059e-01
-3.224713504314422607e-01
-3.243662416934967041e-01
-3.307942748069763184e-01
-3.267182111740112305e-01
-3.203402459621429443e-01
-3.346514403820037842e-01
-3.353067040443420410e-01
-3.385373055934906006e-01
-3.421970903873443604e-01
-3.441159129142761230e-01
-3.418672084808349609e-01
-3.395656347274780273e-01
-3.364680707454681396e-01
-3.435404598712921143e-01
-3.449833989143371582e-01
-3.471334278583526611e-01
-3.419390022754669189e-01
-3.477919399738311768e-01
-3.411695659160614014e-01
-3.485328555107116699e-01
-3.493639826774597168e-01
-3.488166630268096924e-01
-3.486079573631286621e-01
-3.506299257278442383e-01
-3.529139161109924316e-01
-3.445319533348083496e-01
-3.502052128314971924e-01
-3.588906824588775635e-01
-3.589282631874084473e-01
-3.565130829811096191e-01
-3.565151393413543701e-01
-3.526371717453002930e-01
-3.563937246799468994e-01
-3.601841628551483154e-01
-3.615052402019500732e-01
-3.529715538024902344e-01
-3.602764904499053955e-01
-3.551973104476928711e-01
-3.560417890548706055e-01
-3.592125475406646729e-01
-3.625958859920501709e-01
-3.570080697536468506e-01
-3.584891259670257568e-01
-3.621111512184143066e-01
-3.610919117927551270e-01
-3.642995655536651611e-01
-3.612287640571594238e-01
-3.645607233047485352e-01
-3.656090199947357178e-01
-3.593573868274688721e-01
-3.600930273532867432e-01
-3.610128164291381836e-01
-3.652494549751281738e-01
-3.685722649097442627e-01
-3.680509626865386963e-01
-3.628042042255401611e-01
-3.641627430915832520e-01
-3.642378449440002441e-01
-3.632532060146331787e-01
-3.665868937969207764e-01
-3.690097332000732422e-01
-3.622269332408905029e-01
-3.626206517219543457e-01
-3.695430159568786621e-01
-3.693643808364868164e-01
-3.639911413192749023e-01
-3.662675023078918457e-01
-3.649764358997344971e-01
-3.697139322757720947e-01
-3.657994866371154785e-01
-3.647711575031280518e-01
-3.669333457946777344e-01
-3.690312504768371582e-01
-3.669287860393524170e-01
-3.655514121055603027e-01
-3.679554462432861328e-01
-3.646937906742095947e-01
-3.704970777034759521e-01
-3.704811036586761475e-01
-3.673104941844940186e-01
-3.698293566703796387e-01
-3.686419427394866943e-01
-3.689564764499664307e-01
-3.715275526046752930e-01
-3.696005642414093018e-01
-3.641472160816192627e-01
-3.664436340332031250e-01
-3.730405867099761963e-01
-3.688031136989593506e-01
-3.696462213993072510e-01
-3.717871904373168945e-01
-3.643946647644042969e-01
-3.691809773445129395e-01
-3.677936792373657227e-01
-3.734867870807647705e-01
-3.707897961139678955e-01
-3.673200011253356934e-01
-3.707323670387268066e-01
-3.693180680274963379e-01
-3.692435622215270996e-01
-3.646164536476135254e-01
-3.751941621303558350e-01
-3.707225918769836426e-01
-3.688226044178009033e-01
-3.697769343852996826e-01
-3.750661611557006836e-01
-3.692467510700225830e-01
-3.716091215610504150e-01
-3.665650486946105957e-01
-3.652315735816955566e-01
-3.689448237419128418e-01
-3.716171085834503174e-01
-3.708054721355438232e-01
-3.735426962375640869e-01
-3.692006170749664307e-01
-3.683758080005645752e-01
-3.674687445163726807e-01
-3.723125755786895752e-01
-3.696720898151397705e-01
-3.714401721954345703e-01
-3.683782815933227539e-01
-3.667974174022674561e-01
-3.713499903678894043e-01
-3.717733025550842285e-01
-3.675176501274108887e-01
-3.711721301078796387e-01
-3.721708953380584717e-01
-3.693546950817108154e-01
-3.697411119937896729e-01
-3.719910085201263428e-01
-3.707605004310607910e-01
-3.728066384792327881e-01
-3.745281100273132324e-01
-3.681021928787231445e-01
-3.744841516017913818e-01
-3.703661262989044189e-01
-3.755335509777069092e-01
-3.687924146652221680e-01
-3.682115972042083740e-01
-3.699775338172912598e-01
-3.706535995006561279e-01
-3.722036182880401611e-01
-3.717491328716278076e-01
-3.688703179359436035e-01
-3.692327737808227539e-01
-3.715984821319580078e-01
-3.693201243877410889e-01
-3.665309548377990723e-01
-3.718187808990478516e-01
-3.673476874828338623e-01
-3.734263777732849121e-01
-3.711087107658386230e-01
-3.711994886398315430e-01
-3.722724020481109619e-01
-3.701833784580230713e-01
-3.724181056022644043e-01
-3.710748255252838135e-01
-3.704545199871063232e-01
-3.691147863864898682e-01
-3.709687292575836182e-01
-3.701997697353363037e-01
-3.671202361583709717e-01
-3.732934892177581787e-01
-3.695339262485504150e-01
-3.704959750175476074e-01
-3.742965757846832275e-01
-3.705183863639831543e-01
-3.690623342990875244e-01
-3.705743551254272461e-01
-3.705065846443176270e-01
-3.725764155387878418e-01
-3.694052100181579590e-01
-3.665707707405090332e-01
-3.654648363590240479e-01
-3.708716928958892822e-01
-3.706261515617370605e-01
-3.705981671810150146e-01
-3.682063817977905273e-01
-3.719494640827178955e-01
-3.709048628807067871e-01
-3.696232438087463379e-01
-3.685026168823242188e-01
-3.725006580352783203e-01
-3.715170919895172119e-01
-3.696782290935516357e-01
-3.701029717922210693e-01
-3.718298375606536865e-01
-3.727730512619018555e-01
-3.692699074745178223e-01
-3.684642910957336426e-01
-3.697726726531982422e-01
-3.713080286979675293e-01
-3.693837523460388184e-01
-3.704134523868560791e-01
-3.723658323287963867e-01
-3.654299080371856689e-01
-3.704139292240142822e-01
-3.707773387432098389e-01
-3.710101842880249023e-01
-3.731015324592590332e-01
-3.725380301475524902e-01
-3.706314265727996826e-01
-3.730917870998382568e-01
-3.689881265163421631e-01
-3.681334257125854492e-01
-3.637080788612365723e-01
-3.698065280914306641e-01
-3.692431747913360596e-01
-3.727184832096099854e-01
-3.695015907287597656e-01
-3.700716197490692139e-01
-3.714652061462402344e-01
-3.691205978393554688e-01
-3.730581104755401611e-01
-3.702572584152221680e-01
-3.670934736728668213e-01
-3.672045767307281494e-01
-3.712606430053710938e-01
-3.744910359382629395e-01
-3.702141940593719482e-01
-3.699858486652374268e-01
-3.713219463825225830e-01
-3.692089915275573730e-01
-3.673520386219024658e-01
-3.705132305622100830e-01
-3.716541230678558350e-01
-3.665626049041748047e-01
-3.738806843757629395e-01
-3.716715574264526367e-01
-3.720731437206268311e-01
-3.672783672809600830e-01
-3.716869056224822998e-01
-3.730033040046691895e-01
-3.719532489776611328e-01
-3.702407479286193848e-01
-3.712373375892639160e-01
-3.698318004608154297e-01
-3.690399229526519775e-01
-3.666653633117675781e-01
-3.707397580146789551e-01
-3.696208000183105469e-01
-3.717983365058898926e-01
-3.696266412734985352e-01
-3.639605641365051270e-01
-3.730185627937316895e-01
-3.657689094543457031e-01
-3.651883006095886230e-01
-3.723868429660797119e-01
-3.700306415557861328e-01
-3.725946247577667236e-01
-3.679315149784088135e-01
-3.703766465187072754e-01
-3.729726970195770264e-01
-3.704381287097930908e-01
-3.723566532135009766e-01
-3.722230195999145508e-01
-3.695333600044250488e-01
-3.688206076622009277e-01
-3.684089481830596924e-01
-3.680732548236846924e-01
-3.684333562850952148e-01
-3.686696290969848633e-01
-3.702730834484100342e-01
-3.704449832439422607e-01
-3.716807365417480469e-01
-3.683685660362243652e-01
-3.728800117969512939e-01
-3.676056563854217529e-01
-3.689042031764984131e-01
-3.680490851402282715e-01
-3.699561655521392822e-01
-3.674500584602355957e-01
-3.702580928802490234e-01
-3.699851036071777344e-01
-3.713560700416564941e-01
-3.697499334812164307e-01
-3.691709637641906738e-01
-3.694812655448913574e-01
-3.692193031311035156e-01
-3.669680655002593994e-01
-3.686747848987579346e-01
-3.718462884426116943e-01
-3.720355629920959473e-01
-3.704990148544311523e-01
-3.671403229236602783e-01
-3.671574592590332031e-01
-3.645519912242889404e-01
-3.686755299568176270e-01
-3.657563030719757080e-01
-3.726071119308471680e-01
-3.688668310642242432e-01
-3.687314391136169434e-01
-3.681536912918090820e-01
-3.692733645439147949e-01
-3.679224848747253418e-01
-3.713063895702362061e-01
-3.680644631385803223e-01
-3.696221113204956055e-01
-3.660238087177276611e-01
-3.725810647010803223e-01
-3.682749271392822266e-01
-3.671121299266815186e-01
-3.677316904067993164e-01
-3.666702210903167725e-01
-3.705956637859344482e-01
-3.696226775646209717e-01
-3.689968883991241455e-01
-3.693306744098663330e-01
-3.690440058708190918e-01
-3.689443767070770264e-01
-3.678279221057891846e-01
-3.706867694854736328e-01
-3.701930642127990723e-01
-3.655701279640197754e-01
-3.671903312206268311e-01
-3.697839975357055664e-01
-3.703617751598358154e-01
-3.675631582736968994e-01
-3.679886460304260254e-01
-3.686319887638092041e-01
-3.711238503456115723e-01
-3.679675161838531494e-01
-3.666574656963348389e-01
-3.691778481006622314e-01
-3.710490167140960693e-01
-3.680709898471832275e-01
-3.709873259067535400e-01
-3.706483840942382812e-01
-3.716191351413726807e-01
-3.683016300201416016e-01
-3.696070015430450439e-01
-3.696176111698150635e-01
-3.712681233882904053e-01
-3.711698353290557861e-01
-3.701404929161071777e-01
-3.679912388324737549e-01
-3.663734793663024902e-01
-3.714495301246643066e-01
-3.674893975257873535e-01
-3.696276545524597168e-01
-3.688608407974243164e-01
-3.703014552593231201e-01
-3.731238245964050293e-01
-3.746974468231201172e-01
-3.703846633434295654e-01
-3.660109937191009521e-01
-3.713434934616088867e-01
-3.694998025894165039e-01
-3.671366572380065918e-01
-3.705932199954986572e-01
-3.698425292968750000e-01
-3.695341944694519043e-01
-3.701024353504180908e-01
-3.694485425949096680e-01
-3.712500035762786865e-01
-3.690102696418762207e-01
-3.690369725227355957e-01
-3.679228425025939941e-01
-3.704739511013031006e-01
-3.657861351966857910e-01
-3.708706796169281006e-01
-3.702293634414672852e-01
-3.701575696468353271e-01
-3.673894703388214111e-01
-3.714097142219543457e-01
-3.665324449539184570e-01
-3.694663643836975098e-01
-3.735732138156890869e-01
-3.716415464878082275e-01
-3.711404204368591309e-01
-3.686540424823760986e-01
-3.718586564064025879e-01
-3.692117929458618164e-01
-3.686595559120178223e-01
-3.668926656246185303e-01
-3.754327297210693359e-01
-3.738222122192382812e-01
-3.699685335159301758e-01
-3.703982532024383545e-01
-3.699736893177032471e-01
-3.682439625263214111e-01
-3.666553199291229248e-01
-3.678659200668334961e-01
-3.694570362567901611e-01
-3.706718087196350098e-01
-3.697432577610015869e-01
-3.671229779720306396e-01
-3.700107634067535400e-01
-3.688762187957763672e-01
-3.695320487022399902e-01
-3.698282539844512939e-01
-3.668148815631866455e-01
-3.677269220352172852e-01
-3.711867630481719971e-01
-3.704255819320678711e-01
-3.672568500041961670e-01
-3.683562576770782471e-01
-3.687596023082733154e-01
-3.667293190956115723e-01
-3.656020164489746094e-01
-3.684418797492980957e-01
-3.659386932849884033e-01
-3.721782267093658447e-01
-3.700943887233734131e-01
-3.685705065727233887e-01
-3.651146292686462402e-01
-3.673532605171203613e-01
-3.681501746177673340e-01
-3.677512407302856445e-01
-3.701878786087036133e-01
-3.711289763450622559e-01
-3.683498501777648926e-01
-3.686814010143280029e-01
-3.712151348590850830e-01
-3.656109571456909180e-01
-3.693055808544158936e-01
-3.687201142311096191e-01
-3.735804259777069092e-01
-3.686625361442565918e-01
-3.667447268962860107e-01
-3.708628714084625244e-01
-3.695178329944610596e-01
-3.680939376354217529e-01
-3.687697052955627441e-01
-3.667193353176116943e-01
-3.706179261207580566e-01
-3.718371093273162842e-01
-3.714454174041748047e-01
-3.685705661773681641e-01
-3.696159720420837402e-01
-3.669823408126831055e-01
-3.654047250747680664e-01
-3.672085404396057129e-01
-3.688305914402008057e-01
-3.675586581230163574e-01
-3.693543672561645508e-01
-3.705833256244659424e-01
-3.688506186008453369e-01
-3.694599568843841553e-01
-3.701329231262207031e-01
-3.670192956924438477e-01
-3.694455027580261230e-01
-3.706223964691162109e-01
-3.710462152957916260e-01
-3.685390353202819824e-01
-3.692529201507568359e-01
-3.685532212257385254e-01
-3.717845976352691650e-01
-3.689539134502410889e-01
-3.671402335166931152e-01
-3.654034137725830078e-01
-3.686978220939636230e-01
-3.670920133590698242e-01
-3.686353862285614014e-01
-3.668688833713531494e-01
-3.725759387016296387e-01
-3.678036034107208252e-01
-3.683264851570129395e-01
-3.667947053909301758e-01
-3.666119277477264404e-01
-3.671776950359344482e-01
-3.701510727405548096e-01
-3.677721917629241943e-01
-3.675143420696258545e-01
-3.683242797851562500e-01
-3.668484091758728027e-01
-3.677054643630981445e-01
-3.705196082592010498e-01
-3.666207194328308105e-01
-3.654039204120635986e-01
-3.698415756225585938e-01
-3.690116107463836670e-01
-3.680279254913330078e-01
-3.657555878162384033e-01
-3.657304644584655762e-01
-3.682818114757537842e-01
-3.693501055240631104e-01
-3.664750456809997559e-01
-3.692383468151092529e-01
-3.725982606410980225e-01
-3.651459813117980957e-01
-3.671665787696838379e-01
-3.681433200836181641e-01
-3.671513795852661133e-01
-3.707159757614135742e-01
-3.669081628322601318e-01
-3.681242167949676514e-01
-3.669624626636505127e-01
-3.673978745937347412e-01
-3.679773509502410889e-01
-3.698861002922058105e-01
-3.696346879005432129e-01
-3.671459257602691650e-01
-3.694381117820739746e-01
-3.682042956352233887e-01
-3.673931956291198730e-01
-3.686845600605010986e-01
-3.677166402339935303e-01
-3.674770593643188477e-01
-3.701609969139099121e-01
-3.723858594894409180e-01
-3.712593913078308105e-01
-3.690393567085266113e-01
-3.686839640140533447e-01
-3.705691993236541748e-01
-3.672291934490203857e-01
-3.678429722785949707e-01
-3.688195943832397461e-01
-3.684962093830108643e-01
-3.704875409603118896e-01
-3.692570924758911133e-01
-3.656173050403594971e-01
-3.700945675373077393e-01
-3.655003011226654053e-01
-3.696235418319702148e-01
-3.680110275745391846e-01
-3.663260936737060547e-01
-3.704581260681152344e-01
-3.648926615715026855e-01
-3.681767880916595459e-01
-3.662577867507934570e-01
-3.698964118957519531e-01
-3.645673990249633789e-01
-3.658998310565948486e-01
-3.705537021160125732e-01
-3.660185635089874268e-01
-3.663584589958190918e-01
-3.697881996631622314e-01
-3.654081225395202637e-01
-3.691340386867523193e-01
-3.735590875148773193e-01
-3.670764267444610596e-01
-3.688955903053283691e-01
-3.677072823047637939e-01
-3.652322292327880859e-01
-3.714487254619598389e-01
-3.699436485767364502e-01
-3.740204572677612305e-01
-3.711182773113250732e-01
-3.690647482872009277e-01
-3.675433993339538574e-01
-3.667945563793182373e-01
-3.661918938159942627e-01
-3.648833036422729492e-01
-3.679344356060028076e-01
-3.684444725513458252e-01
-3.677428662776947021e-01
-3.679248392581939697e-01
-3.706151843070983887e-01
-3.726306855678558350e-01
-3.669803440570831299e-01
-3.691434860229492188e-01
-3.688349127769470215e-01
-3.657162785530090332e-01
-3.669474422931671143e-01
-3.697759509086608887e-01
-3.688766956329345703e-01
-3.695311844348907471e-01
-3.689710795879364014e-01
-3.702636063098907471e-01
-3.717486560344696045e-01
-3.708215355873107910e-01
-3.721383213996887207e-01
-3.732963204383850098e-01
-3.636710941791534424e-01
-3.684034943580627441e-01
-3.717964589595794678e-01
-3.671233654022216797e-01
-3.666999936103820801e-01
-3.642363548278808594e-01
-3.690935373306274414e-01
-3.725652992725372314e-01
-3.695521652698516846e-01
-3.668337166309356689e-01
-3.721522092819213867e-01
-3.693974316120147705e-01
-3.680416345596313477e-01
-3.664686083793640137e-01
-3.686051666736602783e-01
-3.689290285110473633e-01
-3.694222569465637207e-01
-3.703460395336151123e-01
-3.699205219745635986e-01
-3.685388863086700439e-01
-3.704858422279357910e-01
-3.676749765872955322e-01
-3.678139150142669678e-01
-3.703204989433288574e-01
-3.667071461677551270e-01
-3.706097006797790527e-01
-3.710818588733673096e-01
-3.679692447185516357e-01
-3.667841255664825439e-01
-3.696265518665313721e-01
-3.693564236164093018e-01
-3.691217005252838135e-01
-3.718523681163787842e-01
-3.699238598346710205e-01
-3.681120872497558594e-01
-3.700776398181915283e-01
-3.667081296443939209e-01
-3.712950050830841064e-01
-3.687222003936767578e-01
-3.671210408210754395e-01
-3.699372112751007080e-01
-3.677817583084106445e-01
-3.697491288185119629e-01
-3.687388598918914795e-01
-3.692030012607574463e-01
-3.705480098724365234e-01
-3.673732578754425049e-01
-3.727303147315979004e-01
-3.705134093761444092e-01
-3.684500157833099365e-01
-3.700907528400421143e-01
-3.700610697269439697e-01
-3.749074637889862061e-01
-3.676954209804534912e-01
-3.659105896949768066e-01
-3.690524101257324219e-01
-3.705158829689025879e-01
-3.706915378570556641e-01
-3.688758611679077148e-01
-3.709465265274047852e-01
-3.649264276027679443e-01
-3.620671629905700684e-01
-3.711932003498077393e-01
-3.653824627399444580e-01
-3.675439953804016113e-01
-3.691989779472351074e-01
-3.707952797412872314e-01
-3.694229722023010254e-01
-3.726311624050140381e-01
-3.753469884395599365e-01
-3.687442839145660400e-01
-3.692383170127868652e-01
-3.725939393043518066e-01
-3.686901330947875977e-01
-3.634881377220153809e-01
-3.717416524887084961e-01
-3.690777719020843506e-01
-3.692079782485961914e-01
-3.700711131095886230e-01
-3.695317208766937256e-01
-3.714012503623962402e-01
-3.702723979949951172e-01
-3.705607950687408447e-01
-3.689318299293518066e-01
-3.695897161960601807e-01
-3.683593273162841797e-01
-3.714535534381866455e-01
-3.698505163192749023e-01
-3.697713315486907959e-01
-3.704456984996795654e-01
-3.713395595550537109e-01
-3.686854839324951172e-01
-3.684433102607727051e-01
-3.690795004367828369e-01
-3.706932961940765381e-01
-3.711422085762023926e-01
-3.719003200531005859e-01
-3.703270852565765381e-01
-3.734967112541198730e-01
-3.676484227180480957e-01
-3.723808526992797852e-01
-3.700114786624908447e-01
-3.711828589439392090e-01
-3.704807162284851074e-01
-3.695460259914398193e-01
-3.741407692432403564e-01
-3.711373805999755859e-01
-3.697821497917175293e-01
-3.656919002532958984e-01
-3.692872226238250732e-01
-3.724895715713500977e-01
-3.723815679550170898e-01
-3.710718452930450439e-01
-3.719325065612792969e-01
-3.691977560520172119e-01
-3.740701973438262939e-01
-3.729100227355957031e-01
-3.756315112113952637e-01
-3.715046644210815430e-01
-3.756934702396392822e-01
-3.711510598659515381e-01
-3.705564141273498535e-01
-3.762334585189819336e-01
-3.719093203544616699e-01
-3.678214251995086670e-01
-3.719328641891479492e-01
-3.717163205146789551e-01
-3.739372491836547852e-01
-3.697663545608520508e-01
-3.736149966716766357e-01
-3.739195466041564941e-01
-3.729446232318878174e-01
-3.719731867313385010e-01
-3.714842498302459717e-01
-3.743790984153747559e-01
-3.723275661468505859e-01
-3.757731914520263672e-01
-3.705502450466156006e-01
-3.750200867652893066e-01
-3.709553778171539307e-01
-3.725925087928771973e-01
-3.701640665531158447e-01
-3.727307021617889404e-01
-3.748050630092620850e-01
-3.719324469566345215e-01
-3.732308447360992432e-01
-3.736907243728637695e-01
-3.709830045700073242e-01
-3.775068223476409912e-01
-3.753613829612731934e-01
-3.711724579334259033e-01
-3.719303011894226074e-01
-3.746362924575805664e-01
-3.761883080005645752e-01
-3.785510361194610596e-01
-3.729310929775238037e-01
-3.756087124347686768e-01
-3.731687068939208984e-01
-3.768355846405029297e-01
-3.724382817745208740e-01
-3.726727068424224854e-01
-3.742862641811370850e-01
-3.739030659198760986e-01
-3.740821778774261475e-01
-3.727034926414489746e-01
