-2.530209124088287354e-01
-2.910334467887878418e-01
-3.298202753067016602e-01
-3.654395043849945068e-01
-3.713114261627197266e-01
-3.757238388061523438e-01
-3.741568028926849365e-01
-3.726312518119812012e-01
-3.741244375705718994e-01
-3.750261366367340088e-01
-3.719984292984008789e-01
-3.760523796081542969e-01
-3.805874884128570557e-01
-3.826013803482055664e-01
-3.895473778247833252e-01
-3.901909589767456055e-01
-3.912076056003570557e-01
-3.928106725215911865e-01
-3.911105692386627197e-01
-3.932706415653228760e-01
-3.935834765434265137e-01
-3.926991522312164307e-01
-3.923689723014831543e-01
-3.937331736087799072e-01
-3.927565217018127441e-01
-3.947646021842956543e-01
-3.932918310165405273e-01
-3.962429761886596680e-01
-3.955241739749908447e-01
-3.960082530975341797e-01
-3.937984406948089600e-01
-3.961372971534729004e-01
-3.966129124164581299e-01
-3.956135213375091553e-01
-3.909751474857330322e-01
-3.962506949901580811e-01
-3.941932916641235352e-01
-3.955913782119750977e-01
-3.956808447837829590e-01
-3.944157063961029053e-01
-3.945913612842559814e-01
-3.972554802894592285e-01
-3.965714275836944580e-01
-3.965870440006256104e-01
-3.964055776596069336e-01
-3.970635235309600830e-01
-3.964900374412536621e-01
-3.961126208305358887e-01
-3.962168693542480469e-01
-3.961879014968872070e-01
-3.981193900108337402e-01
-3.968643248081207275e-01
-3.972652256488800049e-01
-3.952178657054901123e-01
-3.963421285152435303e-01
-3.970136046409606934e-01
-3.973096013069152832e-01
-3.973296284675598145e-01
-3.961839675903320312e-01
-3.961870372295379639e-01
-3.961633741855621338e-01
-3.953735828399658203e-01
-3.967183828353881836e-01
-3.971154987812042236e-01
-3.954381048679351807e-01
-3.949981033802032471e-01
-3.964106738567352295e-01
-3.962717950344085693e-01
-3.964638113975524902e-01
-3.954720199108123779e-01
-3.960032761096954346e-01
-3.979260325431823730e-01
-3.985205888748168945e-01
-3.983497321605682373e-01
-3.943713903427124023e-01
-3.967706263065338135e-01
-3.977936506271362305e-01
-3.971033394336700439e-01
-3.969700336456298828e-01
-3.979620933532714844e-01
-3.962636291980743408e-01
-3.960720598697662354e-01
-3.966528177261352539e-01
-3.969863355159759521e-01
-3.976897001266479492e-01
-3.970351815223693848e-01
-3.953369557857513428e-01
-3.960792720317840576e-01
-3.966819345951080322e-01
-3.969210088253021240e-01
-3.970064222812652588e-01
-3.956694304943084717e-01
-3.987397551536560059e-01
-3.979392945766448975e-01
-3.968054950237274170e-01
-3.940075337886810303e-01
-3.981151282787322998e-01
-3.970717191696166992e-01
-3.968937993049621582e-01
-3.984304070472717285e-01
-4.000887572765350342e-01
-3.953007757663726807e-01
-3.967625200748443604e-01
-3.979949951171875000e-01
-3.972999453544616699e-01
-3.968808054924011230e-01
-3.998158872127532959e-01
-3.990215957164764404e-01
-3.981803953647613525e-01
-3.981706798076629639e-01
-3.986969888210296631e-01
-3.979634344577789307e-01
-3.984668850898742676e-01
-3.964253664016723633e-01
-3.978937864303588867e-01
-3.994171619415283203e-01
-3.982131481170654297e-01
-3.982155323028564453e-01
-3.980514407157897949e-01
-4.008606374263763428e-01
-3.984838128089904785e-01
-3.996428251266479492e-01
-3.998253047466278076e-01
-3.998277485370635986e-01
-3.984046876430511475e-01
-3.993663489818572998e-01
-3.971226215362548828e-01
-3.999938368797302246e-01
-4.001243412494659424e-01
-3.991734087467193604e-01
-3.985609114170074463e-01
-3.994420170783996582e-01
-3.978324532508850098e-01
-4.007805585861206055e-01
-4.001874625682830811e-01
-3.990717828273773193e-01
-3.998447358608245850e-01
-4.003169834613800049e-01
-4.007239341735839844e-01
-3.974907100200653076e-01
-4.014122784137725830e-01
-4.004856646060943604e-01
-3.997695744037628174e-01
-4.008332490921020508e-01
-4.009585678577423096e-01
-4.006679952144622803e-01
-4.008002877235412598e-01
-4.018664658069610596e-01
-4.013257026672363281e-01
-4.001817107200622559e-01
-4.014556705951690674e-01
-4.007150232791900635e-01
-3.998194634914398193e-01
-4.005604982376098633e-01
-4.009834527969360352e-01
-4.003650844097137451e-01
-4.011307954788208008e-01
-4.000023603439331055e-01
-3.994959294795989990e-01
-3.996757268905639648e-01
-4.003372788429260254e-01
-4.014182686805725098e-01
-4.016804695129394531e-01
-4.017408788204193115e-01
-4.000201523303985596e-01
-4.012431204319000244e-01
-4.011009633541107178e-01
-4.014122486114501953e-01
-4.013583958148956299e-01
-4.003729820251464844e-01
-4.015646278858184814e-01
-4.019679427146911621e-01
-4.007923603057861328e-01
-4.014339148998260498e-01
-4.005429744720458984e-01
-4.025159180164337158e-01
-4.018192887306213379e-01
-4.023793637752532959e-01
-4.019173085689544678e-01
-4.020346105098724365e-01
-4.020587503910064697e-01
-4.020336270332336426e-01
-4.018251895904541016e-01
-4.022220373153686523e-01
-4.030174016952514648e-01
-4.023596048355102539e-01
-4.019630551338195801e-01
-4.013617634773254395e-01
-4.028873741626739502e-01
-4.034635722637176514e-01
-4.019753932952880859e-01
-4.020952880382537842e-01
-4.022767245769500732e-01
-4.007874429225921631e-01
-4.030104875564575195e-01
-4.017362594604492188e-01
-4.030512273311614990e-01
-4.033615589141845703e-01
-4.021461904048919678e-01
-4.023129045963287354e-01
-4.010356664657592773e-01
-4.037197828292846680e-01
-4.024993777275085449e-01
-4.024713337421417236e-01
-4.029620289802551270e-01
-4.031426608562469482e-01
-4.024549126625061035e-01
-4.016898572444915771e-01
-4.018106162548065186e-01
-4.024804830551147461e-01
-4.025686085224151611e-01
-4.025576114654541016e-01
-4.030389487743377686e-01
-4.024612009525299072e-01
-4.027339518070220947e-01
-4.028485119342803955e-01
-4.021061658859252930e-01
-4.027696549892425537e-01
-4.029146432876586914e-01
-4.026127755641937256e-01
-4.031306505203247070e-01
-4.020842611789703369e-01
-4.022408127784729004e-01
-4.041689336299896240e-01
-4.030672013759613037e-01
-4.020212888717651367e-01
-4.016628563404083252e-01
-4.031314551830291748e-01
-4.032791554927825928e-01
-4.037262499332427979e-01
-4.037094414234161377e-01
-4.019917547702789307e-01
-4.033954739570617676e-01
-4.025659859180450439e-01
-4.031137824058532715e-01
-4.034712314605712891e-01
-3.997706472873687744e-01
-4.029222428798675537e-01
-4.024701416492462158e-01
-4.025373160839080811e-01
-4.033403992652893066e-01
-4.025224745273590088e-01
-4.023714661598205566e-01
-4.040192067623138428e-01
-4.034744203090667725e-01
-4.040714502334594727e-01
-4.032723903656005859e-01
-4.034120440483093262e-01
-4.028197824954986572e-01
-4.038882553577423096e-01
-4.031345248222351074e-01
-4.029756486415863037e-01
-4.030956923961639404e-01
-4.033264219760894775e-01
-4.025556147098541260e-01
-4.030783474445343018e-01
-4.031189978122711182e-01
-4.033302068710327148e-01
-4.034932255744934082e-01
-4.017697572708129883e-01
-4.025230109691619873e-01
-4.031206667423248291e-01
-4.030804932117462158e-01
-4.031747579574584961e-01
-4.033898413181304932e-01
-4.025673270225524902e-01
-4.027675092220306396e-01
-4.041490554809570312e-01
-4.026899933815002441e-01
-4.032268226146697998e-01
-4.027219414710998535e-01
-4.037973582744598389e-01
-4.029745459556579590e-01
-4.033466577529907227e-01
-4.026171863079071045e-01
-4.032529592514038086e-01
-4.032982289791107178e-01
-4.029621481895446777e-01
-4.028570652008056641e-01
-4.038966298103332520e-01
-4.036748707294464111e-01
-4.030412733554840088e-01
-4.030883908271789551e-01
-4.022002518177032471e-01
-4.032148122787475586e-01
-4.031015336513519287e-01
-4.028196334838867188e-01
-4.018016159534454346e-01
-4.031907320022583008e-01
-4.032195508480072021e-01
-4.033466279506683350e-01
-4.034104347229003906e-01
-4.039557874202728271e-01
-4.029830098152160645e-01
-4.033243358135223389e-01
-4.040831923484802246e-01
-4.024334549903869629e-01
-4.029818177223205566e-01
-4.036148786544799805e-01
-4.027778208255767822e-01
-4.011892676353454590e-01
-4.028451442718505859e-01
-4.028781652450561523e-01
-4.031605720520019531e-01
-4.031763374805450439e-01
-4.024960398674011230e-01
-4.032643735408782959e-01
-4.033268392086029053e-01
-4.024353623390197754e-01
-4.040271043777465820e-01
-4.032400548458099365e-01
-4.039598405361175537e-01
-4.028290510177612305e-01
-4.036152362823486328e-01
-4.029969274997711182e-01
-4.035537838935852051e-01
-4.029133617877960205e-01
-4.037603735923767090e-01
-4.036296308040618896e-01
-4.033877551555633545e-01
-4.041158854961395264e-01
-4.032948613166809082e-01
-4.035670161247253418e-01
-4.045959413051605225e-01
-4.036211967468261719e-01
-4.028450846672058105e-01
-4.030596315860748291e-01
-4.038430452346801758e-01
-4.034389257431030273e-01
-4.021836519241333008e-01
-4.036329090595245361e-01
-4.034495651721954346e-01
-4.041252434253692627e-01
-4.041297733783721924e-01
-4.043977260589599609e-01
-4.029368758201599121e-01
-4.030415117740631104e-01
-4.037542343139648438e-01
-4.031275510787963867e-01
-4.032658040523529053e-01
-4.025377929210662842e-01
-4.034458100795745850e-01
-4.038507640361785889e-01
-4.037465751171112061e-01
-4.034325480461120605e-01
-4.031897783279418945e-01
-4.026503860950469971e-01
-4.035395383834838867e-01
-4.029678106307983398e-01
-4.037869870662689209e-01
-4.030443131923675537e-01
-4.032973647117614746e-01
-4.025316834449768066e-01
-4.030008018016815186e-01
-4.043465554714202881e-01
-4.021431207656860352e-01
-4.030999839305877686e-01
-4.038851857185363770e-01
-4.030537009239196777e-01
-4.034429788589477539e-01
-4.014528095722198486e-01
-4.042507410049438477e-01
-4.021291434764862061e-01
-4.034789502620697021e-01
-4.049451947212219238e-01
-4.023411571979522705e-01
-4.030056595802307129e-01
-4.032223224639892578e-01
-4.023956954479217529e-01
-4.036381244659423828e-01
-4.029164016246795654e-01
-4.050942361354827881e-01
-4.022938609123229980e-01
-4.035550653934478760e-01
-4.036605954170227051e-01
-4.037565886974334717e-01
-4.036698639392852783e-01
-4.028310179710388184e-01
-4.034986495971679688e-01
-4.025917351245880127e-01
-4.033862948417663574e-01
-4.014611244201660156e-01
-4.035164713859558105e-01
-4.043574333190917969e-01
-4.036886692047119141e-01
-4.034637808799743652e-01
-4.034215807914733887e-01
-4.032315015792846680e-01
-4.001559913158416748e-01
-4.022684097290039062e-01
-4.028506875038146973e-01
-4.018594622611999512e-01
-4.012328982353210449e-01
-4.038964509963989258e-01
-4.022483229637145996e-01
-4.030664563179016113e-01
-4.034517109394073486e-01
-4.037487506866455078e-01
-4.028945267200469971e-01
-4.031192362308502197e-01
-4.036600887775421143e-01
-4.035425484180450439e-01
-4.028378427028656006e-01
-4.036199152469635010e-01
-4.032647609710693359e-01
-4.028897881507873535e-01
-4.034717381000518799e-01
-4.025272130966186523e-01
-4.034052193164825439e-01
-4.018525183200836182e-01
-4.040736556053161621e-01
-4.033897519111633301e-01
-4.026518464088439941e-01
-4.022365510463714600e-01
-4.027428328990936279e-01
-4.034394621849060059e-01
-4.030407667160034180e-01
-4.033174216747283936e-01
-4.037012457847595215e-01
-4.037852883338928223e-01
-4.025233387947082520e-01
-4.026271402835845947e-01
-4.020408689975738525e-01
-4.041951298713684082e-01
-4.032316207885742188e-01
-4.033351540565490723e-01
-4.038688838481903076e-01
-4.012619554996490479e-01
-4.027613401412963867e-01
-4.022576808929443359e-01
-4.030192792415618896e-01
-4.028621315956115723e-01
-4.031527042388916016e-01
-4.039890170097351074e-01
-4.030655622482299805e-01
-4.033967256546020508e-01
-4.035438597202301025e-01
-4.032762348651885986e-01
-4.038836956024169922e-01
-4.031717181205749512e-01
-4.036840498447418213e-01
-4.037278294563293457e-01
-4.033382534980773926e-01
-4.027063250541687012e-01
-4.031006991863250732e-01
-4.032365083694458008e-01
-4.040333032608032227e-01
-4.029077291488647461e-01
-4.033920466899871826e-01
-4.039126038551330566e-01
-4.037699401378631592e-01
-4.025442600250244141e-01
-4.044482409954071045e-01
-4.040115475654602051e-01
-4.029186964035034180e-01
-4.030186831951141357e-01
-4.037806391716003418e-01
-4.036504626274108887e-01
-4.032933413982391357e-01
-4.033523499965667725e-01
-4.033780395984649658e-01
-4.034370779991149902e-01
-4.046436846256256104e-01
-4.037736654281616211e-01
-4.032051861286163330e-01
-4.041076004505157471e-01
-4.040089547634124756e-01
-4.034147262573242188e-01
-4.041790068149566650e-01
-4.029867053031921387e-01
-4.036787152290344238e-01
-4.041553437709808350e-01
-4.031739532947540283e-01
-4.026666581630706787e-01
-4.029008448123931885e-01
-4.041909873485565186e-01
-4.031588137149810791e-01
-4.023466110229492188e-01
-4.049824774265289307e-01
-4.032183587551116943e-01
-4.036437273025512695e-01
-4.039286077022552490e-01
-4.033253192901611328e-01
-4.029944539070129395e-01
-4.039750099182128906e-01
-4.046626389026641846e-01
-4.036961197853088379e-01
-4.043627083301544189e-01
-4.042451679706573486e-01
-4.042171537876129150e-01
-4.035058617591857910e-01
-4.038560688495635986e-01
-4.040955603122711182e-01
-4.039753973484039307e-01
-4.032278358936309814e-01
-4.040923416614532471e-01
-4.034606814384460449e-01
-4.038376212120056152e-01
-4.045158624649047852e-01
-4.038001596927642822e-01
-4.032971560955047607e-01
-4.045285880565643311e-01
-4.043525159358978271e-01
-4.031901061534881592e-01
-4.028494954109191895e-01
-4.032500088214874268e-01
-4.037298560142517090e-01
-4.039884507656097412e-01
-4.022668898105621338e-01
-4.034217894077301025e-01
-4.052336215972900391e-01
-4.033888578414916992e-01
-4.036798179149627686e-01
-4.029508531093597412e-01
-4.030615687370300293e-01
-4.041849374771118164e-01
-4.027852118015289307e-01
-4.041798710823059082e-01
-4.024233520030975342e-01
-4.039527475833892822e-01
-4.037911593914031982e-01
-4.032083451747894287e-01
-4.045410156250000000e-01
-4.033722579479217529e-01
-4.035724699497222900e-01
-4.033823013305664062e-01
-4.035108685493469238e-01
-4.043743908405303955e-01
-4.036637246608734131e-01
-4.042071998119354248e-01
-4.036047160625457764e-01
-4.043291211128234863e-01
-4.037295281887054443e-01
-4.041746854782104492e-01
-4.030434489250183105e-01
-4.044946730136871338e-01
-4.038939774036407471e-01
-4.041334986686706543e-01
-4.036771655082702637e-01
-4.032908380031585693e-01
-4.039163291454315186e-01
-4.036947488784790039e-01
-4.037730693817138672e-01
-4.039129018783569336e-01
-4.037181437015533447e-01
-4.045548737049102783e-01
-4.032688736915588379e-01
-4.029738306999206543e-01
-4.034836888313293457e-01
-4.040607213973999023e-01
-4.034787118434906006e-01
-4.046241641044616699e-01
-4.038961231708526611e-01
-4.037953317165374756e-01
-4.035791754722595215e-01
-4.040868878364562988e-01
-4.038881957530975342e-01
-4.041794538497924805e-01
-4.040595293045043945e-01
-4.036285281181335449e-01
-4.041228592395782471e-01
-4.035301804542541504e-01
-4.033199548721313477e-01
-4.039196670055389404e-01
-4.042136967182159424e-01
-4.041104614734649658e-01
-4.044371247291564941e-01
-4.049267172813415527e-01
-4.037633836269378662e-01
-4.043628275394439697e-01
-4.042530655860900879e-01
-4.027486741542816162e-01
-4.044461548328399658e-01
-4.041297733783721924e-01
-4.040122330188751221e-01
-4.034733772277832031e-01
-4.040483534336090088e-01
-4.038175046443939209e-01
-4.039949476718902588e-01
-4.041597545146942139e-01
-4.038719534873962402e-01
-4.041061103343963623e-01
-4.029513597488403320e-01
-4.036393463611602783e-01
-4.050954878330230713e-01
-4.041466414928436279e-01
-4.027749300003051758e-01
-4.033382833003997803e-01
-4.043576717376708984e-01
-4.048164784908294678e-01
-4.039760828018188477e-01
-4.039891958236694336e-01
-4.037093520164489746e-01
-4.043321013450622559e-01
-4.035851657390594482e-01
-4.043136537075042725e-01
-4.036237895488739014e-01
-4.040110707283020020e-01
-4.044540524482727051e-01
-4.042908251285552979e-01
-4.041276872158050537e-01
-4.043980240821838379e-01
-4.038418233394622803e-01
-4.045743942260742188e-01
-4.036843180656433105e-01
-4.044382274150848389e-01
-3.874396681785583496e-01
-3.980988860130310059e-01
-3.979147374629974365e-01
-3.993222117424011230e-01
-3.998844623565673828e-01
-4.042028486728668213e-01
-4.033249616622924805e-01
-4.015797972679138184e-01
-4.024115502834320068e-01
-4.033709466457366943e-01
-4.027031362056732178e-01
-4.029408395290374756e-01
-4.031196534633636475e-01
-4.029922485351562500e-01
-4.023661017417907715e-01
-4.032298624515533447e-01
-4.034660756587982178e-01
-4.040112197399139404e-01
-4.022588729858398438e-01
-4.038389921188354492e-01
-4.035575687885284424e-01
-4.027092158794403076e-01
-4.031261503696441650e-01
-4.024815857410430908e-01
-4.028863608837127686e-01
-4.031474590301513672e-01
-4.036757349967956543e-01
-4.032702744007110596e-01
-4.034021198749542236e-01
-4.033682048320770264e-01
-4.020750820636749268e-01
-4.041399061679840088e-01
-4.042953252792358398e-01
-4.036482572555541992e-01
-4.040242731571197510e-01
-4.037519097328186035e-01
-4.036733508110046387e-01
-4.038708209991455078e-01
-4.033410847187042236e-01
-4.034679532051086426e-01
-4.043255150318145752e-01
-4.043561518192291260e-01
-4.040399193763732910e-01
-4.038724601268768311e-01
-4.028786718845367432e-01
-4.040473699569702148e-01
-4.031912684440612793e-01
-4.030954539775848389e-01
-4.031374454498291016e-01
-4.042222797870635986e-01
-4.043559134006500244e-01
-4.042851626873016357e-01
-4.044097661972045898e-01
-4.038335382938385010e-01
-4.061338305473327637e-01
-4.030896723270416260e-01
-4.036827683448791504e-01
-4.033940732479095459e-01
-4.037231504917144775e-01
-4.036794006824493408e-01
-4.032227396965026855e-01
-4.036749899387359619e-01
-4.031276106834411621e-01
-4.035746157169342041e-01
-4.031190276145935059e-01
-4.035080373287200928e-01
-4.041250944137573242e-01
-4.034307897090911865e-01
-4.038400948047637939e-01
-4.033652245998382568e-01
-4.030834138393402100e-01
-4.044027030467987061e-01
-4.034546315670013428e-01
-4.044271409511566162e-01
-4.037162363529205322e-01
-4.034740626811981201e-01
-4.041555225849151611e-01
-4.034691154956817627e-01
-4.038294553756713867e-01
-4.045947492122650146e-01
-4.039152562618255615e-01
-4.037940204143524170e-01
-4.029980003833770752e-01
-4.037883877754211426e-01
-4.039527177810668945e-01
-4.036309719085693359e-01
-4.044709503650665283e-01
-4.039191305637359619e-01
-4.046140611171722412e-01
-4.029335379600524902e-01
-4.043755531311035156e-01
-4.043169021606445312e-01
-4.038112461566925049e-01
-4.038081467151641846e-01
-4.043201804161071777e-01
-4.040623903274536133e-01
-4.044872820377349854e-01
-4.040087461471557617e-01
-4.040018618106842041e-01
-4.050620794296264648e-01
-4.033291041851043701e-01
-4.038898348808288574e-01
-4.037908613681793213e-01
-4.032639265060424805e-01
-4.043703377246856689e-01
-4.034130275249481201e-01
-4.039636254310607910e-01
-4.047116041183471680e-01
-4.041979014873504639e-01
-4.035153985023498535e-01
-4.037788808345794678e-01
-4.034809470176696777e-01
-4.038266837596893311e-01
-4.041763246059417725e-01
-4.042871594429016113e-01
-4.040543138980865479e-01
-4.039678275585174561e-01
-4.040791392326354980e-01
-4.039870500564575195e-01
-4.044452905654907227e-01
-4.048323035240173340e-01
-4.032802879810333252e-01
-4.042427539825439453e-01
-4.037971794605255127e-01
-4.034403562545776367e-01
-4.037971198558807373e-01
-4.038254916667938232e-01
-4.040360152721405029e-01
-4.045205712318420410e-01
-4.032953083515167236e-01
-4.031941294670104980e-01
-4.048134088516235352e-01
-4.042495191097259521e-01
-4.040236175060272217e-01
-4.043028056621551514e-01
-4.050376713275909424e-01
-4.048273265361785889e-01
-4.036672115325927734e-01
-4.040879011154174805e-01
-4.040687978267669678e-01
-4.054651558399200439e-01
-4.033770263195037842e-01
-4.040844738483428955e-01
-4.042514264583587646e-01
-4.041972160339355469e-01
-4.037542045116424561e-01
-4.047167301177978516e-01
-4.051909744739532471e-01
-4.041249454021453857e-01
-4.040822684764862061e-01
-4.037047326564788818e-01
-4.044113159179687500e-01
-4.038814604282379150e-01
-4.042312800884246826e-01
-4.033271372318267822e-01
-4.055237472057342529e-01
-4.046434462070465088e-01
-4.042258262634277344e-01
-4.043232798576354980e-01
-4.041219949722290039e-01
-4.042513966560363770e-01
-4.034619033336639404e-01
-4.043028652667999268e-01
-4.043515622615814209e-01
-4.035772085189819336e-01
-4.040746688842773438e-01
-4.036571681499481201e-01
-4.038341641426086426e-01
-4.040352106094360352e-01
-4.047528803348541260e-01
-4.040532708168029785e-01
-4.045130014419555664e-01
-4.042170345783233643e-01
-4.041413962841033936e-01
-4.044219851493835449e-01
-4.038346409797668457e-01
-4.046317040920257568e-01
-4.037568271160125732e-01
-4.039593636989593506e-01
-4.043227136135101318e-01
-4.049161374568939209e-01
-4.035698175430297852e-01
-4.041072130203247070e-01
-4.040378630161285400e-01
-4.039680063724517822e-01
-4.047675728797912598e-01
-4.043646156787872314e-01
-4.041320085525512695e-01
-4.038901925086975098e-01
-4.039292335510253906e-01
-4.039500355720520020e-01
-4.048607051372528076e-01
-4.035713970661163330e-01
-4.037741124629974365e-01
-4.041078090667724609e-01
-4.043713212013244629e-01
-4.045006930828094482e-01
-4.047134518623352051e-01
-4.044994711875915527e-01
-4.043517708778381348e-01
-4.043987691402435303e-01
-4.037470817565917969e-01
-4.034775793552398682e-01
-4.037732481956481934e-01
-4.044220447540283203e-01
-4.043636918067932129e-01
-4.047223627567291260e-01
-4.039896130561828613e-01
-4.043088555335998535e-01
-4.046834111213684082e-01
-4.050319790840148926e-01
-4.040715396404266357e-01
-4.042803943157196045e-01
-4.042224586009979248e-01
-4.041339159011840820e-01
-4.036325812339782715e-01
-4.036077857017517090e-01
-4.037767350673675537e-01
-4.043535888195037842e-01
-4.042634069919586182e-01
-4.045516848564147949e-01
-4.043965935707092285e-01
-4.046807587146759033e-01
-4.044025242328643799e-01
-4.051617085933685303e-01
-4.040861129760742188e-01
-4.037779271602630615e-01
-4.046723842620849609e-01
-4.046415388584136963e-01
-4.037730395793914795e-01
-4.047092497348785400e-01
-4.044294059276580811e-01
-4.038268923759460449e-01
-4.038115441799163818e-01
-4.045816659927368164e-01
-4.047606885433197021e-01
-4.041639566421508789e-01
-4.043655991554260254e-01
-4.046607613563537598e-01
-4.045462608337402344e-01
-4.040484726428985596e-01
-4.045993089675903320e-01
-4.043250083923339844e-01
-4.038822650909423828e-01
-4.038109779357910156e-01
-4.038721919059753418e-01
-4.039070904254913330e-01
-4.041288495063781738e-01
-4.048134684562683105e-01
-4.043909311294555664e-01
-4.039196074008941650e-01
-4.044401943683624268e-01
-4.049025774002075195e-01
-4.041846990585327148e-01
-4.046513736248016357e-01
-4.045732319355010986e-01
-4.045623242855072021e-01
-4.043931663036346436e-01
-4.039045274257659912e-01
-4.039703309535980225e-01
-4.043003022670745850e-01
-4.040392339229583740e-01
-4.044455587863922119e-01
-4.044332802295684814e-01
-4.043768942356109619e-01
-4.045298099517822266e-01
-4.042060375213623047e-01
-4.044592976570129395e-01
-4.037281274795532227e-01
-4.044413566589355469e-01
-4.038086533546447754e-01
-4.042792320251464844e-01
-4.045208692550659180e-01
-4.048864543437957764e-01
-4.047356545925140381e-01
-4.046558737754821777e-01
-4.044966697692871094e-01
-4.042084813117980957e-01
-4.042946994304656982e-01
-4.046383798122406006e-01
-4.046837985515594482e-01
-4.040413200855255127e-01
-4.045143723487854004e-01
-4.042402207851409912e-01
-4.049121737480163574e-01
-4.044997990131378174e-01
-4.048580229282379150e-01
-4.037898778915405273e-01
-4.043839573860168457e-01
-4.044692516326904297e-01
-4.045605361461639404e-01
-4.047924280166625977e-01
-4.040540754795074463e-01
-4.047070443630218506e-01
-4.044046401977539062e-01
-4.041575789451599121e-01
-4.046278297901153564e-01
-4.042256176471710205e-01
-4.046808481216430664e-01
-4.047101140022277832e-01
-4.045738577842712402e-01
-4.044344127178192139e-01
-4.046781361103057861e-01
-4.038364291191101074e-01
-4.041394293308258057e-01
-4.036701023578643799e-01
-4.044947326183319092e-01
-4.041237831115722656e-01
-4.047994911670684814e-01
-4.037432372570037842e-01
-4.051688909530639648e-01
-4.037983715534210205e-01
-4.045468270778656006e-01
-4.036752283573150635e-01
-4.042851924896240234e-01
-4.043001830577850342e-01
-4.050681889057159424e-01
-4.052489995956420898e-01
-4.044305980205535889e-01
-4.052872359752655029e-01
-4.045079946517944336e-01
-4.048786461353302002e-01
-4.039346873760223389e-01
-4.041829109191894531e-01
-4.044685065746307373e-01
-4.042978584766387939e-01
-4.055017232894897461e-01
-4.043380320072174072e-01
-4.048096239566802979e-01
-4.050987064838409424e-01
-4.040025770664215088e-01
-4.042747318744659424e-01
-4.046865701675415039e-01
-4.039141237735748291e-01
-4.042786955833435059e-01
-4.044798016548156738e-01
-4.042963683605194092e-01
-4.044355154037475586e-01
-4.049709439277648926e-01
-4.049987792968750000e-01
-4.042883813381195068e-01
-4.046777784824371338e-01
-4.043955206871032715e-01
-4.045641124248504639e-01
-4.050602316856384277e-01
-4.045217335224151611e-01
-4.044712781906127930e-01
-4.053721427917480469e-01
-4.039519429206848145e-01
-4.050701260566711426e-01
-4.043862819671630859e-01
-4.055362641811370850e-01
-4.046567976474761963e-01
-4.049936830997467041e-01
-4.048761427402496338e-01
-4.051437079906463623e-01
-4.047114253044128418e-01
-4.042010307312011719e-01
-4.038042426109313965e-01
-4.035899639129638672e-01
-4.042539894580841064e-01
-4.045827090740203857e-01
-4.039295315742492676e-01
-4.040474593639373779e-01
-4.050205051898956299e-01
-4.045601189136505127e-01
-4.054762721061706543e-01
-4.039712548255920410e-01
-4.048547446727752686e-01
-4.042439460754394531e-01
-4.041336178779602051e-01
-4.047299921512603760e-01
-4.043093025684356689e-01
-4.049425423145294189e-01
-4.046912193298339844e-01
-4.046369493007659912e-01
-4.048138558864593506e-01
-4.045674502849578857e-01
-4.043934941291809082e-01
-4.049887657165527344e-01
-4.047955870628356934e-01
-4.041707813739776611e-01
-4.051210880279541016e-01
-4.043055474758148193e-01
-4.046169519424438477e-01
-4.048082232475280762e-01
-4.044652581214904785e-01
-4.046460688114166260e-01
-4.050157964229583740e-01
-4.047398865222930908e-01
-4.045404791831970215e-01
-4.048236608505249023e-01
-4.050210714340209961e-01
-4.042336642742156982e-01
