-8.419229090213775635e-02
-1.728169322013854980e-01
-1.961958110332489014e-01
-2.119732350111007690e-01
-2.247109562158584595e-01
-2.428532987833023071e-01
-2.574555277824401855e-01
-2.685748338699340820e-01
-2.785356640815734863e-01
-2.688116431236267090e-01
-2.746309936046600342e-01
-2.814717292785644531e-01
-2.787227034568786621e-01
-2.895052731037139893e-01
-2.847718000411987305e-01
-2.956603467464447021e-01
-3.128492534160614014e-01
-3.081912398338317871e-01
-3.163222670555114746e-01
-3.052842915058135986e-01
-3.125170767307281494e-01
-3.126757740974426270e-01
-3.178478479385375977e-01
-3.144132792949676514e-01
-3.262466490268707275e-01
-3.355801403522491455e-01
-3.340561985969543457e-01
-3.383316695690155029e-01
-3.386580944061279297e-01
-3.481328785419464111e-01
-3.536448478698730469e-01
-3.549741208553314209e-01
-3.590374290943145752e-01
-3.613893389701843262e-01
-3.635429143905639648e-01
-3.669630289077758789e-01
-3.685739040374755859e-01
-3.689793646335601807e-01
-3.710160851478576660e-01
-3.730538189411163330e-01
-3.726917803287506104e-01
-3.718512356281280518e-01
-3.737598359584808350e-01
-3.739452958106994629e-01
-3.722710311412811279e-01
-3.726546764373779297e-01
-3.752672374248504639e-01
-3.734186589717864990e-01
-3.770423531532287598e-01
-3.761776089668273926e-01
-3.764426410198211670e-01
-3.738188445568084717e-01
-3.779031336307525635e-01
-3.772197961807250977e-01
-3.752572536468505859e-01
-3.759315013885498047e-01
-3.749068975448608398e-01
-3.761187791824340820e-01
-3.759407997131347656e-01
-3.771501183509826660e-01
-3.766510188579559326e-01
-3.740790784358978271e-01
-3.754850625991821289e-01
-3.775634765625000000e-01
-3.726840913295745850e-01
-3.738137483596801758e-01
-3.742814660072326660e-01
-3.748617470264434814e-01
-3.788907229900360107e-01
-3.788342177867889404e-01
-3.741137385368347168e-01
-3.758702874183654785e-01
-3.770443201065063477e-01
-3.775677382946014404e-01
-3.748711645603179932e-01
-3.759037852287292480e-01
-3.720711767673492432e-01
-3.791647851467132568e-01
-3.765903711318969727e-01
-3.736012578010559082e-01
-3.771607577800750732e-01
-3.752491772174835205e-01
-3.746262788772583008e-01
-3.766126632690429688e-01
-3.745015561580657959e-01
-3.734333515167236328e-01
-3.746375739574432373e-01
-3.754340708255767822e-01
-3.752449452877044678e-01
-3.784431517124176025e-01
-3.803845047950744629e-01
-3.815509676933288574e-01
-3.811847567558288574e-01
-3.841093778610229492e-01
-3.836849927902221680e-01
-3.805930912494659424e-01
-3.828096389770507812e-01
-3.840704858303070068e-01
-3.874448835849761963e-01
-3.839747905731201172e-01
-3.889804184436798096e-01
-3.875365853309631348e-01
-3.851289153099060059e-01
-3.864028453826904297e-01
-3.870821297168731689e-01
-3.907939195632934570e-01
-3.894152343273162842e-01
-3.906258046627044678e-01
-3.875298500061035156e-01
-3.898998498916625977e-01
-3.870190382003784180e-01
-3.889005184173583984e-01
-3.898610770702362061e-01
-3.896668553352355957e-01
-3.895753026008605957e-01
-3.896503746509552002e-01
-3.903372883796691895e-01
-3.916510641574859619e-01
-3.882741928100585938e-01
-3.922283947467803955e-01
-3.895517289638519287e-01
-3.922034204006195068e-01
-3.896190226078033447e-01
-3.922402560710906982e-01
-3.926980495452880859e-01
-3.919011354446411133e-01
-3.893902003765106201e-01
-3.909249007701873779e-01
-3.932951390743255615e-01
-3.918401598930358887e-01
-3.910612463951110840e-01
-3.902806937694549561e-01
-3.910021483898162842e-01
-3.941066861152648926e-01
-3.937811851501464844e-01
-3.909343481063842773e-01
-3.919404149055480957e-01
-3.931807875633239746e-01
-3.916952610015869141e-01
-3.904074728488922119e-01
-3.949471712112426758e-01
-3.904730975627899170e-01
-3.917868137359619141e-01
-3.944696187973022461e-01
-3.922780454158782959e-01
-3.921586275100708008e-01
-3.934012651443481445e-01
-3.919822871685028076e-01
-3.924075663089752197e-01
-3.926585018634796143e-01
-3.920891582965850830e-01
-3.900853395462036133e-01
-3.928407728672027588e-01
-3.906749784946441650e-01
-3.925248682498931885e-01
-3.927891254425048828e-01
-3.923765420913696289e-01
-3.921696245670318604e-01
-3.917859494686126709e-01
-3.931706547737121582e-01
-3.935722708702087402e-01
-3.919649720191955566e-01
-3.933838605880737305e-01
-3.934997618198394775e-01
-3.912126719951629639e-01
-3.935197889804840088e-01
-3.898176550865173340e-01
-3.927578330039978027e-01
-3.911144733428955078e-01
-3.916633725166320801e-01
-3.929353356361389160e-01
-3.922426104545593262e-01
-3.917235732078552246e-01
-3.919210135936737061e-01
-3.921259641647338867e-01
-3.934348225593566895e-01
-3.923226892948150635e-01
-3.918760418891906738e-01
-3.944026827812194824e-01
-3.917398452758789062e-01
-3.922617733478546143e-01
-3.945108056068420410e-01
-3.920581638813018799e-01
-3.928203880786895752e-01
-3.904287815093994141e-01
-3.957864642143249512e-01
-3.921246528625488281e-01
-3.925506472587585449e-01
-3.931011259555816650e-01
-3.924093246459960938e-01
-3.930013179779052734e-01
-3.945316970348358154e-01
-3.927054405212402344e-01
-3.924812972545623779e-01
-3.934895694255828857e-01
-3.921605944633483887e-01
-3.931029140949249268e-01
-3.946770131587982178e-01
-3.939676582813262939e-01
-3.928465545177459717e-01
-3.918552994728088379e-01
-3.932874202728271484e-01
-3.918733596801757812e-01
-3.937089741230010986e-01
-3.930355906486511230e-01
-3.926940858364105225e-01
-3.924227952957153320e-01
-3.938693702220916748e-01
-3.924204707145690918e-01
-3.938058614730834961e-01
-3.945263624191284180e-01
-3.928419947624206543e-01
-3.913702368736267090e-01
-3.935542106628417969e-01
-3.922304511070251465e-01
-3.938564956188201904e-01
-3.951468467712402344e-01
-3.935582041740417480e-01
-3.933405876159667969e-01
-3.922634422779083252e-01
-3.947641551494598389e-01
-3.923996090888977051e-01
-3.945300877094268799e-01
-3.943468630313873291e-01
-3.938485085964202881e-01
-3.943959772586822510e-01
-3.935962915420532227e-01
-3.944335579872131348e-01
-3.930972814559936523e-01
-3.938319087028503418e-01
-3.946075737476348877e-01
-3.921130895614624023e-01
-3.947156965732574463e-01
-3.929634988307952881e-01
-3.934927880764007568e-01
-3.947180807590484619e-01
-3.952392339706420898e-01
-3.934680223464965820e-01
-3.926913440227508545e-01
-3.940147757530212402e-01
-3.925031721591949463e-01
-3.935571908950805664e-01
-3.931111395359039307e-01
-3.942857980728149414e-01
-3.948684632778167725e-01
-3.913113176822662354e-01
-3.936907947063446045e-01
-3.940676748752593994e-01
-3.934673666954040527e-01
-3.948782980442047119e-01
-3.957262635231018066e-01
-3.951827883720397949e-01
-3.943978548049926758e-01
-3.937285244464874268e-01
-3.935944736003875732e-01
-3.942440152168273926e-01
-3.962501585483551025e-01
-3.939695060253143311e-01
-3.955670893192291260e-01
-3.939405679702758789e-01
-3.938098847866058350e-01
-3.953702449798583984e-01
-3.939661979675292969e-01
-3.936152160167694092e-01
-3.977172672748565674e-01
-3.949176371097564697e-01
-3.954173028469085693e-01
-3.949191570281982422e-01
-3.932907283306121826e-01
-3.962479829788208008e-01
-3.954841196537017822e-01
-3.947302699089050293e-01
-3.959065973758697510e-01
-3.931335508823394775e-01
-3.952931463718414307e-01
-3.951991498470306396e-01
-3.940068185329437256e-01
-3.942706882953643799e-01
-3.941244482994079590e-01
-3.939744234085083008e-01
-3.972575664520263672e-01
-3.954527080059051514e-01
-3.960142135620117188e-01
-3.969429433345794678e-01
-3.947445154190063477e-01
-3.960573673248291016e-01
-3.955951333045959473e-01
-3.945020139217376709e-01
-3.951245248317718506e-01
-3.946765065193176270e-01
-3.956423401832580566e-01
-3.943135440349578857e-01
-3.939846158027648926e-01
-3.951725065708160400e-01
-3.956594169139862061e-01
-3.967539668083190918e-01
-3.958875238895416260e-01
-3.958457112312316895e-01
-3.956843316555023193e-01
-3.953410089015960693e-01
-3.936944305896759033e-01
-3.958611488342285156e-01
-3.944860696792602539e-01
-3.949682116508483887e-01
-3.964707255363464355e-01
-3.963440358638763428e-01
-3.931912481784820557e-01
-3.959925770759582520e-01
-3.929814696311950684e-01
-3.953332602977752686e-01
-3.941929042339324951e-01
-3.946919441223144531e-01
-3.953534066677093506e-01
-3.930144011974334717e-01
-3.952971100807189941e-01
-3.950142562389373779e-01
-3.936233818531036377e-01
-3.941425383090972900e-01
-3.946222066879272461e-01
-3.944990634918212891e-01
-3.952875435352325439e-01
-3.964157700538635254e-01
-3.953057825565338135e-01
-3.946475088596343994e-01
-3.955061137676239014e-01
-3.934324383735656738e-01
-3.939733505249023438e-01
-3.967515826225280762e-01
-3.945184350013732910e-01
-3.955590128898620605e-01
-3.947744667530059814e-01
-3.957594037055969238e-01
-3.958394527435302734e-01
-3.957293927669525146e-01
-3.954044282436370850e-01
-3.969145417213439941e-01
-3.947611749172210693e-01
-3.951663076877593994e-01
-3.936438858509063721e-01
-3.949876129627227783e-01
-3.949419856071472168e-01
-3.946242034435272217e-01
-3.956849873065948486e-01
-3.956835269927978516e-01
-3.946004509925842285e-01
-3.950619399547576904e-01
-3.942230939865112305e-01
-3.943302035331726074e-01
-3.945919871330261230e-01
-3.953494727611541748e-01
-3.968433439731597900e-01
-3.957577347755432129e-01
-3.961713016033172607e-01
-3.957509100437164307e-01
-3.964518308639526367e-01
-3.948916792869567871e-01
-3.961578309535980225e-01
-3.980651795864105225e-01
-3.960504233837127686e-01
-3.956533074378967285e-01
-3.946512937545776367e-01
-3.964335322380065918e-01
-3.944156467914581299e-01
-3.961309790611267090e-01
-3.942238092422485352e-01
-3.967165052890777588e-01
-3.944300413131713867e-01
-3.963138461112976074e-01
-3.948180079460144043e-01
-3.967006802558898926e-01
-3.961901366710662842e-01
-3.976978361606597900e-01
-3.967154920101165771e-01
-3.956719338893890381e-01
-3.965361416339874268e-01
-3.965862989425659180e-01
-3.960457146167755127e-01
-3.952154517173767090e-01
-3.946393430233001709e-01
-3.946443498134613037e-01
-3.956894576549530029e-01
-3.954960703849792480e-01
-3.963220715522766113e-01
-3.968597948551177979e-01
-3.959470689296722412e-01
-3.970740139484405518e-01
-3.955201506614685059e-01
-3.948200345039367676e-01
-3.947103023529052734e-01
-3.963511884212493896e-01
-3.956474065780639648e-01
-3.966726660728454590e-01
-3.954729735851287842e-01
-3.977628350257873535e-01
-3.971059918403625488e-01
-3.964181542396545410e-01
-3.964965641498565674e-01
-3.963726758956909180e-01
-3.944250941276550293e-01
-3.955484628677368164e-01
-3.953374028205871582e-01
-3.957360088825225830e-01
-3.953568637371063232e-01
-3.966567218303680420e-01
-3.956652283668518066e-01
-3.948436975479125977e-01
-3.961708247661590576e-01
-3.964438438415527344e-01
-3.955200910568237305e-01
-3.958986997604370117e-01
-3.990774154663085938e-01
-3.967235684394836426e-01
-3.965451717376708984e-01
-3.951926827430725098e-01
-3.943853080272674561e-01
-3.958302140235900879e-01
-3.969553112983703613e-01
-3.957259356975555420e-01
-3.961846530437469482e-01
-3.965533971786499023e-01
-3.968748450279235840e-01
-3.977765440940856934e-01
-3.964705765247344971e-01
-3.983343839645385742e-01
-3.976233303546905518e-01
-3.958787322044372559e-01
-3.953013718128204346e-01
-3.958769142627716064e-01
-3.964323103427886963e-01
-3.960045576095581055e-01
-3.973512053489685059e-01
-3.966950774192810059e-01
-3.966034054756164551e-01
-3.969297409057617188e-01
-3.984893262386322021e-01
-3.975352942943572998e-01
-3.970621526241302490e-01
-3.983728587627410889e-01
-3.989832401275634766e-01
-3.987073302268981934e-01
-3.967071473598480225e-01
-3.955905735492706299e-01
-3.979845046997070312e-01
-3.956871330738067627e-01
-3.971254527568817139e-01
-3.967420160770416260e-01
-3.980784714221954346e-01
-3.969585597515106201e-01
-3.959682583808898926e-01
-3.977173566818237305e-01
-3.971944749355316162e-01
-3.961106538772583008e-01
-3.967623412609100342e-01
-3.971993625164031982e-01
-3.956393897533416748e-01
-3.957074284553527832e-01
-3.965168595314025879e-01
-3.973650932312011719e-01
-3.975258171558380127e-01
-3.969166874885559082e-01
-3.954386711120605469e-01
-3.982353806495666504e-01
-3.970866799354553223e-01
-3.967307507991790771e-01
-3.966563045978546143e-01
-3.962543904781341553e-01
-3.971149623394012451e-01
-3.973855376243591309e-01
-3.978901505470275879e-01
-3.960075676441192627e-01
-3.974898755550384521e-01
-3.981270790100097656e-01
-3.962098956108093262e-01
-3.977885246276855469e-01
-3.972420692443847656e-01
-3.963493704795837402e-01
-3.964730203151702881e-01
-3.966816365718841553e-01
-3.957055807113647461e-01
-3.964684307575225830e-01
-3.948764204978942871e-01
-3.989349901676177979e-01
-3.973174095153808594e-01
-3.957364559173583984e-01
-3.982701301574707031e-01
-3.982116281986236572e-01
-3.969619274139404297e-01
-3.983337879180908203e-01
-3.964391946792602539e-01
-3.975461125373840332e-01
-3.985906243324279785e-01
-3.973521590232849121e-01
-3.978548645973205566e-01
-3.979308605194091797e-01
-3.984854519367218018e-01
-3.964962065219879150e-01
-3.962252438068389893e-01
-3.979968130588531494e-01
-3.958324790000915527e-01
-3.966611325740814209e-01
-3.955120146274566650e-01
-3.974089026451110840e-01
-3.971184194087982178e-01
-3.972089290618896484e-01
-3.967334628105163574e-01
-3.964576125144958496e-01
-3.972656726837158203e-01
-3.967191278934478760e-01
-3.978330194950103760e-01
-3.962096571922302246e-01
-3.978441655635833740e-01
-3.964666426181793213e-01
-3.982172906398773193e-01
-3.967224359512329102e-01
-3.951776027679443359e-01
-3.981077373027801514e-01
-3.964342176914215088e-01
-3.973855376243591309e-01
-3.967043459415435791e-01
-3.971617817878723145e-01
-3.985081315040588379e-01
-3.979097008705139160e-01
-3.990707397460937500e-01
-3.958632946014404297e-01
-3.978975713253021240e-01
-3.975811600685119629e-01
-3.975402414798736572e-01
-3.971762955188751221e-01
-3.976646661758422852e-01
-3.967511653900146484e-01
-3.978742361068725586e-01
-3.971765637397766113e-01
-3.985956311225891113e-01
-3.966757953166961670e-01
-3.993009030818939209e-01
-3.975296616554260254e-01
-3.970339894294738770e-01
-3.985567986965179443e-01
-3.974596858024597168e-01
-3.968837559223175049e-01
-3.980762660503387451e-01
-3.985527753829956055e-01
-3.966729342937469482e-01
-3.969973027706146240e-01
-3.974107801914215088e-01
-3.976477980613708496e-01
-3.971982300281524658e-01
-3.960492610931396484e-01
-3.961068093776702881e-01
-3.980477452278137207e-01
-3.951842188835144043e-01
-3.982998728752136230e-01
-3.958705961704254150e-01
-3.975593745708465576e-01
-3.985553681850433350e-01
-3.977140486240386963e-01
-3.972099423408508301e-01
-3.982650935649871826e-01
-3.973613679409027100e-01
-3.970463871955871582e-01
-3.965499997138977051e-01
-3.975644707679748535e-01
-3.968406319618225098e-01
-3.972197175025939941e-01
-3.986360430717468262e-01
-3.968999087810516357e-01
-3.964559733867645264e-01
-3.979147374629974365e-01
-3.988055288791656494e-01
-3.968307673931121826e-01
-3.981067538261413574e-01
-3.977649807929992676e-01
-3.977148830890655518e-01
-3.977630138397216797e-01
-3.989293277263641357e-01
-3.962030708789825439e-01
-3.980774879455566406e-01
-3.976636826992034912e-01
-3.982742428779602051e-01
-3.962020277976989746e-01
-3.979850709438323975e-01
-3.958941698074340820e-01
-3.988401591777801514e-01
-3.982081711292266846e-01
-3.979066908359527588e-01
-3.971076607704162598e-01
-3.975970149040222168e-01
-3.969466686248779297e-01
-3.981472849845886230e-01
-3.972122073173522949e-01
-3.971632122993469238e-01
-3.969861865043640137e-01
-3.970480263233184814e-01
-3.971593081951141357e-01
-3.988229930400848389e-01
-3.991683423519134521e-01
-3.968769013881683350e-01
-3.964337110519409180e-01
-3.989086449146270752e-01
-3.980797231197357178e-01
-3.975731730461120605e-01
-3.981912732124328613e-01
-3.978604674339294434e-01
-3.973976671695709229e-01
-3.965556025505065918e-01
-3.985100984573364258e-01
-3.973499536514282227e-01
-3.963034152984619141e-01
-3.975117206573486328e-01
-3.970727026462554932e-01
-3.972531259059906006e-01
-3.966173231601715088e-01
-3.984417319297790527e-01
-3.984788954257965088e-01
-4.000334441661834717e-01
-3.985183238983154297e-01
-3.987800180912017822e-01
-3.980389535427093506e-01
-3.967119455337524414e-01
-3.970185816287994385e-01
-3.976497352123260498e-01
-3.966844379901885986e-01
-3.985757231712341309e-01
-3.986702561378479004e-01
-3.974367678165435791e-01
-3.986672461032867432e-01
-3.985472321510314941e-01
-3.975471258163452148e-01
-3.963845968246459961e-01
-3.994696438312530518e-01
-3.948628902435302734e-01
-3.967350423336029053e-01
-3.973323404788970947e-01
-3.971346914768218994e-01
-3.985944688320159912e-01
-3.962223529815673828e-01
-3.969208598136901855e-01
-3.981670439243316650e-01
-3.979673981666564941e-01
-3.974712491035461426e-01
-3.958822488784790039e-01
-3.980738520622253418e-01
-3.979318141937255859e-01
-3.986483514308929443e-01
-3.976998031139373779e-01
-3.979228436946868896e-01
-3.986119627952575684e-01
-3.989791870117187500e-01
-3.971343040466308594e-01
-3.996973931789398193e-01
-3.972105085849761963e-01
-3.983961939811706543e-01
-3.962865769863128662e-01
-3.969389796257019043e-01
-3.967249393463134766e-01
-3.995390832424163818e-01
-3.985757827758789062e-01
-3.998503983020782471e-01
-3.984291255474090576e-01
-3.985924422740936279e-01
-3.990152776241302490e-01
-3.967589735984802246e-01
-3.980588316917419434e-01
-3.973299264907836914e-01
-3.978023827075958252e-01
-3.990755379199981689e-01
-4.000065922737121582e-01
-3.982696533203125000e-01
-3.976350128650665283e-01
-3.979634344577789307e-01
-3.984061479568481445e-01
-3.985307514667510986e-01
-3.979818820953369141e-01
-3.980890512466430664e-01
-3.979485332965850830e-01
-3.974201381206512451e-01
-3.976262509822845459e-01
-3.974786996841430664e-01
-3.978390693664550781e-01
-3.957176506519317627e-01
-3.983751833438873291e-01
-3.979782760143280029e-01
-3.986698687076568604e-01
-3.985379040241241455e-01
-3.958195149898529053e-01
-3.987383842468261719e-01
-3.989530801773071289e-01
-3.975474536418914795e-01
-3.961143791675567627e-01
-3.974249660968780518e-01
-4.000247716903686523e-01
-3.981249630451202393e-01
-4.000304639339447021e-01
-3.978553712368011475e-01
-3.984158933162689209e-01
-3.961988389492034912e-01
-3.984173834323883057e-01
-3.977374136447906494e-01
-3.982185423374176025e-01
-3.973792493343353271e-01
-3.973325788974761963e-01
-3.989599943161010742e-01
-3.987641036510467529e-01
-3.976841568946838379e-01
-3.989261686801910400e-01
-3.981810212135314941e-01
-3.984005153179168701e-01
-3.984328508377075195e-01
-3.975756168365478516e-01
-3.980555534362792969e-01
-3.973632454872131348e-01
-3.983891606330871582e-01
-3.983703553676605225e-01
-3.969221711158752441e-01
-3.994238972663879395e-01
-3.978504538536071777e-01
-3.980624377727508545e-01
-3.996534645557403564e-01
-4.000641703605651855e-01
-3.988642692565917969e-01
-3.984219431877136230e-01
-3.997937142848968506e-01
-3.978512883186340332e-01
-3.989411592483520508e-01
-3.981083333492279053e-01
-3.987170159816741943e-01
-3.977805674076080322e-01
-3.975083231925964355e-01
-3.986381292343139648e-01
-3.992244303226470947e-01
-3.986246287822723389e-01
-3.990887999534606934e-01
-3.955644667148590088e-01
-3.994320631027221680e-01
-3.994175493717193604e-01
-3.982957005500793457e-01
-3.987154066562652588e-01
-3.979219794273376465e-01
-3.984614014625549316e-01
-3.982903957366943359e-01
-3.974294960498809814e-01
-4.001002013683319092e-01
-3.986456096172332764e-01
-3.983879983425140381e-01
-4.009458124637603760e-01
-3.982803821563720703e-01
-3.993119597434997559e-01
-3.982875347137451172e-01
-3.979374468326568604e-01
-3.970780670642852783e-01
-3.999969065189361572e-01
-3.973612189292907715e-01
-3.987804651260375977e-01
-3.976435661315917969e-01
-3.979185223579406738e-01
-3.981219530105590820e-01
-3.973846733570098877e-01
-3.970989882946014404e-01
-3.980619609355926514e-01
-3.977799117565155029e-01
-3.969804644584655762e-01
-4.010103046894073486e-01
-4.003928303718566895e-01
-3.970906436443328857e-01
-3.988290429115295410e-01
-3.995189070701599121e-01
-3.982683420181274414e-01
-3.982458412647247314e-01
-3.981479704380035400e-01
-3.986897468566894531e-01
-3.987290859222412109e-01
-3.991175591945648193e-01
-3.976539969444274902e-01
-3.980363905429840088e-01
-3.994791805744171143e-01
-3.995666503906250000e-01
-3.987988531589508057e-01
-3.986902534961700439e-01
-3.978548347949981689e-01
-3.998940289020538330e-01
-3.985788524150848389e-01
-3.979916870594024658e-01
-3.985257446765899658e-01
-3.987269699573516846e-01
-3.971688747406005859e-01
-3.972281515598297119e-01
-3.988172113895416260e-01
-3.990779519081115723e-01
-3.987843096256256104e-01
-3.981803357601165771e-01
-3.976384699344635010e-01
-3.973482847213745117e-01
-3.999005854129791260e-01
-3.993914425373077393e-01
-3.989454209804534912e-01
-3.999341428279876709e-01
-3.968516886234283447e-01
-4.002247154712677002e-01
-3.989825546741485596e-01
-3.989297747611999512e-01
-3.996327817440032959e-01
-3.999733328819274902e-01
-3.991610109806060791e-01
-3.994312882423400879e-01
-4.001622796058654785e-01
-3.976446390151977539e-01
-3.982772231101989746e-01
-3.992972075939178467e-01
-3.983005881309509277e-01
-3.982822895050048828e-01
-3.997843563556671143e-01
-3.994480073451995850e-01
-3.984088599681854248e-01
-3.973487615585327148e-01
-3.986422121524810791e-01
-3.988694250583648682e-01
-3.995310664176940918e-01
-3.961378037929534912e-01
-4.004444479942321777e-01
-3.985745906829833984e-01
-3.990721404552459717e-01
-3.992435336112976074e-01
-3.982540369033813477e-01
-3.992955982685089111e-01
-3.987410962581634521e-01
-3.989550471305847168e-01
-3.988271057605743408e-01
-3.996425867080688477e-01
-3.995420038700103760e-01
-3.990565836429595947e-01
-3.977572023868560791e-01
-3.990992903709411621e-01
-3.981741666793823242e-01
-4.020723998546600342e-01
-3.994462788105010986e-01
-3.988236784934997559e-01
-3.995229005813598633e-01
-3.991644978523254395e-01
-3.992973268032073975e-01
-3.995054960250854492e-01
-3.990938663482666016e-01
-3.987028002738952637e-01
-3.982942402362823486e-01
-3.998635113239288330e-01
-3.988338708877563477e-01
-3.996353447437286377e-01
-3.993051648139953613e-01
-3.993277251720428467e-01
-3.987106978893280029e-01
-3.983409404754638672e-01
-3.988882303237915039e-01
-3.983082771301269531e-01
-3.996839523315429688e-01
-3.991388678550720215e-01
-3.981436192989349365e-01
-4.002957046031951904e-01
-3.993664383888244629e-01
-3.999434709548950195e-01
-4.001053571701049805e-01
-3.978102505207061768e-01
-3.995419740676879883e-01
-4.002549052238464355e-01
-3.972894251346588135e-01
-3.991986215114593506e-01
-3.985057473182678223e-01
-3.993166685104370117e-01
-3.999150991439819336e-01
-3.992998898029327393e-01
-4.006924629211425781e-01
-3.998305201530456543e-01
-3.987079262733459473e-01
-3.997513949871063232e-01
-3.986852169036865234e-01
-3.993905186653137207e-01
-3.984420895576477051e-01
-3.994900286197662354e-01
-3.995341062545776367e-01
-3.989164233207702637e-01
-3.998068273067474365e-01
-3.985216021537780762e-01
-3.994707763195037842e-01
-3.988784253597259521e-01
-3.991809785366058350e-01
-3.986807167530059814e-01
-3.980239033699035645e-01
-4.012986123561859131e-01
-3.988881111145019531e-01
-4.003121852874755859e-01
-3.996478021144866943e-01
-3.983282446861267090e-01
-3.991711139678955078e-01
-4.006124436855316162e-01
-4.011420309543609619e-01
-3.989910483360290527e-01
-4.002242386341094971e-01
-3.995835483074188232e-01
-3.993848264217376709e-01
-4.011863768100738525e-01
-4.006136953830718994e-01
-3.990129530429840088e-01
-3.977263867855072021e-01
-3.985283672809600830e-01
-4.012426137924194336e-01
-3.997509479522705078e-01
-3.996502161026000977e-01
-3.996897637844085693e-01
-3.996010720729827881e-01
-4.004911482334136963e-01
-3.998660743236541748e-01
-3.988885879516601562e-01
-3.986940085887908936e-01
-3.986102938652038574e-01
-3.990039527416229248e-01
-3.990219235420227051e-01
-3.992805182933807373e-01
-3.992826938629150391e-01
-3.986271321773529053e-01
-4.002133309841156006e-01
-4.002938568592071533e-01
-3.969863057136535645e-01
-3.977903127670288086e-01
-3.994482755661010742e-01
-4.003376960754394531e-01
-4.009979367256164551e-01
-3.993620574474334717e-01
-4.002640247344970703e-01
-4.002431035041809082e-01
-3.979944586753845215e-01
-3.995074927806854248e-01
-3.993339240550994873e-01
-4.004139006137847900e-01
-4.003812670707702637e-01
-3.990945518016815186e-01
-4.008250236511230469e-01
-3.992755711078643799e-01
-4.006490409374237061e-01
-4.002774655818939209e-01
-3.991765081882476807e-01
-3.989915847778320312e-01
-3.978563249111175537e-01
-4.001873731613159180e-01
-3.986724019050598145e-01
-3.991742730140686035e-01
-3.996764421463012695e-01
-3.994387686252593994e-01
-4.020253717899322510e-01
-3.999494612216949463e-01
-3.993093967437744141e-01
-4.009967148303985596e-01
-3.982565402984619141e-01
-3.990810513496398926e-01
-3.995703160762786865e-01
-3.998089432716369629e-01
-4.001971483230590820e-01
-4.008132219314575195e-01
-3.998408317565917969e-01
-3.995714485645294189e-01
-3.994029462337493896e-01
-3.992628753185272217e-01
-3.997991681098937988e-01
-3.997755050659179688e-01
-3.997042477130889893e-01
-3.987984657287597656e-01
-3.995272517204284668e-01
-3.995441198348999023e-01
-4.000446796417236328e-01
-4.002411365509033203e-01
-3.979972600936889648e-01
-3.996735811233520508e-01
-3.986539244651794434e-01
-3.983881175518035889e-01
-4.002915322780609131e-01
-3.980335593223571777e-01
-3.991484344005584717e-01
-3.999040126800537109e-01
-3.987506031990051270e-01
-4.000425934791564941e-01
-3.992495238780975342e-01
-4.010821580886840820e-01
-3.989203870296478271e-01
-3.990294337272644043e-01
-4.017172157764434814e-01
-4.009568095207214355e-01
-3.974282443523406982e-01
-4.015419781208038330e-01
-3.997746706008911133e-01
-3.991687595844268799e-01
-3.998693227767944336e-01
-4.022492170333862305e-01
-4.012857973575592041e-01
-3.993364572525024414e-01
-3.991498947143554688e-01
-3.999041616916656494e-01
-3.990572094917297363e-01
-3.994984030723571777e-01
-4.003672003746032715e-01
-4.002636075019836426e-01
-3.993682861328125000e-01
-4.004089534282684326e-01
-3.991048336029052734e-01
-4.000056684017181396e-01
-4.000146985054016113e-01
-4.000796377658843994e-01
-4.002252221107482910e-01
-3.996287286281585693e-01
-4.012047946453094482e-01
-4.007126688957214355e-01
-4.008107185363769531e-01
-3.993835449218750000e-01
-3.999414741992950439e-01
-3.994807004928588867e-01
-3.995011448860168457e-01
-3.984973728656768799e-01
-4.008849263191223145e-01
-3.997343182563781738e-01
-4.005498886108398438e-01
-4.036463499069213867e-01
-3.998025655746459961e-01
-3.984805345535278320e-01
-4.010169208049774170e-01
-3.996565937995910645e-01
-3.996433615684509277e-01
-3.997027575969696045e-01
-3.979801237583160400e-01
-4.005601704120635986e-01
-4.016529619693756104e-01
-3.993388712406158447e-01
-4.001265764236450195e-01
-3.996749222278594971e-01
-4.006767868995666504e-01
-4.002593457698822021e-01
-4.007062911987304688e-01
-3.992039859294891357e-01
-3.997642099857330322e-01
-4.005622863769531250e-01
-3.998339176177978516e-01
-3.998568058013916016e-01
-3.999933004379272461e-01
-3.987114727497100830e-01
-3.990007936954498291e-01
-3.992853462696075439e-01
-4.004254937171936035e-01
-3.995977640151977539e-01
-3.993715941905975342e-01
-4.006335735321044922e-01
-3.995912373065948486e-01
-3.997832238674163818e-01
-4.036962985992431641e-01
-3.992829620838165283e-01
-3.983372747898101807e-01
-4.009916186332702637e-01
-4.001444578170776367e-01
-3.993663489818572998e-01
-3.990164399147033691e-01
-4.005672335624694824e-01
-3.998231291770935059e-01
-3.995989859104156494e-01
-3.993010818958282471e-01
-3.995148837566375732e-01
-3.998671174049377441e-01
-4.018102288246154785e-01
-4.010448753833770752e-01
-3.993780910968780518e-01
-4.000571966171264648e-01
-3.992910087108612061e-01
-4.008708894252777100e-01
-3.972912132740020752e-01
-3.988372385501861572e-01
-4.014792442321777344e-01
-3.988263309001922607e-01
-3.996453285217285156e-01
-4.015029370784759521e-01
-4.013864696025848389e-01
-4.010026156902313232e-01
-3.994688093662261963e-01
-3.996695280075073242e-01
-3.992156386375427246e-01
-3.998756110668182373e-01
-4.011345207691192627e-01
-4.008626341819763184e-01
-4.002134799957275391e-01
-4.000433981418609619e-01
-3.999868631362915039e-01
-3.998048007488250732e-01
-4.000141322612762451e-01
-3.992104828357696533e-01
-3.997816145420074463e-01
-4.003950059413909912e-01
-4.015679061412811279e-01
-4.001434147357940674e-01
-3.988311886787414551e-01
-4.005345404148101807e-01
-3.998908996582031250e-01
-4.007007479667663574e-01
-3.994175791740417480e-01
-3.993790745735168457e-01
-3.993214070796966553e-01
-3.992349803447723389e-01
-3.996878862380981445e-01
-3.994617164134979248e-01
-3.999915122985839844e-01
-4.008228778839111328e-01
-3.992841243743896484e-01
-3.983716964721679688e-01
-3.991323113441467285e-01
-4.012441635131835938e-01
-4.000623822212219238e-01
-4.001857936382293701e-01
-3.999919295310974121e-01
-3.989478349685668945e-01
-3.979100883007049561e-01
-4.002903401851654053e-01
-3.992356061935424805e-01
-4.000671207904815674e-01
-4.005402922630310059e-01
-3.993910551071166992e-01
-4.005321264266967773e-01
-4.015889167785644531e-01
-3.998087644577026367e-01
-4.013727307319641113e-01
-3.991569876670837402e-01
-3.992613852024078369e-01
-4.008722603321075439e-01
-3.989647328853607178e-01
-4.024596810340881348e-01
-4.002808332443237305e-01
-4.011608362197875977e-01
-4.011401236057281494e-01
-4.021478295326232910e-01
-3.994353115558624268e-01
-4.003697633743286133e-01
-3.990725576877593994e-01
-3.992251455783843994e-01
-4.000358879566192627e-01
-4.002179801464080811e-01
-3.992202877998352051e-01
-3.998300433158874512e-01
-4.014868140220642090e-01
-3.988601565361022949e-01
-3.984985053539276123e-01
-4.008217453956604004e-01
-3.994326591491699219e-01
-4.015670120716094971e-01
-4.003441631793975830e-01
-4.001413583755493164e-01
-3.998987376689910889e-01
-4.017140269279479980e-01
-3.997371792793273926e-01
-4.007790684700012207e-01
-4.005086123943328857e-01
-4.002001583576202393e-01
-4.001975357532501221e-01
-3.996911942958831787e-01
-4.003712236881256104e-01
-3.998762071132659912e-01
-3.991190195083618164e-01
-3.993250131607055664e-01
-4.003151357173919678e-01
-3.992432057857513428e-01
-4.008549749851226807e-01
-4.001392722129821777e-01
-4.013032913208007812e-01
-4.005756080150604248e-01
-4.003413617610931396e-01
-3.994938433170318604e-01
-4.012086093425750732e-01
-4.002828896045684814e-01
-4.000671505928039551e-01
-4.004621803760528564e-01
-4.009370207786560059e-01
-4.001888334751129150e-01
-3.997779488563537598e-01
-4.000137150287628174e-01
-4.008118510246276855e-01
-3.995797634124755859e-01
-3.991876840591430664e-01
-3.998987078666687012e-01
-3.992615342140197754e-01
-4.004694521427154541e-01
-4.017715454101562500e-01
-4.002633094787597656e-01
-4.004614651203155518e-01
-4.013434946537017822e-01
-3.990165591239929199e-01
-3.982681334018707275e-01
-4.004902839660644531e-01
-3.999581933021545410e-01
-4.010292291641235352e-01
-4.004756510257720947e-01
-3.988404273986816406e-01
-3.997562825679779053e-01
-4.007159173488616943e-01
-3.992526531219482422e-01
-3.994960188865661621e-01
-4.003577232360839844e-01
-3.999261260032653809e-01
-4.002950489521026611e-01
-4.008549749851226807e-01
-4.008126258850097656e-01
-3.993360102176666260e-01
-3.996948897838592529e-01
-3.997973501682281494e-01
-4.002293646335601807e-01
-3.999870419502258301e-01
-3.998034000396728516e-01
-4.016376435756683350e-01
-3.997659981250762939e-01
-4.001238048076629639e-01
-4.010860621929168701e-01
-4.011736214160919189e-01
-3.998650014400482178e-01
-4.002747237682342529e-01
-3.994125425815582275e-01
-4.007809460163116455e-01
-4.011143147945404053e-01
-4.006538093090057373e-01
-4.029918909072875977e-01
-4.022734463214874268e-01
-3.991289138793945312e-01
-3.993309438228607178e-01
-4.002374410629272461e-01
-3.974766731262207031e-01
-3.999969363212585449e-01
-4.003661870956420898e-01
-4.004192948341369629e-01
-4.003451168537139893e-01
-4.000407755374908447e-01
-3.996236026287078857e-01
-3.995124399662017822e-01
-3.999718129634857178e-01
-4.015564322471618652e-01
-3.999470770359039307e-01
-4.029653966426849365e-01
-4.003595709800720215e-01
-4.004773795604705811e-01
-4.005571901798248291e-01
-4.007136821746826172e-01
-3.992031216621398926e-01
-4.009932875633239746e-01
-4.004188179969787598e-01
-3.999584913253784180e-01
-3.998077213764190674e-01
-3.994241952896118164e-01
-3.997587263584136963e-01
-4.033706784248352051e-01
-3.999079465866088867e-01
-4.006234705448150635e-01
-4.007811248302459717e-01
-3.998177349567413330e-01
-4.003808200359344482e-01
-4.012402892112731934e-01
-4.002881050109863281e-01
-4.003739356994628906e-01
-4.002494215965270996e-01
-3.998494446277618408e-01
-4.002783000469207764e-01
-4.010350704193115234e-01
-4.006791710853576660e-01
-4.005008637905120850e-01
-4.003061354160308838e-01
-3.994460701942443848e-01
-4.012764394283294678e-01
-4.011974632740020752e-01
-3.995030820369720459e-01
-4.012265205383300781e-01
-3.996914625167846680e-01
-4.007934629917144775e-01
-3.995671570301055908e-01
-3.991265892982482910e-01
-4.003460109233856201e-01
-4.011411070823669434e-01
-4.006269574165344238e-01
-4.002085030078887939e-01
-3.994954824447631836e-01
-3.996354937553405762e-01
-4.006331861019134521e-01
-3.997438251972198486e-01
-4.004005193710327148e-01
-4.004181623458862305e-01
-3.994568288326263428e-01
-4.009259343147277832e-01
-3.999647200107574463e-01
-4.004945158958435059e-01
-3.996600210666656494e-01
-4.012738168239593506e-01
-4.015975594520568848e-01
-4.007495045661926270e-01
-3.998382091522216797e-01
-4.000540971755981445e-01
-4.006597399711608887e-01
-4.006583988666534424e-01
-4.010279476642608643e-01
-3.996479511260986328e-01
-4.001258909702301025e-01
-4.010112285614013672e-01
-4.004658162593841553e-01
-3.999598622322082520e-01
-4.003541171550750732e-01
-4.007241129875183105e-01
-4.008838236331939697e-01
-3.984155952930450439e-01
-4.001928567886352539e-01
-3.988790810108184814e-01
-4.002028703689575195e-01
-4.002110362052917480e-01
-4.002466797828674316e-01
-4.003275632858276367e-01
-4.002021551132202148e-01
-3.994749486446380615e-01
-4.009886384010314941e-01
-3.975835144519805908e-01
-3.999906480312347412e-01
-4.003630876541137695e-01
-3.996253907680511475e-01
-3.990954458713531494e-01
-4.005245268344879150e-01
-3.984675407409667969e-01
-4.003359675407409668e-01
-4.004325270652770996e-01
-4.003301858901977539e-01
-4.003716409206390381e-01
-4.005822837352752686e-01
-4.007987082004547119e-01
-4.004780948162078857e-01
-4.015764892101287842e-01
-3.993647396564483643e-01
-3.995859324932098389e-01
-4.008221328258514404e-01
-3.988911807537078857e-01
-3.996989130973815918e-01
-4.005678296089172363e-01
-3.997985124588012695e-01
-4.010292291641235352e-01
-3.982267081737518311e-01
-4.012638032436370850e-01
-4.001858532428741455e-01
-4.004326760768890381e-01
-4.007996320724487305e-01
-4.001387953758239746e-01
-3.996136188507080078e-01
-4.012798070907592773e-01
-4.007053077220916748e-01
-4.020922780036926270e-01
-4.004455506801605225e-01
-3.995064795017242432e-01
-4.007847309112548828e-01
-3.998380601406097412e-01
-3.999659717082977295e-01
-3.995938003063201904e-01
-4.003761708736419678e-01
-3.999226391315460205e-01
-4.004197418689727783e-01
-4.004130065441131592e-01
-4.004130959510803223e-01
-4.006193876266479492e-01
-3.998843729496002197e-01
-3.994715511798858643e-01
-4.005034863948822021e-01
-4.003522396087646484e-01
-4.006242156028747559e-01
-3.989217579364776611e-01
-4.017334580421447754e-01
-4.006486833095550537e-01
-4.010734856128692627e-01
-4.002467989921569824e-01
-3.994943201541900635e-01
-3.999034464359283447e-01
-4.011377692222595215e-01
-4.007069766521453857e-01
-4.003909826278686523e-01
-4.018948376178741455e-01
-4.001702666282653809e-01
-4.008788466453552246e-01
-4.003776311874389648e-01
-4.005143046379089355e-01
-4.012583494186401367e-01
-3.995982408523559570e-01
-4.012570679187774658e-01
-3.997222781181335449e-01
-3.992323875427246094e-01
-4.006726145744323730e-01
-4.001696109771728516e-01
-4.013198912143707275e-01
-4.007848799228668213e-01
-4.001987278461456299e-01
-4.018630981445312500e-01
-3.996803462505340576e-01
-4.011377096176147461e-01
-4.006963372230529785e-01
-4.019875526428222656e-01
-4.001355469226837158e-01
-4.014567136764526367e-01
-3.997653126716613770e-01
-4.001812934875488281e-01
-4.005561470985412598e-01
-3.999406695365905762e-01
-4.013061225414276123e-01
-4.012388885021209717e-01
-4.001963436603546143e-01
-4.014842212200164795e-01
