2.357111401028103348e+00
1.208898014492458817e+00
2.811044057210286273e-01
-1.537353992462158203e-01
-1.687513589859008789e-01
-8.291551139619615651e-02
-6.724010573493109655e-02
-1.066828701231214704e-01
-1.202838685777452288e-01
-1.140243079927232561e-01
-1.099620726373460589e-01
-1.263657410939534598e-01
-1.312873760859171457e-01
-1.374372508790757952e-01
-1.328304476208156948e-01
-1.495436959796481724e-01
-1.536861260732015066e-01
-1.582153770658704939e-01
-1.702173021104600725e-01
-1.650069422192043667e-01
-1.665364371405707589e-01
-1.751163403193155832e-01
-1.757737000783284598e-01
-1.923581891589694615e-01
-1.893396510018242607e-01
-1.952221128675672712e-01
-1.934573782814873466e-01
-1.972777843475341797e-01
-1.986225048700968332e-01
-2.087048027250501814e-01
-2.063666714562309989e-01
-2.076829671859741211e-01
-2.110543648401896066e-01
-2.131438255310058594e-01
-2.156808376312255859e-01
-2.211576435301038923e-01
-2.172874079810248604e-01
-2.160657909181382952e-01
-2.265947394900851841e-01
-2.207884258694118862e-01
-2.272890408833821707e-01
-2.177841928270128069e-01
-2.208346923192342215e-01
-2.298125955793592634e-01
-2.148840824762980051e-01
-2.294815116458469029e-01
-2.298926247490776786e-01
-2.316231992509630022e-01
-2.328929106394449777e-01
-2.249340481228298549e-01
-2.381151782141791573e-01
-2.335505750444200335e-01
-2.271894348992241630e-01
-2.393967575497097378e-01
-2.468981213039821987e-01
-2.401811016930474052e-01
-2.390842437744140625e-01
-2.382171683841281529e-01
-2.356811099582248326e-01
-2.304301791720920201e-01
-2.365581989288330078e-01
-2.337827682495117188e-01
-2.335446675618489676e-01
-2.468806372748481026e-01
-2.376501825120714007e-01
-2.442392508188883371e-01
-2.515797085232204799e-01
-2.548698584238688336e-01
-2.537724706861708146e-01
-2.483027511172824497e-01
-2.443274656931559152e-01
-2.453709178500705357e-01
-2.493912378946940012e-01
-2.567122512393527622e-01
-2.545771598815917969e-01
-2.569977442423502789e-01
-2.538125514984130859e-01
-2.633837064107258930e-01
-2.579643726348876953e-01
-2.589155832926432477e-01
-2.508762147691514510e-01
-2.540506256951226005e-01
-2.526599036322699776e-01
-2.646783722771538505e-01
-2.635289298163520089e-01
-2.631946139865451451e-01
-2.609629895952012557e-01
-2.689247396257188338e-01
-2.622236940595839005e-01
-2.683055665757920760e-01
-2.629697322845458984e-01
-2.615537113613552456e-01
-2.675508128272162667e-01
-2.533215151892768136e-01
-2.558187113867865792e-01
-2.528874344295925503e-01
-2.570260895623101005e-01
-2.671853966183132534e-01
-2.710007031758626117e-01
-2.669754293229844588e-01
-2.684113449520534878e-01
-2.557934919993082867e-01
-2.596570650736491070e-01
-2.586310174730088729e-01
-2.623173925611708146e-01
-2.668329079945881976e-01
-2.555023829142252789e-01
-2.584233283996582031e-01
-2.560560703277587891e-01
-2.571930355495876674e-01
-2.559478018018934709e-01
-2.555472320980495815e-01
-2.610462241702609654e-01
-2.548402680291069755e-01
-2.660486698150634766e-01
-2.626210318671332589e-01
-2.664965258704291573e-01
-2.736405796474880581e-01
-2.724386586083306083e-01
-2.664489216274685268e-01
-2.635912100474039899e-01
-2.683728800879584542e-01
-2.618800004323323383e-01
-2.695599926842583427e-01
-2.677440643310546875e-01
-2.751508288913303013e-01
-2.707906299167209263e-01
-2.797623740302191964e-01
-2.733829021453857422e-01
-2.701983716752793807e-01
-2.731337547302246094e-01
-2.711509333716498604e-01
-2.707479265001084823e-01
-2.687800460391574497e-01
-2.754174338446723214e-01
-2.784971661037868862e-01
-2.791287104288737164e-01
-2.752153343624538784e-01
-2.741369406382243024e-01
-2.737448480394151229e-01
-2.692009607950846539e-01
-2.758497662014431362e-01
-2.736817465888129464e-01
-2.801908916897243862e-01
-2.829336060418022880e-01
-2.776558134290907365e-01
-2.746396594577365513e-01
-2.808620134989420758e-01
-2.851604090796576729e-01
-2.726508246527777901e-01
-2.744833363427056083e-01
-2.779428164164225445e-01
-2.831059826744927177e-01
-2.903810871971977958e-01
-2.959224912855360490e-01
-2.942060099707709542e-01
-2.824017736646864396e-01
-2.890352673000759487e-01
-2.826890945434570312e-01
-2.828378677368164062e-01
-2.845591704050700055e-01
-2.921893596649169922e-01
-2.926024330986870536e-01
-2.865955299801296596e-01
-2.850411468082004185e-01
-2.921544445885552177e-01
-2.793724536895751953e-01
-2.870306438869900112e-01
-2.910897201961941128e-01
-2.830764452616373883e-01
-2.887369791666666852e-01
-2.802522712283664341e-01
-2.852690484788682479e-01
-2.803879843817816964e-01
-2.854098214043511161e-01
-2.904472086164686662e-01
-2.820019457075331193e-01
-2.911117341783311385e-01
-2.887762652503119698e-01
-2.838469611273871651e-01
-2.837218443552653180e-01
-2.844586107465956193e-01
-2.812769677903916854e-01
-2.902045779758029576e-01
-2.911292976803249721e-01
-2.904855675167507534e-01
-2.844803333282470703e-01
-2.953887780507405414e-01
-2.870305114322238560e-01
-2.898096243540446149e-01
-2.928804821438259487e-01
-2.844783465067545758e-01
-2.861326535542805805e-01
-2.859939469231499443e-01
-2.841091156005859375e-01
-2.851708730061848773e-01
-2.977117432488335380e-01
-2.942330837249755859e-01
-2.926930586496989117e-01
-2.961437172359890346e-01
-2.846897708045111886e-01
-2.875183953179253349e-01
-2.990287674797905693e-01
-2.934046321445041294e-01
-2.928933567470974331e-01
-2.841249042087131138e-01
-2.851160897148979911e-01
-2.966625160641140346e-01
-2.957738770378960380e-01
-2.908013661702473773e-01
-2.906066046820746651e-01
-2.912394205729166852e-01
-2.884697384304470424e-01
-2.892884678310818081e-01
-2.935724258422851562e-01
-2.963406509823269253e-01
-2.913828161027696151e-01
-2.944806681738959542e-01
-2.959717114766438617e-01
-2.956265343560112724e-01
-2.988280720180935268e-01
-2.990722656250000000e-01
-2.918679979112412948e-01
-2.997876803080241070e-01
-2.946970727708604354e-01
-2.953379948933919086e-01
-2.851689921485053292e-01
-2.895971934000651227e-01
-2.866374651590983258e-01
-2.916915416717529297e-01
-2.937399811214870815e-01
-2.992456754048665180e-01
-3.005314138200547713e-01
-2.869765493604872209e-01
-2.973040474785698661e-01
-3.029947280883789062e-01
-2.948829862806532365e-01
-2.969723807440863839e-01
-3.081264760759141463e-01
-3.064983950720893136e-01
-2.928955025143093471e-01
-2.879110707177056083e-01
-3.022412194146050224e-01
-2.961663670010036831e-01
-3.008316622840033761e-01
-3.002741336822509766e-01
-3.049508995480007534e-01
-3.072386052873399276e-01
-3.107763661278618583e-01
-2.980461120605468750e-01
-3.003341356913248883e-01
-3.127785788642035714e-01
-3.029660118950737724e-01
-3.058845731947157365e-01
-3.017962773640950336e-01
-3.056836128234863281e-01
-3.049201965332031250e-01
-3.065764904022216797e-01
-3.007334073384602680e-01
-3.071695963541666852e-01
-3.105876445770263672e-01
-3.163037300109863281e-01
-3.183516926235622768e-01
-3.143102327982584820e-01
-3.052025106218125838e-01
-3.023525873819987164e-01
-3.109597365061442242e-01
-3.158575428856743583e-01
-3.105472723642985211e-01
-3.218602869245741349e-01
-3.118249045477973214e-01
-3.109735912746853237e-01
-3.161712752448188057e-01
-3.119509485032823104e-01
-3.204660945468478794e-01
-3.185502688090006695e-01
-3.197213278876410714e-01
-3.202593856387668247e-01
-3.154892656538221818e-01
-3.233657148149278182e-01
-3.125468889872233258e-01
-3.063332239786784039e-01
-3.040385776095920201e-01
-3.156353897518581753e-01
-3.173266516791449776e-01
-3.227427270677354354e-01
-3.214463922712538224e-01
-3.190577824910481586e-01
-3.259670999315049666e-01
-3.184570736355251674e-01
-3.112578921847873326e-01
-3.169549041324191685e-01
-3.162247339884440289e-01
-3.118546009063720703e-01
-3.088866074879964008e-01
-3.184497621324327010e-01
-3.257020314534505023e-01
-3.281737433539496651e-01
-3.241977161831325893e-01
-3.196038405100504742e-01
-3.146218988630506974e-01
-3.155633078681098214e-01
-3.191728327009413224e-01
-3.228240542941623326e-01
-3.241015540228949776e-01
-3.182351324293348771e-01
-3.211312823825412388e-01
-3.179122342003716239e-01
-3.195194668240017299e-01
-3.228196038140190849e-01
-3.197565608554416294e-01
-3.200845188564724331e-01
-3.259488211737738839e-01
-3.249266147613525391e-01
-3.309850162929958706e-01
-3.275490336947970982e-01
-3.309073183271620255e-01
-3.285253842671712055e-01
-3.218533198038737164e-01
-3.203125264909532088e-01
-3.242393864525688896e-01
-3.256709575653076172e-01
-3.284199767642551060e-01
-3.172765307956271763e-01
-3.176002237531874162e-01
-3.239897886912028180e-01
-3.208492861853705636e-01
-3.208851019541422711e-01
-3.257680469089084263e-01
-3.212004237704806919e-01
-3.222893873850504742e-01
-3.293760882483588448e-01
-3.287789821624755859e-01
-3.347198963165283203e-01
-3.323468897077772599e-01
-3.332778347863091239e-01
-3.257287343343098773e-01
-3.295607301923964005e-01
-3.330861197577582589e-01
-3.299378289116753349e-01
-3.294466866387261161e-01
-3.306806617312961216e-01
-3.307467301686604633e-01
-3.315340148078070870e-01
-3.356409337785508651e-01
-3.315609825981987724e-01
-3.344014750586615792e-01
-3.378947575887044086e-01
-3.351989587148030414e-01
-3.331339624192979354e-01
-3.320526281992594586e-01
-3.354306221008300781e-01
-3.340801397959391461e-01
-3.363532490200466518e-01
-3.358440664079453963e-01
-3.368568155500624162e-01
-3.336669339074028739e-01
-3.348728020985921039e-01
-3.355049292246500836e-01
-3.386438157823350448e-01
-3.380039532979329242e-01
-3.364584445953369141e-01
-3.365510569678412667e-01
-3.324251704745822544e-01
-3.326522509256998883e-01
-3.368454774220784320e-01
-3.349649111429850445e-01
-3.332437409294976005e-01
-3.369068569607204799e-01
-3.311651017930772323e-01
-3.391668001810709820e-01
-3.360856639014350167e-01
-3.380363782246907367e-01
-3.323240015241835099e-01
-3.335058954026963729e-01
-3.351451555887858258e-01
-3.375797006818983537e-01
-3.362751271989610213e-01
-3.388447761535644531e-01
-3.370984660254584542e-01
-3.351565731896294364e-01
-3.344324429829915180e-01
-3.317471610175238839e-01
-3.343955675760905133e-01
-3.397252559661865234e-01
-3.391113281250000000e-01
-3.370629946390787945e-01
-3.359904554155137557e-01
-3.369736141628689174e-01
-3.332192632887098771e-01
-3.364559544457329521e-01
-3.351854483286539899e-01
-3.331423865424262276e-01
-3.360623783535427456e-01
-3.361994955274794084e-01
-3.375504546695285435e-01
-3.400697708129882812e-01
-3.416592809889051896e-01
-3.387828932868109932e-01
-3.371630774603949776e-01
-3.367094728681776505e-01
-3.387509187062581195e-01
-3.401282098558213729e-01
-3.386559221479628068e-01
-3.390518559349907646e-01
-3.396399021148681641e-01
-3.377523422241210938e-01
-3.361676534016926898e-01
-3.327836990356445312e-01
-3.346659872266981584e-01
-3.321139812469482422e-01
-3.354455100165473214e-01
-3.388662868075900669e-01
-3.387218316396077289e-01
-3.439918888939751396e-01
-3.394071261088053570e-01
-3.435196346706814174e-01
-3.396652539571126117e-01
-3.327395915985107422e-01
-3.338172965579562779e-01
-3.330703841315375557e-01
-3.331494596269395370e-01
-3.338543838924831753e-01
-3.316312630971272601e-01
-3.402707841661241073e-01
-3.400516245100233537e-01
-3.421549797058105469e-01
-3.416206571790907365e-01
-3.385536140865749721e-01
-3.390376038021511440e-01
-3.374751673804389229e-01
-3.410483201344807758e-01
-3.428826067182753068e-01
-3.422034846411811104e-01
-3.423119121127658482e-01
-3.429938687218559989e-01
-3.328411579132080078e-01
-3.367645210689968471e-01
-3.360974523756239396e-01
-3.345916271209716797e-01
-3.373668193817138672e-01
-3.385441038343641740e-01
-3.415991730160183315e-01
-3.407998085021972656e-01
-3.380098077985975724e-01
-3.373588985866970424e-01
-3.383472760518391742e-01
-3.429063426123725167e-01
-3.446061081356472378e-01
-3.365195857153998604e-01
-3.423805766635470982e-01
-3.406282001071506138e-01
-3.377850585513644810e-01
-3.430334197150336495e-01
-3.459498087565104352e-01
-3.361019293467203961e-01
-3.343614737192789899e-01
-3.401667806837294084e-01
-3.444982634650336495e-01
-3.421077463361952287e-01
-3.429763846927219029e-01
-3.391100300682915458e-01
-3.377508322397868024e-01
-3.378475507100422992e-01
-3.415138986375596541e-01
-3.360897435082329521e-01
-3.347921106550428849e-01
-3.400954935285780412e-01
-3.322661187913682479e-01
-3.365978399912516461e-01
-3.403724564446343193e-01
-3.393508593241373883e-01
-3.419928020901150112e-01
-3.422438038720024833e-01
-3.376548820071750279e-01
-3.408682611253526229e-01
-3.373690446217854633e-01
-3.397619724273681641e-01
-3.388913472493489398e-01
-3.327242533365885602e-01
-3.392580350240071430e-01
-3.399403095245361328e-01
-3.377659850650363560e-01
-3.342531522115071430e-01
-3.359937667846679688e-01
-3.335303465525309430e-01
-3.370577759212917690e-01
-3.403576480017768136e-01
-3.402473131815592633e-01
-3.381675879160563336e-01
-3.390257093641493302e-01
-3.333063920338948383e-01
-3.374836709764268416e-01
-3.409572177463107701e-01
-3.389147387610541573e-01
-3.416254785325791854e-01
-3.411156866285536271e-01
-3.377902772691514510e-01
-3.379902839660644531e-01
-3.386603726281059989e-01
-3.392047087351481305e-01
-3.419368796878390904e-01
-3.432342211405436383e-01
-3.394405841827392578e-01
-3.405608336130778180e-01
-3.340805636511908761e-01
-3.385383023156059989e-01
-3.383303483327229633e-01
-3.418876594967312221e-01
-3.331398963928222656e-01
-3.358263704511854630e-01
-3.376254770490858537e-01
-3.379491964975993024e-01
-3.356770409478081474e-01
-3.364796903398301620e-01
-3.415997293260362166e-01
-3.372017012702094307e-01
-3.371233675214979630e-01
-3.408533467186821708e-01
-3.424755467308892021e-01
-3.410338560740153180e-01
-3.407120439741346818e-01
-3.340330123901367188e-01
-3.394993411170111886e-01
-3.411856492360432758e-01
-3.399755954742431641e-01
-3.408235179053412667e-01
-3.341173066033257255e-01
-3.408720758226182479e-01
-3.427294360266791573e-01
-3.377918402353922711e-01
-3.375847339630126953e-01
-3.330617745717366351e-01
-3.376009994082980747e-01
-3.370877901713053570e-01
-3.395756880442301617e-01
-3.362667560577392578e-01
-3.382968902587890625e-01
-3.399163352118598214e-01
-3.355957667032877789e-01
-3.381217320760090961e-01
-3.406071397993299943e-01
-3.376910421583387834e-01
-3.336739275190565568e-01
-3.393593629201253070e-01
-3.400595453050401229e-01
-3.347276846567789899e-01
-3.357459439171684989e-01
-3.331540425618489398e-01
-3.360951211717393416e-01
-3.400835990905761719e-01
-3.331324259440104352e-01
-3.338375886281331195e-01
-3.318816820780436383e-01
-3.379703892601860771e-01
-3.350995646582709542e-01
-3.371325333913167133e-01
-3.360679414537217635e-01
-3.344523111979166852e-01
-3.356897566053602677e-01
-3.379508389366997489e-01
-3.349444336361355190e-01
-3.377764754825168247e-01
-3.334269788530137557e-01
-3.343104256523979911e-01
-3.315029674106174107e-01
-3.356284300486246930e-01
-3.352358341217041016e-01
-3.354054292043049945e-01
-3.344425360361735211e-01
-3.406869040595160714e-01
-3.354424900478786831e-01
-3.341095977359347935e-01
-3.337530295054118024e-01
-3.386299345228407365e-01
-3.365036116706000557e-01
-3.359045187632243024e-01
-3.354570600721571427e-01
-3.354410860273573380e-01
-3.362090852525498885e-01
-3.363180425431993026e-01
-3.371452225579155693e-01
-3.367095258500840682e-01
-3.359018696679009208e-01
-3.305553065405951729e-01
-3.328298462761772880e-01
-3.381499184502495536e-01
-3.365792698330349331e-01
-3.322017987569172992e-01
-3.288339773813883649e-01
-3.320773177676730747e-01
-3.325406975216335659e-01
-3.341477976904975167e-01
-3.347500695122612724e-01
-3.329996797773573380e-01
-3.347853819529215680e-01
-3.311324914296467914e-01
-3.330996301439073104e-01
-3.309206432766384487e-01
-3.326552179124619979e-01
-3.360850281185573940e-01
-3.355531692504882812e-01
-3.377712567647297992e-01
-3.328076733483208427e-01
-3.353257444169785995e-01
-3.351296318901909599e-01
-3.343423207600911273e-01
-3.310742113325331193e-01
-3.326971530914306641e-01
-3.280978467729356307e-01
-3.331827587551540737e-01
-3.298935625288221818e-01
-3.362438678741455078e-01
-3.317783408694797154e-01
-3.352110650804307479e-01
-3.305659294128417969e-01
-3.328969743516709823e-01
-3.273269335428873883e-01
-3.310071097479926339e-01
-3.339921368492974052e-01
-3.287988238864474888e-01
-3.300779660542805805e-01
-3.306843439737955914e-01
-3.302964369455973492e-01
-3.284531699286566964e-01
-3.359589311811659318e-01
-3.288972642686631698e-01
-3.310123284657796039e-01
-3.301525645785861607e-01
-3.279516696929931641e-01
-3.297955724928114396e-01
-3.293811745113796596e-01
-3.314360247717963448e-01
-3.221061759524875279e-01
-3.314160770840114956e-01
-3.348409069908989677e-01
-3.283748361799452287e-01
-3.321076499091254464e-01
-3.244667847951253070e-01
-3.262120882670084820e-01
-3.260140683915879745e-01
-3.294658660888671875e-01
-3.302853637271457310e-01
-3.302871651119655971e-01
-3.271513250139024276e-01
-3.285571469200981864e-01
-3.311888111962212333e-01
-3.263920942942301617e-01
-3.266138235727946149e-01
-3.292152616712782365e-01
-3.271981610192192802e-01
-3.273846043480767021e-01
-3.317708174387614117e-01
-3.247312174903022042e-01
-3.276092211405436383e-01
-3.325464460584852677e-01
-3.278703954484727401e-01
-3.336335288153754464e-01
-3.321335050794813615e-01
-3.295306629604763393e-01
-3.292326927185058594e-01
-3.277709484100341797e-01
-3.278627925448947544e-01
-3.253906832800971261e-01
-3.237049844529893416e-01
-3.224078814188639508e-01
-3.252671559651692523e-01
-3.240660561455620536e-01
-3.259336418575710659e-01
-3.240248362223307477e-01
-3.274672296312119979e-01
-3.300126923455132255e-01
-3.240012062920464286e-01
-3.265065087212456474e-01
-3.288124932183159599e-01
-3.270203537411159878e-01
-3.227448993259006138e-01
-3.282257450951470146e-01
-3.251072035895453682e-01
-3.250617451137966518e-01
-3.234048419528537388e-01
-3.250940640767415180e-01
-3.277018070220947266e-01
-3.247183163960774555e-01
-3.243040243784586774e-01
-3.256790902879502791e-01
-3.208805455101860771e-01
-3.282958401574028739e-01
-3.291343583001030693e-01
-3.268570370144314174e-01
-3.221082422468397599e-01
-3.263515631357828961e-01
-3.272373676300048828e-01
-3.253972000545925503e-01
-3.196159203847249164e-01
-3.194605509440104352e-01
-3.231852319505479354e-01
-3.236139880286322823e-01
-3.312768406338161831e-01
-3.234009212917751674e-01
-3.159454133775498885e-01
-3.248173925611708146e-01
-3.209784030914306641e-01
-3.207769129011366349e-01
-3.197608258989121932e-01
-3.254450956980387555e-01
-3.207490709092881698e-01
-3.241303231981065291e-01
-3.244100941552056083e-01
-3.272985087500678292e-01
-3.272914621565077287e-01
-3.222108946906195870e-01
-3.202122317420111886e-01
-3.246482213338215961e-01
-3.239439328511555805e-01
-3.243747817145453682e-01
-3.210345639122856864e-01
-3.256327576107448940e-01
-3.215542104509141463e-01
-3.199444611867268695e-01
-3.235489792293972378e-01
-3.228280544281005859e-01
-3.178474903106689453e-01
-3.237085077497694474e-01
-3.220551808675130023e-01
-3.203468322753906250e-01
-3.221311304304335099e-01
-3.161949316660563336e-01
-3.214121659596760883e-01
-3.173904683854844588e-01
-3.222222063276503068e-01
-3.221815427144368305e-01
-3.233635690477159041e-01
-3.214260207282172432e-01
-3.217057387034098492e-01
-3.196824921502007255e-01
-3.205656475490993862e-01
-3.111416233910454521e-01
-3.243067794375949497e-01
-3.225354883405897599e-01
-3.262761963738335380e-01
-3.199171225229899274e-01
-3.197352621290419084e-01
-3.225418196784125557e-01
-3.197769323984782086e-01
-3.238760895199245815e-01
-3.150364028082953682e-01
-3.177448643578423271e-01
-3.211952050526936664e-01
-3.191160360972086774e-01
-3.162383768293592912e-01
-3.235854042900933036e-01
-3.202437559763590680e-01
-3.196861479017469865e-01
-3.188831806182861328e-01
-3.202877839406331195e-01
-3.223450448777940291e-01
-3.214618100060356864e-01
-3.189606136745876674e-01
-3.231417338053385602e-01
-3.206031322479248047e-01
-3.234554396735297432e-01
-3.170404699113633651e-01
-3.229153951009114398e-01
-3.184105290306938896e-01
-3.164467811584472656e-01
-3.181726137797037945e-01
-3.190429740481906529e-01
-3.245648278130425224e-01
-3.207848601871066685e-01
-3.206941816541883927e-01
-3.201978736453586216e-01
-3.227897750006781807e-01
-3.218092918395996094e-01
-3.094990783267551060e-01
-3.188595506880018693e-01
-3.202806843651665458e-01
-3.129857911003960380e-01
-3.259793917338053570e-01
-3.213984436459011440e-01
-3.214755853017171039e-01
-3.195451365576850167e-01
-3.241248130798339844e-01
-3.258986737993028182e-01
-3.262058099110921039e-01
-3.153836727142333984e-01
-3.194602595435248604e-01
-3.192889425489637834e-01
-3.207947413126627789e-01
-3.190081914265950336e-01
-3.134662840101454240e-01
-3.175245920817057477e-01
-3.205889066060383930e-01
-3.170169194539387836e-01
-3.197371429867214565e-01
-3.148814042409260883e-01
-3.219517072041829242e-01
-3.124967151217990513e-01
-3.105501068962944755e-01
-3.222203784518771763e-01
-3.187849521636962891e-01
-3.189873695373535156e-01
-3.193902439541286831e-01
-3.131607108645969029e-01
-3.163934548695881976e-01
-3.231870068444145927e-01
-3.176834583282470703e-01
-3.221543629964192523e-01
-3.158457014295790177e-01
-3.170156478881835938e-01
-3.199772304958767299e-01
-3.141675790150960101e-01
-3.205525610182020646e-01
-3.130685223473442802e-01
-3.185864289601643695e-01
-3.147306707170274276e-01
-3.181973298390706195e-01
-3.128336005740695591e-01
-3.172652721405029297e-01
-3.174932267930772323e-01
-3.193410502539740792e-01
-3.194154898325602399e-01
-3.179097175598144531e-01
-3.106551170349121094e-01
-3.177720970577663784e-01
-3.182045088873969307e-01
-3.179265393151177177e-01
-3.173253006405300503e-01
-3.122479385799831753e-01
-3.180557886759440289e-01
-3.162084950341118583e-01
-3.132347000969780693e-01
-3.135327763027614956e-01
-3.140997621748182755e-01
-3.115048143598768693e-01
-3.091354370117187500e-01
-3.145106898413764229e-01
-3.188584115770127791e-01
-3.191536797417534599e-01
-3.144268459743923549e-01
-3.177638848622639789e-01
-3.188553651173909320e-01
-3.153610229492187500e-01
-3.136371771494547711e-01
-3.187327384948730469e-01
-3.107348548041449776e-01
-3.129234578874375838e-01
-3.147171338399251117e-01
-3.109325567881266461e-01
-3.143593205346001396e-01
-3.143982887268066406e-01
-3.158757156795925503e-01
-3.158475822872585659e-01
-3.166146808200412388e-01
-3.134771982828776227e-01
-3.180765575832790737e-01
-3.140814304351806641e-01
-3.114122284783257255e-01
-3.134015931023491630e-01
-3.137357234954833984e-01
-3.172086079915364398e-01
-3.188810348510742188e-01
-3.205242421891953963e-01
-3.144410186343722935e-01
-3.178938229878743305e-01
-3.140061166551377791e-01
-3.161836730109320870e-01
-3.139954408009846820e-01
-3.129362265268961774e-01
-3.204862276713053570e-01
-3.145005438062880021e-01
-3.124345673455132255e-01
-3.118802176581488839e-01
-3.142055405510796318e-01
-3.092565006679958706e-01
-3.164187007480197544e-01
-3.120006455315483818e-01
-3.118786282009548549e-01
-3.092247645060221539e-01
-3.107872804005940570e-01
-3.198369079165988560e-01
-3.130238586001926060e-01
-3.179755740695529576e-01
-3.097149795956081753e-01
-3.122079107496473771e-01
-3.127461539374457589e-01
-3.112548192342122211e-01
-3.140170044369167690e-01
-3.149961100684272042e-01
-3.132706218295627232e-01
-3.110033406151665458e-01
-3.093473381466335659e-01
-3.151277171240912667e-01
-3.120505015055338727e-01
-3.134213818444145927e-01
-3.103659417894151229e-01
-3.049501313103569755e-01
-3.116013473934597378e-01
-3.126529852549235211e-01
-3.062325848473442802e-01
-3.127967251671684989e-01
-3.065948751237657088e-01
-3.107499281565348492e-01
-3.106546931796603794e-01
-3.114306131998698102e-01
-3.130280706617567521e-01
-3.130839930640326729e-01
-3.149965074327256698e-01
-3.169290489620632534e-01
-3.132258256276448383e-01
-3.049236138661702289e-01
-3.069938818613688336e-01
-3.068747785356309432e-01
-3.057007524702284318e-01
-3.133338027530246372e-01
-3.121151129404703961e-01
-3.119348949856228237e-01
-3.126073148515489120e-01
-3.045050568050808315e-01
-3.124371634589301339e-01
-3.120687272813584823e-01
-3.028125498029921037e-01
-3.090717527601454240e-01
-3.153920173645019531e-01
-3.082741896311442242e-01
-3.089416291978623885e-01
-3.090232213338215961e-01
-3.084761831495497209e-01
-3.065196408165825614e-01
-3.120126194424099331e-01
-3.041484620836045760e-01
-3.105911943647596818e-01
-3.088969389597575055e-01
-3.138991461859809151e-01
-3.098028765784369698e-01
-3.134817282358805524e-01
-3.042537106408013114e-01
-3.085465696122910995e-01
-3.082795672946506138e-01
-3.084799448649088727e-01
-3.111652003394232979e-01
-3.109162913428412667e-01
-3.076336383819580078e-01
-3.082367579142252789e-01
-3.066364394293891182e-01
-3.040535714891221541e-01
-3.077254825168185826e-01
-3.084943029615614396e-01
-3.066827456156412945e-01
-3.089521990882025948e-01
-3.083678881327311383e-01
-3.020413981543647042e-01
-3.085462782118055802e-01
-3.075772391425238839e-01
-3.102692763010660992e-01
-3.062570889790852680e-01
-3.127711878882514229e-01
-3.039857546488444195e-01
-3.089872996012369977e-01
-3.045242097642686385e-01
-3.038185967339409599e-01
-3.035620583428276786e-01
-3.145016829172770367e-01
-3.074195914798312779e-01
-3.075347211625840682e-01
-3.115179538726806641e-01
-3.089199066162109375e-01
-3.032483789655897599e-01
-3.083365493350558872e-01
-3.059105078379313336e-01
-3.098327318827311383e-01
-3.100800249311659318e-01
-3.087743123372395648e-01
-3.109935389624701729e-01
-3.066550625695122489e-01
-3.112638526492648716e-01
-3.066389825608994979e-01
-3.083374235365126115e-01
-3.104262087080214005e-01
-3.073873784806993026e-01
-3.078726927439371930e-01
-3.029103279113769531e-01
-3.116495344373915177e-01
-3.075896369086371651e-01
-3.100082344479030971e-01
-3.045786751641167411e-01
-3.071942329406738281e-01
-3.082767327626546039e-01
-3.145147694481743583e-01
-3.095861540900336495e-01
-3.107127878401014787e-01
-3.090794351365830916e-01
-3.085226217905680524e-01
-3.083319134182400112e-01
-3.080975479549831753e-01
-3.090515931447346820e-01
-3.081570996178520927e-01
-3.081538412306044084e-01
-3.130306402842203961e-01
-3.088128036922878628e-01
