-1.140335798263549805e-01
-1.856256193584865932e-01
-2.184406783845689592e-01
-2.462658617231580915e-01
-2.555273373921712055e-01
-2.602884239620632534e-01
-2.587700155046250838e-01
-2.672502729627821427e-01
-2.777261204189724331e-01
-2.825607458750407086e-01
-2.757913801405165177e-01
-2.899724377526177177e-01
-2.845315138498942242e-01
-2.963646252950032367e-01
-2.926234139336479911e-01
-2.999559773339165458e-01
-3.017163011762831193e-01
-3.029226991865370255e-01
-3.115124437544081193e-01
-3.158080312940809709e-01
-3.161525726318359375e-01
-3.273960484398735771e-01
-3.318996429443359375e-01
-3.388901816474066964e-01
-3.442385726504855747e-01
-3.478905359903971539e-01
-3.486094209882948380e-01
-3.507131735483805524e-01
-3.537240558200412388e-01
-3.541856606801350726e-01
-3.557636208004421596e-01
-3.579955365922715682e-01
-3.569918208652072544e-01
-3.567796813117133370e-01
-3.588588237762451172e-01
-3.620182938045925503e-01
-3.615455892350938338e-01
-3.615308602650960101e-01
-3.615496158599853516e-01
-3.612510893079969865e-01
-3.619540267520480747e-01
-3.619515366024441128e-01
-3.649644056955973492e-01
-3.630323410034179688e-01
-3.632389174567328682e-01
-3.644138442145453682e-01
-3.644585079616970424e-01
-3.626498381296793805e-01
-3.630957868364121932e-01
-3.630678123897976284e-01
-3.637548022800021763e-01
-3.640613820817735213e-01
-3.633929623497856864e-01
-3.667572074466281529e-01
-3.646901713477240792e-01
-3.632256719801161271e-01
-3.634860780504014510e-01
-3.637932936350504742e-01
-3.647260930803086776e-01
-3.642457326253255023e-01
-3.640242947472466239e-01
-3.663570086161295758e-01
-3.654535876380072823e-01
-3.646753099229600448e-01
-3.619991143544514789e-01
-3.656600581275092354e-01
-3.662497467464870815e-01
-3.645665910508897323e-01
-3.642637199825710659e-01
-3.638663291931152344e-01
-3.635813660091823940e-01
-3.605798085530598773e-01
-3.629252910614013672e-01
-3.634706603156195870e-01
-3.615591790941026229e-01
-3.613053427802191964e-01
-3.625011973910861607e-01
-3.610773616366916294e-01
-3.608987331390380859e-01
-3.626821835835774555e-01
-3.604915671878390904e-01
-3.637279139624701729e-01
-3.672502835591633930e-01
-3.648282421959770927e-01
-3.660691844092475167e-01
-3.654656940036349888e-01
-3.668631182776557198e-01
-3.678128984239366073e-01
-3.684866958194308872e-01
-3.696232371860080357e-01
-3.691275914510090961e-01
-3.688958221011691685e-01
-3.699757523006863003e-01
-3.697284327612982979e-01
-3.687529298994276505e-01
-3.716312514411078682e-01
-3.721635076734755021e-01
-3.700882593790690289e-01
-3.722195890214707870e-01
-3.725062741173638114e-01
-3.718938827514648438e-01
-3.723603089650471820e-01
-3.726878166198730469e-01
-3.724569214714897880e-01
-3.752355310651991349e-01
-3.753307395511203404e-01
-3.744193712870280133e-01
-3.757345411512587052e-01
-3.743500444624159318e-01
-3.743749989403618583e-01
-3.734687699211968193e-01
-3.757830460866292133e-01
-3.761390580071343193e-01
-3.748798370361328125e-01
-3.752055697970920201e-01
-3.760261800554063338e-01
-3.757665687137179966e-01
-3.756044970618354073e-01
-3.766616980234782086e-01
-3.765276008182101841e-01
-3.756859302520751953e-01
-3.755908277299668807e-01
-3.769481447007920760e-01
-3.763038317362467633e-01
-3.763064013587104073e-01
-3.780182202657063617e-01
-3.771613968743218193e-01
-3.763895564609103794e-01
-3.762526512145996094e-01
-3.763439920213487166e-01
-3.758610619439018974e-01
-3.772309356265597935e-01
-3.768837716844346541e-01
-3.769165674845377789e-01
-3.784685664706760044e-01
-3.777627944946289062e-01
-3.774460951487223492e-01
-3.778113789028591518e-01
-3.775287469228108539e-01
-3.785138130187988281e-01
-3.780796527862548828e-01
-3.784662087758381976e-01
-3.784026569790310268e-01
-3.780516518486870536e-01
-3.767342832353379745e-01
-3.779252105289035435e-01
-3.783732520209418526e-01
-3.764732678731282367e-01
-3.786999119652642021e-01
-3.790747589535183315e-01
-3.783089849683973771e-01
-3.782525592380099888e-01
-3.783926963806152344e-01
-3.786509037017822266e-01
-3.782434463500976562e-01
-3.774967988332112445e-01
-3.776075310177273159e-01
-3.780660364362928849e-01
-3.779834641350640068e-01
-3.798861238691542130e-01
-3.779555161794026508e-01
-3.779744042290581474e-01
-3.792164060804579240e-01
-3.773214552137587052e-01
-3.789179325103759766e-01
-3.797401852077907924e-01
-3.799230257670084820e-01
-3.778436713748508091e-01
-3.781332439846462612e-01
-3.785947163899739398e-01
-3.792578114403618583e-01
-3.790258301628960380e-01
-3.787140581342909318e-01
-3.803805245293511161e-01
-3.789018260108100167e-01
-3.791986571417914620e-01
-3.784697320726182479e-01
-3.787862989637587052e-01
-3.798293272654215680e-01
-3.796874947018093471e-01
-3.793602254655625838e-01
-3.795231183369954242e-01
-3.805734581417507534e-01
-3.799827628665500279e-01
-3.789763450622558594e-01
-3.803244961632622489e-01
-3.787850803799099331e-01
-3.796522087521023159e-01
-3.794800440470377789e-01
-3.789903852674696427e-01
-3.799942599402533761e-01
-3.798136976030137557e-01
-3.787766827477349052e-01
-3.799014356401231307e-01
-3.805630471971299666e-01
-3.799574110243055802e-01
-3.796232541402180805e-01
-3.800480895572238560e-01
-3.813185956743028182e-01
-3.804492685529921037e-01
-3.818179236518012276e-01
-3.794230620066325055e-01
-3.798063596089680805e-01
-3.798235257466633930e-01
-3.797119988335503349e-01
-3.795412381490071430e-01
-3.803060319688584823e-01
-3.794530232747395648e-01
-3.796888192494710101e-01
-3.813686105940077287e-01
-3.792737325032551898e-01
-3.790842162238227120e-01
-3.809931808047824497e-01
-3.793578942616780414e-01
-3.801715373992919922e-01
-3.798763487074110490e-01
-3.804666731092665177e-01
-3.805819617377387276e-01
-3.799199793073866349e-01
-3.807351854112412948e-01
-3.800779978434244977e-01
-3.798295656840006695e-01
-3.807294898562961216e-01
-3.805894056955973492e-01
-3.803557025061713448e-01
-3.804206053415934430e-01
-3.799466556972927456e-01
-3.802726798587375279e-01
-3.804374006059434432e-01
-3.810661368899875279e-01
-3.802585601806640625e-01
-3.805946773952907924e-01
-3.812206586201985492e-01
-3.800321684943305245e-01
-3.806370629204643974e-01
-3.795093695322672711e-01
-3.806790245903862724e-01
-3.805676831139458427e-01
-3.804035186767578125e-01
-3.799941274854872209e-01
-3.810337384541829242e-01
-3.804728984832763672e-01
-3.803458743625217076e-01
-3.805656168195936662e-01
-3.805645041995578404e-01
-3.811807632446289062e-01
-3.798674742380778180e-01
-3.808518250783284320e-01
-3.812314934200710659e-01
-3.804195457034640904e-01
-3.814271556006537667e-01
-3.800302611456977120e-01
-3.802665604485405693e-01
-3.805384635925292969e-01
-3.811317284901936664e-01
-3.804285261366102677e-01
-3.801494969262017021e-01
-3.806753423478868026e-01
-3.818668259514702568e-01
-3.802154858907063617e-01
-3.809095223744710101e-01
-3.803289201524522323e-01
-3.803102705213758927e-01
-3.800497055053710938e-01
-3.805066214667426339e-01
-3.804961575402153739e-01
-3.815962738460964565e-01
-3.807771205902099609e-01
-3.804806338416205636e-01
-3.815884855058457870e-01
-3.818849192725287667e-01
-3.814574612511528739e-01
-3.813633653852674943e-01
-3.811766041649712333e-01
-3.813585440317789899e-01
-3.806643750932481307e-01
-3.815322187211778182e-01
-3.814003467559814453e-01
-3.815260463290744419e-01
-3.810935020446777344e-01
-3.810513814290364398e-01
-3.809142907460530414e-01
-3.812679449717203961e-01
-3.808405399322509766e-01
-3.809127012888590680e-01
-3.818597263760036831e-01
-3.807723522186279297e-01
-3.818543222215440291e-01
-3.811006016201443081e-01
-3.812327914767795201e-01
-3.809902932908799666e-01
-3.817792998419867745e-01
-3.807950814565022601e-01
-3.808546066284179688e-01
-3.811441792382134208e-01
-3.809984260135226841e-01
-3.804793887668185826e-01
-3.813721868726942521e-01
-3.811237017313639508e-01
-3.811502191755506974e-01
-3.813233375549316406e-01
-3.812902503543429966e-01
-3.819764455159505023e-01
-3.811669879489474888e-01
-3.808970981174045201e-01
-3.812507523430718193e-01
-3.816992706722683315e-01
-3.818917804294162388e-01
-3.816205660502116070e-01
-3.815189202626546039e-01
-3.817099465264214286e-01
-3.814161618550618305e-01
-3.807246949937608260e-01
-3.821758429209391461e-01
-3.817326757642958146e-01
-3.811479674445258370e-01
-3.818740844726562500e-01
-3.803168932596842633e-01
-3.815975189208984375e-01
-3.813992076449924107e-01
-3.810359372033013114e-01
-3.806129296620686664e-01
-3.819099267323811664e-01
-3.808820512559678573e-01
-3.821531931559244977e-01
-3.816076914469401227e-01
-3.818617396884494419e-01
-3.816623952653672713e-01
-3.809260262383354911e-01
-3.811358610788981305e-01
-3.809344768524169922e-01
-3.815338611602783203e-01
-3.810061083899604073e-01
-3.814563751220703125e-01
-3.808770179748535156e-01
-3.816509511735703963e-01
-3.809078269534640904e-01
-3.822527726491292133e-01
-3.812743028004964008e-01
-3.814079761505126953e-01
-3.816857602861192245e-01
-3.806430763668484096e-01
-3.810386127895779018e-01
-3.830459647708469029e-01
-3.817961745791965122e-01
-3.811642858717176896e-01
-3.822052478790283203e-01
-3.814957141876220703e-01
-3.820396794213188896e-01
-3.801677491929795760e-01
-3.811582989162868862e-01
-3.817648622724745255e-01
-3.814071814219157086e-01
-3.820379840003119698e-01
-3.808557192484537945e-01
-3.813019593556721820e-01
-3.813251654307047711e-01
-3.817353778415256138e-01
-3.808193736606174107e-01
-3.823857837253146763e-01
-3.818178706698947544e-01
-3.813775910271538505e-01
-3.817503982120090122e-01
-3.817084365420871372e-01
-3.805553118387858258e-01
-3.822078969743516463e-01
-3.825212054782443638e-01
-3.821074697706434709e-01
-3.827677832709418526e-01
-3.815615442064073104e-01
-3.809297879536946430e-01
-3.820565011766221541e-01
-3.820527394612630023e-01
-3.820863564809163226e-01
-3.821487161848280412e-01
-3.822939925723605747e-01
-3.816652562883164901e-01
-3.818203078375922432e-01
-3.816966480678982143e-01
-3.812699053022596818e-01
-3.807498613993327008e-01
-3.807652526431613560e-01
-3.815326955583360213e-01
-3.828332953982883091e-01
-3.813038931952582589e-01
-3.812253210279676896e-01
-3.816313213772243862e-01
-3.811778757307264787e-01
-3.813141716851128349e-01
-3.815637164645724888e-01
-3.817320929633246651e-01
-3.816882504357231864e-01
-3.824569119347466239e-01
-3.821543587578667411e-01
-3.819614781273735771e-01
-3.816492557525634766e-01
-3.817365434434678573e-01
-3.819207880232069474e-01
-3.811849488152397880e-01
-3.812990453508164901e-01
-3.819540871514214286e-01
-3.823802736070420760e-01
-3.833280669318305245e-01
-3.825599087609184989e-01
-3.817289935217963448e-01
-3.820620112948947544e-01
-3.814769321017795201e-01
-3.820310963524712333e-01
-3.818344804975721818e-01
-3.820145130157470703e-01
-3.816667132907443638e-01
-3.816721439361572266e-01
-3.820635212792290458e-01
-3.819826443990071430e-01
-3.810277779897053851e-01
-3.812580903371174945e-01
-3.813678423563639508e-01
-3.813385168711344586e-01
-3.818614482879638672e-01
-3.823568291134304409e-01
-3.814280033111572266e-01
-3.813980420430501117e-01
-3.815849887000190011e-01
-3.830988142225477677e-01
-3.818487326304118024e-01
-3.814925617641872768e-01
-3.821624384986029854e-01
-3.822993702358669643e-01
-3.821365568372938615e-01
-3.813043435414631976e-01
-3.818336592780219307e-01
-3.820893234676784878e-01
-3.819552527533637276e-01
-3.816066318088107701e-01
-3.825370470682780133e-01
-3.815674781799316406e-01
-3.824149502648247489e-01
-3.821097479926215401e-01
-3.808278772566053849e-01
-3.822245068020290737e-01
-3.818648656209309711e-01
-3.821472856733534318e-01
-3.825623989105224609e-01
-3.814980453915066128e-01
-3.810576862759060268e-01
-3.808140224880642299e-01
-3.825022644466823940e-01
-3.817370202806260604e-01
-3.817935784657796039e-01
-3.823983404371473771e-01
-3.820506731669108258e-01
-3.821479479471842633e-01
-3.817669020758734932e-01
-3.826405207316080914e-01
-3.817419740888807755e-01
-3.823650413089328404e-01
-3.815917174021403180e-01
-3.820918930901421318e-01
-3.815444840325249443e-01
-3.828116522894965401e-01
-3.825641738043891182e-01
-3.816662364535861607e-01
-3.816056516435410995e-01
-3.819493452707926617e-01
-3.821237617068820591e-01
-3.815042442745632534e-01
-3.823941548665364398e-01
-3.828711774614121932e-01
-3.822190231747097378e-01
-3.815990553961859932e-01
-3.824834028879801617e-01
-3.812843163808186664e-01
-3.820176919301350726e-01
-3.819406562381320591e-01
-3.813856442769368305e-01
-3.824078771803114396e-01
-3.820063008202446708e-01
-3.818624019622802734e-01
-3.833385838402642021e-01
-3.821280797322590961e-01
-3.823488553365071430e-01
-3.824916945563422432e-01
-3.833654456668429966e-01
-3.815447489420573102e-01
-3.814065191480848771e-01
-3.827141920725504742e-01
-3.821315235561794643e-01
-3.823463651869032365e-01
-3.818409442901611328e-01
-3.818455007341172713e-01
-3.818458716074625836e-01
-3.810446792178683872e-01
-3.811954127417670479e-01
-3.823308944702148438e-01
-3.819912539588080636e-01
-3.820293479495578404e-01
-3.817610740661621094e-01
-3.827351993984646206e-01
-3.818876478407118302e-01
-3.821811411115858537e-01
-3.828869925604926339e-01
-3.823818100823296318e-01
-3.816553751627604352e-01
-3.824595080481635323e-01
-3.821371131473117466e-01
-3.823816246456570034e-01
-3.819820351070827846e-01
-3.819528420766194476e-01
-3.825299474928114396e-01
-3.811518881056044084e-01
-3.822552363077799664e-01
-3.817770216200087052e-01
-3.827733993530273438e-01
-3.805842929416232701e-01
-3.810594876607258930e-01
-3.828313880496554966e-01
-3.815339671240912667e-01
-3.821675777435302734e-01
-3.826844692230224609e-01
-3.820626205868191128e-01
-3.825613657633463727e-01
-3.821866777208116073e-01
-3.818548255496554966e-01
-3.819318082597520370e-01
-3.825301064385308036e-01
-3.821218543582492466e-01
-3.810110621982150669e-01
-3.816879590352376117e-01
-3.819613456726074219e-01
-3.819289737277560826e-01
-3.815780480702717914e-01
-3.826168643103705636e-01
-3.816117710537380581e-01
-3.820398118760850448e-01
-3.818613953060573940e-01
-3.813164499070909041e-01
-3.823222849104139787e-01
-3.813521862030029297e-01
-3.826430108812119979e-01
-3.822314474317762834e-01
-3.823135958777533761e-01
-3.822088241577148438e-01
-3.819027211931016463e-01
-3.833019203609890346e-01
-3.824340767330593471e-01
-3.811529477437337055e-01
-3.823172251383463727e-01
-3.820724752214219588e-01
-3.823505772484673271e-01
-3.818201488918728237e-01
-3.822232617272270927e-01
-3.826035923428005581e-01
-3.814862304263644810e-01
-3.823886182573106307e-01
-3.807936774359809151e-01
-3.820449246300591239e-01
-3.820488717820909041e-01
-3.819931613074408761e-01
-3.814343081580268136e-01
-3.819344308641221541e-01
-3.821091916826035995e-01
-3.812365531921386719e-01
-3.819834126366509208e-01
-3.820547527737087612e-01
-3.822481632232666016e-01
-3.823915322621663226e-01
-3.821577231089274274e-01
-3.824072149064805526e-01
-3.819596767425537109e-01
-3.816656801435682755e-01
-3.815068403879801617e-01
-3.821354707082112445e-01
-3.820543024275038224e-01
-3.818365997738308315e-01
-3.820603423648410435e-01
-3.821235497792561664e-01
-3.823345767127143136e-01
-3.826868534088134766e-01
-3.822857009039984932e-01
-3.830284012688530693e-01
-3.817190859052870255e-01
-3.821489281124538784e-01
-3.821854326460096818e-01
-3.828608724806044084e-01
-3.816665013631184711e-01
-3.822186523013644810e-01
-3.828982777065700893e-01
-3.827121257781982422e-01
-3.814672099219428292e-01
-3.820062478383381976e-01
-3.824413087632920760e-01
-3.825778431362575893e-01
-3.818684418996174945e-01
-3.820426199171278459e-01
-3.829739093780517578e-01
-3.823264969719780693e-01
-3.818218708038330078e-01
-3.819075955284966239e-01
-3.818204667833116073e-01
-3.829088211059570312e-01
-3.829108079274495258e-01
-3.825000656975640068e-01
-3.828593624962700614e-01
-3.811416625976562500e-01
-3.816352155473496932e-01
-3.826042016347249164e-01
-3.833888901604546318e-01
-3.822205861409505023e-01
-3.815397686428493862e-01
-3.825456566280788784e-01
-3.822752369774712333e-01
-3.820439179738362445e-01
-3.821692996554904576e-01
-3.826505343119303570e-01
-3.825026353200276508e-01
-3.825688097212049943e-01
-3.826684157053629742e-01
-3.826902707417805805e-01
-3.819825119442409878e-01
-3.815345499250624162e-01
-3.815188672807481307e-01
-3.814049561818440570e-01
-3.830612235599094029e-01
-3.826231426662868862e-01
-3.823900487687852401e-01
-3.805855115254719867e-01
-3.826111687554253349e-01
-3.816282219356960659e-01
-3.833331267038981305e-01
-3.818635675642225724e-01
-3.826372358534071427e-01
-3.828687138027614956e-01
-3.822429445054795760e-01
-3.815515306260850448e-01
-3.815780215793185826e-01
-3.832452827029758091e-01
-3.824878268771701451e-01
-3.806385993957519531e-01
-3.812399440341525669e-01
-3.828045262230767021e-01
-3.821035226186116351e-01
-3.823450406392415180e-01
-3.825799094306098214e-01
-3.826267984178330916e-01
-3.819447093539767857e-01
-3.816786342196994419e-01
-3.824078241984049664e-01
-3.823083771599663505e-01
-3.829106489817301617e-01
-3.821703063117133370e-01
-3.813187811109755021e-01
-3.826617399851481305e-01
-3.822286658816867466e-01
-3.824303679996066685e-01
-3.828240500556098214e-01
-3.827016883426242466e-01
-3.815072377522786273e-01
-3.814574082692464008e-01
-3.821739355723063336e-01
-3.809868494669596539e-01
-3.834875689612494698e-01
-3.810346921284993305e-01
-3.817278014289008370e-01
-3.831470277574327010e-01
-3.831687768300374164e-01
-3.829499350653754464e-01
-3.826990922292073383e-01
-3.817807038625081195e-01
-3.806890911526150112e-01
-3.819708029429118024e-01
-3.821221987406412945e-01
-3.824499183230929966e-01
-3.826918337080214005e-01
-3.829285833570692521e-01
-3.824861579471164341e-01
-3.817827171749538784e-01
-3.819911215040419084e-01
-3.816464742024739398e-01
-3.826974232991536273e-01
-3.809796439276801339e-01
-3.829066223568386440e-01
-3.821046087476942521e-01
-3.809315363566080914e-01
-3.825608624352349052e-01
-3.820923169453938617e-01
-3.815027872721354352e-01
-3.826217916276719588e-01
-3.833131260342068081e-01
-3.824491765764024276e-01
-3.821762137942844029e-01
-3.823634518517388114e-01
-3.824445406595866070e-01
-3.821849028269450055e-01
-3.815247482723659878e-01
-3.825201193491618024e-01
-3.812955220540364398e-01
-3.824192417992485771e-01
-3.819722864362928849e-01
-3.820607132381863003e-01
-3.823273711734347935e-01
-3.821949958801269531e-01
-3.812175061967637557e-01
-3.821173508961995258e-01
-3.821462260352240792e-01
-3.829352325863308315e-01
-3.827808698018391742e-01
-3.821123176150851841e-01
-3.821170859866672154e-01
-3.827761544121636161e-01
-3.816993236541748047e-01
-3.825825850168864117e-01
-3.821882671780056362e-01
-3.819620344373915177e-01
-3.825996451907687779e-01
-3.824471897549099331e-01
-3.822122679816352120e-01
-3.818547460767958146e-01
-3.810040950775146484e-01
-3.818620840708414899e-01
-3.822119235992431641e-01
-3.820680247412787667e-01
-3.824110296037461776e-01
-3.816497855716281529e-01
-3.823482990264892578e-01
-3.824441168043348771e-01
-3.834750917222764510e-01
-3.825870884789360771e-01
-3.824009895324707031e-01
-3.821498552958170758e-01
-3.824261294470893136e-01
-3.818252616458469029e-01
-3.820612695482041854e-01
-3.825571007198757534e-01
-3.822372489505344029e-01
-3.830194738176133651e-01
-3.828010029262966518e-01
-3.827199935913085938e-01
-3.824548721313476562e-01
-3.825024233924018136e-01
-3.825693660312228794e-01
-3.831559287177191964e-01
-3.832883569929335099e-01
-3.828613758087158203e-01
-3.805390728844536552e-01
-3.816943698459201451e-01
-3.816773891448974609e-01
-3.822377787695990792e-01
-3.826687335968017578e-01
-3.814877404106987724e-01
-3.822327984703911552e-01
-3.824231359693739396e-01
-3.822463088565402622e-01
-3.828994168175591239e-01
-3.818292352888319474e-01
-3.831107086605495815e-01
-3.827126820882161273e-01
-3.831633991665310268e-01
-3.822390238444010602e-01
-3.827093972100151786e-01
-3.821138011084662667e-01
-3.823729356129964008e-01
-3.822173807356092912e-01
-3.821815119849311104e-01
-3.812523947821723214e-01
-3.826418187883164901e-01
-3.824518256717258091e-01
-3.819425900777180805e-01
-3.826430638631184711e-01
-3.823984993828667411e-01
-3.818878597683376674e-01
-3.836304611629909878e-01
-3.834643099043104630e-01
-3.835496902465820312e-01
-3.830201360914442521e-01
-3.815649350484212055e-01
-3.834850258297390346e-01
-3.832634554968940011e-01
-3.824999067518446427e-01
-3.832632700602213727e-01
-3.827754391564263114e-01
-3.821729024251301898e-01
-3.834484418233235492e-01
-3.830246925354003906e-01
-3.827125231424967633e-01
-3.821610609690348492e-01
-3.828714158799912948e-01
-3.823663658565945034e-01
-3.834430376688639508e-01
-3.826504283481174107e-01
-3.827411598629421596e-01
-3.822851975758870258e-01
-3.824605676862928849e-01
-3.828613228268093471e-01
-3.821450339423285714e-01
-3.825680414835612164e-01
-3.813954459296332589e-01
-3.826657931009928570e-01
-3.830030494266086216e-01
-3.830686940087212333e-01
-3.812364472283257255e-01
-3.829821480645073661e-01
-3.833207024468315849e-01
-3.831843535105387555e-01
-3.826890256669785995e-01
-3.824856546190049666e-01
-3.825663990444607143e-01
-3.835388554467095146e-01
-3.838048511081271763e-01
-3.829414314693874721e-01
-3.825581073760986328e-01
-3.830174869961208706e-01
-3.835763401455349331e-01
-3.826960192786322823e-01
-3.823773066202799664e-01
-3.828830718994140625e-01
-3.829117351108127232e-01
-3.827410803900824776e-01
-3.833300802442762834e-01
-3.834381633334689732e-01
-3.832370705074734096e-01
-3.825747701856825334e-01
-3.825342390272352677e-01
-3.833763069576687221e-01
-3.828991783989800224e-01
-3.826486799452040177e-01
-3.835838105943467635e-01
-3.828502496083577289e-01
-3.833818435668945312e-01
-3.828891383277045479e-01
-3.829095098707411271e-01
-3.828389644622802734e-01
-3.811339537302653180e-01
-3.832082748413085938e-01
-3.825270069970024833e-01
-3.826120164659287948e-01
-3.832101821899414062e-01
-3.826719919840494977e-01
-3.829325834910075055e-01
-3.840795887841118583e-01
-3.828126059638129464e-01
-3.840817080603705636e-01
-3.826579782697889787e-01
-3.822980191972520370e-01
-3.829150994618733539e-01
-3.831764327155219307e-01
-3.821692996554904576e-01
-3.819784588283962612e-01
-3.840098910861545201e-01
-3.806289037068684711e-01
-3.819585111406114120e-01
-3.815601401858859654e-01
-3.829726643032497768e-01
-3.824374410841200334e-01
-3.817003303103976841e-01
-3.828473091125488281e-01
-3.832608328925238839e-01
-3.837549421522352677e-01
-3.832559055752224331e-01
-3.819650544060601005e-01
-3.814402156405978794e-01
-3.830471568637424107e-01
-3.838680320315890904e-01
-3.833944267696804409e-01
-3.829699887169731864e-01
-3.831253316667344588e-01
-3.817599614461262836e-01
-3.831474516126844865e-01
-3.821817768944634208e-01
-3.825426366594102401e-01
-3.833034833272297992e-01
-3.830579916636149274e-01
-3.826698991987440568e-01
-3.828442891438801898e-01
-3.828976684146457310e-01
-3.827539020114474888e-01
-3.825634850396050224e-01
-3.829975922902424945e-01
-3.821320798661973495e-01
-3.825562530093722935e-01
-3.819920221964518414e-01
-3.830659389495849609e-01
-3.830760584937201729e-01
-3.829867045084635602e-01
-3.824489911397297992e-01
-3.830867608388264789e-01
-3.822922441694471818e-01
-3.825814988878037948e-01
-3.827522860633002511e-01
-3.825569682651095982e-01
-3.831669489542643414e-01
-3.829432858361138114e-01
-3.816590044233534318e-01
-3.827660613589816685e-01
-3.835238615671793805e-01
-3.826338185204399833e-01
-3.831014103359646206e-01
-3.818481233384873885e-01
-3.833871947394477120e-01
-3.821346494886610490e-01
-3.827779293060302734e-01
-3.840985827975803013e-01
-3.827760484483506698e-01
-3.835731347401936664e-01
-3.833625846438937779e-01
-3.828042878044976005e-01
-3.832256793975830078e-01
-3.827037811279296875e-01
-3.832776281568739396e-01
-3.843991491529676896e-01
-3.828661441802978516e-01
-3.836800522274441128e-01
-3.818261623382568359e-01
-3.829707569546169643e-01
-3.821657498677571430e-01
-3.831474516126844865e-01
-3.824633757273356305e-01
-3.812942239973280412e-01
-3.837945196363661271e-01
-3.835154109530978794e-01
-3.827160464392768136e-01
-3.828798664940727958e-01
-3.830912907918294086e-01
-3.829457230038113003e-01
-3.832543426089816685e-01
-3.821080260806613560e-01
-3.834012084537082310e-01
-3.825863467322455636e-01
-3.835117552015516740e-01
-3.832300239139133091e-01
-3.838832908206515904e-01
-3.829815917544894810e-01
-3.830876880221896763e-01
-3.836252954271104354e-01
-3.828597598605685826e-01
-3.813763989342583427e-01
-3.808189233144124164e-01
-3.829750219980875836e-01
-3.829058806101481305e-01
-3.836008442772759208e-01
-3.829526106516520367e-01
-3.836774561140272599e-01
-3.834104802873399276e-01
-3.834073278639051896e-01
-3.828295866648356305e-01
-3.833954069349501115e-01
-3.826340039571126117e-01
-3.832481437259250279e-01
-3.834548791249592914e-01
-3.826672765943739396e-01
-3.829537762535942802e-01
-3.810731569925944195e-01
-3.828824890984429130e-01
-3.822250631120469588e-01
-3.831268416510688057e-01
-3.835612932840983258e-01
-3.820402887132432479e-01
-3.831462595197889787e-01
-3.833456569247775669e-01
-3.824968073103163224e-01
-3.824827935960557479e-01
-3.832276132371690291e-01
-3.828340106540256138e-01
-3.829774856567382812e-01
-3.836781713697645646e-01
-3.836450841691758651e-01
-3.839317957560221539e-01
-3.827247619628906250e-01
-3.827989366319444198e-01
-3.816290961371527901e-01
-3.830729060702853794e-01
-3.834024005466037388e-01
-3.839620484246147880e-01
-3.825030856662326451e-01
-3.820628060234917411e-01
-3.827918900383843193e-01
-3.832494682735866909e-01
-3.832434283362494698e-01
-3.831929895612928849e-01
-3.832346333397759208e-01
-3.830148643917507534e-01
-3.833773665957980747e-01
-3.826027446322970982e-01
-3.816745811038547154e-01
-3.839549223581950055e-01
-3.827868567572699776e-01
-3.829984929826524276e-01
-3.821823332044813615e-01
-3.822736475202772599e-01
-3.813693523406982422e-01
-3.835817707909477958e-01
-3.838980992635090961e-01
-3.829229407840304966e-01
-3.826709058549668807e-01
-3.837463590833876115e-01
-3.814339902665879745e-01
-3.829832341935899276e-01
-3.828443421257866630e-01
-3.815690676371256695e-01
-3.823845386505126953e-01
-3.836252689361572266e-01
-3.822680049472385044e-01
-3.831963274214003068e-01
-3.834977679782443638e-01
-3.830453554789225445e-01
-3.830612235599094029e-01
-3.834163082970513114e-01
-3.824190828535292130e-01
-3.834251827663845424e-01
-3.836220105489094867e-01
-3.828801578945583706e-01
-3.822118441263834820e-01
-3.834096325768364677e-01
-3.829194969601101284e-01
-3.839156362745497209e-01
-3.828592035505506974e-01
-3.821881612141926898e-01
-3.844425148434109096e-01
-3.840298387739393693e-01
-3.829989698198106307e-01
-3.827575312720404854e-01
-3.842126793331570034e-01
-3.826329708099365234e-01
-3.833938174777560826e-01
-3.828712569342719307e-01
-3.838090631696913224e-01
-3.841975000169541854e-01
-3.836340109507243024e-01
-3.844148847791883927e-01
-3.843326833513047713e-01
-3.833825058407253628e-01
-3.837847179836696987e-01
-3.837268882327609654e-01
-3.828339841630723495e-01
-3.826102945539686662e-01
-3.834175268809000836e-01
-3.848590585920546037e-01
-3.832763830820719586e-01
-3.831093841128879185e-01
-3.833082781897650948e-01
-3.821818033854166852e-01
-3.844424883524577008e-01
-3.843180338541666852e-01
-3.828630977206760044e-01
-3.837867048051621932e-01
-3.834600448608398438e-01
-3.829516039954291573e-01
-3.835020595126681919e-01
-3.831035031212700614e-01
-3.833190070258246651e-01
-3.837013244628906250e-01
-3.834516207377116070e-01
-3.836332427130805245e-01
-3.833339744144015904e-01
-3.834207057952880859e-01
-3.833371268378363839e-01
-3.825897905561659318e-01
-3.834483623504638672e-01
-3.822375668419731864e-01
-3.832066059112548828e-01
-3.831339412265353794e-01
-3.831253846486409320e-01
-3.835105895996093750e-01
-3.841992749108208427e-01
-3.833313253190782088e-01
-3.824217054578993302e-01
-3.828246063656277065e-01
-3.843833340538872489e-01
-3.833264509836832867e-01
-3.832791381412082310e-01
-3.822318977779812221e-01
-3.837686909569634208e-01
-3.829342789120144253e-01
-3.837128745185004464e-01
-3.832209110260009766e-01
-3.819756507873535156e-01
-3.835337426927354354e-01
-3.836765024397108537e-01
-3.839547634124755859e-01
-3.837367163764106026e-01
-3.833351400163438338e-01
-3.822355800204806919e-01
-3.839697043100993024e-01
-3.835313320159912109e-01
-3.835103776719834823e-01
-3.830457793341742745e-01
-3.834386931525336495e-01
-3.822994761996799107e-01
-3.833839893341064453e-01
-3.839718500773112164e-01
-3.836094273461235771e-01
-3.833334975772433872e-01
-3.830196857452392578e-01
-3.844302760230170479e-01
-3.831701278686523438e-01
-3.833477762010362166e-01
-3.834166791703965682e-01
-3.829100661807590122e-01
-3.832721975114610213e-01
-3.837252722846137276e-01
-3.824239836798773995e-01
-3.823476632436116351e-01
-3.833504517873128070e-01
-3.834532631768120536e-01
-3.830799261728922711e-01
-3.837584654490153180e-01
-3.836475478278266182e-01
-3.829355239868164062e-01
-3.826067182752821427e-01
-3.832958539326985492e-01
-3.832491238911946430e-01
-3.833525975545247211e-01
-3.830035262637668247e-01
-3.832146591610378628e-01
-3.829120265112982979e-01
-3.836218516031901227e-01
-3.830092748006184711e-01
-3.834221363067626953e-01
-3.836103280385335101e-01
-3.834972381591796875e-01
-3.841298156314426060e-01
-3.805867301093207589e-01
-3.836582766638861886e-01
-3.830939133961995258e-01
-3.811649746365017299e-01
-3.835314114888508930e-01
-3.834401766459147320e-01
-3.835775322384304409e-01
-3.833500014411078682e-01
-3.832737869686550503e-01
-3.814430501725938338e-01
-3.823449081844753628e-01
-3.836430973476833706e-01
-3.837773799896240234e-01
-3.831165366702609654e-01
-3.835115432739257812e-01
-3.816118505265977401e-01
-3.834232224358452568e-01
-3.837183581458197823e-01
-3.848129908243815289e-01
-3.837428622775607701e-01
-3.849435647328694476e-01
-3.831880622439914341e-01
-3.841258154975043526e-01
-3.835132386949327010e-01
-3.820032543606228237e-01
-3.812630971272786273e-01
-3.825116687350803013e-01
-3.834626144833034878e-01
-3.827868567572699776e-01
-3.838664690653483258e-01
-3.828759723239474888e-01
-3.833757771386040458e-01
-3.843732145097520370e-01
-3.836009767320420760e-01
-3.836113346947563896e-01
-3.834089703030056362e-01
-3.824707667032877789e-01
-3.819890552096896763e-01
-3.837871816423203963e-01
-3.831087218390570870e-01
-3.823675049675835380e-01
-3.835912015702989120e-01
-3.841527832878960380e-01
-3.841290738847520370e-01
-3.832394811842176896e-01
-3.844796551598442802e-01
-3.837903870476616630e-01
-3.837884002261691685e-01
-3.835206031799316406e-01
-3.831615977817111607e-01
-3.824552959865993862e-01
-3.834954367743598214e-01
-3.842770258585612164e-01
-3.842825094858805524e-01
-3.829561074574788226e-01
-3.830668926239013672e-01
-3.830269177754719867e-01
-3.834125465816921596e-01
-3.848089112175835380e-01
-3.842849996354844588e-01
-3.832601706186930524e-01
-3.834815290239121932e-01
-3.844946225484212055e-01
-3.826270633273654576e-01
-3.839485645294189453e-01
-3.849715656704372768e-01
-3.835932678646511440e-01
-3.822767469618055802e-01
-3.839376502566867466e-01
-3.833662139044867745e-01
-3.836807409922282086e-01
-3.831916120317246932e-01
-3.829338815477159041e-01
-3.833899233076307755e-01
-3.837926917605929966e-01
-3.825251526302761440e-01
-3.839085102081298828e-01
-3.836381965213351841e-01
-3.838880591922336216e-01
-3.834244675106472378e-01
-3.833923339843750000e-01
-3.833702670203315011e-01
-3.836487134297688617e-01
-3.832746346791585101e-01
-3.833579752180311662e-01
-3.836646080017089844e-01
-3.838001092274983539e-01
-3.839197423723008651e-01
-3.828338517083061943e-01
-3.828408718109130859e-01
-3.828641043768988839e-01
-3.835485511355929966e-01
-3.831249872843424664e-01
-3.842333952585856305e-01
-3.835281001196967354e-01
-3.830356862809922713e-01
-3.848985301123725167e-01
-3.840872446695963727e-01
-3.829896185133192521e-01
-3.824313746558295479e-01
-3.844990200466579799e-01
-3.830578062269422990e-01
-3.838170899285210380e-01
-3.830454349517822266e-01
-3.844261169433593750e-01
-3.846385743882920760e-01
-3.841428491804335099e-01
-3.845130337609184989e-01
-3.849701881408691406e-01
-3.837379084693061104e-01
-3.841476440429687500e-01
-3.848689397176106586e-01
-3.838661511739094867e-01
-3.830009831322563896e-01
-3.837882677714030133e-01
-3.850730260213215961e-01
-3.835724724663628349e-01
-3.831600877973768693e-01
-3.836277855767143974e-01
-3.819083637661404018e-01
-3.841684394412570591e-01
-3.843506707085503349e-01
-3.832418653700087052e-01
-3.847752941979302177e-01
-3.838708135816786271e-01
-3.835837576124403459e-01
-3.836214807298448104e-01
-3.833432727389865513e-01
-3.832567797766791573e-01
-3.841335243648952846e-01
-3.832589520348442802e-01
-3.847869502173529854e-01
-3.838059902191162109e-01
-3.835131592220730190e-01
-3.838458855946858539e-01
-3.833229806688096541e-01
-3.837539619869655971e-01
-3.815444045596652622e-01
-3.834399647182888393e-01
-3.834470378028022042e-01
-3.837673929002549666e-01
-3.838951322767469865e-01
-3.841547701093885880e-01
-3.847328027089436664e-01
-3.814895947774251117e-01
-3.818724155426025391e-01
-3.843702210320366630e-01
-3.836469915178086776e-01
-3.834989600711398716e-01
-3.828286594814724331e-01
-3.840537071228027344e-01
-3.825776312086317521e-01
-3.843181927998860492e-01
-3.837534851498073940e-01
-3.817011250389946708e-01
-3.839558495415581474e-01
-3.841895527309841518e-01
-3.844069110022650948e-01
-3.838818338182237166e-01
-3.832525942060682755e-01
-3.827674653795030135e-01
-3.842689196268717633e-01
-3.835325770907931919e-01
-3.838519520229763393e-01
-3.834183745914035435e-01
-3.839447233412001115e-01
-3.838236861758761997e-01
-3.836886088053385602e-01
-3.846451176537407646e-01
-3.809862136840820312e-01
-3.831194771660698661e-01
-3.833439615037705916e-01
-3.845521873897976284e-01
-3.830443223317464008e-01
-3.841551939646403180e-01
-3.840185536278618583e-01
-3.831605381435818081e-01
-3.838636610243055802e-01
-3.828977213965522042e-01
-3.820243146684434432e-01
-3.833495775858561383e-01
-3.835233317481147042e-01
-3.839852015177409039e-01
-3.828701178232828961e-01
-3.850200706058078404e-01
-3.839152389102511997e-01
-3.824920124477810268e-01
-3.836496141221787948e-01
-3.830991850958930245e-01
-3.836712307400173549e-01
-3.835397826300727120e-01
-3.832086192237006417e-01
-3.827137152353922711e-01
-3.831264442867702846e-01
-3.835581143697102680e-01
-3.832592699262831193e-01
-3.840168846978081474e-01
-3.836043675740559711e-01
-3.843366305033366070e-01
-3.842906951904296875e-01
-3.835068543752034320e-01
-3.841779232025146484e-01
-3.837734063466389789e-01
-3.818173408508300781e-01
-3.841012318929036273e-01
-3.842031160990397320e-01
-3.840788205464680805e-01
-3.839720355139838448e-01
-3.834622965918647042e-01
-3.816711107889811383e-01
-3.830170896318223495e-01
-3.842040962643093471e-01
-3.842966821458604354e-01
-3.830411699083116073e-01
-3.837048742506239396e-01
-3.827845785352919084e-01
-3.829176161024305802e-01
-3.847000069088405971e-01
-3.853972752888997211e-01
-3.838642703162299386e-01
-3.846299913194444198e-01
-3.836573229895697823e-01
-3.842030366261799945e-01
-3.843690819210476284e-01
-3.827678362528483258e-01
-3.833064238230387555e-01
-3.840303950839572544e-01
-3.835062185923258649e-01
-3.838223086463080636e-01
-3.845559226142035714e-01
-3.835318088531494141e-01
-3.834208912319607143e-01
-3.844664096832275391e-01
-3.840725421905517578e-01
-3.837740951114230747e-01
-3.837242126464843750e-01
-3.837101989322238560e-01
-3.829052183363172990e-01
-3.835012647840712052e-01
-3.837611940171983260e-01
-3.828836811913384208e-01
-3.840969933403862724e-01
-3.843421141306559430e-01
-3.842703236473931083e-01
-3.831448025173611049e-01
-3.852283159891764508e-01
-3.838451173570420760e-01
-3.837294313642714005e-01
-3.838009569380018693e-01
-3.827505111694335938e-01
-3.821486102210150948e-01
-3.840307659573025112e-01
-3.847557438744438896e-01
-3.847151067521836776e-01
-3.820752832624647599e-01
-3.836267789204915180e-01
-3.832001951005723495e-01
-3.841023180219862443e-01
-3.848509788513183594e-01
-3.845277362399631138e-01
-3.811695045895046596e-01
-3.842745886908637276e-01
-3.850463761223686943e-01
-3.836933506859673271e-01
-3.842335806952582589e-01
-3.847260475158691406e-01
-3.835142718421088448e-01
-3.832128312852647323e-01
-3.844471507602267857e-01
-3.836349911159939174e-01
-3.817641470167372209e-01
-3.833866649203830357e-01
-3.832192950778537388e-01
-3.839947647518581753e-01
-3.839434517754448661e-01
-3.820729785495334263e-01
-3.844083680046929130e-01
-3.843291600545247211e-01
-3.839232126871744977e-01
-3.831579685211181641e-01
