-2.633630169762505302e-01
-2.864934338463677177e-01
-3.315543598598904018e-01
-3.546658092074924107e-01
-3.591372701856825334e-01
-3.620218700832790737e-01
-3.660144805908203125e-01
-3.625833458370632534e-01
-3.618570698632134208e-01
-3.648127184973822823e-01
-3.646238644917805805e-01
-3.643981880611843471e-01
-3.654015064239501953e-01
-3.659758567810058594e-01
-3.672011693318684711e-01
-3.674147923787434711e-01
-3.650724887847900391e-01
-3.673277695973714008e-01
-3.667459223005506974e-01
-3.698787954118516463e-01
-3.676165474785698661e-01
-3.686334027184380302e-01
-3.673384984334309711e-01
-3.689886993832058315e-01
-3.664534621768527622e-01
-3.693034913804795760e-01
-3.646448453267415180e-01
-3.663389682769775391e-01
-3.676584031846787948e-01
-3.656346533033583146e-01
-3.642639319101969586e-01
-3.660507996877034320e-01
-3.659311665429009208e-01
-3.609113958146836776e-01
-3.663295374976264229e-01
-3.689664469824897042e-01
-3.698159853617350445e-01
-3.685045242309570312e-01
-3.732620875040690289e-01
-3.727352354261610490e-01
-3.729474809434678573e-01
-3.744200600518120536e-01
-3.767473167843288784e-01
-3.792337576548258649e-01
-3.795851336585150948e-01
-3.817529148525661831e-01
-3.815150260925292969e-01
-3.821913931104872209e-01
-3.844285276201035995e-01
-3.845667309231228237e-01
-3.844841586218940011e-01
-3.848496278127034320e-01
-3.847864203982883091e-01
-3.860697746276855469e-01
-3.856042755974663505e-01
-3.851969507005479354e-01
-3.852321836683485490e-01
-3.853442404005262834e-01
-3.869135644700791854e-01
-3.844629658593071708e-01
-3.846101760864257812e-01
-3.844523959689670201e-01
-3.860431247287326451e-01
-3.866523901621500836e-01
-3.856536017523871651e-01
-3.862913979424370536e-01
-3.863341543409559709e-01
-3.858464558919270648e-01
-3.866953055063883649e-01
-3.868684768676757812e-01
-3.869149419996473771e-01
-3.863137033250596541e-01
-3.876013225979275112e-01
-3.866913583543565291e-01
-3.866593307918972378e-01
-3.864379723866780414e-01
-3.874879413180881138e-01
-3.870771725972493305e-01
-3.871347109476725445e-01
-3.863541550106472378e-01
-3.872182369232177734e-01
-3.872462908426920758e-01
-3.872866630554199219e-01
-3.848365677727593193e-01
-3.863526980082194195e-01
-3.871120876736111049e-01
-3.857448630862765904e-01
-3.866249720255534039e-01
-3.867999447716606864e-01
-3.866519398159450893e-01
-3.870326413048638114e-01
-3.848715358310275669e-01
-3.862278461456298828e-01
-3.859348826938205357e-01
-3.867452674441867466e-01
-3.856253888871934432e-01
-3.868748346964518414e-01
-3.869269953833686104e-01
-3.870209852854410992e-01
-3.872713247934977399e-01
-3.872185283237033482e-01
-3.871205382876926060e-01
-3.871040079328749162e-01
-3.872452841864691964e-01
-3.868977228800455914e-01
-3.874376614888508930e-01
-3.870951069725884208e-01
-3.875469366709391461e-01
-3.875730302598741073e-01
-3.867510689629448661e-01
-3.868730068206787109e-01
-3.877641095055474052e-01
-3.864809672037760602e-01
-3.870181772443983537e-01
-3.877052201165093193e-01
-3.847309748331705914e-01
-3.859628836313883649e-01
-3.873328897688124162e-01
-3.873917261759440289e-01
-3.873314327663845424e-01
-3.874589072333441964e-01
-3.875291347503662109e-01
-3.877201875050862445e-01
-3.502182165781657086e-01
-3.859795994228786831e-01
-3.873935275607638951e-01
-3.872110048929850445e-01
-3.875022729237874164e-01
-3.875872294108073102e-01
-3.861496978335910435e-01
-3.872822920481364117e-01
-3.875681294335259208e-01
-3.873051802317301617e-01
-3.864525953928629742e-01
-3.880477481418185826e-01
-3.690840403238932477e-01
-3.705886734856499443e-01
-3.724074893527560826e-01
-3.796275721655951729e-01
-3.869125313229030971e-01
-3.864881197611491070e-01
-3.872914579179551620e-01
-3.875730567508273716e-01
-3.866777949863010044e-01
-3.875563144683837891e-01
-3.874820868174235211e-01
-3.873748514387342912e-01
-3.874552779727511997e-01
-3.874459266662597656e-01
-3.879222075144450055e-01
-3.876779079437255859e-01
-3.875459300147162667e-01
-3.875860638088650112e-01
-3.880321979522705078e-01
-3.880496289994981307e-01
-3.878956105973985213e-01
-3.879586325751410714e-01
-3.868991533915202008e-01
-3.875901699066162109e-01
-3.877424663967556362e-01
-3.879626592000325336e-01
-3.878579669528537388e-01
-3.874620596567789899e-01
-3.879091739654541016e-01
-3.874473836686875838e-01
-3.656742042965359096e-01
-3.737732834286159878e-01
-3.846118450164794922e-01
-3.856521182590060826e-01
-3.870010905795627232e-01
-3.874086274041069755e-01
-3.877736462487114677e-01
-3.870614369710286273e-01
-3.860500653584797992e-01
-3.868453767564561385e-01
-3.873451550801594867e-01
-3.875897195604112166e-01
-3.881571822696261997e-01
-3.877998458014594307e-01
-3.880795637766520367e-01
-3.879361947377522601e-01
-3.880483839246962052e-01
-3.882106939951578961e-01
-3.879675070444743024e-01
-3.878150516086154576e-01
-3.877247174580891742e-01
-3.878121111128065568e-01
-3.878754244910346261e-01
-3.883577717675102958e-01
-3.877440823449028739e-01
-3.875794145796034318e-01
-3.877216974894205914e-01
-3.878535164727104911e-01
-3.881335523393418807e-01
-3.878063095940483818e-01
-3.873490227593315849e-01
-3.873607317606608258e-01
-3.883785936567518693e-01
-3.882814513312445870e-01
-3.878496752844916573e-01
-3.881053659651014787e-01
-3.857287036048041573e-01
-3.879674805535210380e-01
-3.876380125681559430e-01
-3.874430391523573380e-01
-3.878022034962971820e-01
-3.884038925170898438e-01
-3.877080016665988560e-01
-3.877103858523898716e-01
-3.882892131805419922e-01
-3.873829311794704799e-01
-3.877476586235893974e-01
-3.880574703216552734e-01
-3.876921070946587333e-01
-3.878344429863823661e-01
-3.884420924716525669e-01
-3.879818121592203961e-01
-3.711862828996446151e-01
-3.758482403225368862e-01
-3.874195946587456474e-01
-3.878581258985731584e-01
-3.877842161390516740e-01
-3.880457613203260880e-01
-3.881840440962049943e-01
-3.882802062564426060e-01
-3.876622782813178292e-01
-3.879538112216525669e-01
-3.881195121341281529e-01
-3.878032366434733258e-01
-2.685464223225911273e-01
-3.153908782535129185e-01
-3.422884146372477399e-01
-3.542875978681776505e-01
-3.604467444949679966e-01
-3.618223402235243302e-01
-3.680409325493706474e-01
-3.678895367516411552e-01
-3.688155810038248883e-01
-3.687698576185438615e-01
-3.710585965050591239e-01
-3.696061770121256695e-01
-3.749701182047526227e-01
-3.866603904300265904e-01
-3.881675402323405133e-01
-3.883014255099826451e-01
-3.879352145724826451e-01
-3.878576490614149552e-01
-3.881781895955403461e-01
-3.881732357872856864e-01
-3.878182570139567242e-01
-3.882428805033366070e-01
-3.880704773796929130e-01
-3.879129356808132534e-01
-3.878799279530842914e-01
-3.880552185906304130e-01
-3.881923887464735490e-01
-3.877440293629964008e-01
-3.889678319295247211e-01
-3.878304163614909039e-01
-3.880207008785671596e-01
-3.883939054277207870e-01
-2.421548896365695591e-01
-2.650379604763454799e-01
-2.709737883673773995e-01
-2.832285298241509208e-01
-3.033235602908664341e-01
-3.199821578131781807e-01
-3.293668693966335659e-01
-3.397085401746962052e-01
-3.441619608137342912e-01
-3.599103556738959542e-01
-3.646910720401340122e-01
-3.624173005421956195e-01
-3.652772373623318081e-01
-3.653259542253282088e-01
-3.659625053405761719e-01
-3.662235207027859096e-01
-3.691194587283664341e-01
-3.707440429263644810e-01
-3.692337936825222378e-01
-3.694280518425835380e-01
-3.703118695153130302e-01
-3.717093202802870255e-01
-3.732251591152614956e-01
-3.746568361918131695e-01
-3.766076829698350448e-01
-3.809516164991590959e-01
-3.825413915846083146e-01
-3.832653363545735492e-01
-3.837667836083306083e-01
-3.837121857537163505e-01
-3.845058812035454521e-01
-3.841289679209391461e-01
-3.856142626868354073e-01
-3.848995897505018693e-01
-3.847605917188856584e-01
-3.845793406168619977e-01
-3.858244419097900391e-01
-3.856310579511854630e-01
-3.857550621032714844e-01
-3.856760395897759208e-01
-3.854269451565212612e-01
-3.857519626617431641e-01
-3.858043882581922990e-01
-3.850312497880723495e-01
-3.866571320427788505e-01
-3.858593834771050224e-01
-3.854138586256239396e-01
-3.851902219984266740e-01
-3.848337597317165737e-01
-3.854156865013970146e-01
-3.858079380459255581e-01
-3.860794438256157646e-01
-3.852505948808457870e-01
-3.863923549652099609e-01
-3.853656450907389508e-01
-3.857139746348063336e-01
-3.851879967583550224e-01
-3.862639268239339008e-01
-3.860360251532660714e-01
-3.858768939971923828e-01
-3.865717781914604911e-01
-3.863933351304795760e-01
-3.853295114305284041e-01
-3.870640860663520089e-01
-3.864637480841742745e-01
-3.866018189324272880e-01
-3.869254589080810547e-01
-3.865159617529975167e-01
-3.863791624704996930e-01
-3.866109583112928849e-01
-3.866096337636311664e-01
-3.872963852352566128e-01
-3.864248858557807198e-01
-3.862529065873887557e-01
-3.866363366444905414e-01
-3.874634106953938617e-01
-3.868487940894232979e-01
-3.873084916008843193e-01
-3.864341047075059432e-01
-3.868705696529812221e-01
-3.877772225273979911e-01
-3.868293762207031250e-01
-3.873552481333414899e-01
-3.870191574096679688e-01
-3.874824576907687779e-01
-3.865184519026014787e-01
-3.868277337816026229e-01
-3.875607119666205636e-01
-3.864305549197726841e-01
-3.869844807518852958e-01
-3.872987959120008927e-01
-3.864465554555256976e-01
-3.878509468502468471e-01
-3.866017129686143416e-01
-3.868449264102511997e-01
-3.869104650285508651e-01
-3.867158095041910992e-01
-3.872469266255696430e-01
-3.874980343712700614e-01
-3.873739772372775669e-01
-3.871642483605278739e-01
-3.871694670783148995e-01
-3.872155878278944474e-01
-3.873802026112874164e-01
-3.875654803382025948e-01
-3.873006502787272320e-01
-3.873802291022406807e-01
-3.869901233249240513e-01
-3.871337042914496651e-01
-3.870544168684217912e-01
-3.873008092244465961e-01
-3.869258827633327846e-01
-3.870849344465467912e-01
-3.882028526730007534e-01
-3.870600064595540180e-01
-3.873234324985080357e-01
-3.875029881795247211e-01
-3.874826961093478794e-01
-3.868341710832383651e-01
-3.878357940249972935e-01
-3.872378137376573104e-01
-3.870232899983723773e-01
-3.872261842091878070e-01
-3.881226910485161552e-01
-3.877137766944037667e-01
-3.874376614888508930e-01
-3.877450625101725445e-01
-3.870119783613417130e-01
-3.880307674407958984e-01
-3.871315320332844867e-01
-3.872194555070664901e-01
-3.872645960913764229e-01
-3.879630035824245815e-01
-3.871986336178249721e-01
-3.872103426191542130e-01
-3.875491619110107422e-01
-3.874095016055636997e-01
-3.871804078420003070e-01
-3.861272070142958146e-01
-3.869074980417887555e-01
-3.872331513298882255e-01
-3.869682417975531807e-01
-3.877926932440863839e-01
-3.874921268886989956e-01
-3.870543638865153180e-01
-3.872993522220187779e-01
-3.872620794508192521e-01
-3.875913619995117188e-01
-3.874851067860921039e-01
-3.872083822886149274e-01
-3.881170219845241909e-01
-3.876054816775851841e-01
-3.876048458947075614e-01
-3.871173593733046037e-01
-3.870172500610351562e-01
-3.872028456793891182e-01
-3.877525859408908482e-01
-3.878088792165120258e-01
-3.879313998752170201e-01
-3.866103490193684711e-01
-3.869419362809922713e-01
-3.866562578413221818e-01
-3.874458471934000836e-01
-3.866298728519015904e-01
-3.868585162692599888e-01
-3.879104455312092914e-01
-3.867989381154378070e-01
-3.558040195041232701e-01
-3.695289823744032365e-01
-3.732363118065727958e-01
-3.843958112928602677e-01
-3.859291076660156250e-01
-3.859537972344292411e-01
-3.870327207777235490e-01
-3.869284523857964286e-01
-3.871704207526313057e-01
-3.874400191836886997e-01
-3.870427608489990234e-01
-3.867235448625352401e-01
-3.862523237864176617e-01
-3.875413470798068638e-01
-3.876471254560682755e-01
-3.873608377244737166e-01
-3.871794276767306919e-01
-3.872313499450683594e-01
-3.873347441355387555e-01
-3.873516188727484932e-01
-3.874593045976426620e-01
-3.873466650644938336e-01
-3.872944249047173271e-01
-3.873772886064317245e-01
-3.868540392981635323e-01
-3.877613279554579240e-01
-3.871615727742512836e-01
-3.877793947855631695e-01
-3.877320289611816406e-01
-3.868174023098415737e-01
-3.879187371995713729e-01
-3.875049485100640068e-01
-3.872780005137125836e-01
-3.874773184458414899e-01
-3.874212900797526227e-01
-3.877562681833903180e-01
-3.873482545216878070e-01
-3.879580232832167130e-01
-3.880996969011094588e-01
-3.877264393700493583e-01
-3.873567051357693081e-01
-3.878234492407904854e-01
-3.879665268792046318e-01
-3.873906135559082031e-01
-3.877588907877604352e-01
-3.884072303771972656e-01
-3.869253529442681083e-01
-3.872316148546006698e-01
-3.877265453338623047e-01
-3.872661590576171875e-01
-3.875431484646267299e-01
-3.875127898322211495e-01
-3.875850306616889229e-01
