1.660267353057861328e+00
1.543303608894348145e+00
1.392924666404724121e+00
1.330033898353576660e+00
1.226794123649597168e+00
1.053333044052124023e+00
9.927923679351806641e-01
9.043391346931457520e-01
8.469846248626708984e-01
7.261951565742492676e-01
6.702992916107177734e-01
6.264802217483520508e-01
4.860009849071502686e-01
4.624452590942382812e-01
4.182536602020263672e-01
3.309727311134338379e-01
2.623344659805297852e-01
2.274785488843917847e-01
1.767536997795104980e-01
1.175975650548934937e-01
7.359354943037033081e-02
5.603231117129325867e-02
1.552456431090831757e-02
-1.594893820583820343e-02
-6.088864058256149292e-02
-7.194735854864120483e-02
-1.082460433244705200e-01
-1.279175877571105957e-01
-1.398414671421051025e-01
-1.635776311159133911e-01
-1.814849525690078735e-01
-1.912254095077514648e-01
-2.098719179630279541e-01
-2.134626507759094238e-01
-2.190413475036621094e-01
-2.309454679489135742e-01
-2.338574826717376709e-01
-2.333596944808959961e-01
-2.423480451107025146e-01
-2.411156892776489258e-01
-2.472878843545913696e-01
-2.539086043834686279e-01
-2.458057999610900879e-01
-2.422090768814086914e-01
-2.552767693996429443e-01
-2.559997141361236572e-01
-2.502501606941223145e-01
-2.495193928480148315e-01
-2.456734478473663330e-01
-2.503293454647064209e-01
-2.457539439201354980e-01
-2.528639435768127441e-01
-2.524763345718383789e-01
-2.478915005922317505e-01
-2.456799000501632690e-01
-2.508162558078765869e-01
-2.474373430013656616e-01
-2.471973896026611328e-01
-2.459983229637145996e-01
-2.532502710819244385e-01
-2.506794631481170654e-01
-2.488600909709930420e-01
-2.499235421419143677e-01
-2.538346648216247559e-01
-2.510391473770141602e-01
-2.489691823720932007e-01
-2.533528208732604980e-01
-2.496626079082489014e-01
-2.534026205539703369e-01
-2.537839114665985107e-01
-2.528119385242462158e-01
-2.548648416996002197e-01
-2.512423396110534668e-01
-2.479344308376312256e-01
-2.549374401569366455e-01
-2.525030672550201416e-01
-2.578941881656646729e-01
-2.530016005039215088e-01
-2.567684948444366455e-01
-2.540407776832580566e-01
-2.551393806934356689e-01
-2.602623999118804932e-01
-2.583400607109069824e-01
-2.589769363403320312e-01
-2.611730396747589111e-01
-2.515600919723510742e-01
-2.537147104740142822e-01
-2.600720226764678955e-01
-2.506121695041656494e-01
-2.514034807682037354e-01
-2.522229850292205811e-01
-2.548181116580963135e-01
-2.618288695812225342e-01
-2.564077675342559814e-01
-2.545119822025299072e-01
-2.569784224033355713e-01
-2.527299225330352783e-01
-2.586181759834289551e-01
-2.506496608257293701e-01
-2.601867914199829102e-01
-2.598519325256347656e-01
-2.583544254302978516e-01
-2.561583518981933594e-01
-2.627161145210266113e-01
-2.580608427524566650e-01
-2.614364027976989746e-01
-2.576842308044433594e-01
-2.541758716106414795e-01
-2.622836828231811523e-01
-2.595060467720031738e-01
-2.561800479888916016e-01
-2.674413919448852539e-01
-2.564359307289123535e-01
-2.570174634456634521e-01
-2.645795941352844238e-01
-2.599195539951324463e-01
-2.569622099399566650e-01
-2.622422873973846436e-01
-2.595831155776977539e-01
-2.611718177795410156e-01
-2.558620274066925049e-01
-2.705670297145843506e-01
-2.628752589225769043e-01
-2.613223791122436523e-01
-2.645726501941680908e-01
-2.622094452381134033e-01
-2.566970884799957275e-01
-2.632644176483154297e-01
-2.620897293090820312e-01
-2.605296075344085693e-01
-2.568272054195404053e-01
-2.669990062713623047e-01
-2.592760026454925537e-01
-2.560018897056579590e-01
-2.630650997161865234e-01
-2.618593275547027588e-01
-2.599319517612457275e-01
-2.703996002674102783e-01
-2.627497315406799316e-01
-2.562708556652069092e-01
-2.609565556049346924e-01
-2.620357573032379150e-01
-2.651410698890686035e-01
-2.581675946712493896e-01
-2.715897262096405029e-01
-2.580437064170837402e-01
-2.663926780223846436e-01
-2.645224630832672119e-01
-2.637850940227508545e-01
-2.672567665576934814e-01
-2.640482783317565918e-01
-2.638276815414428711e-01
-2.668618559837341309e-01
-2.647172808647155762e-01
-2.661230862140655518e-01
-2.607697546482086182e-01
-2.656188607215881348e-01
-2.697471380233764648e-01
-2.666726112365722656e-01
-2.630933225154876709e-01
-2.677188217639923096e-01
-2.688687145709991455e-01
-2.629792392253875732e-01
-2.662620246410369873e-01
-2.684689760208129883e-01
-2.668762505054473877e-01
-2.614774107933044434e-01
-2.683405578136444092e-01
-2.678839862346649170e-01
-2.680832445621490479e-01
-2.703177630901336670e-01
-2.645458877086639404e-01
-2.710989713668823242e-01
-2.682706713676452637e-01
-2.711412906646728516e-01
-2.620035707950592041e-01
-2.699778079986572266e-01
-2.653221487998962402e-01
-2.715999186038970947e-01
-2.660597562789916992e-01
-2.621187865734100342e-01
-2.727697193622589111e-01
-2.740919291973114014e-01
-2.755220532417297363e-01
-2.701911330223083496e-01
-2.649376690387725830e-01
-2.690035402774810791e-01
-2.706326842308044434e-01
-2.653039693832397461e-01
-2.629203498363494873e-01
-2.703223824501037598e-01
-2.727431654930114746e-01
-2.731820344924926758e-01
-2.707356214523315430e-01
-2.739973068237304688e-01
-2.664241194725036621e-01
-2.681770026683807373e-01
-2.700798511505126953e-01
-2.668544650077819824e-01
-2.688717842102050781e-01
-2.735496759414672852e-01
-2.712826728820800781e-01
-2.664183378219604492e-01
-2.762534320354461670e-01
-2.656839191913604736e-01
-2.730152010917663574e-01
-2.768582403659820557e-01
-2.735186517238616943e-01
-2.731699049472808838e-01
-2.725591957569122314e-01
-2.739918828010559082e-01
-2.716605365276336670e-01
-2.675554454326629639e-01
-2.637586593627929688e-01
-2.743858397006988525e-01
-2.712519466876983643e-01
-2.747465074062347412e-01
-2.750189006328582764e-01
-2.720248401165008545e-01
-2.777850329875946045e-01
-2.719086408615112305e-01
-2.672190070152282715e-01
-2.739273607730865479e-01
-2.689353227615356445e-01
-2.754277884960174561e-01
-2.811214625835418701e-01
-2.724937200546264648e-01
-2.726730406284332275e-01
-2.761242687702178955e-01
-2.742286920547485352e-01
-2.765501737594604492e-01
-2.766470313072204590e-01
-2.753864228725433350e-01
-2.788358032703399658e-01
-2.751809060573577881e-01
-2.754636704921722412e-01
-2.801652848720550537e-01
-2.738772630691528320e-01
-2.714342176914215088e-01
-2.779887914657592773e-01
-2.765578627586364746e-01
-2.746070325374603271e-01
-2.718334496021270752e-01
-2.737876474857330322e-01
-2.820738554000854492e-01
-2.741767168045043945e-01
-2.771840095520019531e-01
-2.736742496490478516e-01
-2.763570845127105713e-01
-2.783295810222625732e-01
-2.755461335182189941e-01
-2.781393527984619141e-01
-2.782219350337982178e-01
-2.824870645999908447e-01
-2.778432369232177734e-01
-2.843562662601470947e-01
-2.816734015941619873e-01
-2.840773463249206543e-01
-2.810129225254058838e-01
-2.810332179069519043e-01
-2.818790078163146973e-01
-2.775344252586364746e-01
-2.816113233566284180e-01
-2.795210480690002441e-01
-2.765945792198181152e-01
-2.773027420043945312e-01
-2.829339504241943359e-01
-2.835336625576019287e-01
-2.761763334274291992e-01
-2.803983092308044434e-01
-2.847130000591278076e-01
-2.826547324657440186e-01
-2.811644971370697021e-01
-2.774696350097656250e-01
-2.832213342189788818e-01
-2.837766110897064209e-01
-2.801601588726043701e-01
-2.852805852890014648e-01
-2.782023847103118896e-01
-2.768010795116424561e-01
-2.785209417343139648e-01
-2.794949114322662354e-01
-2.840464115142822266e-01
-2.851916551589965820e-01
-2.824419736862182617e-01
-2.847910821437835693e-01
-2.807638645172119141e-01
-2.847556769847869873e-01
-2.844650745391845703e-01
-2.850790917873382568e-01
-2.854017317295074463e-01
-2.845173478126525879e-01
-2.823214828968048096e-01
-2.870302796363830566e-01
-2.838256061077117920e-01
-2.888603806495666504e-01
-2.819046080112457275e-01
-2.936000525951385498e-01
-2.833631634712219238e-01
-2.861083149909973145e-01
-2.881652116775512695e-01
-2.922531068325042725e-01
-2.867814302444458008e-01
-2.823181748390197754e-01
-2.805471122264862061e-01
-2.895109355449676514e-01
-2.872237563133239746e-01
-2.923415303230285645e-01
-2.884010076522827148e-01
-2.830891013145446777e-01
-2.885127365589141846e-01
-2.898461818695068359e-01
-2.879173159599304199e-01
-2.873220443725585938e-01
-2.905544340610504150e-01
-2.840854525566101074e-01
-2.859768569469451904e-01
-2.902335822582244873e-01
-2.932876646518707275e-01
-2.932563424110412598e-01
-2.933448553085327148e-01
-2.882916331291198730e-01
-2.922843098640441895e-01
-2.929452657699584961e-01
-2.956431210041046143e-01
-2.896800339221954346e-01
-2.911146879196166992e-01
-2.926956713199615479e-01
-2.904080748558044434e-01
-2.912866175174713135e-01
-2.916930615901947021e-01
-2.857294380664825439e-01
-2.932204902172088623e-01
-2.961707115173339844e-01
-2.928600907325744629e-01
-2.933441400527954102e-01
-2.975690960884094238e-01
-2.867974042892456055e-01
-2.897225618362426758e-01
-2.915742695331573486e-01
-2.954948842525482178e-01
-2.906221449375152588e-01
-2.920054793357849121e-01
-2.892295420169830322e-01
-2.939051985740661621e-01
-2.922289967536926270e-01
-2.927398085594177246e-01
-2.930670976638793945e-01
-2.965687811374664307e-01
-2.952387630939483643e-01
-2.901867628097534180e-01
-2.934708297252655029e-01
-2.962515354156494141e-01
-2.951920032501220703e-01
-2.923498749732971191e-01
-2.958216071128845215e-01
-2.949028313159942627e-01
-2.909117937088012695e-01
-2.960062921047210693e-01
-3.007059097290039062e-01
-2.939527034759521484e-01
-2.933606207370758057e-01
-2.956477403640747070e-01
-2.948179244995117188e-01
-2.970346212387084961e-01
-2.985190153121948242e-01
-2.965372204780578613e-01
-2.920585274696350098e-01
-2.944053113460540771e-01
-2.909218966960906982e-01
-2.990011274814605713e-01
-2.950975894927978516e-01
-2.929184138774871826e-01
-2.951942682266235352e-01
-2.933894395828247070e-01
-2.952913343906402588e-01
-3.011133074760437012e-01
-2.982414066791534424e-01
-2.957514524459838867e-01
-2.927831411361694336e-01
-2.990695238113403320e-01
-2.923830449581146240e-01
-3.027371168136596680e-01
-2.982485592365264893e-01
-2.966739237308502197e-01
-2.946557402610778809e-01
-2.976724505424499512e-01
-2.979661822319030762e-01
-2.993737161159515381e-01
-2.967607378959655762e-01
-2.975580394268035889e-01
-2.992847263813018799e-01
-2.986511290073394775e-01
-2.914261817932128906e-01
-2.990975677967071533e-01
-2.954123020172119141e-01
-3.030792772769927979e-01
-2.989847362041473389e-01
-2.983918488025665283e-01
-3.022818565368652344e-01
-2.986985445022583008e-01
-3.000606298446655273e-01
-3.029134571552276611e-01
-2.985880374908447266e-01
-2.993350327014923096e-01
-2.980854511260986328e-01
-2.952478826045989990e-01
-2.998440563678741455e-01
-2.991528809070587158e-01
-2.978392839431762695e-01
-2.976088821887969971e-01
-3.031665980815887451e-01
-2.986302375793457031e-01
-3.020835816860198975e-01
-2.988308072090148926e-01
-3.010065555572509766e-01
-3.032437860965728760e-01
-2.997992634773254395e-01
-3.040864169597625732e-01
-3.001900613307952881e-01
-3.014947772026062012e-01
-3.044871687889099121e-01
-3.028708398342132568e-01
-3.038388788700103760e-01
-3.042523562908172607e-01
-3.024744987487792969e-01
-3.010214865207672119e-01
-3.013783991336822510e-01
-3.066857457160949707e-01
-3.028809726238250732e-01
-3.092235624790191650e-01
-3.029249310493469238e-01
-3.038093149662017822e-01
-3.011120855808258057e-01
-3.045394420623779297e-01
-3.016427755355834961e-01
-3.039121627807617188e-01
-3.072946071624755859e-01
-3.027228116989135742e-01
-3.047049343585968018e-01
-3.010483980178833008e-01
-3.047962784767150879e-01
-3.018929958343505859e-01
-3.060208261013031006e-01
-3.070708215236663818e-01
-3.059437870979309082e-01
-3.015278279781341553e-01
-3.069472610950469971e-01
-3.054831922054290771e-01
-3.050300776958465576e-01
-3.081371784210205078e-01
-3.058860599994659424e-01
-3.073554635047912598e-01
-3.040483891963958740e-01
-3.048137724399566650e-01
-3.070757389068603516e-01
-3.009698092937469482e-01
-3.034495711326599121e-01
-3.082988560199737549e-01
-3.035267889499664307e-01
-3.060801625251770020e-01
-3.054009974002838135e-01
-3.064886331558227539e-01
-3.050275146961212158e-01
-3.042200207710266113e-01
-3.094633221626281738e-01
-3.074613511562347412e-01
-3.046217560768127441e-01
-3.084015548229217529e-01
-3.033209741115570068e-01
-3.054295182228088379e-01
-3.039852976799011230e-01
-3.064249157905578613e-01
-3.074496388435363770e-01
-3.073887825012207031e-01
-3.090623915195465088e-01
-3.077397346496582031e-01
-3.083325624465942383e-01
-3.136110305786132812e-01
-3.103271126747131348e-01
-3.082189261913299561e-01
-3.062064051628112793e-01
-3.061453104019165039e-01
-3.072567284107208252e-01
-3.124570846557617188e-01
-3.105306327342987061e-01
-3.074704110622406006e-01
-3.125917911529541016e-01
-3.084963858127593994e-01
-3.096890449523925781e-01
-3.084584474563598633e-01
-3.120947778224945068e-01
-3.130872845649719238e-01
-3.124180734157562256e-01
-3.099437654018402100e-01
-3.083477914333343506e-01
-3.124798536300659180e-01
-3.140174150466918945e-01
-3.105931878089904785e-01
-3.088959753513336182e-01
-3.111795485019683838e-01
-3.114266097545623779e-01
-3.120977878570556641e-01
-3.089726269245147705e-01
-3.141806721687316895e-01
-3.116218745708465576e-01
-3.111780285835266113e-01
-3.121711909770965576e-01
-3.104799091815948486e-01
-3.130977749824523926e-01
-3.077305257320404053e-01
-3.084623813629150391e-01
-3.136295378208160400e-01
-3.118825852870941162e-01
-3.089376688003540039e-01
-3.106400668621063232e-01
-3.134921491146087646e-01
-3.112358748912811279e-01
-3.132826685905456543e-01
-3.155209422111511230e-01
-3.111463487148284912e-01
-3.125814497470855713e-01
-3.170483708381652832e-01
-3.144614100456237793e-01
-3.086211085319519043e-01
-3.109545707702636719e-01
-3.161320686340332031e-01
-3.110256493091583252e-01
-3.139430582523345947e-01
-3.172923326492309570e-01
-3.095494806766510010e-01
-3.180968165397644043e-01
-3.152242302894592285e-01
-3.192124068737030029e-01
-3.146609961986541748e-01
-3.194507360458374023e-01
-3.166564702987670898e-01
-3.202965557575225830e-01
-3.179090619087219238e-01
-3.150794804096221924e-01
-3.157486915588378906e-01
-3.122373521327972412e-01
-3.163058459758758545e-01
-3.188737928867340088e-01
-3.155200183391571045e-01
-3.180119395256042480e-01
-3.150398135185241699e-01
-3.174418509006500244e-01
-3.168264031410217285e-01
-3.195911347866058350e-01
-3.163744509220123291e-01
-3.190428018569946289e-01
-3.150994181632995605e-01
-3.170737028121948242e-01
-3.121882379055023193e-01
-3.156477808952331543e-01
-3.178851902484893799e-01
-3.210656642913818359e-01
-3.214230239391326904e-01
-3.166877925395965576e-01
-3.186877369880676270e-01
-3.160108327865600586e-01
-3.182114362716674805e-01
-3.203496038913726807e-01
-3.223234117031097412e-01
-3.206370174884796143e-01
-3.189275860786437988e-01
-3.163917362689971924e-01
-3.230448663234710693e-01
-3.184811174869537354e-01
-3.185623288154602051e-01
-3.201451301574707031e-01
-3.180749416351318359e-01
-3.206134736537933350e-01
-3.193725049495697021e-01
-3.166719377040863037e-01
-3.223317265510559082e-01
-3.283862471580505371e-01
-3.232201635837554932e-01
-3.217782676219940186e-01
-3.249506354331970215e-01
-3.257428109645843506e-01
-3.196865916252136230e-01
-3.209165036678314209e-01
-3.231954872608184814e-01
-3.246847987174987793e-01
-3.197869956493377686e-01
-3.228353857994079590e-01
-3.231272697448730469e-01
-3.273688256740570068e-01
-3.258299827575683594e-01
-3.249621689319610596e-01
-3.218933939933776855e-01
-3.219233751296997070e-01
-3.270314633846282959e-01
-3.222608566284179688e-01
-3.237725794315338135e-01
-3.279649615287780762e-01
-3.269082009792327881e-01
-3.278496563434600830e-01
-3.243073821067810059e-01
-3.278138339519500732e-01
-3.236933052539825439e-01
-3.255419135093688965e-01
-3.270014524459838867e-01
-3.246889114379882812e-01
-3.235198557376861572e-01
-3.262139856815338135e-01
-3.273024857044219971e-01
-3.267807662487030029e-01
-3.247694671154022217e-01
-3.241837322711944580e-01
-3.291142880916595459e-01
-3.291934728622436523e-01
-3.290487527847290039e-01
-3.276685178279876709e-01
-3.308794498443603516e-01
-3.278832137584686279e-01
-3.283212184906005859e-01
-3.288962543010711670e-01
-3.329786956310272217e-01
-3.269625902175903320e-01
-3.294844329357147217e-01
-3.307881951332092285e-01
-3.312644958496093750e-01
-3.276633620262145996e-01
-3.296980857849121094e-01
-3.303700685501098633e-01
-3.305850923061370850e-01
-3.258206844329833984e-01
-3.271362185478210449e-01
-3.277965784072875977e-01
-3.308565914630889893e-01
-3.284069001674652100e-01
-3.259750306606292725e-01
-3.273941874504089355e-01
-3.311686813831329346e-01
-3.293667733669281006e-01
-3.312721848487854004e-01
-3.305045664310455322e-01
-3.306967020034790039e-01
-3.294579088687896729e-01
-3.304240405559539795e-01
-3.279315233230590820e-01
-3.293937444686889648e-01
-3.317214250564575195e-01
-3.295483589172363281e-01
-3.282808065414428711e-01
-3.294728994369506836e-01
-3.323058187961578369e-01
-3.326779603958129883e-01
-3.287545144557952881e-01
-3.313180208206176758e-01
-3.276685178279876709e-01
-3.302056193351745605e-01
-3.304199874401092529e-01
-3.330708742141723633e-01
-3.338758647441864014e-01
-3.339547514915466309e-01
-3.303717374801635742e-01
-3.342376053333282471e-01
-3.317170441150665283e-01
-3.332711160182952881e-01
-3.335737287998199463e-01
-3.344384133815765381e-01
-3.331544101238250732e-01
-3.341171741485595703e-01
-3.335997462272644043e-01
-3.351434469223022461e-01
-3.327072262763977051e-01
-3.297018408775329590e-01
-3.288285434246063232e-01
-3.318320214748382568e-01
-3.340292274951934814e-01
-3.326393961906433105e-01
-3.337029516696929932e-01
-3.334172368049621582e-01
-3.360267281532287598e-01
-3.309959471225738525e-01
-3.329283893108367920e-01
-3.360739648342132568e-01
-3.299373090267181396e-01
-3.326993286609649658e-01
-3.311127424240112305e-01
-3.333333134651184082e-01
-3.294975757598876953e-01
-3.333794474601745605e-01
-3.346959650516510010e-01
-3.345437347888946533e-01
-3.379366993904113770e-01
-3.326966464519500732e-01
-3.376219570636749268e-01
-3.368737697601318359e-01
-3.340113162994384766e-01
-3.381035625934600830e-01
-3.352544903755187988e-01
-3.358549177646636963e-01
-3.329426348209381104e-01
-3.354964256286621094e-01
-3.339583277702331543e-01
-3.322036862373352051e-01
-3.328996300697326660e-01
-3.337443172931671143e-01
-3.344484865665435791e-01
-3.323582410812377930e-01
-3.332345187664031982e-01
-3.325758874416351318e-01
-3.348851799964904785e-01
-3.359865248203277588e-01
-3.354867696762084961e-01
-3.339380025863647461e-01
-3.360781371593475342e-01
-3.324711322784423828e-01
-3.360812962055206299e-01
-3.351765573024749756e-01
-3.329307436943054199e-01
-3.395148813724517822e-01
-3.371826112270355225e-01
-3.381458818912506104e-01
-3.325105607509613037e-01
-3.314529359340667725e-01
-3.389313220977783203e-01
-3.377403020858764648e-01
-3.355375230312347412e-01
-3.336690068244934082e-01
-3.376126885414123535e-01
-3.340090811252593994e-01
-3.371365368366241455e-01
-3.369211852550506592e-01
-3.359064459800720215e-01
-3.341038823127746582e-01
-3.369422852993011475e-01
-3.353775441646575928e-01
-3.366140127182006836e-01
-3.386288583278656006e-01
-3.367812037467956543e-01
-3.338216543197631836e-01
-3.348270356655120850e-01
-3.378595113754272461e-01
-3.369443714618682861e-01
-3.373687267303466797e-01
-3.368419706821441650e-01
-3.370753228664398193e-01
-3.390653133392333984e-01
-3.364886343479156494e-01
-3.341130316257476807e-01
-3.357940912246704102e-01
-3.344881534576416016e-01
-3.370789885520935059e-01
-3.371201753616333008e-01
-3.389027714729309082e-01
-3.402472436428070068e-01
-3.380833864212036133e-01
-3.372944295406341553e-01
-3.383212089538574219e-01
-3.377366065979003906e-01
-3.368435204029083252e-01
-3.350054919719696045e-01
-3.367759287357330322e-01
-3.375311791896820068e-01
-3.343584537506103516e-01
-3.347464203834533691e-01
-3.368417918682098389e-01
-3.367530405521392822e-01
-3.373970389366149902e-01
-3.353409171104431152e-01
-3.374220132827758789e-01
-3.394732475280761719e-01
-3.338963687419891357e-01
-3.370444774627685547e-01
-3.372667729854583740e-01
-3.375172019004821777e-01
-3.399641513824462891e-01
-3.394516706466674805e-01
-3.388947844505310059e-01
-3.374670445919036865e-01
-3.371929228305816650e-01
-3.386553823947906494e-01
-3.364913761615753174e-01
-3.388995826244354248e-01
-3.407616317272186279e-01
-3.370150923728942871e-01
-3.405745923519134521e-01
-3.412664234638214111e-01
-3.387230932712554932e-01
-3.393003642559051514e-01
-3.364821672439575195e-01
-3.374514281749725342e-01
-3.404259979724884033e-01
-3.390244245529174805e-01
-3.373820483684539795e-01
-3.417495787143707275e-01
-3.395144939422607422e-01
-3.392274677753448486e-01
-3.369857072830200195e-01
-3.424185216426849365e-01
-3.386653959751129150e-01
-3.372850120067596436e-01
-3.397845327854156494e-01
-3.376174867153167725e-01
-3.400964140892028809e-01
-3.386772572994232178e-01
-3.357207477092742920e-01
-3.414515256881713867e-01
-3.429183959960937500e-01
-3.370817899703979492e-01
-3.393967151641845703e-01
-3.398183882236480713e-01
-3.379206061363220215e-01
-3.370265364646911621e-01
-3.378273546695709229e-01
-3.437062501907348633e-01
-3.390443623065948486e-01
-3.388826549053192139e-01
-3.411569595336914062e-01
-3.402651846408843994e-01
-3.389546275138854980e-01
-3.408285379409790039e-01
-3.401431739330291748e-01
-3.390201330184936523e-01
-3.407249152660369873e-01
-3.385261595249176025e-01
-3.406611979007720947e-01
-3.420811295509338379e-01
-3.404013812541961670e-01
-3.385228812694549561e-01
-3.406991660594940186e-01
-3.409809768199920654e-01
-3.376875817775726318e-01
-3.427457809448242188e-01
-3.390464484691619873e-01
-3.408379852771759033e-01
-3.415301740169525146e-01
-3.408097326755523682e-01
-3.402810096740722656e-01
-3.384872972965240479e-01
-3.398554027080535889e-01
-3.388601541519165039e-01
-3.394233286380767822e-01
-3.411780893802642822e-01
-3.431300818920135498e-01
-3.383148312568664551e-01
-3.398789763450622559e-01
-3.448020815849304199e-01
-3.392024338245391846e-01
-3.412120938301086426e-01
-3.439284861087799072e-01
-3.381198048591613770e-01
-3.391080200672149658e-01
-3.389258980751037598e-01
-3.413934707641601562e-01
-3.420974612236022949e-01
-3.406006693840026855e-01
-3.444848358631134033e-01
-3.407733142375946045e-01
-3.445397913455963135e-01
-3.412413895130157471e-01
-3.416648209095001221e-01
-3.412882685661315918e-01
-3.408507108688354492e-01
-3.430249094963073730e-01
-3.415535390377044678e-01
-3.420832455158233643e-01
-3.420113325119018555e-01
-3.431404531002044678e-01
-3.396133780479431152e-01
-3.408926427364349365e-01
-3.438360393047332764e-01
-3.451796472072601318e-01
-3.403997123241424561e-01
-3.403694927692413330e-01
-3.373705744743347168e-01
-3.430626690387725830e-01
-3.401500284671783447e-01
-3.435274660587310791e-01
-3.401453793048858643e-01
-3.379465937614440918e-01
-3.445659279823303223e-01
-3.373053669929504395e-01
-3.406291007995605469e-01
-3.438296318054199219e-01
-3.377615809440612793e-01
-3.417280316352844238e-01
-3.429210782051086426e-01
-3.408950865268707275e-01
-3.424577116966247559e-01
-3.441694974899291992e-01
-3.444507122039794922e-01
-3.414580225944519043e-01
-3.471890985965728760e-01
-3.440253138542175293e-01
-3.441160321235656738e-01
-3.423905372619628906e-01
-3.450465202331542969e-01
-3.422991633415222168e-01
-3.443079888820648193e-01
-3.429982364177703857e-01
-3.425257503986358643e-01
-3.444744944572448730e-01
-3.432256579399108887e-01
-3.411889672279357910e-01
-3.426331877708435059e-01
-3.434028327465057373e-01
-3.446680903434753418e-01
-3.431027233600616455e-01
-3.434883356094360352e-01
-3.398016989231109619e-01
-3.401740789413452148e-01
-3.440276384353637695e-01
-3.418739736080169678e-01
-3.456231653690338135e-01
-3.437122702598571777e-01
-3.440993130207061768e-01
-3.462136983871459961e-01
-3.403478264808654785e-01
-3.415374755859375000e-01
-3.427712321281433105e-01
-3.411907851696014404e-01
-3.427641987800598145e-01
-3.393745720386505127e-01
-3.448343276977539062e-01
-3.444035649299621582e-01
-3.443118035793304443e-01
-3.458196520805358887e-01
-3.470270931720733643e-01
-3.431161642074584961e-01
-3.433644473552703857e-01
-3.446879684925079346e-01
-3.458344042301177979e-01
-3.430964350700378418e-01
-3.450256884098052979e-01
-3.455385863780975342e-01
-3.411410152912139893e-01
-3.453531265258789062e-01
-3.421796262264251709e-01
-3.412822782993316650e-01
-3.443703055381774902e-01
-3.425906598567962646e-01
-3.394016325473785400e-01
-3.422110080718994141e-01
-3.442182838916778564e-01
-3.451616168022155762e-01
-3.435528874397277832e-01
-3.418494164943695068e-01
-3.457336723804473877e-01
-3.450168967247009277e-01
-3.424878120422363281e-01
-3.447890579700469971e-01
-3.434897065162658691e-01
-3.421807289123535156e-01
-3.416223824024200439e-01
-3.420789837837219238e-01
-3.427777588367462158e-01
-3.449012935161590576e-01
-3.453388512134552002e-01
-3.421247303485870361e-01
-3.460635840892791748e-01
-3.451210260391235352e-01
-3.429119288921356201e-01
-3.436917066574096680e-01
-3.466729819774627686e-01
-3.443987071514129639e-01
-3.449823558330535889e-01
-3.453471958637237549e-01
-3.429377377033233643e-01
-3.440633416175842285e-01
-3.408120870590209961e-01
-3.451365828514099121e-01
-3.476424515247344971e-01
-3.464716076850891113e-01
-3.474469780921936035e-01
-3.447484672069549561e-01
-3.432755470275878906e-01
-3.447577655315399170e-01
-3.433551490306854248e-01
-3.443286716938018799e-01
-3.439592421054840088e-01
-3.428532183170318604e-01
-3.471186459064483643e-01
-3.441653847694396973e-01
-3.450125157833099365e-01
-3.432465195655822754e-01
-3.425849080085754395e-01
-3.440678715705871582e-01
-3.448843359947204590e-01
-3.468703031539916992e-01
-3.424262702465057373e-01
-3.447797894477844238e-01
-3.453385829925537109e-01
-3.465957343578338623e-01
-3.455900549888610840e-01
-3.470176458358764648e-01
-3.449179530143737793e-01
-3.464617431163787842e-01
-3.468010127544403076e-01
-3.470527231693267822e-01
-3.438268899917602539e-01
-3.471808731555938721e-01
-3.467652201652526855e-01
-3.449108898639678955e-01
