-1.519271582365036011e-01
-2.175029963254928589e-01
-2.356262207031250000e-01
-2.489607483148574829e-01
-2.519696056842803955e-01
-2.491280883550643921e-01
-2.623458504676818848e-01
-2.696814239025115967e-01
-2.706242203712463379e-01
-2.718112766742706299e-01
-2.712330222129821777e-01
-2.774760127067565918e-01
-2.846241593360900879e-01
-2.899920642375946045e-01
-2.894178628921508789e-01
-2.906191945075988770e-01
-2.951186299324035645e-01
-2.945555746555328369e-01
-2.916945815086364746e-01
-2.980819344520568848e-01
-3.017920851707458496e-01
-3.004310727119445801e-01
-3.086096048355102539e-01
-3.088171780109405518e-01
-3.134696185588836670e-01
-3.175719082355499268e-01
-3.171161711215972900e-01
-3.224649131298065186e-01
-3.215591907501220703e-01
-3.253002464771270752e-01
-3.281983435153961182e-01
-3.324186205863952637e-01
-3.329508006572723389e-01
-3.335948884487152100e-01
-3.368571996688842773e-01
-3.387373685836791992e-01
-3.395554721355438232e-01
-3.424738645553588867e-01
-3.447544276714324951e-01
-3.459425568580627441e-01
-3.482876718044281006e-01
-3.507893681526184082e-01
-3.534796833992004395e-01
-3.541125953197479248e-01
-3.573929965496063232e-01
-3.583559393882751465e-01
-3.593118786811828613e-01
-3.593128621578216553e-01
-3.617345392704010010e-01
-3.597968816757202148e-01
-3.600496351718902588e-01
-3.618806004524230957e-01
-3.612858653068542480e-01
-3.613388538360595703e-01
-3.633046746253967285e-01
-3.613855838775634766e-01
-3.614146709442138672e-01
-3.628666996955871582e-01
-3.621047437191009521e-01
-3.624123632907867432e-01
-3.641341924667358398e-01
-3.631499707698822021e-01
-3.626307845115661621e-01
-3.627536296844482422e-01
-3.616848289966583252e-01
-3.615792095661163330e-01
-3.634175360202789307e-01
-3.645116388797760010e-01
-3.632705509662628174e-01
-3.628233671188354492e-01
-3.652285039424896240e-01
-3.631298840045928955e-01
-3.630328476428985596e-01
-3.645220398902893066e-01
-3.645234405994415283e-01
-3.637361526489257812e-01
-3.635204434394836426e-01
-3.634145855903625488e-01
-3.639847934246063232e-01
-3.615342080593109131e-01
-3.638439476490020752e-01
-3.625556528568267822e-01
-3.643680214881896973e-01
-3.638989925384521484e-01
-3.632242977619171143e-01
-3.638934195041656494e-01
-3.626889586448669434e-01
-3.626717329025268555e-01
-3.636240363121032715e-01
-3.639359772205352783e-01
-3.634689450263977051e-01
-3.635422885417938232e-01
-3.643132448196411133e-01
-3.631779253482818604e-01
-3.622160553932189941e-01
-3.627415895462036133e-01
-3.634991347789764404e-01
-3.636915385723114014e-01
-3.652524352073669434e-01
-3.625391721725463867e-01
-3.638706505298614502e-01
-3.628397881984710693e-01
-3.639844059944152832e-01
-3.645167946815490723e-01
-3.634169101715087891e-01
-3.635396361351013184e-01
-3.635696470737457275e-01
-3.641786873340606689e-01
-3.625978827476501465e-01
-3.629060089588165283e-01
-3.640484511852264404e-01
-3.637990951538085938e-01
-3.635821044445037842e-01
-3.624680638313293457e-01
-3.615249991416931152e-01
-3.646755814552307129e-01
-3.623085319995880127e-01
-3.626423478126525879e-01
-3.634661436080932617e-01
-3.634442985057830811e-01
-3.648415207862854004e-01
-3.631484210491180420e-01
-3.647038936614990234e-01
-3.630795776844024658e-01
-3.639157116413116455e-01
-3.637963831424713135e-01
-3.638170063495635986e-01
-3.619355857372283936e-01
-3.637028336524963379e-01
-3.638587892055511475e-01
-3.652884662151336670e-01
-3.630742132663726807e-01
-3.635053038597106934e-01
-3.635054230690002441e-01
-3.639099001884460449e-01
-3.631787598133087158e-01
-3.639232814311981201e-01
-3.638423681259155273e-01
-3.626384139060974121e-01
-3.627499938011169434e-01
-3.628053665161132812e-01
-3.635906279087066650e-01
-3.626727759838104248e-01
-3.636363744735717773e-01
-3.636621236801147461e-01
-3.630167841911315918e-01
-3.631957173347473145e-01
-3.632553815841674805e-01
-3.626386821269989014e-01
-3.653479516506195068e-01
-3.633686006069183350e-01
-3.636304438114166260e-01
-3.630460798740386963e-01
-3.643158078193664551e-01
-3.644509315490722656e-01
-3.626642525196075439e-01
-3.629585802555084229e-01
-3.639868199825286865e-01
-3.639249205589294434e-01
-3.622533082962036133e-01
-3.635945916175842285e-01
-3.622250556945800781e-01
-3.628857433795928955e-01
-3.642353415489196777e-01
-3.628872036933898926e-01
-3.623734116554260254e-01
-3.619929254055023193e-01
-3.637641668319702148e-01
-3.615270853042602539e-01
-3.619934618473052979e-01
-3.632571995258331299e-01
-3.631750941276550293e-01
-3.631845712661743164e-01
-3.638260364532470703e-01
-3.641727864742279053e-01
-3.635959923267364502e-01
-3.632033765316009521e-01
-3.634197413921356201e-01
-3.622671961784362793e-01
-3.631037473678588867e-01
-3.622746467590332031e-01
-3.629686236381530762e-01
-3.612004518508911133e-01
-3.620431423187255859e-01
-3.637067675590515137e-01
-3.632631897926330566e-01
-3.620073497295379639e-01
-3.623623549938201904e-01
-3.613834083080291748e-01
-3.632569611072540283e-01
-3.619239628314971924e-01
-3.632921278476715088e-01
-3.607976734638214111e-01
-3.620087802410125732e-01
-3.622668385505676270e-01
-3.621997535228729248e-01
-3.628961145877838135e-01
-3.614453673362731934e-01
-3.618840277194976807e-01
-3.630862534046173096e-01
-3.597626090049743652e-01
-3.622354269027709961e-01
-3.617524504661560059e-01
-3.609726130962371826e-01
-3.620818555355072021e-01
-3.619858324527740479e-01
-3.624904453754425049e-01
-3.609373569488525391e-01
-3.615143001079559326e-01
-3.599686324596405029e-01
-3.658787906169891357e-01
-3.610669076442718506e-01
-3.636437356472015381e-01
-3.610244095325469971e-01
-3.598412573337554932e-01
-3.631778955459594727e-01
-3.609489202499389648e-01
-3.615760207176208496e-01
-3.652855753898620605e-01
-3.606172204017639160e-01
-3.610957860946655273e-01
-3.624379932880401611e-01
-3.632888197898864746e-01
-3.606189787387847900e-01
-3.606780767440795898e-01
-3.604404926300048828e-01
-3.610408306121826172e-01
-3.612708151340484619e-01
-3.612280786037445068e-01
-3.615486919879913330e-01
-3.588059544563293457e-01
-3.605585396289825439e-01
-3.611067235469818115e-01
-3.598651587963104248e-01
-3.598904311656951904e-01
-3.617994487285614014e-01
-3.609825372695922852e-01
-3.600048124790191650e-01
-3.617641031742095947e-01
-3.622092902660369873e-01
-3.617897927761077881e-01
-3.620555400848388672e-01
-3.609983026981353760e-01
-3.630765974521636963e-01
-3.627364039421081543e-01
-3.621373176574707031e-01
-3.632825613021850586e-01
-3.619992136955261230e-01
-3.604651093482971191e-01
-3.619881570339202881e-01
-3.615279495716094971e-01
-3.631634712219238281e-01
-3.613948225975036621e-01
-3.603492081165313721e-01
-3.580753803253173828e-01
-3.572908341884613037e-01
-3.609076440334320068e-01
-3.624832332134246826e-01
-3.629629611968994141e-01
-3.621185421943664551e-01
-3.599048554897308350e-01
-3.589406013488769531e-01
-3.648604750633239746e-01
-3.601721525192260742e-01
-3.620385229587554932e-01
-3.636116385459899902e-01
-3.614507317543029785e-01
-3.623626232147216797e-01
-3.623217046260833740e-01
-3.613165318965911865e-01
-3.495650887489318848e-01
-3.622251749038696289e-01
-3.619201481342315674e-01
-3.621539771556854248e-01
-3.610337376594543457e-01
-3.628072738647460938e-01
-3.645732998847961426e-01
-3.619388341903686523e-01
-3.623257279396057129e-01
-3.622778356075286865e-01
-3.642654418945312500e-01
-3.622554838657379150e-01
-3.621456325054168701e-01
-3.590693175792694092e-01
-3.640239834785461426e-01
-3.632142841815948486e-01
-3.633405268192291260e-01
-3.630200624465942383e-01
-3.652404844760894775e-01
-3.622316420078277588e-01
-3.597749471664428711e-01
-3.630478978157043457e-01
-3.625871539115905762e-01
-3.635583817958831787e-01
-3.639262616634368896e-01
-3.646707236766815186e-01
-3.610126972198486328e-01
-3.642732203006744385e-01
-3.627897202968597412e-01
-3.634374439716339111e-01
-3.613794147968292236e-01
-3.635115027427673340e-01
-3.581279218196868896e-01
-3.618938922882080078e-01
-3.640493750572204590e-01
-3.640098571777343750e-01
-3.616740107536315918e-01
-3.635832667350769043e-01
-3.624469637870788574e-01
-3.576186001300811768e-01
-3.629975914955139160e-01
-3.608952760696411133e-01
-3.627966642379760742e-01
-3.632545769214630127e-01
-3.638034760951995850e-01
-3.643417656421661377e-01
-3.630511164665222168e-01
-3.629357814788818359e-01
-3.661400973796844482e-01
-3.634788691997528076e-01
-3.627413213253021240e-01
-3.639479875564575195e-01
-3.629549443721771240e-01
-3.554392158985137939e-01
-3.645958304405212402e-01
-3.636761307716369629e-01
-3.635453581809997559e-01
-3.634655177593231201e-01
-3.679608702659606934e-01
-3.646431267261505127e-01
-3.545910716056823730e-01
-3.600839972496032715e-01
-3.582626581192016602e-01
-3.649497032165527344e-01
-3.652159571647644043e-01
-3.633157014846801758e-01
-3.134310543537139893e-01
-3.640722036361694336e-01
-3.642397522926330566e-01
-3.648500442504882812e-01
-3.655079007148742676e-01
-3.580981791019439697e-01
-3.641369044780731201e-01
-3.528202474117279053e-01
-3.589759767055511475e-01
-3.646353185176849365e-01
-3.649039268493652344e-01
-3.653008937835693359e-01
-3.660714328289031982e-01
-3.604326248168945312e-01
-3.639464080333709717e-01
-3.655295372009277344e-01
-3.647733926773071289e-01
-3.594410121440887451e-01
-3.644227385520935059e-01
-3.652960658073425293e-01
-3.636013269424438477e-01
-3.636208176612854004e-01
-3.657648265361785889e-01
-3.654816746711730957e-01
-3.672211766242980957e-01
-3.646006584167480469e-01
-3.642636835575103760e-01
-3.636211454868316650e-01
-3.662068247795104980e-01
-3.660440146923065186e-01
-3.654147386550903320e-01
-3.657067120075225830e-01
-3.652749955654144287e-01
-3.649686574935913086e-01
-3.646215498447418213e-01
-3.663569986820220947e-01
-3.655480444431304932e-01
-3.672816157341003418e-01
-3.659633696079254150e-01
-3.653135597705841064e-01
-3.641707301139831543e-01
-3.653236627578735352e-01
-3.665436804294586182e-01
-3.656565845012664795e-01
-3.641299307346343994e-01
-3.656705021858215332e-01
-3.664870560169219971e-01
-3.667064309120178223e-01
-3.678905665874481201e-01
-3.658765256404876709e-01
-3.669257760047912598e-01
-3.622120916843414307e-01
-3.675078153610229492e-01
-3.673798739910125732e-01
-3.622980117797851562e-01
-3.646287620067596436e-01
-3.668109774589538574e-01
-3.650204539299011230e-01
-3.669302165508270264e-01
-3.682189285755157471e-01
-3.665722608566284180e-01
-3.601367175579071045e-01
-3.678860664367675781e-01
-3.643742203712463379e-01
-3.662932217121124268e-01
-3.675765991210937500e-01
-3.659204840660095215e-01
-3.658567368984222412e-01
-3.660230636596679688e-01
-3.679844141006469727e-01
-3.667246103286743164e-01
-3.671756684780120850e-01
-3.670199513435363770e-01
-3.670059442520141602e-01
-1.384347230195999146e-01
-1.498968601226806641e-01
-1.717990785837173462e-01
-1.759687215089797974e-01
-1.921398639678955078e-01
-2.027586698532104492e-01
-2.086542993783950806e-01
-2.271161228418350220e-01
-2.312854379415512085e-01
-2.385078519582748413e-01
-2.449201792478561401e-01
-2.525218129158020020e-01
-2.567656934261322021e-01
-2.694779038429260254e-01
-3.520331382751464844e-01
-3.624032139778137207e-01
-3.627346158027648926e-01
-3.592595160007476807e-01
-3.679800927639007568e-01
-3.657078444957733154e-01
-3.657874166965484619e-01
-3.665492534637451172e-01
-3.658193349838256836e-01
-3.661896586418151855e-01
-3.672528862953186035e-01
-3.672083020210266113e-01
-3.505072593688964844e-01
-3.532805442810058594e-01
-3.575960695743560791e-01
-3.646132349967956543e-01
-3.673583865165710449e-01
-3.646633327007293701e-01
-1.717890501022338867e-01
-2.092613130807876587e-01
-2.183611690998077393e-01
-2.456138730049133301e-01
-3.429074585437774658e-01
-3.549663126468658447e-01
-3.542669713497161865e-01
-3.660435378551483154e-01
-3.659182190895080566e-01
-3.651347756385803223e-01
-3.661478757858276367e-01
-3.663962781429290771e-01
-3.561896383762359619e-01
-3.638404011726379395e-01
-3.666547238826751709e-01
-3.664681911468505859e-01
-3.649690151214599609e-01
-3.677747845649719238e-01
-3.661748170852661133e-01
-3.652260005474090576e-01
-3.661958575248718262e-01
-3.557788133621215820e-01
-3.581010699272155762e-01
-3.674233257770538330e-01
-3.082385361194610596e-01
-2.353498488664627075e-01
-2.536163628101348877e-01
-2.562581300735473633e-01
-2.616207301616668701e-01
-2.649275064468383789e-01
-2.644046545028686523e-01
-2.599766254425048828e-01
-2.633353471755981445e-01
-2.639681398868560791e-01
-2.683237195014953613e-01
-2.662957906723022461e-01
-2.650758624076843262e-01
-2.720409333705902100e-01
-2.742055654525756836e-01
-2.757910192012786865e-01
-2.751002311706542969e-01
-2.779658436775207520e-01
-2.807400226593017578e-01
-2.868882715702056885e-01
-2.914611399173736572e-01
-2.917818129062652588e-01
-2.994512021541595459e-01
-3.085404634475708008e-01
-3.130508661270141602e-01
-3.102573752403259277e-01
-3.171373009681701660e-01
-3.158344030380249023e-01
-3.182857632637023926e-01
-3.155275881290435791e-01
-3.216150403022766113e-01
-3.280819654464721680e-01
-3.254849910736083984e-01
-3.285803496837615967e-01
-3.297835290431976318e-01
-3.140875101089477539e-01
-3.176666498184204102e-01
-3.169652223587036133e-01
-3.234941959381103516e-01
-3.156387507915496826e-01
-3.192646801471710205e-01
-3.229283988475799561e-01
-3.258526623249053955e-01
-3.286375403404235840e-01
-3.315537571907043457e-01
-3.296613693237304688e-01
-3.294719755649566650e-01
-3.211824297904968262e-01
-3.237220644950866699e-01
-3.253279626369476318e-01
-3.264462053775787354e-01
-3.272055685520172119e-01
-3.312245011329650879e-01
-3.314532339572906494e-01
-3.343074619770050049e-01
-3.337269425392150879e-01
-3.371466100215911865e-01
-3.371991217136383057e-01
-3.416220545768737793e-01
-3.420589864253997803e-01
-3.404625952243804932e-01
-3.314978778362274170e-01
-3.326877355575561523e-01
-3.354118466377258301e-01
-3.394215106964111328e-01
-3.398297727108001709e-01
-3.379093408584594727e-01
-3.420121371746063232e-01
-3.448938727378845215e-01
-3.456963002681732178e-01
-3.477597534656524658e-01
-3.453164398670196533e-01
-3.415135443210601807e-01
-3.397181928157806396e-01
-3.396113216876983643e-01
-3.433280587196350098e-01
-3.407487273216247559e-01
-3.424718677997589111e-01
-3.403779268264770508e-01
-3.443712890148162842e-01
-3.443012833595275879e-01
-3.399612903594970703e-01
-3.396995365619659424e-01
-3.436293303966522217e-01
-3.476952612400054932e-01
-3.499677181243896484e-01
-3.498612046241760254e-01
-3.532275259494781494e-01
-3.536217808723449707e-01
-3.532031178474426270e-01
-3.549376130104064941e-01
-3.558428883552551270e-01
-3.575842976570129395e-01
-3.584457933902740479e-01
-3.597424924373626709e-01
-3.587270379066467285e-01
-3.583424091339111328e-01
-3.578706681728363037e-01
-3.592002093791961670e-01
-3.575599193572998047e-01
-3.613116443157196045e-01
-3.601289689540863037e-01
-3.600917458534240723e-01
-3.601592481136322021e-01
-3.595966994762420654e-01
-3.619912862777709961e-01
-3.593778610229492188e-01
-3.617193102836608887e-01
-3.604390323162078857e-01
-3.606371879577636719e-01
-3.594578802585601807e-01
-3.608588874340057373e-01
-3.613848984241485596e-01
-3.620692789554595947e-01
-3.604556024074554443e-01
-3.603585064411163330e-01
-3.612400889396667480e-01
-3.621875643730163574e-01
-3.603418469429016113e-01
-3.603687882423400879e-01
-3.608765900135040283e-01
-3.471480607986450195e-01
-3.585755527019500732e-01
-3.605459630489349365e-01
-3.622748553752899170e-01
-3.613305091857910156e-01
-3.616888821125030518e-01
-3.611409962177276611e-01
-3.619878292083740234e-01
-3.604190349578857422e-01
-3.622570633888244629e-01
-3.603676259517669678e-01
-3.618164360523223877e-01
-3.601504564285278320e-01
-3.622811436653137207e-01
-3.624933660030364990e-01
-3.609441816806793213e-01
-3.611800074577331543e-01
-3.605566024780273438e-01
-3.630162179470062256e-01
-3.610217869281768799e-01
-3.280879855155944824e-01
-3.264672458171844482e-01
-3.463109135627746582e-01
-3.489516079425811768e-01
-3.536933064460754395e-01
-3.532270491123199463e-01
-3.497169911861419678e-01
-3.546449840068817139e-01
-3.584777712821960449e-01
-3.610231876373291016e-01
-3.632983565330505371e-01
-3.618465662002563477e-01
-3.615559637546539307e-01
-3.620470464229583740e-01
-3.607310354709625244e-01
-3.622287511825561523e-01
-3.604079782962799072e-01
-3.620600402355194092e-01
-3.603303432464599609e-01
-3.614912629127502441e-01
-3.598819673061370850e-01
-3.607996106147766113e-01
-1.322968155145645142e-01
-2.378583401441574097e-01
-2.261280268430709839e-01
-2.261575013399124146e-01
-2.338910400867462158e-01
-2.539537250995635986e-01
-2.550086081027984619e-01
-2.558760643005371094e-01
-2.501126825809478760e-01
-2.380180954933166504e-01
-2.186740785837173462e-01
-2.164763212203979492e-01
-2.253265082836151123e-01
-2.255956679582595825e-01
-2.354680448770523071e-01
-2.298557460308074951e-01
-2.332785129547119141e-01
-2.344885617494583130e-01
-2.386344373226165771e-01
-2.436327785253524780e-01
-2.401449531316757202e-01
-2.423749119043350220e-01
-2.423138171434402466e-01
-2.480377703905105591e-01
-2.495141178369522095e-01
-2.544204294681549072e-01
-2.654952704906463623e-01
-2.781600356101989746e-01
-2.955410182476043701e-01
-2.995433211326599121e-01
-3.076100349426269531e-01
-2.856887280941009521e-01
-3.115323483943939209e-01
-3.210014104843139648e-01
-3.276180326938629150e-01
-3.332124948501586914e-01
-3.350708186626434326e-01
-3.392675220966339111e-01
-3.455339670181274414e-01
-3.458963632583618164e-01
-3.503858149051666260e-01
-3.534482419490814209e-01
-3.507176637649536133e-01
-3.558946549892425537e-01
-3.556092083454132080e-01
-3.555629849433898926e-01
-3.573541939258575439e-01
-3.555548489093780518e-01
-3.533905148506164551e-01
-3.583667576313018799e-01
-3.572153449058532715e-01
-3.595814704895019531e-01
-3.567500710487365723e-01
-3.619253635406494141e-01
-3.604477047920227051e-01
-3.601248860359191895e-01
-3.607905507087707520e-01
-3.601654767990112305e-01
-3.624825477600097656e-01
-3.633091449737548828e-01
-3.606028854846954346e-01
-3.638970255851745605e-01
-3.617985248565673828e-01
-3.618439435958862305e-01
-3.611907362937927246e-01
-3.629463016986846924e-01
-3.619312047958374023e-01
-3.637886047363281250e-01
-3.610108494758605957e-01
-3.614370226860046387e-01
-3.630737662315368652e-01
-3.639355897903442383e-01
-3.644070327281951904e-01
-3.615643680095672607e-01
-3.640550673007965088e-01
-3.633169531822204590e-01
-3.618420958518981934e-01
-3.624023497104644775e-01
-3.638064861297607422e-01
-3.625667095184326172e-01
-3.631172478199005127e-01
-3.639426231384277344e-01
-3.638150691986083984e-01
-3.638468682765960693e-01
-3.636448979377746582e-01
-3.637231886386871338e-01
-3.630163967609405518e-01
-3.644081354141235352e-01
-3.640352189540863037e-01
-3.638850152492523193e-01
-3.638160228729248047e-01
-3.650497496128082275e-01
-3.637617528438568115e-01
-3.641468286514282227e-01
-3.654245734214782715e-01
-3.629840612411499023e-01
-3.631077110767364502e-01
-3.642775416374206543e-01
-3.639747202396392822e-01
-3.647960722446441650e-01
-3.644239604473114014e-01
-3.637782633304595947e-01
-3.649668693542480469e-01
-3.638601899147033691e-01
-3.644877970218658447e-01
-3.648088276386260986e-01
-3.635714054107666016e-01
-3.650214374065399170e-01
-3.654128909111022949e-01
-3.643496036529541016e-01
-3.644413948059082031e-01
-3.643322288990020752e-01
-3.642856180667877197e-01
-3.640883862972259521e-01
-3.643223345279693604e-01
-3.648502826690673828e-01
-3.643071353435516357e-01
-3.657038509845733643e-01
-3.628834187984466553e-01
-3.661244809627532959e-01
-3.642018735408782959e-01
-3.644147217273712158e-01
-3.650011718273162842e-01
-3.650464713573455811e-01
-3.645898997783660889e-01
-3.642618358135223389e-01
-3.644889593124389648e-01
-3.640176951885223389e-01
-3.648006021976470947e-01
-3.652313053607940674e-01
-3.647002279758453369e-01
-3.643997907638549805e-01
-3.641290068626403809e-01
-3.645336925983428955e-01
-3.660058677196502686e-01
-3.650124371051788330e-01
-3.660643994808197021e-01
-3.655228316783905029e-01
-3.637368679046630859e-01
-3.647066652774810791e-01
-3.640354573726654053e-01
-3.643148839473724365e-01
-3.653184175491333008e-01
-3.657234609127044678e-01
-3.654148280620574951e-01
-3.638864159584045410e-01
-3.653884530067443848e-01
-3.655494749546051025e-01
-3.663135468959808350e-01
-3.646768629550933838e-01
-3.659221827983856201e-01
-3.637417554855346680e-01
-3.647347092628479004e-01
-3.652158379554748535e-01
-3.655292987823486328e-01
-3.649860322475433350e-01
-3.661780059337615967e-01
-3.651117086410522461e-01
-3.642509281635284424e-01
-3.647746145725250244e-01
-3.648574650287628174e-01
-3.655448555946350098e-01
-3.645486533641815186e-01
-3.660995960235595703e-01
-3.651357889175415039e-01
-3.659060597419738770e-01
-3.657828569412231445e-01
-3.676165342330932617e-01
-3.647742271423339844e-01
-3.651750087738037109e-01
-3.655715882778167725e-01
-3.655275702476501465e-01
-3.660406470298767090e-01
-3.660904765129089355e-01
-3.651270270347595215e-01
-3.655591309070587158e-01
-3.655867576599121094e-01
-3.653646111488342285e-01
-3.656394183635711670e-01
-3.651309907436370850e-01
-3.642579913139343262e-01
-3.647319972515106201e-01
-3.650712370872497559e-01
-3.648454844951629639e-01
-3.659713268280029297e-01
-3.660096228122711182e-01
-3.647023439407348633e-01
-3.654358983039855957e-01
-3.647166192531585693e-01
-3.638112246990203857e-01
-3.662557899951934814e-01
-3.664549291133880615e-01
-3.657356798648834229e-01
-3.657073974609375000e-01
-3.659912049770355225e-01
-3.640512228012084961e-01
-3.654301762580871582e-01
-3.662045300006866455e-01
-3.651599586009979248e-01
-3.645484745502471924e-01
-3.649906218051910400e-01
-3.643442392349243164e-01
-3.651746213436126709e-01
-3.656022250652313232e-01
-3.670522272586822510e-01
-3.641305565834045410e-01
-3.656407594680786133e-01
-3.662955760955810547e-01
-3.647826611995697021e-01
-3.650025725364685059e-01
-3.648515045642852783e-01
-3.653742074966430664e-01
-3.655064105987548828e-01
-3.652033507823944092e-01
-3.657856881618499756e-01
-3.662788569927215576e-01
-3.642438650131225586e-01
-3.652533888816833496e-01
-3.653421998023986816e-01
-3.668029606342315674e-01
-3.646329045295715332e-01
-3.650268018245697021e-01
-3.657836914062500000e-01
-3.657382130622863770e-01
-3.649555146694183350e-01
-3.653073608875274658e-01
-3.656212091445922852e-01
-3.655997812747955322e-01
-3.649838268756866455e-01
-3.661158978939056396e-01
-3.658746480941772461e-01
-3.642683327198028564e-01
-3.650763928890228271e-01
-3.657540380954742432e-01
-3.652879297733306885e-01
-3.653593063354492188e-01
-3.643198907375335693e-01
-3.643544912338256836e-01
-3.652373254299163818e-01
-3.633970916271209717e-01
-3.648511767387390137e-01
-3.652035593986511230e-01
-3.651666343212127686e-01
-3.646411597728729248e-01
-3.645013570785522461e-01
-3.644947707653045654e-01
-3.646797835826873779e-01
-3.641227781772613525e-01
-3.650776743888854980e-01
-3.632155656814575195e-01
-3.644623458385467529e-01
-3.645509779453277588e-01
-3.631375133991241455e-01
-3.635458350181579590e-01
-3.651822507381439209e-01
-3.629678785800933838e-01
-3.625811934471130371e-01
-3.623081445693969727e-01
-3.639624118804931641e-01
-3.619275391101837158e-01
-3.600498139858245850e-01
-3.590752780437469482e-01
-3.606736361980438232e-01
-3.601629137992858887e-01
-3.619810044765472412e-01
-3.610673844814300537e-01
-3.630038499832153320e-01
-3.635308444499969482e-01
-3.626448512077331543e-01
-3.639482557773590088e-01
-3.630194664001464844e-01
-3.619265258312225342e-01
-3.650968372821807861e-01
-3.639610111713409424e-01
-3.654114305973052979e-01
-3.667921721935272217e-01
-3.658367395401000977e-01
-3.656620383262634277e-01
-3.663253188133239746e-01
-3.673201203346252441e-01
-3.680498600006103516e-01
-3.686567246913909912e-01
-3.697151541709899902e-01
-3.684996962547302246e-01
-3.686881661415100098e-01
-3.699145317077636719e-01
-3.707527220249176025e-01
-3.704460263252258301e-01
-3.710955977439880371e-01
-3.718388080596923828e-01
-3.719335794448852539e-01
-3.732162415981292725e-01
-3.717558085918426514e-01
-3.732258975505828857e-01
-3.725112378597259521e-01
-3.728569149971008301e-01
-3.731525242328643799e-01
-3.731650412082672119e-01
-3.725850880146026611e-01
-3.730528056621551514e-01
-3.725602924823760986e-01
-3.742159903049468994e-01
-3.739110231399536133e-01
-3.735444247722625732e-01
-3.742203116416931152e-01
-3.732922971248626709e-01
-3.739101588726043701e-01
-3.745067119598388672e-01
-3.738208711147308350e-01
-3.744695484638214111e-01
-3.755109608173370361e-01
-3.742546141147613525e-01
-3.754621446132659912e-01
-3.755147457122802734e-01
-3.747775256633758545e-01
-3.743275701999664307e-01
-3.747738301753997803e-01
-3.748725056648254395e-01
-3.748150467872619629e-01
-3.751248717308044434e-01
-3.757712543010711670e-01
-3.743948042392730713e-01
-3.753021359443664551e-01
-3.758098781108856201e-01
-3.748706579208374023e-01
-3.755481541156768799e-01
-3.755699396133422852e-01
-3.756765723228454590e-01
-3.750155866146087646e-01
-3.756909966468811035e-01
-3.759741783142089844e-01
