1.246511220932006836e+00
1.690321117639541626e-01
-8.951399475336074829e-02
-1.043554097414016724e-01
-1.137632578611373901e-01
-1.330155879259109497e-01
-1.475963443517684937e-01
-1.644358485937118530e-01
-1.868360638618469238e-01
-1.966395229101181030e-01
-2.003378868103027344e-01
-2.174213826656341553e-01
-2.238807976245880127e-01
-2.234879583120346069e-01
-2.274489700794219971e-01
-2.285008281469345093e-01
-2.343208938837051392e-01
-2.402415424585342407e-01
-2.374778687953948975e-01
-2.382867038249969482e-01
-2.403346747159957886e-01
-2.416373342275619507e-01
-2.368156164884567261e-01
-2.397501915693283081e-01
-2.395704090595245361e-01
-2.402129471302032471e-01
-2.446080893278121948e-01
-2.426385730504989624e-01
-2.463512867689132690e-01
-2.536034882068634033e-01
-2.529560029506683350e-01
-2.538544535636901855e-01
-2.528920769691467285e-01
-2.549576461315155029e-01
-2.573136985301971436e-01
-2.557748556137084961e-01
-2.575014233589172363e-01
-2.559467554092407227e-01
-2.570557892322540283e-01
-2.588878273963928223e-01
-2.550105154514312744e-01
-2.569653987884521484e-01
-2.618128657341003418e-01
-2.552739977836608887e-01
-2.563948631286621094e-01
-2.631316483020782471e-01
-2.606181502342224121e-01
-2.601190805435180664e-01
-2.564550638198852539e-01
-2.619608938694000244e-01
-2.585258781909942627e-01
-2.591301798820495605e-01
-2.604559361934661865e-01
-2.641980051994323730e-01
-2.619888186454772949e-01
-2.624750435352325439e-01
-2.607583105564117432e-01
-2.646939754486083984e-01
-2.686671614646911621e-01
-2.723098695278167725e-01
-2.707086801528930664e-01
-2.714108526706695557e-01
-2.727973759174346924e-01
-2.710435986518859863e-01
-2.664680182933807373e-01
-2.735395431518554688e-01
-2.751562297344207764e-01
-2.750791013240814209e-01
-2.766921222209930420e-01
-2.739907503128051758e-01
-2.730602324008941650e-01
-2.723356187343597412e-01
-2.735239267349243164e-01
-2.770760357379913330e-01
-2.721423208713531494e-01
-2.726061940193176270e-01
-2.707331478595733643e-01
-2.757783532142639160e-01
-2.757005095481872559e-01
-2.736665606498718262e-01
-2.777775824069976807e-01
-2.742226421833038330e-01
-2.764138281345367432e-01
-2.741982638835906982e-01
-2.740876972675323486e-01
-2.750697433948516846e-01
-2.747240960597991943e-01
-2.755259275436401367e-01
-2.737770378589630127e-01
-2.812215685844421387e-01
-2.753736078739166260e-01
-2.787065505981445312e-01
-2.762521505355834961e-01
-2.760820388793945312e-01
-2.760429084300994873e-01
-2.760320901870727539e-01
-2.766415476799011230e-01
-2.737643122673034668e-01
-2.788261175155639648e-01
-2.754439711570739746e-01
-2.756515443325042725e-01
-2.777200937271118164e-01
-2.739008665084838867e-01
-2.710707485675811768e-01
-2.766231894493103027e-01
-2.768610417842864990e-01
-2.755216360092163086e-01
-2.782321572303771973e-01
-2.783109843730926514e-01
-2.791295051574707031e-01
-2.765381932258605957e-01
-2.806444764137268066e-01
-2.788489460945129395e-01
-2.792061865329742432e-01
-2.743861377239227295e-01
-2.803261578083038330e-01
-2.797480523586273193e-01
-2.791364490985870361e-01
-2.816142439842224121e-01
-2.755920588970184326e-01
-2.805618345737457275e-01
-2.828370630741119385e-01
-2.839730083942413330e-01
-2.833889126777648926e-01
-2.864223122596740723e-01
-2.827165424823760986e-01
-2.897111177444458008e-01
-2.835726737976074219e-01
-2.868279516696929932e-01
-2.908171713352203369e-01
-2.912191152572631836e-01
-2.880130410194396973e-01
-2.928875386714935303e-01
-2.891527414321899414e-01
-2.935525774955749512e-01
-2.903828024864196777e-01
-2.917061150074005127e-01
-2.899389564990997314e-01
-2.896887063980102539e-01
-2.923523485660552979e-01
-2.907496392726898193e-01
-2.931792736053466797e-01
-2.935767173767089844e-01
-2.919118404388427734e-01
-2.939485311508178711e-01
-2.916624248027801514e-01
-2.905344963073730469e-01
-2.954212725162506104e-01
-2.927766442298889160e-01
-2.930023670196533203e-01
-2.924805581569671631e-01
-2.946672439575195312e-01
-2.901631593704223633e-01
-2.908499240875244141e-01
-2.920412123203277588e-01
-2.916814088821411133e-01
-2.941424250602722168e-01
-2.921640574932098389e-01
-2.913520038127899170e-01
-2.924357354640960693e-01
-2.923645675182342529e-01
-2.925260961055755615e-01
-2.937996685504913330e-01
-2.950364053249359131e-01
-2.929769158363342285e-01
-2.955928444862365723e-01
-2.964133918285369873e-01
-2.945644557476043701e-01
-2.914143204689025879e-01
-2.891859710216522217e-01
-2.934362292289733887e-01
-2.951498031616210938e-01
-2.957917451858520508e-01
-2.934388518333435059e-01
-2.957496345043182373e-01
-2.979852259159088135e-01
-2.923124432563781738e-01
-2.936396896839141846e-01
-2.926284372806549072e-01
-2.949364781379699707e-01
-2.962576150894165039e-01
-2.954404652118682861e-01
-2.928976118564605713e-01
-2.954094707965850830e-01
-2.987897992134094238e-01
-3.004255294799804688e-01
-2.963768839836120605e-01
-2.979468107223510742e-01
-2.954406142234802246e-01
-2.960057258605957031e-01
-2.954953610897064209e-01
