1.182776093482971191e+00
7.241590619087219238e-01
3.782622218132019043e-01
1.328437775373458862e-01
-4.873284697532653809e-02
-1.625408977270126343e-01
-2.240603119134902954e-01
-2.510693967342376709e-01
-2.565048038959503174e-01
-2.507203817367553711e-01
-2.436937540769577026e-01
-2.340511530637741089e-01
-2.219948470592498779e-01
-2.137263864278793335e-01
-2.073655128479003906e-01
-2.042575031518936157e-01
-1.994990557432174683e-01
-1.948920786380767822e-01
-1.930914968252182007e-01
-1.910018920898437500e-01
-1.917814910411834717e-01
-1.928467154502868652e-01
-1.942030638456344604e-01
-1.965871006250381470e-01
-1.979808956384658813e-01
-2.000641822814941406e-01
-2.047686874866485596e-01
-2.079944014549255371e-01
-2.143721729516983032e-01
-2.180042415857315063e-01
-2.203378081321716309e-01
-2.247575074434280396e-01
-2.290740758180618286e-01
-2.317613065242767334e-01
-2.387527823448181152e-01
-2.427309602499008179e-01
-2.470836788415908813e-01
-2.516080737113952637e-01
-2.555235624313354492e-01
-2.581507563591003418e-01
-2.606146931648254395e-01
-2.616351544857025146e-01
-2.642242610454559326e-01
-2.656646072864532471e-01
-2.669740021228790283e-01
-2.711316645145416260e-01
-2.678542733192443848e-01
-2.664490938186645508e-01
-2.665514945983886719e-01
-2.677615582942962646e-01
-2.662763595581054688e-01
-2.671509385108947754e-01
-2.661242485046386719e-01
-2.692905068397521973e-01
-2.661101222038269043e-01
-2.690612673759460449e-01
-2.712599635124206543e-01
-2.720701396465301514e-01
-2.669425308704376221e-01
-2.685777544975280762e-01
-2.711934745311737061e-01
-2.692406177520751953e-01
-2.694324254989624023e-01
-2.726832330226898193e-01
-2.755080461502075195e-01
-2.752645313739776611e-01
-2.735103070735931396e-01
-2.741075754165649414e-01
-2.745955288410186768e-01
-2.748880386352539062e-01
-2.736521661281585693e-01
-2.750180065631866455e-01
-2.754299938678741455e-01
-2.747720777988433838e-01
-2.754158377647399902e-01
-2.766497135162353516e-01
-2.754962444305419922e-01
-2.751213908195495605e-01
-2.763038277626037598e-01
-2.747757136821746826e-01
-2.762700021266937256e-01
-2.779041230678558350e-01
-2.783536016941070557e-01
-2.786126732826232910e-01
-2.764333188533782959e-01
-2.777473628520965576e-01
-2.777746021747589111e-01
-2.766518592834472656e-01
-2.778748869895935059e-01
-2.785087525844573975e-01
-2.752190828323364258e-01
-2.789914011955261230e-01
-2.809401750564575195e-01
-2.785573601722717285e-01
-2.819486856460571289e-01
-2.797540426254272461e-01
-2.806167006492614746e-01
-2.791121304035186768e-01
-2.784392237663269043e-01
-2.799112498760223389e-01
-2.807127833366394043e-01
-2.820382714271545410e-01
-2.819786965847015381e-01
-2.806491553783416748e-01
-2.807776629924774170e-01
-2.788399159908294678e-01
-2.817212343215942383e-01
-2.820076048374176025e-01
-2.833311855792999268e-01
-2.818183302879333496e-01
-2.808109819889068604e-01
-2.827714979648590088e-01
-2.809944152832031250e-01
-2.859033942222595215e-01
-2.820698320865631104e-01
-2.852864861488342285e-01
-2.842390239238739014e-01
-2.850308418273925781e-01
-2.838469147682189941e-01
-2.857903540134429932e-01
-2.865161001682281494e-01
-2.845407724380493164e-01
-2.821069657802581787e-01
-2.860254645347595215e-01
-2.843807339668273926e-01
-2.869413495063781738e-01
-2.844193577766418457e-01
-2.876225709915161133e-01
-2.849175333976745605e-01
-2.836651504039764404e-01
-2.849420905113220215e-01
-2.870928943157196045e-01
-2.854920029640197754e-01
-2.846179902553558350e-01
-2.868293225765228271e-01
-2.865430414676666260e-01
-2.869763076305389404e-01
-2.868227958679199219e-01
-2.865134179592132568e-01
-2.853876352310180664e-01
-2.874726653099060059e-01
-2.873782813549041748e-01
-2.882694602012634277e-01
-2.868303954601287842e-01
-2.879480123519897461e-01
-2.855021357536315918e-01
-2.873148620128631592e-01
-2.853600978851318359e-01
-2.893188595771789551e-01
-2.845847308635711670e-01
-2.895645201206207275e-01
-2.873763442039489746e-01
-2.874222993850708008e-01
-2.875672876834869385e-01
-2.868803143501281738e-01
-2.892065048217773438e-01
-2.880375981330871582e-01
-2.899325489997863770e-01
-2.889587879180908203e-01
-2.897242605686187744e-01
-2.887051701545715332e-01
-2.874123156070709229e-01
-2.869246304035186768e-01
-2.899717390537261963e-01
-2.891269028186798096e-01
-2.893719375133514404e-01
-2.885348796844482422e-01
-2.895462214946746826e-01
-2.894470691680908203e-01
-2.860393822193145752e-01
-2.882098853588104248e-01
-2.876370251178741455e-01
-2.882889509201049805e-01
-2.892994582653045654e-01
-2.898065745830535889e-01
-2.889328002929687500e-01
-2.895849049091339111e-01
-2.895452380180358887e-01
-2.883266508579254150e-01
-2.879880964756011963e-01
-2.895639538764953613e-01
-2.898176908493041992e-01
-2.914843261241912842e-01
-2.887960076332092285e-01
-2.901301085948944092e-01
-2.878180444240570068e-01
-2.901766896247863770e-01
-2.888975441455841064e-01
-2.884364724159240723e-01
-2.901729643344879150e-01
-2.921177446842193604e-01
-2.898186147212982178e-01
-2.902502715587615967e-01
-2.902794778347015381e-01
-2.902202308177947998e-01
-2.894746065139770508e-01
-2.920680940151214600e-01
-2.905905544757843018e-01
-2.906901240348815918e-01
-2.897350192070007324e-01
-2.900144755840301514e-01
-2.909900844097137451e-01
-2.904308438301086426e-01
-2.926627695560455322e-01
-2.888756096363067627e-01
-2.898469269275665283e-01
-2.919144630432128906e-01
-2.943577766418457031e-01
-2.909059226512908936e-01
-2.922455370426177979e-01
-2.920515239238739014e-01
-2.916848659515380859e-01
-2.910207509994506836e-01
-2.920369207859039307e-01
-2.940669953823089600e-01
-2.882086038589477539e-01
-2.932332754135131836e-01
-2.912807762622833252e-01
-2.919663786888122559e-01
-2.912147641181945801e-01
-2.928097248077392578e-01
-2.929722964763641357e-01
-2.918764948844909668e-01
-2.894656360149383545e-01
-2.916696071624755859e-01
-2.915084362030029297e-01
-2.906008064746856689e-01
-2.906170189380645752e-01
-2.924968898296356201e-01
-2.932969331741333008e-01
-2.925303280353546143e-01
-2.909178435802459717e-01
-2.892906665802001953e-01
-2.914067208766937256e-01
-2.899655699729919434e-01
-2.937890291213989258e-01
-2.947440147399902344e-01
-2.923958599567413330e-01
-2.889314293861389160e-01
-2.928195893764495850e-01
-2.919422686100006104e-01
-2.917208373546600342e-01
-2.939296066761016846e-01
-2.916051745414733887e-01
-2.918361723423004150e-01
-2.934668064117431641e-01
-2.908923327922821045e-01
-2.929679155349731445e-01
-2.930280566215515137e-01
-2.920940518379211426e-01
-2.917693853378295898e-01
-2.944588363170623779e-01
-2.934312820434570312e-01
-2.919705808162689209e-01
-2.919789254665374756e-01
-2.943263947963714600e-01
-2.945635020732879639e-01
-2.916324734687805176e-01
-2.946337461471557617e-01
-2.923619449138641357e-01
-2.928979992866516113e-01
-2.926605343818664551e-01
-2.937069833278656006e-01
-2.930042743682861328e-01
-2.932594716548919678e-01
-2.916915416717529297e-01
-2.927553653717041016e-01
-2.931809127330780029e-01
-2.930311262607574463e-01
-2.908915877342224121e-01
-2.938285470008850098e-01
-2.929569780826568604e-01
-2.933944165706634521e-01
-2.923183739185333252e-01
-2.929482460021972656e-01
-2.937835156917572021e-01
-2.921190857887268066e-01
-2.922943234443664551e-01
-2.919755876064300537e-01
-2.944133281707763672e-01
-2.936418354511260986e-01
-2.925944030284881592e-01
-2.932438850402832031e-01
-2.946057617664337158e-01
-2.956229150295257568e-01
-2.944220006465911865e-01
-2.955955862998962402e-01
-2.923400104045867920e-01
-2.925486564636230469e-01
-2.935001254081726074e-01
-2.944440245628356934e-01
-2.960983216762542725e-01
-2.930467128753662109e-01
-2.924598157405853271e-01
-2.943895161151885986e-01
-2.915416061878204346e-01
-2.933393716812133789e-01
-2.917342782020568848e-01
-2.937097251415252686e-01
-2.967502176761627197e-01
-2.963936328887939453e-01
-2.938821315765380859e-01
-2.936449944972991943e-01
-2.934369444847106934e-01
-2.950834929943084717e-01
-2.957764565944671631e-01
-2.944418191909790039e-01
-2.937588989734649658e-01
-2.926268875598907471e-01
-2.965338528156280518e-01
-2.945081889629364014e-01
-2.960794270038604736e-01
-2.970592677593231201e-01
-2.951087057590484619e-01
-2.945385873317718506e-01
-2.954958379268646240e-01
-2.951795756816864014e-01
-2.970017194747924805e-01
-2.965324819087982178e-01
-2.956837415695190430e-01
-2.968565225601196289e-01
-2.954695522785186768e-01
-2.936475872993469238e-01
-2.937193810939788818e-01
-2.925574183464050293e-01
-2.951792478561401367e-01
-2.943921685218811035e-01
-2.949643433094024658e-01
-2.959141731262207031e-01
-2.966704666614532471e-01
-2.971487343311309814e-01
-2.968407273292541504e-01
-2.924824953079223633e-01
-2.955735921859741211e-01
-2.961599230766296387e-01
-2.958334386348724365e-01
-2.942700088024139404e-01
-2.956704795360565186e-01
-2.958156168460845947e-01
-2.944507300853729248e-01
-2.962554395198822021e-01
-2.959954142570495605e-01
-2.943391203880310059e-01
-2.946917116641998291e-01
-2.929726243019104004e-01
-2.963769137859344482e-01
-2.949508130550384521e-01
-2.949032187461853027e-01
-2.972507178783416748e-01
-2.946708500385284424e-01
-2.958879768848419189e-01
-2.967261373996734619e-01
-2.935775816440582275e-01
-2.960169613361358643e-01
-2.964240014553070068e-01
-2.974164485931396484e-01
-2.959442138671875000e-01
-2.959853112697601318e-01
-2.961938381195068359e-01
-2.970971763134002686e-01
-2.981143295764923096e-01
-2.945272624492645264e-01
-2.959659099578857422e-01
-2.960815429687500000e-01
-2.968744337558746338e-01
-2.953286767005920410e-01
-2.940891683101654053e-01
-2.958691418170928955e-01
-2.971968054771423340e-01
-2.965079545974731445e-01
-2.959366440773010254e-01
-2.957307100296020508e-01
-2.964301109313964844e-01
-2.948676943778991699e-01
-2.989820539951324463e-01
-2.969225943088531494e-01
-2.966693043708801270e-01
-2.942575812339782715e-01
-2.969758510589599609e-01
-2.968048453330993652e-01
-2.955410778522491455e-01
-2.960552275180816650e-01
-2.967360913753509521e-01
-2.947504520416259766e-01
-2.970401048660278320e-01
-2.966329455375671387e-01
-2.952805757522583008e-01
-2.957145571708679199e-01
-2.976352274417877197e-01
-2.950691580772399902e-01
-2.983006536960601807e-01
-2.972477376461029053e-01
-2.975713610649108887e-01
-2.951093018054962158e-01
-2.967336773872375488e-01
-2.974813580513000488e-01
-2.943859994411468506e-01
-2.967884242534637451e-01
-2.950273454189300537e-01
-2.954424321651458740e-01
-2.951321899890899658e-01
-2.953085899353027344e-01
-2.973761856555938721e-01
-2.956517338752746582e-01
-2.950208187103271484e-01
-2.963973879814147949e-01
-2.957219183444976807e-01
-2.971049249172210693e-01
-2.962960302829742432e-01
-2.944100499153137207e-01
-2.974271178245544434e-01
-2.958552241325378418e-01
-2.957477271556854248e-01
-2.942531704902648926e-01
-2.950663268566131592e-01
-2.944527268409729004e-01
-2.965731322765350342e-01
-2.952107489109039307e-01
-2.953951358795166016e-01
-2.939785718917846680e-01
-2.943054139614105225e-01
-2.965290546417236328e-01
-2.967236042022705078e-01
-2.949909567832946777e-01
-2.972413897514343262e-01
-2.957804501056671143e-01
-2.955460846424102783e-01
-2.940685749053955078e-01
-2.951666116714477539e-01
-2.993012666702270508e-01
-2.949309647083282471e-01
-2.945881187915802002e-01
-2.950306534767150879e-01
-2.967397570610046387e-01
-2.968824505805969238e-01
-2.944263219833374023e-01
-2.968331873416900635e-01
-2.961332499980926514e-01
-2.942745685577392578e-01
-2.981613874435424805e-01
-2.927908301353454590e-01
-2.925823926925659180e-01
-2.938894629478454590e-01
-2.964828610420227051e-01
-2.972275912761688232e-01
-2.972593009471893311e-01
-2.929629981517791748e-01
-2.966383099555969238e-01
-2.950597703456878662e-01
-2.962122261524200439e-01
-2.946497201919555664e-01
-2.970871031284332275e-01
-2.940880656242370605e-01
-2.957613170146942139e-01
-2.933239042758941650e-01
-2.974522113800048828e-01
-2.931397259235382080e-01
-2.952831387519836426e-01
-2.959878444671630859e-01
-2.927387058734893799e-01
-2.962904870510101318e-01
-2.985910177230834961e-01
-2.961450219154357910e-01
-2.966377139091491699e-01
-2.954310178756713867e-01
-2.956243753433227539e-01
-2.941474020481109619e-01
-2.988364994525909424e-01
-2.966403663158416748e-01
-2.968452274799346924e-01
-2.970030605792999268e-01
-2.951659560203552246e-01
-2.958619296550750732e-01
-2.951082885265350342e-01
-2.969486713409423828e-01
-2.960531115531921387e-01
-2.970203757286071777e-01
-2.978403866291046143e-01
-2.974557280540466309e-01
-2.949573993682861328e-01
-2.963065505027770996e-01
-2.948079705238342285e-01
-2.971317768096923828e-01
-2.987102568149566650e-01
-2.956038713455200195e-01
-2.976771295070648193e-01
-2.978910803794860840e-01
-2.967770099639892578e-01
-2.965856492519378662e-01
-2.969765365123748779e-01
-2.972466945648193359e-01
-2.955165505409240723e-01
-2.963655591011047363e-01
-2.954898774623870850e-01
-2.978769242763519287e-01
-2.968595325946807861e-01
-2.976021170616149902e-01
-2.981321513652801514e-01
-2.980355620384216309e-01
-2.977356314659118652e-01
-2.974268794059753418e-01
-2.965021729469299316e-01
-2.957920432090759277e-01
-2.976438701152801514e-01
-2.962718605995178223e-01
-2.964633405208587646e-01
-2.974443435668945312e-01
-2.951436638832092285e-01
-2.959783077239990234e-01
-2.941451370716094971e-01
-2.981612682342529297e-01
-2.979515194892883301e-01
-2.973756194114685059e-01
-2.961676120758056641e-01
-2.959738671779632568e-01
-2.982726693153381348e-01
-2.977890074253082275e-01
-2.988252639770507812e-01
-2.988404929637908936e-01
-2.977686822414398193e-01
-2.980058491230010986e-01
-2.965138554573059082e-01
-2.978790402412414551e-01
-2.989100813865661621e-01
-2.989594638347625732e-01
-2.995901405811309814e-01
-2.985613942146301270e-01
-2.946304380893707275e-01
-2.982541024684906006e-01
-2.988176643848419189e-01
-2.967392504215240479e-01
-2.976823151111602783e-01
-2.961899936199188232e-01
-2.960157990455627441e-01
-2.961965799331665039e-01
-2.976939976215362549e-01
-2.977823019027709961e-01
-2.986460030078887939e-01
-2.984327375888824463e-01
-2.957561016082763672e-01
-2.978520393371582031e-01
-2.982771098613739014e-01
-2.962824702262878418e-01
-2.995665371417999268e-01
-2.958768606185913086e-01
-2.985821068286895752e-01
-2.975527346134185791e-01
-2.970710396766662598e-01
-2.980109155178070068e-01
-2.970797121524810791e-01
-2.984592318534851074e-01
-2.973432242870330811e-01
-2.957789003849029541e-01
-2.959587574005126953e-01
-2.987768054008483887e-01
-2.957446277141571045e-01
-2.982819676399230957e-01
-2.966555655002593994e-01
-2.962528169155120850e-01
-2.994012832641601562e-01
-2.943799495697021484e-01
-2.957341074943542480e-01
-2.977111339569091797e-01
-2.961840331554412842e-01
-2.962977886199951172e-01
-2.959468364715576172e-01
-2.965874075889587402e-01
-2.972914576530456543e-01
-2.999818623065948486e-01
-2.957813143730163574e-01
-2.958676517009735107e-01
-2.961783409118652344e-01
-2.976935207843780518e-01
-2.960886657238006592e-01
-2.967250943183898926e-01
-2.973485589027404785e-01
-2.972967028617858887e-01
-2.965761423110961914e-01
-2.995524704456329346e-01
-2.951384782791137695e-01
-2.967587411403656006e-01
-2.978302538394927979e-01
-2.981820702552795410e-01
-2.986173033714294434e-01
-2.985321581363677979e-01
-2.960120737552642822e-01
-2.985238134860992432e-01
-2.993818521499633789e-01
-2.962254583835601807e-01
-2.970109879970550537e-01
-2.954817414283752441e-01
-2.985658049583435059e-01
-2.996002137660980225e-01
-2.954519093036651611e-01
-2.983366847038269043e-01
-2.961113154888153076e-01
-2.984760999679565430e-01
-2.991380095481872559e-01
-2.987457811832427979e-01
-2.968617677688598633e-01
-2.960541248321533203e-01
-2.985203266143798828e-01
-2.985082268714904785e-01
-3.005814552307128906e-01
-2.970740199089050293e-01
-2.974838018417358398e-01
-2.974958121776580811e-01
-2.975779473781585693e-01
-2.977603971958160400e-01
-2.962364554405212402e-01
-2.984775900840759277e-01
-2.988509237766265869e-01
-2.996592521667480469e-01
-2.963052392005920410e-01
-2.966351211071014404e-01
-2.995533049106597900e-01
-2.970094382762908936e-01
-3.005823493003845215e-01
-2.956559956073760986e-01
-2.985048294067382812e-01
-2.982241213321685791e-01
-2.961423099040985107e-01
-2.982902228832244873e-01
-2.989290356636047363e-01
-2.984872758388519287e-01
-2.964240014553070068e-01
-2.971712946891784668e-01
-2.976300120353698730e-01
-2.984677255153656006e-01
-2.985240221023559570e-01
-2.973786592483520508e-01
-2.968505918979644775e-01
-2.962673306465148926e-01
-2.984700798988342285e-01
-2.983195185661315918e-01
-2.988190054893493652e-01
-2.984336614608764648e-01
-3.013011515140533447e-01
-3.014311194419860840e-01
-2.970762252807617188e-01
-2.988655865192413330e-01
-2.995691597461700439e-01
-2.969805300235748291e-01
-2.971852421760559082e-01
-2.990179359912872314e-01
-2.993583679199218750e-01
-2.989637255668640137e-01
-2.982861101627349854e-01
-2.969463467597961426e-01
-2.982739806175231934e-01
-2.988395392894744873e-01
-2.996699810028076172e-01
-3.006000220775604248e-01
-3.000170290470123291e-01
-2.980435788631439209e-01
-3.001344501972198486e-01
-2.984507381916046143e-01
-3.008525967597961426e-01
-2.971145510673522949e-01
-2.984722852706909180e-01
-2.993300855159759521e-01
-3.009153008460998535e-01
-3.016848862171173096e-01
-3.026622831821441650e-01
-2.998887896537780762e-01
-3.004262149333953857e-01
-3.010197877883911133e-01
-3.006022274494171143e-01
-2.995975315570831299e-01
-3.009409308433532715e-01
-3.002683222293853760e-01
-2.998336255550384521e-01
-2.986585199832916260e-01
-2.998406887054443359e-01
-3.012627065181732178e-01
-3.025502860546112061e-01
-3.008946776390075684e-01
-2.997142672538757324e-01
-2.995019555091857910e-01
-3.023440539836883545e-01
-2.998820841312408447e-01
-2.995284199714660645e-01
-3.007206916809082031e-01
-3.019645512104034424e-01
-3.012322187423706055e-01
-3.000003099441528320e-01
-3.019413053989410400e-01
-2.990109920501708984e-01
-2.999290227890014648e-01
-3.006960749626159668e-01
-3.030028343200683594e-01
-3.008637726306915283e-01
-3.024628758430480957e-01
-3.002934455871582031e-01
-3.000416755676269531e-01
-3.024730384349822998e-01
-3.017999231815338135e-01
-3.009892702102661133e-01
-3.024735152721405029e-01
-3.014008700847625732e-01
-3.026415705680847168e-01
-3.013708889484405518e-01
-3.012248575687408447e-01
-3.017203509807586670e-01
-3.009167909622192383e-01
-3.018260598182678223e-01
-3.028665184974670410e-01
-3.029850125312805176e-01
-3.045693933963775635e-01
-3.007288873195648193e-01
-3.023877739906311035e-01
-3.035859465599060059e-01
-3.023851215839385986e-01
-3.024218082427978516e-01
-3.039219081401824951e-01
-3.009974956512451172e-01
-3.026392757892608643e-01
-3.045792579650878906e-01
-3.056029677391052246e-01
-3.037856519222259521e-01
-3.033764958381652832e-01
-3.081515431404113770e-01
-3.054800927639007568e-01
-3.061289787292480469e-01
-3.063609302043914795e-01
-3.045392930507659912e-01
-3.050434291362762451e-01
-3.049971759319305420e-01
-3.046187758445739746e-01
-3.048998415470123291e-01
-3.042017817497253418e-01
-3.051304221153259277e-01
-3.058408200740814209e-01
-3.045064806938171387e-01
-3.055028915405273438e-01
-3.045417964458465576e-01
-3.058579564094543457e-01
-3.067497313022613525e-01
-3.051269352436065674e-01
-3.058951199054718018e-01
-3.064869344234466553e-01
-3.050526678562164307e-01
-3.053508698940277100e-01
-3.072580993175506592e-01
-3.054492771625518799e-01
-3.071529567241668701e-01
-3.087488114833831787e-01
-3.103195726871490479e-01
-3.078412711620330811e-01
-3.082738518714904785e-01
-3.072694838047027588e-01
-3.094719052314758301e-01
-3.080474734306335449e-01
-3.082989454269409180e-01
-3.069110214710235596e-01
-3.071013987064361572e-01
-3.068132996559143066e-01
-3.077670931816101074e-01
-3.088045120239257812e-01
-3.080302476882934570e-01
-3.073078095912933350e-01
-3.103473484516143799e-01
-3.080349266529083252e-01
-3.076215982437133789e-01
-3.097310364246368408e-01
-3.071605265140533447e-01
-3.083971738815307617e-01
-3.107023239135742188e-01
-3.077382743358612061e-01
-3.080283403396606445e-01
-3.089919388294219971e-01
-3.107320666313171387e-01
-3.103209733963012695e-01
-3.085179328918457031e-01
-3.069965839385986328e-01
-3.032206892967224121e-01
-3.070604801177978516e-01
-3.099698424339294434e-01
-3.096702396869659424e-01
-3.108848333358764648e-01
-3.066107034683227539e-01
-3.099869489669799805e-01
-3.079770505428314209e-01
-3.097944855690002441e-01
-3.120562136173248291e-01
-3.091868758201599121e-01
-3.073741197586059570e-01
-3.101184666156768799e-01
-3.082166612148284912e-01
-3.106206357479095459e-01
-3.103041946887969971e-01
-3.109423816204071045e-01
-3.105184435844421387e-01
-3.116241395473480225e-01
-3.123233616352081299e-01
-3.118444383144378662e-01
-3.110311627388000488e-01
-3.123272061347961426e-01
-3.119790852069854736e-01
-3.109687566757202148e-01
-3.108355998992919922e-01
-3.116738200187683105e-01
-3.132393062114715576e-01
-3.112487494945526123e-01
-3.109207451343536377e-01
-3.114186823368072510e-01
-3.117918372154235840e-01
-3.132357299327850342e-01
-3.124597072601318359e-01
-3.141757845878601074e-01
-3.141632676124572754e-01
-3.110035955905914307e-01
-3.121171891689300537e-01
-3.118263483047485352e-01
-3.135858476161956787e-01
-3.129013180732727051e-01
-3.123899400234222412e-01
-3.106951415538787842e-01
-3.140988051891326904e-01
-3.127515912055969238e-01
-3.124846220016479492e-01
-3.117589950561523438e-01
-3.132102191448211670e-01
-3.136608004570007324e-01
-3.131206035614013672e-01
-3.145991265773773193e-01
-3.144258558750152588e-01
-3.120689690113067627e-01
-3.133270144462585449e-01
-3.131509423255920410e-01
-3.142134845256805420e-01
-3.132736682891845703e-01
-3.133186399936676025e-01
-3.136664628982543945e-01
-3.147011101245880127e-01
-3.123707771301269531e-01
-3.148429393768310547e-01
-3.140561580657958984e-01
-3.132541179656982422e-01
-3.151496648788452148e-01
-3.142778873443603516e-01
-3.144910037517547607e-01
-3.145929872989654541e-01
-3.155583739280700684e-01
-3.141727745532989502e-01
-3.132838606834411621e-01
-3.146344721317291260e-01
-3.155715465545654297e-01
-3.150488138198852539e-01
-3.132772147655487061e-01
-3.135260641574859619e-01
-3.141137063503265381e-01
-3.140324354171752930e-01
-3.149948418140411377e-01
-3.151592016220092773e-01
-3.152737617492675781e-01
-3.149767518043518066e-01
-3.154816329479217529e-01
-3.156740069389343262e-01
-3.140618205070495605e-01
-3.158684074878692627e-01
-3.162093460559844971e-01
-3.159437775611877441e-01
-3.140633404254913330e-01
-3.161539137363433838e-01
-3.153137862682342529e-01
-3.158802986145019531e-01
-3.131787180900573730e-01
-3.152019679546356201e-01
-3.161984086036682129e-01
-3.144754469394683838e-01
-3.160574436187744141e-01
-3.148087859153747559e-01
-3.138324618339538574e-01
-3.146992027759552002e-01
-3.160535693168640137e-01
-3.154202997684478760e-01
-3.147046566009521484e-01
-3.150926232337951660e-01
-3.145186305046081543e-01
-3.158699274063110352e-01
-3.155048489570617676e-01
-3.155232667922973633e-01
-3.152450025081634521e-01
-3.164545297622680664e-01
-3.144622743129730225e-01
-3.179738819599151611e-01
-3.167743384838104248e-01
-3.149653971195220947e-01
-3.145292401313781738e-01
-3.160144984722137451e-01
-3.162516653537750244e-01
-3.144004642963409424e-01
-3.139214813709259033e-01
-3.151895105838775635e-01
-3.162524998188018799e-01
-3.158549070358276367e-01
-3.161152303218841553e-01
-3.164966404438018799e-01
-3.159535527229309082e-01
-3.137873709201812744e-01
-3.160779476165771484e-01
-3.171244859695434570e-01
-3.163935542106628418e-01
-3.153617680072784424e-01
-3.155210018157958984e-01
-3.145127594470977783e-01
-3.142410218715667725e-01
-3.152118623256683350e-01
-3.152050077915191650e-01
-3.148328363895416260e-01
-3.147397637367248535e-01
-3.157923519611358643e-01
-3.154172897338867188e-01
-3.139408528804779053e-01
-3.157815635204315186e-01
-3.159512877464294434e-01
-3.158229887485504150e-01
-3.161776959896087646e-01
-3.151355087757110596e-01
-3.169019222259521484e-01
-3.156267106533050537e-01
-3.148716390132904053e-01
-3.160243630409240723e-01
-3.179236650466918945e-01
-3.173889815807342529e-01
-3.163609802722930908e-01
-3.160146474838256836e-01
-3.148923218250274658e-01
-3.160229027271270752e-01
-3.169448971748352051e-01
-3.167943656444549561e-01
-3.165643215179443359e-01
-3.173990249633789062e-01
-3.164411485195159912e-01
-3.164295852184295654e-01
-3.161021769046783447e-01
-3.170043826103210449e-01
-3.153577744960784912e-01
-3.163888454437255859e-01
-3.171669840812683105e-01
-3.175150156021118164e-01
-3.172274827957153320e-01
-3.177343606948852539e-01
-3.166795074939727783e-01
-3.148458898067474365e-01
-3.172304630279541016e-01
-3.174273669719696045e-01
-3.139457702636718750e-01
-3.164755105972290039e-01
-3.156497776508331299e-01
-3.160648643970489502e-01
-3.163276016712188721e-01
-3.157249987125396729e-01
-3.174980878829956055e-01
-3.170190453529357910e-01
-3.165012598037719727e-01
-3.166246414184570312e-01
-3.166452646255493164e-01
-3.170023858547210693e-01
-3.178720772266387939e-01
-3.184446096420288086e-01
-3.182865679264068604e-01
-3.159230351448059082e-01
-3.179598450660705566e-01
-3.179806172847747803e-01
-3.171264231204986572e-01
-3.159122169017791748e-01
-3.145519495010375977e-01
-3.160549998283386230e-01
-3.184657990932464600e-01
-3.166138827800750732e-01
-3.174818754196166992e-01
-3.156702518463134766e-01
-3.169627487659454346e-01
-3.167290091514587402e-01
-3.171063959598541260e-01
-3.187427222728729248e-01
-3.180205821990966797e-01
-3.168887495994567871e-01
-3.179177343845367432e-01
-3.162777125835418701e-01
-3.171768784523010254e-01
-3.173626661300659180e-01
-3.168503344058990479e-01
-3.181166052818298340e-01
-3.158558905124664307e-01
-3.170134425163269043e-01
-3.182963132858276367e-01
-3.177630007266998291e-01
-3.164671063423156738e-01
-3.165814280509948730e-01
-3.161129057407379150e-01
-3.177471756935119629e-01
-3.182841241359710693e-01
-3.171535730361938477e-01
-3.175233602523803711e-01
-3.173556029796600342e-01
-3.176958262920379639e-01
-3.182891309261322021e-01
