-4.382315576076507568e-01
-4.400773942470550537e-01
-4.415743947029113770e-01
-4.415225088596343994e-01
-4.442270100116729736e-01
-4.357531666755676270e-01
-4.419166445732116699e-01
-4.420356154441833496e-01
-4.454450905323028564e-01
-4.429425001144409180e-01
-4.435119032859802246e-01
-4.442571997642517090e-01
-4.419800937175750732e-01
-4.498933851718902588e-01
-4.473064839839935303e-01
-4.478442370891571045e-01
-4.495390951633453369e-01
-4.489163160324096680e-01
-4.469347894191741943e-01
-4.492916762828826904e-01
-4.464699625968933105e-01
-4.490804374217987061e-01
-4.477970004081726074e-01
-4.468657374382019043e-01
-4.489514231681823730e-01
-4.459856450557708740e-01
-4.479697942733764648e-01
-4.447591602802276611e-01
-4.515243768692016602e-01
-4.461569190025329590e-01
-4.515480995178222656e-01
-4.492787420749664307e-01
-4.477054178714752197e-01
-4.486001133918762207e-01
-4.509961009025573730e-01
-4.488272964954376221e-01
-4.433196485042572021e-01
-4.457894861698150635e-01
-4.464733004570007324e-01
-4.475031197071075439e-01
-4.456204473972320557e-01
-4.405025541782379150e-01
-4.462405443191528320e-01
-4.488537609577178955e-01
-4.457656145095825195e-01
-4.478114545345306396e-01
-4.529669284820556641e-01
-4.495255053043365479e-01
-4.466670453548431396e-01
-4.492429792881011963e-01
-4.458497166633605957e-01
-4.449697732925415039e-01
-4.464628398418426514e-01
-4.402720630168914795e-01
-4.464491605758666992e-01
-4.498115777969360352e-01
-4.458394944667816162e-01
-4.495801329612731934e-01
-4.476284682750701904e-01
-4.433633685111999512e-01
-4.478555917739868164e-01
-4.453392922878265381e-01
-4.419420063495635986e-01
-4.456745088100433350e-01
-4.501093029975891113e-01
-4.445818364620208740e-01
-4.472869038581848145e-01
-4.484332203865051270e-01
-4.455939233303070068e-01
-4.498615562915802002e-01
-4.406705796718597412e-01
-4.486048817634582520e-01
-4.492450654506683350e-01
-4.477750360965728760e-01
-4.438517093658447266e-01
-4.499748945236206055e-01
-4.423569738864898682e-01
-4.489698112010955811e-01
-4.458021223545074463e-01
-4.496193826198577881e-01
-4.455589056015014648e-01
-4.456348121166229248e-01
-4.472191333770751953e-01
-4.327236115932464600e-01
-4.473631680011749268e-01
-4.454568624496459961e-01
-4.496271610260009766e-01
-4.467580616474151611e-01
-4.475477933883666992e-01
-4.491379857063293457e-01
-4.475106298923492432e-01
-4.451477527618408203e-01
-4.472351968288421631e-01
-4.457755386829376221e-01
-4.496089518070220947e-01
-4.451736211776733398e-01
-4.430355131626129150e-01
-4.461680650711059570e-01
-4.446639418601989746e-01
-4.490142762660980225e-01
-4.500766396522521973e-01
-4.470469057559967041e-01
-4.462539851665496826e-01
-4.461867511272430420e-01
-4.478980600833892822e-01
-4.459804594516754150e-01
-4.449887871742248535e-01
-4.480018913745880127e-01
-4.469782710075378418e-01
-4.477817118167877197e-01
-4.445322155952453613e-01
-4.461680352687835693e-01
-4.477087259292602539e-01
-4.335761070251464844e-01
-4.454033374786376953e-01
-4.449825584888458252e-01
-4.478246569633483887e-01
-4.507530331611633301e-01
-4.472256600856781006e-01
-4.501113295555114746e-01
-4.457311928272247314e-01
-4.471923708915710449e-01
-4.456945061683654785e-01
-4.432765841484069824e-01
-4.502266943454742432e-01
-4.485375881195068359e-01
-4.457504749298095703e-01
-4.538604617118835449e-01
-4.496890902519226074e-01
-4.458613395690917969e-01
-4.453745782375335693e-01
-4.456010162830352783e-01
-4.461869895458221436e-01
-4.466500282287597656e-01
-4.490759968757629395e-01
-4.440771341323852539e-01
-4.442139267921447754e-01
-4.507081210613250732e-01
-4.439248144626617432e-01
-4.424625039100646973e-01
-4.449628889560699463e-01
-4.471590220928192139e-01
-4.439364671707153320e-01
-4.508163928985595703e-01
-4.459170401096343994e-01
-4.038722217082977295e-01
-4.480031132698059082e-01
-4.490650594234466553e-01
-4.482552111148834229e-01
-4.482171535491943359e-01
-4.462149739265441895e-01
-4.479735791683197021e-01
-4.490480124950408936e-01
-4.436591863632202148e-01
-4.475662410259246826e-01
-4.521289169788360596e-01
-4.478187263011932373e-01
-4.486407637596130371e-01
-4.497269690036773682e-01
-4.464502334594726562e-01
-4.436777830123901367e-01
-4.459500312805175781e-01
-4.336464107036590576e-01
-4.218298792839050293e-01
-4.256440997123718262e-01
-4.342154562473297119e-01
-4.415303766727447510e-01
-4.457227289676666260e-01
-4.385186433792114258e-01
-4.420965313911437988e-01
-4.405855238437652588e-01
-4.237414300441741943e-01
-4.410507082939147949e-01
-4.465871453285217285e-01
-4.527568221092224121e-01
-4.460432231426239014e-01
-4.486472010612487793e-01
-4.428197741508483887e-01
-4.461427628993988037e-01
-4.482058882713317871e-01
-4.487240612506866455e-01
-4.478029906749725342e-01
-4.468584954738616943e-01
-4.409234225749969482e-01
-4.451481401920318604e-01
-4.471495449542999268e-01
-4.487353563308715820e-01
-4.483736455440521240e-01
-4.463824331760406494e-01
-4.460036754608154297e-01
-4.476688802242279053e-01
-4.150741100311279297e-01
-4.429343342781066895e-01
-4.475866258144378662e-01
-4.453570246696472168e-01
-4.478049278259277344e-01
-4.477837383747100830e-01
-4.488275349140167236e-01
-4.456992447376251221e-01
-4.443696737289428711e-01
-4.450106322765350342e-01
-4.453911185264587402e-01
-4.472399950027465820e-01
-4.469669163227081299e-01
-4.448641538619995117e-01
-4.504221677780151367e-01
-4.458931386470794678e-01
-4.383910894393920898e-01
-4.517420232295989990e-01
-4.499610066413879395e-01
-4.456833004951477051e-01
-4.499306678771972656e-01
-4.403115808963775635e-01
-4.483925104141235352e-01
-4.485197663307189941e-01
-4.498627483844757080e-01
-4.489166736602783203e-01
-4.474897980690002441e-01
-4.486391544342041016e-01
-4.501469135284423828e-01
-4.469654858112335205e-01
-4.464212059974670410e-01
-4.487588405609130859e-01
-4.475521445274353027e-01
-4.479576349258422852e-01
-4.493493735790252686e-01
-4.463245272636413574e-01
-4.482007622718811035e-01
-4.514971375465393066e-01
-4.461359977722167969e-01
-4.478360712528228760e-01
-4.498902559280395508e-01
-4.467728734016418457e-01
-4.516347646713256836e-01
-4.497349560260772705e-01
-4.485419988632202148e-01
-4.470335841178894043e-01
-4.503023028373718262e-01
-4.479367434978485107e-01
-4.471486210823059082e-01
-4.486096203327178955e-01
-4.472272098064422607e-01
-4.477258324623107910e-01
-4.444407522678375244e-01
-4.498148858547210693e-01
-4.473369717597961426e-01
-4.482863843441009521e-01
-4.531527757644653320e-01
-4.502260386943817139e-01
-4.493262469768524170e-01
-4.490581750869750977e-01
-4.481975734233856201e-01
-4.451901316642761230e-01
-4.479640126228332520e-01
-4.488020539283752441e-01
-4.344024062156677246e-01
-4.455997943878173828e-01
-4.482761919498443604e-01
-4.491526782512664795e-01
-4.488527476787567139e-01
-4.440909326076507568e-01
-4.481444656848907471e-01
-4.525052011013031006e-01
-4.464044868946075439e-01
-4.491899311542510986e-01
-4.361837208271026611e-01
-4.497362673282623291e-01
-4.477658271789550781e-01
-4.499221742153167725e-01
-4.474541544914245605e-01
-4.481079578399658203e-01
-4.476774930953979492e-01
-4.497297406196594238e-01
-4.484211802482604980e-01
-4.490705430507659912e-01
-4.508392810821533203e-01
-4.455781280994415283e-01
-4.500845372676849365e-01
-4.481608271598815918e-01
-4.575502276420593262e-01
-4.478106200695037842e-01
-4.485487043857574463e-01
-4.458287954330444336e-01
-4.469174444675445557e-01
-4.500928223133087158e-01
-4.484103918075561523e-01
-4.449537098407745361e-01
-4.433221518993377686e-01
-4.447346031665802002e-01
-4.426447749137878418e-01
-4.470424056053161621e-01
-4.478530883789062500e-01
-4.480274617671966553e-01
-4.482970237731933594e-01
-4.486721456050872803e-01
-3.582744002342224121e-01
-4.486859440803527832e-01
-4.485353529453277588e-01
-4.484639167785644531e-01
-4.463738501071929932e-01
-4.504138231277465820e-01
-4.472131431102752686e-01
-4.494213163852691650e-01
-4.465094506740570068e-01
-4.496663212776184082e-01
-4.469578266143798828e-01
-4.483545124530792236e-01
-4.451306164264678955e-01
-4.488813281059265137e-01
-4.482762515544891357e-01
-4.482063353061676025e-01
-4.445610940456390381e-01
-4.460883736610412598e-01
-4.492201507091522217e-01
-4.477866291999816895e-01
-4.496469497680664062e-01
-4.432802200317382812e-01
-4.504226744174957275e-01
-4.489964246749877930e-01
-4.464314877986907959e-01
-4.478345811367034912e-01
-4.482000172138214111e-01
-4.512136876583099365e-01
-4.466111958026885986e-01
-4.488523304462432861e-01
-4.478735923767089844e-01
-4.471430778503417969e-01
-4.137395024299621582e-01
-4.268341064453125000e-01
-4.381435513496398926e-01
-4.358012080192565918e-01
-4.400064051151275635e-01
-4.317879378795623779e-01
-4.382153451442718506e-01
-4.437573850154876709e-01
-4.411303997039794922e-01
-4.441232085227966309e-01
-4.421315789222717285e-01
-4.450649917125701904e-01
-4.461380541324615479e-01
-4.408842921257019043e-01
-4.504969418048858643e-01
-4.466461539268493652e-01
-4.441618621349334717e-01
-4.471793472766876221e-01
-4.432291090488433838e-01
-4.447394907474517822e-01
-4.468136131763458252e-01
-4.475729167461395264e-01
-4.470972418785095215e-01
-4.489613771438598633e-01
-4.475994408130645752e-01
-4.501026570796966553e-01
-4.490149021148681641e-01
-4.468159973621368408e-01
-4.468448758125305176e-01
-4.503822624683380127e-01
-4.519245624542236328e-01
-4.477660059928894043e-01
-4.489370286464691162e-01
-4.489060044288635254e-01
-4.484992027282714844e-01
-4.491626024246215820e-01
-4.502121508121490479e-01
-4.499695003032684326e-01
-4.485090374946594238e-01
-4.491474628448486328e-01
-4.476778507232666016e-01
-4.491474926471710205e-01
-4.475996196269989014e-01
-4.485005438327789307e-01
-4.505415558815002441e-01
-4.491526484489440918e-01
-4.492980241775512695e-01
-4.455913603305816650e-01
-4.469659924507141113e-01
-4.501632452011108398e-01
-4.475453495979309082e-01
-4.487831890583038330e-01
-4.474814534187316895e-01
-4.530339539051055908e-01
-4.494709074497222900e-01
-4.494910240173339844e-01
-4.507629871368408203e-01
-4.515513777732849121e-01
-4.486203491687774658e-01
-4.471453130245208740e-01
-4.509746134281158447e-01
-4.487611055374145508e-01
-4.504698514938354492e-01
-4.475991129875183105e-01
-4.479961693286895752e-01
-4.471853077411651611e-01
-4.492809474468231201e-01
-4.513152539730072021e-01
-4.475843608379364014e-01
-4.477012455463409424e-01
-4.527301192283630371e-01
-4.518665671348571777e-01
-4.473004043102264404e-01
-4.486480355262756348e-01
-4.487584829330444336e-01
-4.497111141681671143e-01
-4.494664967060089111e-01
-4.495306015014648438e-01
-4.500342309474945068e-01
-4.487840235233306885e-01
-4.465123414993286133e-01
-4.460562765598297119e-01
-4.514847397804260254e-01
-4.477399587631225586e-01
-4.484905004501342773e-01
-4.510568976402282715e-01
-4.505081772804260254e-01
-4.511118233203887939e-01
-4.518962800502777100e-01
-4.499566555023193359e-01
-4.485251903533935547e-01
-4.487012624740600586e-01
-4.459930360317230225e-01
-4.520839154720306396e-01
-4.490136504173278809e-01
-4.493949115276336670e-01
-4.491188824176788330e-01
-4.466019868850708008e-01
-4.449608027935028076e-01
-4.488571286201477051e-01
-4.502819478511810303e-01
-4.518604874610900879e-01
-4.516358077526092529e-01
-4.508368968963623047e-01
-4.472949206829071045e-01
-4.526213705539703369e-01
-4.461801052093505859e-01
-4.486604034900665283e-01
-4.535907506942749023e-01
-4.502940773963928223e-01
-4.469453096389770508e-01
-4.482524394989013672e-01
-4.502252340316772461e-01
-4.480759203433990479e-01
-4.493577480316162109e-01
-4.470906257629394531e-01
-4.523151814937591553e-01
-4.486042261123657227e-01
-4.470697641372680664e-01
-4.492643773555755615e-01
-4.502468407154083252e-01
-4.519888162612915039e-01
-4.505435228347778320e-01
-4.474480450153350830e-01
-4.493974745273590088e-01
-4.133375883102416992e-01
-4.335557818412780762e-01
-4.397649466991424561e-01
-4.346004426479339600e-01
-4.430610239505767822e-01
-4.477998912334442139e-01
-4.432007372379302979e-01
-4.381654262542724609e-01
-4.426694214344024658e-01
-4.192749559879302979e-01
-4.148398935794830322e-01
-4.273847043514251709e-01
-4.386276900768280029e-01
-4.409815371036529541e-01
-4.406317770481109619e-01
-4.295524954795837402e-01
-3.573620617389678955e-01
-3.982526063919067383e-01
-4.018248319625854492e-01
-4.100238084793090820e-01
-4.068271219730377197e-01
-4.242039322853088379e-01
-4.169163107872009277e-01
-4.221284687519073486e-01
-4.098665118217468262e-01
-4.243148863315582275e-01
-4.139772355556488037e-01
-4.087387323379516602e-01
-4.192045032978057861e-01
-4.027587771415710449e-01
-4.181888401508331299e-01
-4.114883840084075928e-01
-4.249216914176940918e-01
-4.135944247245788574e-01
-3.994598984718322754e-01
-4.229083657264709473e-01
-4.205029904842376709e-01
-4.211393296718597412e-01
-4.306759834289550781e-01
-4.188542962074279785e-01
-4.232255518436431885e-01
-4.201180338859558105e-01
-4.332967102527618408e-01
-4.260571300983428955e-01
-4.104297459125518799e-01
-4.349879622459411621e-01
-4.309210181236267090e-01
-4.319632649421691895e-01
-4.279866516590118408e-01
-4.259975850582122803e-01
-4.338828921318054199e-01
-4.318965077400207520e-01
-4.256926774978637695e-01
-4.255584478378295898e-01
-4.277507662773132324e-01
-4.323598146438598633e-01
-4.297699332237243652e-01
-4.338184893131256104e-01
-4.355876445770263672e-01
-4.307282269001007080e-01
-4.226169288158416748e-01
-4.359055161476135254e-01
-4.380852878093719482e-01
-4.293176233768463135e-01
-4.301722049713134766e-01
-4.261602163314819336e-01
-4.314822256565093994e-01
-4.327549040317535400e-01
-4.242334663867950439e-01
-4.358334243297576904e-01
-4.339450597763061523e-01
-4.279852211475372314e-01
-4.311105310916900635e-01
-4.258668720722198486e-01
-4.285471737384796143e-01
-4.378693103790283203e-01
-4.280398488044738770e-01
-4.356160759925842285e-01
-4.328035116195678711e-01
-4.304820597171783447e-01
-4.325639903545379639e-01
-4.331225752830505371e-01
-4.222801625728607178e-01
-4.320096969604492188e-01
-4.307259321212768555e-01
-4.297161996364593506e-01
-4.335606396198272705e-01
-4.371515512466430664e-01
-4.368174970149993896e-01
-4.348071217536926270e-01
-4.431821107864379883e-01
-4.344276189804077148e-01
-4.373944401741027832e-01
-4.357105195522308350e-01
-4.378571510314941406e-01
-4.288044571876525879e-01
-4.445582032203674316e-01
-4.205246567726135254e-01
-4.250533878803253174e-01
-4.281377494335174561e-01
-4.272695779800415039e-01
-4.227425158023834229e-01
-4.218566417694091797e-01
-4.271260499954223633e-01
-4.195873141288757324e-01
-4.288231432437896729e-01
-4.344726502895355225e-01
-4.266638755798339844e-01
-4.364652335643768311e-01
-4.317342638969421387e-01
-4.350105226039886475e-01
-4.318940341472625732e-01
-4.359056055545806885e-01
-4.336201250553131104e-01
-4.346136450767517090e-01
-4.292402863502502441e-01
-4.293817281723022461e-01
-4.111738801002502441e-01
-4.312250316143035889e-01
-4.381135106086730957e-01
-4.327553212642669678e-01
-4.203455746173858643e-01
-3.938581049442291260e-01
-4.122390449047088623e-01
-4.283539354801177979e-01
-4.331443905830383301e-01
-4.311477243900299072e-01
-4.232207238674163818e-01
-4.349241256713867188e-01
-4.413530230522155762e-01
-4.378215372562408447e-01
-4.406545758247375488e-01
-4.366686940193176270e-01
-4.379942417144775391e-01
-4.420192837715148926e-01
-4.297518730163574219e-01
-4.366844594478607178e-01
-4.342713356018066406e-01
-4.438801407814025879e-01
-4.367965161800384521e-01
-4.399826824665069580e-01
-4.441065788269042969e-01
-4.439077675342559814e-01
-4.424400627613067627e-01
-4.351166784763336182e-01
-4.433572888374328613e-01
-4.440219998359680176e-01
-4.387620091438293457e-01
-4.460850656032562256e-01
-4.455469250679016113e-01
-4.322519600391387939e-01
-4.389354288578033447e-01
-4.467067122459411621e-01
-4.465028643608093262e-01
-4.422179758548736572e-01
-4.443195164203643799e-01
-4.438430964946746826e-01
-4.397505819797515869e-01
-4.387883841991424561e-01
-4.341274499893188477e-01
-4.355908930301666260e-01
-4.385509788990020752e-01
-4.419376850128173828e-01
-4.451783299446105957e-01
-4.425128102302551270e-01
-4.441150426864624023e-01
-4.462039172649383545e-01
-4.451583921909332275e-01
-4.410425424575805664e-01
-4.433669745922088623e-01
-4.418032765388488770e-01
-4.419524371623992920e-01
-4.414086937904357910e-01
-4.499965906143188477e-01
-4.445745348930358887e-01
-4.415608644485473633e-01
-4.474781751632690430e-01
-4.479704201221466064e-01
-4.422442615032196045e-01
-4.385259449481964111e-01
-4.458438158035278320e-01
-4.475869834423065186e-01
-4.415625631809234619e-01
-4.491891562938690186e-01
-4.473739862442016602e-01
-4.421050548553466797e-01
-4.449030160903930664e-01
-4.445529580116271973e-01
-4.413925707340240479e-01
-4.427368044853210449e-01
-4.462365508079528809e-01
-4.430135488510131836e-01
-4.476150572299957275e-01
-4.452953636646270752e-01
-4.486570060253143311e-01
-4.499387741088867188e-01
-4.409171938896179199e-01
-4.434473812580108643e-01
-4.478102326393127441e-01
-4.458133578300476074e-01
-4.488057196140289307e-01
-4.479528367519378662e-01
-4.455484747886657715e-01
-4.484302997589111328e-01
-4.475723803043365479e-01
-4.435167610645294189e-01
-4.463307857513427734e-01
-4.470503330230712891e-01
-4.443817734718322754e-01
-4.485864043235778809e-01
-4.460463225841522217e-01
-4.481748044490814209e-01
-4.480618238449096680e-01
-4.476297199726104736e-01
-4.449399709701538086e-01
-4.478234350681304932e-01
-4.461903274059295654e-01
-4.455936849117279053e-01
-4.474689960479736328e-01
-4.483502805233001709e-01
-4.471082389354705811e-01
-4.496221542358398438e-01
-4.476893246173858643e-01
-4.462477564811706543e-01
-4.451985955238342285e-01
-4.461824595928192139e-01
-4.504174292087554932e-01
-4.495739638805389404e-01
-4.426091611385345459e-01
-4.498779177665710449e-01
-4.505693018436431885e-01
-4.472061097621917725e-01
-4.484426975250244141e-01
-4.462128579616546631e-01
-4.486416578292846680e-01
-4.481018185615539551e-01
-4.476732909679412842e-01
-4.446731209754943848e-01
-4.482842981815338135e-01
-4.501016139984130859e-01
-4.530214369297027588e-01
-4.462511539459228516e-01
-4.471852481365203857e-01
-4.482318758964538574e-01
-4.458772540092468262e-01
-4.498890936374664307e-01
-4.478034377098083496e-01
-4.466943442821502686e-01
-4.471241235733032227e-01
-4.471948146820068359e-01
-4.461016356945037842e-01
-4.472319483757019043e-01
-4.463109076023101807e-01
-4.488516151905059814e-01
-4.463399052619934082e-01
-4.478436410427093506e-01
-4.472844600677490234e-01
-4.455610215663909912e-01
-4.460291862487792969e-01
-4.493137598037719727e-01
-4.478216469287872314e-01
-4.459621310234069824e-01
-4.455039203166961670e-01
-4.477783143520355225e-01
-4.458794593811035156e-01
-4.475068449974060059e-01
-4.442254602909088135e-01
-4.485489428043365479e-01
-4.494952261447906494e-01
-4.492965042591094971e-01
-4.494051039218902588e-01
-4.473024308681488037e-01
-4.497448205947875977e-01
-4.500847756862640381e-01
-4.526146948337554932e-01
-4.471244812011718750e-01
-4.467067122459411621e-01
-4.488723874092102051e-01
-4.455868005752563477e-01
-4.478814005851745605e-01
-4.486510157585144043e-01
-4.490311145782470703e-01
-4.487062692642211914e-01
-4.490559399127960205e-01
-4.489586651325225830e-01
-4.487961530685424805e-01
-4.497233331203460693e-01
-4.491803646087646484e-01
-4.479379951953887939e-01
-4.480346143245697021e-01
-4.510728120803833008e-01
-4.450702071189880371e-01
-4.461120665073394775e-01
-4.481298029422760010e-01
-4.487897455692291260e-01
-4.467606842517852783e-01
-4.509624838829040527e-01
-4.464269280433654785e-01
-4.493035972118377686e-01
-4.536429345607757568e-01
-4.484133124351501465e-01
-4.496561884880065918e-01
-4.491994678974151611e-01
-4.485709369182586670e-01
-4.468924999237060547e-01
-4.455313980579376221e-01
-4.495571851730346680e-01
-4.458840191364288330e-01
-4.475004374980926514e-01
-4.503098130226135254e-01
-4.492236077785491943e-01
-4.552796483039855957e-01
-4.437730014324188232e-01
-4.496518671512603760e-01
-4.464862644672393799e-01
-4.482150971889495850e-01
-4.472963809967041016e-01
-4.487766027450561523e-01
-4.490536451339721680e-01
-4.505880177021026611e-01
-4.477190077304840088e-01
-4.492046535015106201e-01
-4.467376172542572021e-01
-4.487752318382263184e-01
-4.485737979412078857e-01
-4.468265771865844727e-01
-4.490067660808563232e-01
-4.484291970729827881e-01
-4.494054615497589111e-01
-4.463237226009368896e-01
-4.451841711997985840e-01
-4.515828192234039307e-01
-4.472643435001373291e-01
-4.471409916877746582e-01
-4.467038512229919434e-01
-4.472272396087646484e-01
-4.492017030715942383e-01
-4.478868544101715088e-01
-4.497037231922149658e-01
-4.519270062446594238e-01
-4.488279521465301514e-01
-4.478414356708526611e-01
-4.490199387073516846e-01
-4.499583840370178223e-01
-4.502897858619689941e-01
-4.498884975910186768e-01
-4.508875012397766113e-01
-4.480862915515899658e-01
-4.495698511600494385e-01
-4.492035806179046631e-01
-4.486235678195953369e-01
-4.500085413455963135e-01
-4.510245919227600098e-01
-4.500215947628021240e-01
-4.523972868919372559e-01
-4.475656747817993164e-01
-4.504030346870422363e-01
-4.480175077915191650e-01
-4.465444386005401611e-01
-4.498593807220458984e-01
-4.492229223251342773e-01
-4.453837871551513672e-01
-4.473197162151336670e-01
-4.519350528717041016e-01
-4.491071701049804688e-01
-4.458785951137542725e-01
-4.490561783313751221e-01
-4.469018876552581787e-01
-4.473997354507446289e-01
-4.492711722850799561e-01
-4.484565556049346924e-01
-4.501634240150451660e-01
-4.482859671115875244e-01
-4.464592635631561279e-01
-4.464498162269592285e-01
-4.501843452453613281e-01
-4.468194842338562012e-01
-4.495883882045745850e-01
-4.476835429668426514e-01
-4.479364752769470215e-01
-4.472149014472961426e-01
-4.474731385707855225e-01
-4.434694349765777588e-01
-4.458552300930023193e-01
-4.508755505084991455e-01
-4.451024532318115234e-01
-4.509322941303253174e-01
-4.487861990928649902e-01
-4.501750469207763672e-01
-4.488716423511505127e-01
-4.505691826343536377e-01
-4.491592943668365479e-01
-4.569664299488067627e-01
-4.504323303699493408e-01
-4.487449824810028076e-01
-4.484753310680389404e-01
-4.456851780414581299e-01
-4.476014673709869385e-01
-4.511442780494689941e-01
-4.480028152465820312e-01
-4.485570192337036133e-01
-4.502461552619934082e-01
-4.485203921794891357e-01
-4.523744583129882812e-01
-4.504513740539550781e-01
-4.457267224788665771e-01
-4.493088424205780029e-01
-4.479804635047912598e-01
-4.482431113719940186e-01
-4.489259719848632812e-01
-4.480765163898468018e-01
-4.485892355442047119e-01
-4.485031664371490479e-01
-4.486926198005676270e-01
-4.495086371898651123e-01
-4.471805989742279053e-01
-4.494596421718597412e-01
-4.498296380043029785e-01
-4.464411735534667969e-01
-4.479031860828399658e-01
-4.465668201446533203e-01
-4.501097500324249268e-01
-4.494734406471252441e-01
-4.497646391391754150e-01
-4.495065808296203613e-01
-4.485023319721221924e-01
-4.474305510520935059e-01
-4.501487314701080322e-01
-4.505212604999542236e-01
-4.502156078815460205e-01
-4.465337991714477539e-01
-4.486160278320312500e-01
-4.504608213901519775e-01
-4.514043927192687988e-01
-4.497268497943878174e-01
-4.494189918041229248e-01
-4.468823969364166260e-01
-4.509647786617279053e-01
-4.478787183761596680e-01
-4.503858387470245361e-01
-4.451159834861755371e-01
-4.485712647438049316e-01
-4.495888650417327881e-01
-4.486896097660064697e-01
-4.482740163803100586e-01
-4.502951800823211670e-01
-4.469083845615386963e-01
-4.508203864097595215e-01
-4.494913816452026367e-01
-4.477578699588775635e-01
-4.507906436920166016e-01
-4.497320652008056641e-01
-4.524374306201934814e-01
-4.480552971363067627e-01
-4.425003528594970703e-01
-4.500412046909332275e-01
-4.491801559925079346e-01
-4.449546039104461670e-01
-4.227872788906097412e-01
-4.207325577735900879e-01
-4.224250912666320801e-01
-4.169027209281921387e-01
-4.153148233890533447e-01
-4.208810627460479736e-01
-4.248385727405548096e-01
-4.213221371173858643e-01
-4.140200316905975342e-01
-4.226273000240325928e-01
-4.314937889575958252e-01
-4.312990009784698486e-01
-4.290140867233276367e-01
-4.354832768440246582e-01
-4.261740148067474365e-01
-4.283298254013061523e-01
-4.328686892986297607e-01
-4.348579049110412598e-01
-4.335491955280303955e-01
-4.308702945709228516e-01
-4.295152425765991211e-01
-4.375302791595458984e-01
-4.429041445255279541e-01
-4.380189180374145508e-01
-4.356820881366729736e-01
-4.335038363933563232e-01
-4.355691969394683838e-01
-4.425156712532043457e-01
-4.349458515644073486e-01
-4.379850029945373535e-01
-4.396564960479736328e-01
-4.347068071365356445e-01
-4.338037967681884766e-01
-4.398486912250518799e-01
-4.385201334953308105e-01
-4.395924508571624756e-01
-4.372283220291137695e-01
-4.336762130260467529e-01
-4.436511397361755371e-01
-4.409442245960235596e-01
-4.402504563331604004e-01
-4.398845732212066650e-01
-4.391898810863494873e-01
-4.432041347026824951e-01
-4.345041513442993164e-01
-4.334287643432617188e-01
-4.407646358013153076e-01
-4.420021474361419678e-01
-4.440411031246185303e-01
-4.428207874298095703e-01
-4.398436844348907471e-01
-4.394604563713073730e-01
-4.446221888065338135e-01
-4.407604634761810303e-01
-4.416141211986541748e-01
-4.406360089778900146e-01
-4.405161142349243164e-01
-4.440889954566955566e-01
-4.427098929882049561e-01
-4.454595446586608887e-01
-4.480404257774353027e-01
-4.421471059322357178e-01
-4.393052458763122559e-01
-4.367533624172210693e-01
-4.435561895370483398e-01
-4.395098984241485596e-01
-4.441411793231964111e-01
-4.460678696632385254e-01
-4.410325288772583008e-01
-4.479675889015197754e-01
-4.460446238517761230e-01
-4.421256780624389648e-01
-4.437549710273742676e-01
-4.413698017597198486e-01
-4.380307495594024658e-01
-4.495491981506347656e-01
-4.471648037433624268e-01
-4.452600181102752686e-01
-4.473059177398681641e-01
-4.482829868793487549e-01
-4.410211741924285889e-01
-4.470953047275543213e-01
-4.402199983596801758e-01
-4.474855065345764160e-01
-4.474060535430908203e-01
-4.462089836597442627e-01
-4.499222934246063232e-01
-4.442782104015350342e-01
-4.445377886295318604e-01
-4.471501410007476807e-01
