8.666476011276245117e-01
1.823878437280654907e-01
-1.435527354478836060e-01
-2.461104989051818848e-01
-2.398125678300857544e-01
-2.015868574380874634e-01
-1.707545220851898193e-01
-1.578996479511260986e-01
-1.538503468036651611e-01
-1.601111739873886108e-01
-1.674099415540695190e-01
-1.817365735769271851e-01
-1.943488121032714844e-01
-2.111499756574630737e-01
-2.280513793230056763e-01
-2.427726387977600098e-01
-2.549636960029602051e-01
-2.603555023670196533e-01
-2.647794783115386963e-01
-2.621680200099945068e-01
-2.537219524383544922e-01
-2.502483427524566650e-01
-2.518845200538635254e-01
-2.533440291881561279e-01
-2.584275603294372559e-01
-2.639354467391967773e-01
-2.679903507232666016e-01
-2.700966894626617432e-01
-2.718704938888549805e-01
-2.732917070388793945e-01
-2.680928111076354980e-01
-2.685882449150085449e-01
-2.668643593788146973e-01
-2.669112682342529297e-01
-2.706271409988403320e-01
-2.692364752292633057e-01
-2.732615768909454346e-01
-2.760410010814666748e-01
-2.771805822849273682e-01
-2.759053409099578857e-01
-2.798985540866851807e-01
-2.783741950988769531e-01
-2.774692475795745850e-01
-2.776365876197814941e-01
-2.800768017768859863e-01
-2.831576466560363770e-01
-2.782768309116363525e-01
-2.798292338848114014e-01
-2.800044417381286621e-01
-2.813947498798370361e-01
-2.823205888271331787e-01
-2.823029160499572754e-01
-2.829622328281402588e-01
-2.863722443580627441e-01
-2.859842479228973389e-01
-2.857371866703033447e-01
-2.880743741989135742e-01
-2.901867628097534180e-01
-2.876050472259521484e-01
-2.870849370956420898e-01
-2.881015539169311523e-01
-2.861445844173431396e-01
-2.865106761455535889e-01
-2.888714075088500977e-01
-2.914464473724365234e-01
-2.918909192085266113e-01
-2.888654768466949463e-01
-2.915340065956115723e-01
-2.904050052165985107e-01
-2.901813387870788574e-01
-2.895171046257019043e-01
-2.902293205261230469e-01
-2.911353111267089844e-01
-2.921328246593475342e-01
-2.901491820812225342e-01
-2.912340164184570312e-01
-2.896770536899566650e-01
-2.909785807132720947e-01
-2.910006940364837646e-01
-2.896061539649963379e-01
-2.910898923873901367e-01
-2.922409772872924805e-01
-2.925026118755340576e-01
-2.932429909706115723e-01
-2.908352911472320557e-01
-2.914213836193084717e-01
-2.912288308143615723e-01
-2.919234335422515869e-01
-2.915171682834625244e-01
-2.915056347846984863e-01
-2.897412776947021484e-01
-2.915692627429962158e-01
-2.949124276638031006e-01
-2.923758625984191895e-01
-2.935972809791564941e-01
-2.928064465522766113e-01
-2.928811609745025635e-01
-2.905425429344177246e-01
-2.921394109725952148e-01
-2.925558984279632568e-01
-2.927199006080627441e-01
-2.931584119796752930e-01
-2.926697731018066406e-01
-2.929851114749908447e-01
-2.923750579357147217e-01
-2.914176285266876221e-01
-2.919738292694091797e-01
-2.917415797710418701e-01
-2.933238148689270020e-01
-2.927251458168029785e-01
-2.913682162761688232e-01
-2.914798557758331299e-01
-2.899867594242095947e-01
-2.950102686882019043e-01
-2.924841940402984619e-01
-2.938394844532012939e-01
-2.933928668498992920e-01
-2.931237220764160156e-01
-2.935029268264770508e-01
-2.959647178649902344e-01
-2.947266697883605957e-01
-2.932332754135131836e-01
-2.912376224994659424e-01
-2.942294478416442871e-01
-2.927801609039306641e-01
-2.940863668918609619e-01
-2.932788133621215820e-01
-2.947455942630767822e-01
-2.931418716907501221e-01
-2.924076318740844727e-01
-2.925882637500762939e-01
-2.954923212528228760e-01
-2.924498915672302246e-01
-2.909409105777740479e-01
-2.933562695980072021e-01
-2.935225367546081543e-01
-2.949989736080169678e-01
-2.928152978420257568e-01
-2.927732765674591064e-01
-2.924203872680664062e-01
-2.930681407451629639e-01
-2.939827740192413330e-01
-2.947423160076141357e-01
-2.935948073863983154e-01
-2.955729365348815918e-01
-2.932855188846588135e-01
-2.934349775314331055e-01
-2.916926145553588867e-01
-2.947695553302764893e-01
-2.919379174709320068e-01
-2.970313727855682373e-01
-2.939479649066925049e-01
-2.935897111892700195e-01
-2.934487164020538330e-01
-2.934245467185974121e-01
-2.947211265563964844e-01
-2.962451279163360596e-01
-2.953944206237792969e-01
-2.958981990814208984e-01
-2.951454818248748779e-01
-2.940310537815093994e-01
-2.923359572887420654e-01
-2.935546636581420898e-01
-2.952194213867187500e-01
-2.960331141948699951e-01
-2.943851351737976074e-01
-2.955620586872100830e-01
-2.948472797870635986e-01
-2.943248152732849121e-01
-2.925823330879211426e-01
-2.950218617916107178e-01
-2.949618995189666748e-01
-2.949934005737304688e-01
-2.955564558506011963e-01
-2.965175509452819824e-01
-2.951454520225524902e-01
-2.943372726440429688e-01
-2.951049804687500000e-01
-2.944065630435943604e-01
-2.950330972671508789e-01
-2.958966195583343506e-01
-2.949627041816711426e-01
-2.971097528934478760e-01
-2.928384542465209961e-01
-2.966591715812683105e-01
-2.942130267620086670e-01
-2.960288822650909424e-01
-2.956349849700927734e-01
-2.941294610500335693e-01
-2.948752641677856445e-01
-2.974948287010192871e-01
-2.954154908657073975e-01
-2.960309684276580811e-01
-2.963608503341674805e-01
-2.943596541881561279e-01
-2.949514985084533691e-01
-2.981522083282470703e-01
-2.960413694381713867e-01
-2.946431338787078857e-01
-2.963407039642333984e-01
-2.961616814136505127e-01
-2.975430786609649658e-01
-2.967621088027954102e-01
-2.986313104629516602e-01
-2.941834032535552979e-01
-2.955529689788818359e-01
-2.976544797420501709e-01
-2.990252673625946045e-01
-2.973638772964477539e-01
-2.973675727844238281e-01
-2.962732017040252686e-01
-2.957698702812194824e-01
-2.961149215698242188e-01
-2.983248829841613770e-01
-2.991198301315307617e-01
-2.946498394012451172e-01
-2.970120310783386230e-01
-2.969309687614440918e-01
-2.973341047763824463e-01
-2.955477237701416016e-01
-2.986684143543243408e-01
-2.989909946918487549e-01
-2.975131273269653320e-01
-2.945321798324584961e-01
-2.968629896640777588e-01
-2.965332567691802979e-01
-2.962707579135894775e-01
-2.957260012626647949e-01
-2.981941699981689453e-01
-2.996439337730407715e-01
-2.972545027732849121e-01
-2.970961928367614746e-01
-2.961820662021636963e-01
-2.980795204639434814e-01
-2.964026629924774170e-01
-2.994926273822784424e-01
-3.009096086025238037e-01
-2.980079352855682373e-01
-2.970848977565765381e-01
-2.991465330123901367e-01
-2.985408306121826172e-01
-2.998726665973663330e-01
-2.996617555618286133e-01
-3.009094893932342529e-01
-3.000999987125396729e-01
-3.014096021652221680e-01
-2.992598414421081543e-01
-3.008481562137603760e-01
-3.004910349845886230e-01
-2.997277975082397461e-01
-2.987911999225616455e-01
-3.031344413757324219e-01
-3.009273707866668701e-01
-3.016381859779357910e-01
-3.016561865806579590e-01
-3.033305704593658447e-01
-3.025080263614654541e-01
-3.011597096920013428e-01
-3.036858439445495605e-01
-3.019939661026000977e-01
-3.033623099327087402e-01
-3.031665682792663574e-01
-3.030433356761932373e-01
-3.033457696437835693e-01
-3.048819601535797119e-01
-3.036429882049560547e-01
-3.044189214706420898e-01
-3.036344945430755615e-01
-3.050501048564910889e-01
-3.034545779228210449e-01
-3.067555427551269531e-01
-3.059535026550292969e-01
-3.059113025665283203e-01
-3.071624636650085449e-01
-3.086974322795867920e-01
-3.073413372039794922e-01
-3.080641627311706543e-01
-3.098002672195434570e-01
-3.074792027473449707e-01
-3.094525635242462158e-01
-3.096292912960052490e-01
-3.101327419281005859e-01
-3.113430738449096680e-01
-3.136479258537292480e-01
-3.117891252040863037e-01
-3.129118084907531738e-01
-3.139950037002563477e-01
-3.115532696247100830e-01
-3.114077150821685791e-01
-3.126375079154968262e-01
-3.131050467491149902e-01
-3.146667480468750000e-01
-3.139674067497253418e-01
-3.133427798748016357e-01
-3.153171241283416748e-01
-3.142499923706054688e-01
-3.129072189331054688e-01
-3.133202493190765381e-01
-3.148641288280487061e-01
-3.160873353481292725e-01
-3.150006532669067383e-01
-3.157446980476379395e-01
-3.159935772418975830e-01
-3.164118528366088867e-01
-3.154303729534149170e-01
-3.150617778301239014e-01
-3.142640292644500732e-01
-3.145456314086914062e-01
-3.145729899406433105e-01
-3.144362270832061768e-01
-3.143623471260070801e-01
-3.149724602699279785e-01
-3.165969252586364746e-01
-3.157562911510467529e-01
-3.151834011077880859e-01
-3.168671131134033203e-01
-3.170623481273651123e-01
-3.164391219615936279e-01
-3.159569203853607178e-01
-3.180406391620635986e-01
-3.157236278057098389e-01
-3.130429685115814209e-01
-3.131282925605773926e-01
-3.146578967571258545e-01
-3.152089118957519531e-01
-3.158989846706390381e-01
-3.165817260742187500e-01
-3.157640695571899414e-01
-3.144416213035583496e-01
-3.166944980621337891e-01
-3.173164129257202148e-01
-3.159096539020538330e-01
-3.143043220043182373e-01
-3.159029483795166016e-01
-3.164702653884887695e-01
-3.160735070705413818e-01
-3.148910999298095703e-01
-3.150260150432586670e-01
-3.166837692260742188e-01
-3.163098096847534180e-01
-3.170486986637115479e-01
-3.175027966499328613e-01
-3.159203827381134033e-01
-3.149374127388000488e-01
-3.171095252037048340e-01
-3.162558674812316895e-01
-3.173252046108245850e-01
-3.170028924942016602e-01
-3.160371184349060059e-01
-3.155140280723571777e-01
-3.164169192314147949e-01
-3.172061741352081299e-01
-3.152523934841156006e-01
-3.154189288616180420e-01
-3.183733522891998291e-01
-3.171621561050415039e-01
-3.138347864151000977e-01
-3.158789575099945068e-01
-3.168434202671051025e-01
-3.178855478763580322e-01
-3.165685534477233887e-01
-3.151109516620635986e-01
-3.157408833503723145e-01
-3.172728419303894043e-01
-3.160889148712158203e-01
-3.131942152976989746e-01
-3.132252097129821777e-01
-3.154364526271820068e-01
-3.176967203617095947e-01
-3.150239586830139160e-01
-3.144193589687347412e-01
-3.159254193305969238e-01
-3.163199722766876221e-01
-3.162174820899963379e-01
-3.159881532192230225e-01
-3.158026635646820068e-01
-3.176734745502471924e-01
-3.156529068946838379e-01
-3.194749355316162109e-01
-3.173019587993621826e-01
-3.165571391582489014e-01
-3.150364458560943604e-01
-3.177243769168853760e-01
-3.192231953144073486e-01
-3.180946707725524902e-01
-3.184940218925476074e-01
-3.169821798801422119e-01
-3.171179294586181641e-01
-3.188534080982208252e-01
-3.179699480533599854e-01
-3.201015293598175049e-01
-3.185172379016876221e-01
-3.191325664520263672e-01
-3.195116221904754639e-01
-3.195129334926605225e-01
-3.179089725017547607e-01
-3.181576430797576904e-01
-3.191980123519897461e-01
-3.185776472091674805e-01
-3.175767064094543457e-01
-3.184674978256225586e-01
-3.170512020587921143e-01
-3.187046945095062256e-01
-3.192650079727172852e-01
-3.194337785243988037e-01
-3.193637430667877197e-01
-3.165052831172943115e-01
-3.176754117012023926e-01
-3.190802633762359619e-01
-3.184770345687866211e-01
-3.162352740764617920e-01
-3.189067244529724121e-01
-3.178184032440185547e-01
-3.185589611530303955e-01
-3.189700245857238770e-01
-3.180413842201232910e-01
-3.155932724475860596e-01
-3.172968029975891113e-01
-3.193297684192657471e-01
-3.152185678482055664e-01
-3.164414167404174805e-01
-3.166666924953460693e-01
-3.184973001480102539e-01
-3.158026635646820068e-01
-3.141030371189117432e-01
-3.181460201740264893e-01
-3.175661563873291016e-01
-3.152526915073394775e-01
-3.174711167812347412e-01
-3.183313012123107910e-01
-3.191835284233093262e-01
-3.176316618919372559e-01
-3.174783885478973389e-01
-3.164039254188537598e-01
-3.164733946323394775e-01
-3.194630146026611328e-01
-3.156680762767791748e-01
-3.173968493938446045e-01
-3.177345693111419678e-01
-3.175398707389831543e-01
-3.152622878551483154e-01
-3.155262470245361328e-01
-3.187632262706756592e-01
-3.196219205856323242e-01
-3.178223371505737305e-01
-3.200417757034301758e-01
-3.182788789272308350e-01
-3.184182047843933105e-01
-3.182899057865142822e-01
-3.202854990959167480e-01
-3.179174363613128662e-01
-3.192811608314514160e-01
-3.181785047054290771e-01
-3.194394409656524658e-01
-3.183285593986511230e-01
-3.207394480705261230e-01
-3.182110488414764404e-01
-3.199636340141296387e-01
-3.192454874515533447e-01
-3.198983371257781982e-01
-3.199467062950134277e-01
-3.203209042549133301e-01
-3.185982108116149902e-01
-3.192766308784484863e-01
-3.191983997821807861e-01
-3.181558251380920410e-01
-3.198518157005310059e-01
-3.199754953384399414e-01
-3.205239176750183105e-01
-3.185973465442657471e-01
-3.194098472595214844e-01
-3.183620870113372803e-01
-3.187955021858215332e-01
-3.177546858787536621e-01
-3.180186748504638672e-01
-3.199965953826904297e-01
-3.189807832241058350e-01
-3.173733353614807129e-01
-3.188424408435821533e-01
-3.182381093502044678e-01
-3.189425170421600342e-01
-3.198176324367523193e-01
-3.188461065292358398e-01
-3.194097876548767090e-01
-3.202604353427886963e-01
-3.193530142307281494e-01
-3.207370340824127197e-01
-3.191317617893218994e-01
-3.173354566097259521e-01
-3.194346129894256592e-01
-3.196239769458770752e-01
-3.195044696331024170e-01
-3.172135651111602783e-01
-3.172428607940673828e-01
-3.208288550376892090e-01
-3.174458146095275879e-01
-3.177904784679412842e-01
-3.203883469104766846e-01
-3.196432292461395264e-01
-3.187589645385742188e-01
-3.182885646820068359e-01
-3.201229572296142578e-01
-3.207755386829376221e-01
-3.191378712654113770e-01
-3.171374499797821045e-01
-3.190673887729644775e-01
-3.185524940490722656e-01
-3.179647326469421387e-01
-3.196886479854583740e-01
-3.190063834190368652e-01
-3.202397525310516357e-01
-3.215174973011016846e-01
-3.205073773860931396e-01
-3.176713585853576660e-01
-3.193192183971405029e-01
-3.198477923870086670e-01
-3.183988630771636963e-01
-3.205017149448394775e-01
-3.195877373218536377e-01
-3.201442956924438477e-01
-3.214716911315917969e-01
-3.208121359348297119e-01
-3.205123841762542725e-01
-3.215348422527313232e-01
-3.216587305068969727e-01
-3.203003704547882080e-01
-3.204447627067565918e-01
-3.202564120292663574e-01
-3.204922080039978027e-01
-3.226152360439300537e-01
-3.198725581169128418e-01
-3.206683397293090820e-01
-3.206297755241394043e-01
-3.207516968250274658e-01
-3.205948173999786377e-01
-3.216878771781921387e-01
-3.230796456336975098e-01
-3.211945593357086182e-01
-3.224526047706604004e-01
-3.227304220199584961e-01
-3.233317434787750244e-01
-3.213569223880767822e-01
-3.217425346374511719e-01
-3.246773779392242432e-01
-3.215907514095306396e-01
-3.234493434429168701e-01
-3.212007582187652588e-01
-3.228958547115325928e-01
-3.243045508861541748e-01
-3.234748542308807373e-01
-3.233027458190917969e-01
-3.232799768447875977e-01
-3.240704238414764404e-01
-3.235332965850830078e-01
-3.248129785060882568e-01
-3.231177926063537598e-01
-3.241882324218750000e-01
-3.239602446556091309e-01
-3.245186805725097656e-01
-3.255856335163116455e-01
-3.237028717994689941e-01
-3.224924802780151367e-01
-3.256725966930389404e-01
-3.223553299903869629e-01
-3.242788016796112061e-01
-3.266540467739105225e-01
-3.263640105724334717e-01
-3.248623311519622803e-01
-3.266901969909667969e-01
-3.270610272884368896e-01
-3.256366550922393799e-01
-3.257722854614257812e-01
-3.272313177585601807e-01
-3.244322836399078369e-01
-3.260078728199005127e-01
-3.276863694190979004e-01
-3.257933259010314941e-01
-3.257803320884704590e-01
-3.289447426795959473e-01
-3.260384500026702881e-01
-3.238309919834136963e-01
-3.279868066310882568e-01
-3.260938823223114014e-01
-3.276359140872955322e-01
-3.261947333812713623e-01
-3.250449895858764648e-01
-3.267257213592529297e-01
-3.291020691394805908e-01
-3.250946104526519775e-01
-3.266139030456542969e-01
-3.263197839260101318e-01
-3.270642757415771484e-01
-3.253149986267089844e-01
-3.282676637172698975e-01
-3.268244564533233643e-01
-3.267650008201599121e-01
-3.291572928428649902e-01
-3.292970955371856689e-01
-3.297554850578308105e-01
-3.259390294551849365e-01
-3.265427649021148682e-01
-3.277560770511627197e-01
-3.289689123630523682e-01
-3.303850591182708740e-01
-3.278909325599670410e-01
-3.281895518302917480e-01
-3.281563818454742432e-01
-3.281846642494201660e-01
-3.293964266777038574e-01
-3.288401663303375244e-01
-3.288239240646362305e-01
-3.273447751998901367e-01
-3.278476297855377197e-01
-3.276244997978210449e-01
-3.288803696632385254e-01
-3.288820981979370117e-01
-3.258464932441711426e-01
-3.287993669509887695e-01
-3.284003138542175293e-01
-3.281745612621307373e-01
-3.287333250045776367e-01
-3.280974030494689941e-01
-3.282245993614196777e-01
-3.304362297058105469e-01
-3.270955681800842285e-01
-3.280666172504425049e-01
-3.290233910083770752e-01
-3.303892314434051514e-01
-3.290584087371826172e-01
-3.291542232036590576e-01
-3.287500143051147461e-01
-3.277224600315093994e-01
-3.290106952190399170e-01
-3.301836550235748291e-01
-3.303335011005401611e-01
-3.289910852909088135e-01
-3.293046951293945312e-01
-3.313294947147369385e-01
-3.313938379287719727e-01
-3.293772935867309570e-01
-3.298073410987854004e-01
-3.291458785533905029e-01
-3.284343183040618896e-01
-3.301592469215393066e-01
-3.299123346805572510e-01
-3.314694762229919434e-01
-3.303349614143371582e-01
-3.286232948303222656e-01
-3.308786749839782715e-01
-3.292360305786132812e-01
-3.299367129802703857e-01
-3.292426764965057373e-01
-3.301037549972534180e-01
-3.295101821422576904e-01
-3.303509056568145752e-01
-3.299981057643890381e-01
-3.274396359920501709e-01
-3.313981592655181885e-01
-3.295962810516357422e-01
-3.284707069396972656e-01
-3.306481540203094482e-01
-3.305496275424957275e-01
-3.311085999011993408e-01
-3.319803476333618164e-01
-3.303380608558654785e-01
-3.303265273571014404e-01
-3.293068706989288330e-01
-3.289567828178405762e-01
-3.267548680305480957e-01
-3.297789692878723145e-01
-3.317308127880096436e-01
-3.293453454971313477e-01
-3.289840519428253174e-01
-3.292104005813598633e-01
-3.323188126087188721e-01
-3.314140439033508301e-01
-3.299955129623413086e-01
-3.302036821842193604e-01
-3.303096294403076172e-01
-3.300480842590332031e-01
-3.302803933620452881e-01
-3.297377526760101318e-01
-3.307822346687316895e-01
-3.300777375698089600e-01
-3.307703733444213867e-01
-3.302838802337646484e-01
-3.307937085628509521e-01
-3.287947475910186768e-01
-3.305312693119049072e-01
-3.294778466224670410e-01
-3.302897810935974121e-01
-3.311123549938201904e-01
-3.309733867645263672e-01
-3.313202559947967529e-01
-3.320145905017852783e-01
-3.314835429191589355e-01
-3.329829871654510498e-01
-3.303377628326416016e-01
-3.311754465103149414e-01
-3.322404921054840088e-01
-3.311057686805725098e-01
-3.302314579486846924e-01
-3.302199244499206543e-01
-3.309629857540130615e-01
-3.312196135520935059e-01
-3.301958441734313965e-01
-3.297407925128936768e-01
-3.318776190280914307e-01
-3.311696052551269531e-01
-3.306119143962860107e-01
-3.321298956871032715e-01
-3.328290879726409912e-01
-3.327496945858001709e-01
-3.315767645835876465e-01
-3.327762484550476074e-01
-3.307887017726898193e-01
-3.324079513549804688e-01
-3.314522802829742432e-01
-3.322848379611968994e-01
-3.325443565845489502e-01
-3.309946656227111816e-01
-3.334075212478637695e-01
-3.354249894618988037e-01
-3.307589590549468994e-01
-3.311595320701599121e-01
-3.297759294509887695e-01
-3.301795721054077148e-01
-3.317328095436096191e-01
-3.317100703716278076e-01
-3.306923210620880127e-01
-3.300054371356964111e-01
-3.302551209926605225e-01
-3.318342864513397217e-01
-3.308157324790954590e-01
-3.311918973922729492e-01
-3.306466639041900635e-01
-3.304988443851470947e-01
-3.324589133262634277e-01
-3.326745927333831787e-01
-3.319693505764007568e-01
-3.322086036205291748e-01
-3.318342864513397217e-01
-3.319319486618041992e-01
-3.312105238437652588e-01
-3.306914567947387695e-01
-3.325091302394866943e-01
-3.310404121875762939e-01
-3.317959606647491455e-01
-3.316450715065002441e-01
-3.332419395446777344e-01
-3.316492438316345215e-01
-3.322538137435913086e-01
-3.327591419219970703e-01
-3.311439156532287598e-01
-3.304162919521331787e-01
-3.319900035858154297e-01
-3.318536579608917236e-01
-3.332259953022003174e-01
-3.324711024761199951e-01
-3.330259919166564941e-01
-3.327323496341705322e-01
-3.317975401878356934e-01
-3.307572901248931885e-01
-3.333092629909515381e-01
-3.321994841098785400e-01
-3.326247036457061768e-01
-3.318010270595550537e-01
-3.331898450851440430e-01
-3.324763178825378418e-01
-3.338012099266052246e-01
-3.319390118122100830e-01
-3.342595994472503662e-01
-3.336408138275146484e-01
-3.335195183753967285e-01
-3.332240581512451172e-01
-3.324734568595886230e-01
-3.351376950740814209e-01
-3.329952955245971680e-01
-3.341577053070068359e-01
-3.342922925949096680e-01
-3.325180709362030029e-01
-3.330949842929840088e-01
-3.340311944484710693e-01
-3.341592848300933838e-01
-3.350377976894378662e-01
-3.313622176647186279e-01
-3.339207768440246582e-01
-3.335571289062500000e-01
-3.334364891052246094e-01
-3.337040543556213379e-01
-3.323378860950469971e-01
-3.331909775733947754e-01
-3.340964615345001221e-01
-3.336969614028930664e-01
-3.330964446067810059e-01
-3.334492444992065430e-01
-3.322168886661529541e-01
-3.314598500728607178e-01
-3.344238996505737305e-01
-3.318753242492675781e-01
-3.308671116828918457e-01
-3.338430523872375488e-01
-3.335549831390380859e-01
-3.337177932262420654e-01
-3.339150249958038330e-01
-3.321534991264343262e-01
-3.336356878280639648e-01
-3.340452313423156738e-01
-3.339759111404418945e-01
-3.359359502792358398e-01
-3.348265290260314941e-01
-3.337433338165283203e-01
-3.342869281768798828e-01
-3.350372910499572754e-01
-3.370880782604217529e-01
-3.344096839427947998e-01
-3.340748846530914307e-01
-3.335837423801422119e-01
-3.329482972621917725e-01
-3.358652889728546143e-01
-3.326236009597778320e-01
-3.341843187808990479e-01
-3.353862464427947998e-01
-3.341265320777893066e-01
-3.356318473815917969e-01
-3.360188007354736328e-01
-3.351215720176696777e-01
-3.357326090335845947e-01
-3.338265419006347656e-01
-3.350715339183807373e-01
-3.355568945407867432e-01
-3.361889123916625977e-01
-3.337286412715911865e-01
-3.354097604751586914e-01
-3.362053632736206055e-01
-3.336827456951141357e-01
-3.361903131008148193e-01
-3.341275155544281006e-01
-3.333731591701507568e-01
-3.372870385646820068e-01
-3.373207747936248779e-01
-3.371230661869049072e-01
-3.368441462516784668e-01
-3.353783488273620605e-01
-3.368723094463348389e-01
-3.365593552589416504e-01
-3.377313315868377686e-01
-3.377171158790588379e-01
-3.351417183876037598e-01
-3.351528048515319824e-01
-3.368303477764129639e-01
-3.346295058727264404e-01
-3.366067409515380859e-01
-3.362683355808258057e-01
-3.360394239425659180e-01
-3.376454412937164307e-01
-3.382699191570281982e-01
-3.359608054161071777e-01
-3.374049663543701172e-01
-3.363505899906158447e-01
-3.382050991058349609e-01
-3.378624320030212402e-01
-3.387017846107482910e-01
-3.356193304061889648e-01
-3.382678329944610596e-01
-3.378826975822448730e-01
-3.355430066585540771e-01
-3.366582393646240234e-01
-3.381063044071197510e-01
-3.364663720130920410e-01
-3.371522724628448486e-01
-3.395009934902191162e-01
-3.390767872333526611e-01
-3.372368216514587402e-01
-3.383098840713500977e-01
-3.376844525337219238e-01
-3.378857970237731934e-01
-3.403012454509735107e-01
-3.389412760734558105e-01
-3.386152386665344238e-01
-3.405732512474060059e-01
-3.398776054382324219e-01
-3.398824334144592285e-01
-3.395513892173767090e-01
-3.397147357463836670e-01
-3.381183445453643799e-01
-3.391217589378356934e-01
-3.402889072895050049e-01
-3.399517238140106201e-01
-3.389439582824707031e-01
-3.402953445911407471e-01
-3.390575647354125977e-01
-3.381228744983673096e-01
-3.397119343280792236e-01
-3.399534821510314941e-01
-3.399287164211273193e-01
-3.400875926017761230e-01
-3.394638299942016602e-01
-3.398114442825317383e-01
-3.385101258754730225e-01
-3.388687670230865479e-01
-3.408676683902740479e-01
-3.403890132904052734e-01
-3.411700725555419922e-01
-3.411178588867187500e-01
-3.403311967849731445e-01
-3.393812179565429688e-01
-3.395342826843261719e-01
-3.416794836521148682e-01
-3.404736220836639404e-01
-3.410283327102661133e-01
-3.403053879737854004e-01
-3.416820764541625977e-01
-3.396077752113342285e-01
-3.397581577301025391e-01
-3.410680294036865234e-01
-3.398037552833557129e-01
-3.395053148269653320e-01
-3.409361243247985840e-01
-3.412847816944122314e-01
-3.425596058368682861e-01
-3.412521481513977051e-01
-3.423070311546325684e-01
-3.417610824108123779e-01
-3.434882164001464844e-01
-3.420028388500213623e-01
-3.428577780723571777e-01
-3.412505388259887695e-01
-3.420662581920623779e-01
-3.412487208843231201e-01
-3.398163318634033203e-01
-3.423685729503631592e-01
-3.419019281864166260e-01
-3.408949673175811768e-01
-3.435561060905456543e-01
-3.421120643615722656e-01
-3.407161235809326172e-01
-3.421583771705627441e-01
-3.412866294384002686e-01
-3.410229682922363281e-01
-3.428757786750793457e-01
-3.431797623634338379e-01
-3.404410481452941895e-01
-3.434328734874725342e-01
-3.411646783351898193e-01
-3.414194881916046143e-01
-3.436596691608428955e-01
-3.427227735519409180e-01
-3.415521979331970215e-01
-3.444819152355194092e-01
-3.420881330966949463e-01
-3.429468274116516113e-01
-3.421636223793029785e-01
-3.415832519531250000e-01
-3.440791666507720947e-01
-3.433651626110076904e-01
-3.417123556137084961e-01
-3.431605100631713867e-01
-3.427155315876007080e-01
-3.440696895122528076e-01
-3.438934385776519775e-01
-3.443450331687927246e-01
-3.432573080062866211e-01
-3.432892262935638428e-01
-3.438134789466857910e-01
-3.435781598091125488e-01
-3.440274596214294434e-01
-3.443631231784820557e-01
-3.426789045333862305e-01
-3.423578739166259766e-01
-3.449093997478485107e-01
-3.441833555698394775e-01
-3.446824550628662109e-01
-3.445119559764862061e-01
-3.445643484592437744e-01
-3.448368608951568604e-01
-3.449268937110900879e-01
-3.462045490741729736e-01
-3.455042243003845215e-01
-3.464006781578063965e-01
-3.453309237957000732e-01
-3.440716266632080078e-01
-3.459438979625701904e-01
-3.451429307460784912e-01
-3.449388146400451660e-01
-3.446273207664489746e-01
-3.462540209293365479e-01
-3.464798033237457275e-01
-3.463965952396392822e-01
-3.458172082901000977e-01
-3.464890718460083008e-01
-3.455207347869873047e-01
-3.459466099739074707e-01
-3.463540375232696533e-01
-3.467272818088531494e-01
-3.465934395790100098e-01
-3.458259403705596924e-01
-3.457438945770263672e-01
-3.465694487094879150e-01
-3.458335995674133301e-01
-3.452151417732238770e-01
-3.445671200752258301e-01
-3.473710119724273682e-01
-3.460622429847717285e-01
-3.466779887676239014e-01
-3.467484712600708008e-01
-3.458247780799865723e-01
-3.471154570579528809e-01
-3.465120792388916016e-01
-3.456930518150329590e-01
-3.468757271766662598e-01
-3.480398654937744141e-01
-3.470145165920257568e-01
-3.484873771667480469e-01
-3.459265530109405518e-01
-3.465796411037445068e-01
-3.462307751178741455e-01
-3.464370965957641602e-01
-3.456447720527648926e-01
-3.469687402248382568e-01
-3.475587666034698486e-01
-3.463972210884094238e-01
-3.464669287204742432e-01
-3.485077619552612305e-01
-3.487114310264587402e-01
-3.472809493541717529e-01
-3.473927676677703857e-01
-3.481751680374145508e-01
-3.465795218944549561e-01
-3.464068174362182617e-01
-3.471834063529968262e-01
-3.477022051811218262e-01
-3.483723700046539307e-01
-3.468718230724334717e-01
-3.484119176864624023e-01
-3.468891680240631104e-01
-3.480340540409088135e-01
-3.489237427711486816e-01
-3.495417535305023193e-01
-3.487988412380218506e-01
-3.488429784774780273e-01
-3.477450609207153320e-01
-3.476854860782623291e-01
-3.485565185546875000e-01
-3.471543490886688232e-01
-3.484987318515777588e-01
-3.482148051261901855e-01
-3.488789200782775879e-01
-3.481734097003936768e-01
-3.485911786556243896e-01
-3.486008644104003906e-01
-3.483376502990722656e-01
-3.485237061977386475e-01
-3.493402600288391113e-01
-3.491572141647338867e-01
-3.489179611206054688e-01
-3.491211533546447754e-01
-3.465698957443237305e-01
-3.487912416458129883e-01
-3.489860594272613525e-01
-3.493951559066772461e-01
-3.487974107265472412e-01
-3.477767407894134521e-01
-3.493821322917938232e-01
-3.497895002365112305e-01
-3.473549783229827881e-01
-3.479020595550537109e-01
-3.496884107589721680e-01
-3.490817248821258545e-01
-3.491192162036895752e-01
-3.496133387088775635e-01
-3.478558957576751709e-01
-3.504353165626525879e-01
-3.495490849018096924e-01
-3.480232357978820801e-01
-3.495047092437744141e-01
-3.488443493843078613e-01
-3.485960364341735840e-01
-3.510429859161376953e-01
-3.498591780662536621e-01
-3.502669036388397217e-01
-3.502883017063140869e-01
-3.496097028255462646e-01
-3.499252200126647949e-01
-3.488766849040985107e-01
-3.501330614089965820e-01
-3.503091037273406982e-01
-3.500635325908660889e-01
-3.497743010520935059e-01
-3.493341803550720215e-01
-3.498196303844451904e-01
-3.500542640686035156e-01
-3.503033518791198730e-01
-3.495406508445739746e-01
-3.502661585807800293e-01
-3.498958945274353027e-01
-3.498423695564270020e-01
-3.498473465442657471e-01
-3.514660894870758057e-01
-3.511598408222198486e-01
-3.509998917579650879e-01
-3.515947759151458740e-01
-3.513251841068267822e-01
-3.507705628871917725e-01
-3.518193364143371582e-01
-3.513589799404144287e-01
-3.518406450748443604e-01
-3.520569503307342529e-01
-3.518554568290710449e-01
-3.524139225482940674e-01
-3.531878888607025146e-01
-3.524228036403656006e-01
-3.524159789085388184e-01
-3.527102172374725342e-01
-3.533293604850769043e-01
-3.521304428577423096e-01
-3.526521027088165283e-01
-3.521619737148284912e-01
-3.524994254112243652e-01
-3.525845408439636230e-01
-3.523064851760864258e-01
-3.530816137790679932e-01
-3.520618379116058350e-01
-3.524105250835418701e-01
-3.527301847934722900e-01
-3.535905778408050537e-01
-3.533922731876373291e-01
-3.534109294414520264e-01
-3.530039191246032715e-01
-3.544827401638031006e-01
-3.537778854370117188e-01
-3.537393808364868164e-01
-3.537173271179199219e-01
-3.541854321956634521e-01
-3.530001938343048096e-01
-3.548143208026885986e-01
-3.531440794467926025e-01
-3.533757925033569336e-01
-3.537281453609466553e-01
-3.533860743045806885e-01
-3.551373183727264404e-01
-3.538487553596496582e-01
-3.540025055408477783e-01
-3.543013334274291992e-01
-3.549721837043762207e-01
-3.535466790199279785e-01
-3.545969128608703613e-01
-3.545425534248352051e-01
-3.554539382457733154e-01
-3.558536469936370850e-01
-3.555024266242980957e-01
-3.546755909919738770e-01
-3.550415933132171631e-01
-3.551779687404632568e-01
-3.550647497177124023e-01
-3.549330234527587891e-01
-3.552951514720916748e-01
-3.545170426368713379e-01
-3.550703823566436768e-01
-3.555766046047210693e-01
-3.553241491317749023e-01
-3.549169003963470459e-01
-3.546780943870544434e-01
-3.547479808330535889e-01
-3.552687168121337891e-01
-3.566058278083801270e-01
-3.543308675289154053e-01
-3.567813634872436523e-01
-3.510940670967102051e-01
-3.494963645935058594e-01
-3.497591018676757812e-01
-3.541820049285888672e-01
-3.521803021430969238e-01
-3.507598340511322021e-01
-3.488225638866424561e-01
-3.551531434059143066e-01
-3.512220978736877441e-01
-3.533933162689208984e-01
-3.505246639251708984e-01
-3.565374612808227539e-01
-3.434761464595794678e-01
-3.532400429248809814e-01
-3.400285840034484863e-01
-3.507423400878906250e-01
-3.469945192337036133e-01
-3.509368598461151123e-01
-3.468757867813110352e-01
-3.495836257934570312e-01
-3.548354804515838623e-01
-3.459689021110534668e-01
-3.548437356948852539e-01
-3.524582982063293457e-01
-3.493627905845642090e-01
-3.562091588973999023e-01
-3.524513542652130127e-01
-3.547178208827972412e-01
-3.553408682346343994e-01
-3.537667393684387207e-01
-3.543857336044311523e-01
-3.552588522434234619e-01
-3.552605509757995605e-01
-3.546801209449768066e-01
-3.568250238895416260e-01
-3.558553159236907959e-01
-3.548523485660552979e-01
-3.568935692310333252e-01
-3.570416569709777832e-01
-3.551183342933654785e-01
-3.562798798084259033e-01
-3.577906191349029541e-01
-3.572804033756256104e-01
-3.555812239646911621e-01
-3.566226363182067871e-01
-3.581692576408386230e-01
-3.575087189674377441e-01
-3.582171499729156494e-01
-3.576147556304931641e-01
-3.589933216571807861e-01
-3.584938049316406250e-01
-3.573815226554870605e-01
-3.580996692180633545e-01
-3.590952455997467041e-01
-3.577800095081329346e-01
-3.581857979297637939e-01
-3.590140044689178467e-01
-3.584906458854675293e-01
-3.582290112972259521e-01
-3.585288226604461670e-01
-3.592443168163299561e-01
-3.589233458042144775e-01
-3.590152561664581299e-01
-3.595654368400573730e-01
-3.603533208370208740e-01
-3.589736223220825195e-01
-3.595917224884033203e-01
-3.599410355091094971e-01
-3.599759042263031006e-01
-3.596384227275848389e-01
-3.600013256072998047e-01
-3.590832650661468506e-01
-3.591017425060272217e-01
-3.604171872138977051e-01
-3.595711290836334229e-01
-3.604289293289184570e-01
-3.606218099594116211e-01
-3.599061071872711182e-01
-3.603250086307525635e-01
-3.613679111003875732e-01
-3.602335155010223389e-01
-3.609969615936279297e-01
-3.611408770084381104e-01
-3.576129078865051270e-01
-3.606002032756805420e-01
-3.597657978534698486e-01
-3.596427738666534424e-01
-3.606334924697875977e-01
-3.609125912189483643e-01
-3.604885935783386230e-01
-3.606626689434051514e-01
-3.598460257053375244e-01
-3.603492379188537598e-01
-3.606063127517700195e-01
-3.609567880630493164e-01
-3.613497912883758545e-01
-3.606342375278472900e-01
-3.599161505699157715e-01
-3.610787987709045410e-01
-3.612664937973022461e-01
-3.608614504337310791e-01
-3.613642454147338867e-01
-3.610841631889343262e-01
-3.611067235469818115e-01
-3.619273602962493896e-01
-3.613297939300537109e-01
-3.625342547893524170e-01
-3.608965575695037842e-01
-3.614830374717712402e-01
-3.615783751010894775e-01
-3.621736764907836914e-01
-3.611162900924682617e-01
-3.619685769081115723e-01
-3.624058365821838379e-01
-3.618945181369781494e-01
-3.613846004009246826e-01
-3.626664876937866211e-01
-3.618666529655456543e-01
-3.627554178237915039e-01
-3.618982434272766113e-01
-3.624279499053955078e-01
-3.644209206104278564e-01
-3.642033636569976807e-01
-3.622151911258697510e-01
-3.622233867645263672e-01
-3.623524308204650879e-01
-3.619967699050903320e-01
-3.623130619525909424e-01
-3.624796867370605469e-01
-3.588892817497253418e-01
-3.624104559421539307e-01
-3.577552735805511475e-01
-3.589139580726623535e-01
-3.589414656162261963e-01
-3.591247498989105225e-01
-3.581914603710174561e-01
-3.592576980590820312e-01
-3.587053716182708740e-01
-3.625318109989166260e-01
-3.611571192741394043e-01
-3.619470596313476562e-01
-3.612772822380065918e-01
-3.617741465568542480e-01
-3.636454939842224121e-01
-3.617849051952362061e-01
-3.629995584487915039e-01
-3.620113432407379150e-01
-3.633321523666381836e-01
-3.623249530792236328e-01
-3.648175299167633057e-01
-3.620433509349822998e-01
-3.633102476596832275e-01
-3.630127608776092529e-01
-3.641286492347717285e-01
-3.639219701290130615e-01
-3.633338809013366699e-01
-3.650575578212738037e-01
-3.635731041431427002e-01
-3.636098504066467285e-01
-3.645230233669281006e-01
-3.652130663394927979e-01
-3.636551499366760254e-01
-3.643305301666259766e-01
-3.647206127643585205e-01
-3.648706078529357910e-01
-3.637789785861968994e-01
-3.650288581848144531e-01
-3.641357719898223877e-01
-3.652922511100769043e-01
-3.644755184650421143e-01
-3.646393418312072754e-01
-3.643408715724945068e-01
-3.657924532890319824e-01
-3.657155632972717285e-01
-3.661677837371826172e-01
-3.640496730804443359e-01
-3.651617467403411865e-01
-3.657874763011932373e-01
-3.656312227249145508e-01
-3.641902804374694824e-01
-3.649396300315856934e-01
-3.656908273696899414e-01
-3.642331957817077637e-01
-3.653183579444885254e-01
-3.653856217861175537e-01
-3.655051887035369873e-01
-3.653022944927215576e-01
-3.651725053787231445e-01
-3.651622235774993896e-01
-3.645544946193695068e-01
-3.670141696929931641e-01
-3.659527003765106201e-01
-3.662142455577850342e-01
-3.652504384517669678e-01
-3.656658828258514404e-01
-3.658776283264160156e-01
-3.650439679622650146e-01
-3.659834563732147217e-01
-3.659666180610656738e-01
-3.659309446811676025e-01
-3.663277029991149902e-01
-3.672507405281066895e-01
-3.664693236351013184e-01
-3.653765618801116943e-01
-3.658401370048522949e-01
-3.663302958011627197e-01
-3.661027848720550537e-01
-3.649219274520874023e-01
-3.651154041290283203e-01
-3.655535280704498291e-01
-3.625305294990539551e-01
-3.635754883289337158e-01
-3.656306266784667969e-01
-3.649508655071258545e-01
-3.658786118030548096e-01
-3.648653626441955566e-01
-3.669253587722778320e-01
-3.652020394802093506e-01
-3.670237064361572266e-01
-3.654729723930358887e-01
-3.664833903312683105e-01
-3.640289902687072754e-01
-3.671275675296783447e-01
-3.611810207366943359e-01
-3.404855728149414062e-01
-3.485454618930816650e-01
-3.485698103904724121e-01
-3.486071825027465820e-01
-3.477756083011627197e-01
-3.536148071289062500e-01
-3.496140241622924805e-01
-3.531802296638488770e-01
-3.582613468170166016e-01
-3.547846376895904541e-01
-3.547012805938720703e-01
-3.558834195137023926e-01
-3.563501834869384766e-01
-3.537521362304687500e-01
-3.577224016189575195e-01
-3.586892783641815186e-01
-3.595691025257110596e-01
-3.602772355079650879e-01
-3.617646098136901855e-01
-3.613733649253845215e-01
-3.619872927665710449e-01
-3.629793822765350342e-01
-3.634000420570373535e-01
-3.639871776103973389e-01
-3.627662062644958496e-01
-3.634393811225891113e-01
-3.644105195999145508e-01
-3.644430339336395264e-01
-3.653831183910369873e-01
-3.640635311603546143e-01
-3.642120957374572754e-01
-3.661023974418640137e-01
-3.656067848205566406e-01
-3.656631708145141602e-01
-3.657246828079223633e-01
-3.662456274032592773e-01
-3.665317893028259277e-01
-3.656867444515228271e-01
-3.651641309261322021e-01
-3.675280809402465820e-01
-3.669438362121582031e-01
-3.666875064373016357e-01
-3.661131262779235840e-01
-3.666514158248901367e-01
-3.662801384925842285e-01
-3.674079179763793945e-01
-3.665049970149993896e-01
-3.675165176391601562e-01
-3.672866225242614746e-01
-3.669052720069885254e-01
-3.681391775608062744e-01
-3.679785728454589844e-01
-3.673256933689117432e-01
-3.679622113704681396e-01
-3.682012259960174561e-01
-3.675731718540191650e-01
-3.673079311847686768e-01
-3.680800497531890869e-01
-3.679248094558715820e-01
-3.687373399734497070e-01
-3.678333759307861328e-01
-3.689935803413391113e-01
-3.681192994117736816e-01
-3.685579299926757812e-01
-3.678394258022308350e-01
-3.690347373485565186e-01
-3.686537444591522217e-01
-3.683052062988281250e-01
-3.682498633861541748e-01
-3.686331808567047119e-01
-3.687696456909179688e-01
-3.688229322433471680e-01
-3.691499233245849609e-01
-3.691898286342620850e-01
-3.689253628253936768e-01
-3.684498667716979980e-01
-3.687333464622497559e-01
-3.683412373065948486e-01
-3.683054149150848389e-01
-3.681268393993377686e-01
-3.686952590942382812e-01
-3.684595525264739990e-01
-3.687421977519989014e-01
-3.691315948963165283e-01
-3.693763315677642822e-01
-3.688341081142425537e-01
-3.691824972629547119e-01
-3.683809340000152588e-01
-3.693790137767791748e-01
-3.690139055252075195e-01
-3.685185015201568604e-01
-3.693472146987915039e-01
-3.698041141033172607e-01
-3.686123490333557129e-01
-3.692970871925354004e-01
-3.686317801475524902e-01
-3.687833845615386963e-01
-3.696182966232299805e-01
-3.687046766281127930e-01
-3.686895072460174561e-01
-3.687841892242431641e-01
-3.688712418079376221e-01
-3.691279292106628418e-01
-3.667272925376892090e-01
-3.682286143302917480e-01
-3.685405552387237549e-01
-3.679943382740020752e-01
-3.680174052715301514e-01
-3.612864911556243896e-01
-2.872430384159088135e-01
-3.327614665031433105e-01
-3.340251445770263672e-01
-3.425173461437225342e-01
-3.379914164543151855e-01
-3.307610154151916504e-01
-3.326460719108581543e-01
-3.372528254985809326e-01
-3.368889689445495605e-01
-3.399425148963928223e-01
-3.413681089878082275e-01
-3.434888422489166260e-01
-3.469049632549285889e-01
-3.510305285453796387e-01
-3.524538278579711914e-01
-3.525617718696594238e-01
-3.522221446037292480e-01
-3.513138592243194580e-01
-3.531563878059387207e-01
-3.566108345985412598e-01
-3.582234382629394531e-01
-3.580586612224578857e-01
-3.574613034725189209e-01
-3.586702048778533936e-01
-3.589115738868713379e-01
-3.605481088161468506e-01
-3.608878254890441895e-01
-3.610546588897705078e-01
-3.617231547832489014e-01
-3.627337515354156494e-01
-3.622699379920959473e-01
-3.621843457221984863e-01
-3.617429137229919434e-01
-3.639107048511505127e-01
-3.643715083599090576e-01
-3.644848763942718506e-01
-3.650522828102111816e-01
-3.655072748661041260e-01
-3.649053573608398438e-01
-3.658294081687927246e-01
-3.662155270576477051e-01
-3.664287626743316650e-01
-3.662000000476837158e-01
-3.661929666996002197e-01
-3.665872514247894287e-01
-3.664216995239257812e-01
-3.667115569114685059e-01
-3.673372268676757812e-01
-3.681380748748779297e-01
-3.670294880867004395e-01
-3.668396174907684326e-01
-3.679608404636383057e-01
-3.679442703723907471e-01
-3.679034113883972168e-01
-3.668605089187622070e-01
-3.682200908660888672e-01
-3.683536350727081299e-01
-3.675772845745086670e-01
-3.665128648281097412e-01
-3.682302236557006836e-01
-3.680881261825561523e-01
-3.679444491863250732e-01
-3.677584826946258545e-01
-3.686417937278747559e-01
-3.690806925296783447e-01
-3.684378564357757568e-01
-3.678112328052520752e-01
-3.683735132217407227e-01
-3.683032095432281494e-01
-3.680061697959899902e-01
-3.680481612682342529e-01
-3.689185678958892822e-01
-3.687912523746490479e-01
-3.684108555316925049e-01
-3.680761754512786865e-01
-3.693789541721343994e-01
-3.691175580024719238e-01
-3.691995143890380859e-01
-3.690543472766876221e-01
-3.687835037708282471e-01
-3.690929710865020752e-01
-3.687850832939147949e-01
-3.687354624271392822e-01
-3.685033619403839111e-01
-3.687369823455810547e-01
-3.690474629402160645e-01
-3.688203394412994385e-01
-3.688376843929290771e-01
-3.682748675346374512e-01
-3.681245744228363037e-01
-3.685300946235656738e-01
-3.696541190147399902e-01
-3.685426712036132812e-01
-3.635072708129882812e-01
-3.675056695938110352e-01
-3.643779456615447998e-01
-3.671768307685852051e-01
-3.596660792827606201e-01
-3.678853213787078857e-01
-3.611479997634887695e-01
-3.679755628108978271e-01
-3.636943399906158447e-01
-3.659284710884094238e-01
-3.666002154350280762e-01
-3.612672090530395508e-01
-3.627197146415710449e-01
-3.659452795982360840e-01
-3.655836880207061768e-01
-3.660162985324859619e-01
-3.680824637413024902e-01
-3.666215837001800537e-01
-3.661232292652130127e-01
-3.677307069301605225e-01
-3.665985465049743652e-01
-3.675297200679779053e-01
-3.663105964660644531e-01
-3.673229813575744629e-01
-3.680611848831176758e-01
-3.685229420661926270e-01
-3.681221902370452881e-01
-3.679273128509521484e-01
-3.685971796512603760e-01
-3.690783977508544922e-01
-3.683095574378967285e-01
-3.684602081775665283e-01
-3.680101931095123291e-01
-3.682746589183807373e-01
-3.686333894729614258e-01
-3.693905174732208252e-01
-3.678770959377288818e-01
-3.688507676124572754e-01
-3.691894710063934326e-01
-3.682920634746551514e-01
-3.689272999763488770e-01
-3.688592910766601562e-01
-3.690069615840911865e-01
-3.689354062080383301e-01
-3.681570887565612793e-01
-3.684651553630828857e-01
-3.687076270580291748e-01
-3.696303069591522217e-01
-3.689573407173156738e-01
-3.698295354843139648e-01
-3.688178658485412598e-01
-3.684735000133514404e-01
-3.687357306480407715e-01
-3.682948350906372070e-01
-3.679587543010711670e-01
-3.685528039932250977e-01
-3.700314164161682129e-01
-3.681424260139465332e-01
-3.680390715599060059e-01
-3.681527376174926758e-01
-3.691488504409790039e-01
-3.691771924495697021e-01
-3.678819537162780762e-01
-3.679541051387786865e-01
-3.681449592113494873e-01
-3.687729835510253906e-01
-3.685910105705261230e-01
-3.686653673648834229e-01
-3.690621852874755859e-01
-3.686754703521728516e-01
-3.694664835929870605e-01
-3.687041699886322021e-01
-3.693580031394958496e-01
-3.696068823337554932e-01
-3.691379725933074951e-01
-3.694217503070831299e-01
-3.690033555030822754e-01
-3.688565790653228760e-01
-3.692476749420166016e-01
-3.706459999084472656e-01
-3.700945377349853516e-01
-3.694253563880920410e-01
-3.698333799839019775e-01
-3.699031472206115723e-01
-3.697948157787322998e-01
-3.692144155502319336e-01
-3.694305121898651123e-01
-3.695153295993804932e-01
-3.695982992649078369e-01
-3.699957132339477539e-01
-3.697198629379272461e-01
-3.689131438732147217e-01
-3.702697455883026123e-01
-3.697010576725006104e-01
-3.700875937938690186e-01
-3.698179423809051514e-01
-3.703127205371856689e-01
-3.694822192192077637e-01
-3.705101311206817627e-01
-3.699052333831787109e-01
-3.697388172149658203e-01
-3.702436387538909912e-01
-3.701584339141845703e-01
-3.696299493312835693e-01
-3.699925839900970459e-01
-3.696202039718627930e-01
-3.695994317531585693e-01
-3.698786795139312744e-01
-3.700209259986877441e-01
-3.702918589115142822e-01
-3.695645630359649658e-01
-3.701697587966918945e-01
-3.703867197036743164e-01
-3.707103133201599121e-01
-3.703156709671020508e-01
-3.697438836097717285e-01
-3.689621686935424805e-01
-3.689793050289154053e-01
-3.682779371738433838e-01
-3.575667738914489746e-01
-3.171316981315612793e-01
-3.552225828170776367e-01
-3.448998332023620605e-01
-3.426327407360076904e-01
-3.220553696155548096e-01
-3.488475978374481201e-01
-3.480575084686279297e-01
-3.328506648540496826e-01
-3.421615064144134521e-01
-3.537556827068328857e-01
-3.481999039649963379e-01
-3.460268378257751465e-01
-3.545700311660766602e-01
-3.538031578063964844e-01
-3.493777513504028320e-01
-3.525078892707824707e-01
-3.581838905811309814e-01
-3.582583665847778320e-01
-3.574173450469970703e-01
-3.583141863346099854e-01
-3.612556755542755127e-01
-3.611413836479187012e-01
-3.610941171646118164e-01
-3.621089756488800049e-01
-3.629063069820404053e-01
-3.656160533428192139e-01
-3.643088936805725098e-01
-3.645509779453277588e-01
-3.653765022754669189e-01
-3.670153915882110596e-01
-3.664146363735198975e-01
-3.666279911994934082e-01
-3.663027584552764893e-01
-3.661438524723052979e-01
-3.661582767963409424e-01
-3.671354949474334717e-01
-3.678157329559326172e-01
-3.687708675861358643e-01
-3.671558201313018799e-01
-3.680271506309509277e-01
-3.682972192764282227e-01
-3.688840866088867188e-01
-3.677981495857238770e-01
-3.682731389999389648e-01
-3.690997064113616943e-01
-3.687273561954498291e-01
-3.693715631961822510e-01
-3.687383532524108887e-01
-3.681311607360839844e-01
-3.695339262485504150e-01
-3.690322935581207275e-01
-3.696451187133789062e-01
-3.701706230640411377e-01
-3.693792521953582764e-01
-3.694360852241516113e-01
-3.695231378078460693e-01
-3.692688643932342529e-01
-3.699160218238830566e-01
-3.700208067893981934e-01
-3.695330917835235596e-01
-3.696607649326324463e-01
-3.694657683372497559e-01
-3.695983290672302246e-01
-3.702528178691864014e-01
-3.694957196712493896e-01
-3.692974150180816650e-01
-3.701797425746917725e-01
-3.695206344127655029e-01
-3.695314228534698486e-01
-3.693919181823730469e-01
-3.696881830692291260e-01
-3.702188134193420410e-01
-3.693966865539550781e-01
-3.704623878002166748e-01
-3.703646957874298096e-01
-3.701542615890502930e-01
-3.702099025249481201e-01
-3.692461252212524414e-01
-3.703014552593231201e-01
-3.690080940723419189e-01
-3.696680366992950439e-01
-3.700936138629913330e-01
-3.702309429645538330e-01
-3.697567284107208252e-01
-3.697629272937774658e-01
-3.699843883514404297e-01
-3.693538606166839600e-01
-3.693918585777282715e-01
-3.698425292968750000e-01
-3.698551654815673828e-01
-3.697428703308105469e-01
-3.696093857288360596e-01
-3.696841001510620117e-01
-3.696915805339813232e-01
-3.699484467506408691e-01
-3.701570928096771240e-01
-3.699047863483428955e-01
-3.699970841407775879e-01
-3.702698051929473877e-01
-3.697521984577178955e-01
-3.700739145278930664e-01
-3.702526986598968506e-01
-3.697929084300994873e-01
-3.695029318332672119e-01
-3.692210018634796143e-01
-3.697297871112823486e-01
-3.697142302989959717e-01
-3.700324892997741699e-01
-3.697734475135803223e-01
-3.703069388866424561e-01
-3.695549368858337402e-01
-3.697129487991333008e-01
-3.695192039012908936e-01
-3.687844276428222656e-01
-3.701046705245971680e-01
-3.695424199104309082e-01
-3.698966801166534424e-01
-3.696269392967224121e-01
-3.702604770660400391e-01
-3.698017001152038574e-01
-3.705154955387115479e-01
-3.706067502498626709e-01
-3.702699542045593262e-01
-3.701502382755279541e-01
-3.701690137386322021e-01
-3.701419532299041748e-01
-3.700391352176666260e-01
-3.705259561538696289e-01
-3.705223202705383301e-01
-3.709435760974884033e-01
-3.698351681232452393e-01
-3.702430427074432373e-01
-3.698143362998962402e-01
-3.704199790954589844e-01
-3.699599802494049072e-01
-3.699668645858764648e-01
-3.703759908676147461e-01
-3.700677752494812012e-01
-3.701837658882141113e-01
-3.699108064174652100e-01
-3.704484701156616211e-01
-3.695958852767944336e-01
-3.698107302188873291e-01
-3.703335821628570557e-01
-3.702949583530426025e-01
-3.695578873157501221e-01
-3.700510263442993164e-01
-3.698320388793945312e-01
-3.702490329742431641e-01
-3.700737953186035156e-01
-3.705645203590393066e-01
-3.700527250766754150e-01
-3.715724647045135498e-01
-3.702596127986907959e-01
-3.696339726448059082e-01
-3.706093430519104004e-01
-3.700934946537017822e-01
-3.708964884281158447e-01
-3.701157271862030029e-01
-3.702887594699859619e-01
-3.703481256961822510e-01
-3.699961602687835693e-01
-3.701303601264953613e-01
-3.708526492118835449e-01
-3.706482648849487305e-01
-3.702345788478851318e-01
-3.706521093845367432e-01
-3.709175884723663330e-01
-3.704085648059844971e-01
-3.706964254379272461e-01
-3.705898523330688477e-01
-3.703950643539428711e-01
-3.705022633075714111e-01
-3.708015084266662598e-01
-3.701373040676116943e-01
-3.700793683528900146e-01
-3.706326186656951904e-01
-3.704373240470886230e-01
-3.703657090663909912e-01
-3.704239428043365479e-01
-3.707652986049652100e-01
-3.705563247203826904e-01
-3.699335753917694092e-01
-3.706816136837005615e-01
-3.707050085067749023e-01
-3.707435429096221924e-01
-3.705697059631347656e-01
-3.708701431751251221e-01
-3.705368638038635254e-01
-3.705220222473144531e-01
-3.703463673591613770e-01
-3.701175749301910400e-01
-3.693654537200927734e-01
-3.698241412639617920e-01
-3.699889481067657471e-01
-3.698414266109466553e-01
-3.704481124877929688e-01
-3.699637353420257568e-01
-3.700246214866638184e-01
-3.696992695331573486e-01
-3.703340291976928711e-01
-3.703173995018005371e-01
-3.700769841670989990e-01
-3.699874281883239746e-01
-3.701185882091522217e-01
-3.700739145278930664e-01
-3.704860210418701172e-01
-3.704548478126525879e-01
-3.700338602066040039e-01
-3.703097999095916748e-01
-3.679885268211364746e-01
-3.690426349639892578e-01
-3.693665266036987305e-01
-3.698558211326599121e-01
-3.709105551242828369e-01
-3.693940341472625732e-01
-3.687826395034790039e-01
-3.698532581329345703e-01
-3.705538213253021240e-01
-3.697718083858489990e-01
-3.697218894958496094e-01
-3.694153726100921631e-01
-3.697243928909301758e-01
-3.696960210800170898e-01
-3.704838454723358154e-01
-3.702875971794128418e-01
-3.696577548980712891e-01
-3.696929216384887695e-01
-3.695383965969085693e-01
-3.695121407508850098e-01
-3.701339662075042725e-01
-3.699702918529510498e-01
-3.706750571727752686e-01
-3.702227175235748291e-01
-3.697382509708404541e-01
-3.703878819942474365e-01
-3.701565265655517578e-01
-3.704223632812500000e-01
-3.701281547546386719e-01
-3.705796003341674805e-01
-3.690710961818695068e-01
-3.698491752147674561e-01
-3.698624372482299805e-01
-3.696262240409851074e-01
-3.714090585708618164e-01
-3.701053261756896973e-01
-3.695569336414337158e-01
-3.702008426189422607e-01
-3.702459633350372314e-01
-3.704062104225158691e-01
-3.703023791313171387e-01
-3.701227903366088867e-01
-3.704479932785034180e-01
-3.704579174518585205e-01
-3.705346882343292236e-01
-3.706302344799041748e-01
-3.707144558429718018e-01
-3.703579306602478027e-01
-3.701841533184051514e-01
-3.701861500740051270e-01
-3.703558444976806641e-01
-3.704132139682769775e-01
-3.704542815685272217e-01
-3.703153133392333984e-01
-3.708022236824035645e-01
-3.702378571033477783e-01
-3.707221150398254395e-01
-3.704924583435058594e-01
-3.703488111495971680e-01
-3.709217905998229980e-01
-3.699880242347717285e-01
-3.705280721187591553e-01
-3.705854415893554688e-01
-3.706928193569183350e-01
-3.702209591865539551e-01
-3.706208467483520508e-01
-3.705882430076599121e-01
-3.701488971710205078e-01
-3.703889846801757812e-01
-3.703993558883666992e-01
-3.712434470653533936e-01
-3.700225353240966797e-01
-3.704096674919128418e-01
-3.703123033046722412e-01
-3.708992302417755127e-01
-3.710040450096130371e-01
-3.703147470951080322e-01
-3.698873817920684814e-01
-3.703588247299194336e-01
-3.710572421550750732e-01
-3.702913522720336914e-01
-3.700157701969146729e-01
-3.695720732212066650e-01
-3.700424432754516602e-01
-3.699072897434234619e-01
-3.703371584415435791e-01
-3.700404763221740723e-01
-3.703558743000030518e-01
-3.706438541412353516e-01
-3.702239990234375000e-01
-3.701730370521545410e-01
-3.705822825431823730e-01
-3.699309527873992920e-01
-3.701075911521911621e-01
-3.703071475028991699e-01
-3.706128001213073730e-01
-3.704099059104919434e-01
-3.701850473880767822e-01
-3.706043660640716553e-01
-3.706021010875701904e-01
-3.705764710903167725e-01
-3.698090910911560059e-01
-3.702568709850311279e-01
-3.699465990066528320e-01
-3.700181841850280762e-01
-3.709318339824676514e-01
-3.702467083930969238e-01
-3.702139854431152344e-01
-3.699142038822174072e-01
-3.702688515186309814e-01
-3.701232373714447021e-01
-3.692845702171325684e-01
-3.700896501541137695e-01
-3.700968623161315918e-01
-3.712958395481109619e-01
-3.700270950794219971e-01
-3.701467514038085938e-01
-3.702243566513061523e-01
-3.704258203506469727e-01
-3.703427314758300781e-01
-3.703928887844085693e-01
-3.699729740619659424e-01
-3.705490529537200928e-01
-3.708205223083496094e-01
-3.699074685573577881e-01
-3.705901503562927246e-01
-3.701922595500946045e-01
-3.695335984230041504e-01
-3.694687485694885254e-01
-3.702051937580108643e-01
-3.703669905662536621e-01
-3.697093427181243896e-01
-3.694368302822113037e-01
-3.706817030906677246e-01
-3.707233667373657227e-01
-3.702052533626556396e-01
-3.699083924293518066e-01
-3.703936636447906494e-01
-3.695708215236663818e-01
-3.700213134288787842e-01
-3.704610466957092285e-01
-3.703511953353881836e-01
-3.700380921363830566e-01
-3.699188232421875000e-01
-3.705769181251525879e-01
-3.706412911415100098e-01
-3.701692521572113037e-01
-3.697907030582427979e-01
-3.701466619968414307e-01
-3.703717589378356934e-01
-3.705346584320068359e-01
-3.700215220451354980e-01
-3.702985644340515137e-01
-3.714184165000915527e-01
-3.706475496292114258e-01
-3.706795871257781982e-01
-3.707302212715148926e-01
-3.700822889804840088e-01
-3.699428737163543701e-01
-3.701353669166564941e-01
-3.703435063362121582e-01
-3.705060780048370361e-01
-3.704884052276611328e-01
-3.705642223358154297e-01
-3.698310554027557373e-01
-3.705129921436309814e-01
-3.701814711093902588e-01
-3.705084025859832764e-01
-3.707741796970367432e-01
-3.702892363071441650e-01
-3.701198399066925049e-01
-3.705573081970214844e-01
-3.704092204570770264e-01
-3.706894516944885254e-01
-3.710201382637023926e-01
-3.706029653549194336e-01
-3.703814148902893066e-01
-3.705337643623352051e-01
-3.699750304222106934e-01
-3.710623085498809814e-01
-3.705357015132904053e-01
-3.709126114845275879e-01
-3.706763684749603271e-01
-3.706841170787811279e-01
-3.703597486019134521e-01
-3.704743683338165283e-01
-3.708034157752990723e-01
-3.702133595943450928e-01
-3.704724013805389404e-01
-3.704964518547058105e-01
-3.706145882606506348e-01
-3.703061044216156006e-01
-3.708165884017944336e-01
-3.701978027820587158e-01
-3.708640635013580322e-01
-3.705070912837982178e-01
-3.704300522804260254e-01
-3.700158596038818359e-01
-3.705646991729736328e-01
-3.709928095340728760e-01
-3.711219131946563721e-01
-3.702932298183441162e-01
-3.708501458168029785e-01
-3.710700869560241699e-01
-3.709649145603179932e-01
-3.709002137184143066e-01
-3.702099025249481201e-01
-3.711925745010375977e-01
-3.709854781627655029e-01
-3.711299300193786621e-01
-3.705874979496002197e-01
-3.706624209880828857e-01
-3.710233569145202637e-01
-3.706041574478149414e-01
-3.704120218753814697e-01
-3.709957599639892578e-01
-3.710066676139831543e-01
-3.701945841312408447e-01
-3.704343438148498535e-01
-3.705963194370269775e-01
-3.708720803260803223e-01
-3.710555434226989746e-01
-3.707114160060882568e-01
-3.709776699542999268e-01
-3.713757991790771484e-01
-3.706497848033905029e-01
-3.697182536125183105e-01
-3.710429966449737549e-01
-3.706733286380767822e-01
-3.708057999610900879e-01
-3.695887029170989990e-01
-3.684287369251251221e-01
-3.696997761726379395e-01
-3.699997067451477051e-01
-3.695347309112548828e-01
-3.692245483398437500e-01
-3.683810234069824219e-01
-3.687941431999206543e-01
-3.698109090328216553e-01
-3.697231411933898926e-01
-3.694091439247131348e-01
-3.701212704181671143e-01
-3.698927164077758789e-01
-3.698948323726654053e-01
-3.687501847743988037e-01
-3.703141808509826660e-01
-3.707714974880218506e-01
-3.701446354389190674e-01
-3.702618181705474854e-01
-3.708552718162536621e-01
-3.700433671474456787e-01
-3.707011342048645020e-01
-3.700708150863647461e-01
-3.711501955986022949e-01
-3.692142665386199951e-01
-3.697930872440338135e-01
-3.702545166015625000e-01
-3.700159192085266113e-01
-3.700107932090759277e-01
-3.701536655426025391e-01
-3.706285357475280762e-01
-3.700478374958038330e-01
-3.703223764896392822e-01
-3.701021075248718262e-01
-3.697473704814910889e-01
-3.707602322101593018e-01
-3.710316717624664307e-01
-3.708844482898712158e-01
-3.705235719680786133e-01
-3.703885972499847412e-01
-3.707911968231201172e-01
-3.705573081970214844e-01
-3.691182434558868408e-01
-3.705477416515350342e-01
-3.699831068515777588e-01
-3.705961704254150391e-01
-3.698031306266784668e-01
-3.708257973194122314e-01
-3.706491887569427490e-01
-3.706741333007812500e-01
-3.707332909107208252e-01
-3.703991472721099854e-01
-3.703669905662536621e-01
-3.701612949371337891e-01
-3.706955611705780029e-01
-3.709111511707305908e-01
-3.708741962909698486e-01
-3.703525066375732422e-01
-3.701910674571990967e-01
-3.699395060539245605e-01
-3.703498542308807373e-01
-3.708465099334716797e-01
-3.704484105110168457e-01
-3.707051873207092285e-01
-3.708114027976989746e-01
-3.705052435398101807e-01
-3.703050613403320312e-01
-3.709280490875244141e-01
-3.715422451496124268e-01
-3.710659444332122803e-01
-3.708762228488922119e-01
-3.705360293388366699e-01
-3.705983757972717285e-01
-3.707088828086853027e-01
-3.700246810913085938e-01
-3.709432482719421387e-01
-3.709485828876495361e-01
-3.708645105361938477e-01
-3.699412941932678223e-01
-3.705274760723114014e-01
-3.706765770912170410e-01
-3.701888620853424072e-01
-3.705376088619232178e-01
-3.708323240280151367e-01
-3.710655570030212402e-01
-3.710950911045074463e-01
-3.714565932750701904e-01
-3.710643947124481201e-01
-3.710856437683105469e-01
-3.706308007240295410e-01
-3.703318238258361816e-01
-3.703312873840332031e-01
-3.705082833766937256e-01
-3.707573115825653076e-01
-3.700383901596069336e-01
-3.706814050674438477e-01
-3.710708022117614746e-01
-3.703024089336395264e-01
-3.708659410476684570e-01
-3.705966174602508545e-01
-3.712696135044097900e-01
-3.700340688228607178e-01
-3.713199496269226074e-01
-3.708090782165527344e-01
-3.709577620029449463e-01
-3.707175552845001221e-01
-3.701795339584350586e-01
-3.706438839435577393e-01
-3.703574538230895996e-01
-3.703931272029876709e-01
-3.704292476177215576e-01
-3.706440329551696777e-01
-3.711996972560882568e-01
-3.707953989505767822e-01
-3.705059885978698730e-01
-3.697587251663208008e-01
-3.693144619464874268e-01
-3.704605698585510254e-01
-3.701476454734802246e-01
-3.697954118251800537e-01
-3.702729344367980957e-01
-3.688401579856872559e-01
-3.684719800949096680e-01
-3.692954182624816895e-01
-3.700007200241088867e-01
-3.699415028095245361e-01
-3.695180714130401611e-01
-3.685805797576904297e-01
-3.705067336559295654e-01
-3.700573742389678955e-01
-3.688394725322723389e-01
-3.692733645439147949e-01
-3.685363233089447021e-01
-3.698789179325103760e-01
-3.703433871269226074e-01
-3.700597286224365234e-01
-3.698552846908569336e-01
-3.701228201389312744e-01
-3.705237507820129395e-01
-3.695395886898040771e-01
-3.697234988212585449e-01
-3.704081177711486816e-01
-3.697685003280639648e-01
-3.700409233570098877e-01
-3.699674010276794434e-01
-3.699961602687835693e-01
-3.709765672683715820e-01
-3.698801994323730469e-01
-3.696755170822143555e-01
-3.699313402175903320e-01
-3.702688515186309814e-01
-3.708906173706054688e-01
-3.699713945388793945e-01
-3.703798949718475342e-01
-3.702245354652404785e-01
-3.703721761703491211e-01
-3.703656494617462158e-01
-3.707000315189361572e-01
-3.705739676952362061e-01
-3.702689111232757568e-01
-3.711235821247100830e-01
-3.709526360034942627e-01
-3.706228733062744141e-01
-3.705509006977081299e-01
-3.706832826137542725e-01
-3.707474470138549805e-01
-3.705698251724243164e-01
-3.704149127006530762e-01
-3.704034090042114258e-01
-3.703159093856811523e-01
-3.706260323524475098e-01
-3.713147044181823730e-01
-3.707740604877471924e-01
-3.705572485923767090e-01
-3.708018064498901367e-01
-3.705133199691772461e-01
-3.709354996681213379e-01
-3.710758686065673828e-01
-3.704754710197448730e-01
-3.710706830024719238e-01
-3.704514801502227783e-01
-3.710510432720184326e-01
-3.709130883216857910e-01
-3.705713748931884766e-01
-3.709305524826049805e-01
-3.705120980739593506e-01
-3.706520497798919678e-01
-3.710400462150573730e-01
-3.710163533687591553e-01
-3.704920411109924316e-01
-3.708478212356567383e-01
-3.706522583961486816e-01
-3.707725703716278076e-01
-3.703383803367614746e-01
-3.709579110145568848e-01
-3.702083230018615723e-01
-3.707107603549957275e-01
-3.711673617362976074e-01
-3.707492649555206299e-01
-3.709421455860137939e-01
-3.708298802375793457e-01
-3.704732656478881836e-01
-3.704284727573394775e-01
-3.700155019760131836e-01
-3.704553246498107910e-01
-3.714742362499237061e-01
-3.704227209091186523e-01
-3.709346354007720947e-01
-3.703741133213043213e-01
-3.706392347812652588e-01
-3.709530830383300781e-01
-3.708438277244567871e-01
-3.708832263946533203e-01
-3.704604506492614746e-01
-3.716288208961486816e-01
-3.710562586784362793e-01
-3.704689443111419678e-01
-3.706333339214324951e-01
-3.710723221302032471e-01
-3.700746595859527588e-01
-3.706623017787933350e-01
-3.710801899433135986e-01
-3.710761070251464844e-01
-3.706405460834503174e-01
-3.703889846801757812e-01
-3.703362941741943359e-01
-3.708601593971252441e-01
-3.709653019905090332e-01
-3.707120716571807861e-01
-3.705657422542572021e-01
-3.702796101570129395e-01
-3.708507716655731201e-01
-3.704519569873809814e-01
-3.706053197383880615e-01
-3.708425164222717285e-01
-3.709447085857391357e-01
-3.713370561599731445e-01
-3.711395561695098877e-01
-3.707557916641235352e-01
-3.704323768615722656e-01
-3.702232539653778076e-01
-3.707489967346191406e-01
-3.704226613044738770e-01
-3.709357976913452148e-01
-3.711200654506683350e-01
-3.705822825431823730e-01
-3.709434866905212402e-01
-3.706473410129547119e-01
-3.704923689365386963e-01
-3.707543611526489258e-01
-3.708970844745635986e-01
-3.713848888874053955e-01
-3.709903061389923096e-01
-3.709253966808319092e-01
-3.707715570926666260e-01
-3.710957765579223633e-01
-3.711245059967041016e-01
-3.704144060611724854e-01
-3.703981339931488037e-01
-3.706105947494506836e-01
-3.707684576511383057e-01
-3.708323240280151367e-01
-3.699476420879364014e-01
-3.707815110683441162e-01
-3.708536326885223389e-01
-3.706964552402496338e-01
-3.714583218097686768e-01
-3.707332313060760498e-01
-3.710769116878509521e-01
-3.706541657447814941e-01
-3.705182075500488281e-01
-3.707619011402130127e-01
-3.704930841922760010e-01
-3.711418509483337402e-01
-3.696189820766448975e-01
-3.683891892433166504e-01
-3.699956238269805908e-01
-3.704476356506347656e-01
-3.704282343387603760e-01
-3.697400987148284912e-01
-3.696058988571166992e-01
-3.693303763866424561e-01
-3.709939718246459961e-01
-3.705506622791290283e-01
-3.694013059139251709e-01
-3.702023923397064209e-01
-3.710634708404541016e-01
-3.703609108924865723e-01
-3.695352971553802490e-01
-3.702632486820220947e-01
-3.700603246688842773e-01
-3.706451654434204102e-01
-3.703928589820861816e-01
-3.706764280796051025e-01
-3.708049356937408447e-01
-3.704842329025268555e-01
-3.705075979232788086e-01
-3.706213831901550293e-01
-3.705532550811767578e-01
-3.701637685298919678e-01
-3.707663416862487793e-01
-3.705677390098571777e-01
-3.710842430591583252e-01
-3.705154061317443848e-01
-3.704614639282226562e-01
-3.700422942638397217e-01
-3.702628910541534424e-01
-3.713825047016143799e-01
-3.707754015922546387e-01
-3.713802397251129150e-01
-3.706387877464294434e-01
-3.705199062824249268e-01
-3.710082471370697021e-01
-3.704628646373748779e-01
-3.710593283176422119e-01
-3.710606098175048828e-01
-3.706804215908050537e-01
-3.711600303649902344e-01
-3.713012635707855225e-01
-3.713262379169464111e-01
-3.706960678100585938e-01
-3.707027733325958252e-01
-3.707557916641235352e-01
-3.707512915134429932e-01
-3.713892698287963867e-01
-3.712724745273590088e-01
-3.706170320510864258e-01
-3.711234033107757568e-01
-3.707253932952880859e-01
-3.707965016365051270e-01
-3.711211383342742920e-01
-3.707598745822906494e-01
-3.713637590408325195e-01
-3.708706796169281006e-01
-3.703594505786895752e-01
-3.712441325187683105e-01
-3.706014454364776611e-01
-3.706923127174377441e-01
-3.707948327064514160e-01
-3.707482814788818359e-01
-3.704284727573394775e-01
-3.708579838275909424e-01
-3.698644936084747314e-01
-3.703916668891906738e-01
-3.713055551052093506e-01
-3.711265921592712402e-01
-3.708518445491790771e-01
-3.711773753166198730e-01
-3.707335293292999268e-01
-3.713426887989044189e-01
-3.713051080703735352e-01
-3.704443573951721191e-01
-3.710030615329742432e-01
-3.711924552917480469e-01
-3.711773753166198730e-01
-3.706894516944885254e-01
-3.711341917514801025e-01
-3.708021342754364014e-01
-3.704273700714111328e-01
-3.708240389823913574e-01
-3.705165386199951172e-01
-3.703199625015258789e-01
-3.706453144550323486e-01
-3.700706660747528076e-01
-3.709724843502044678e-01
-3.708445131778717041e-01
-3.704433143138885498e-01
-3.704268932342529297e-01
-3.711065053939819336e-01
-3.710806965827941895e-01
-3.709484040737152100e-01
-3.705520331859588623e-01
-3.705549836158752441e-01
-3.705366253852844238e-01
-3.710948228836059570e-01
-3.702995479106903076e-01
-3.701763451099395752e-01
-3.711895644664764404e-01
-3.709390163421630859e-01
-3.706968426704406738e-01
-3.703233003616333008e-01
-3.709462881088256836e-01
-3.705873787403106689e-01
-3.708647489547729492e-01
-3.711301982402801514e-01
-3.707666993141174316e-01
-3.707957863807678223e-01
-3.710682392120361328e-01
-3.709162175655364990e-01
-3.708563745021820068e-01
-3.706794679164886475e-01
-3.714283406734466553e-01
-3.707934617996215820e-01
-3.710862696170806885e-01
-3.704680800437927246e-01
-3.708740174770355225e-01
-3.706497848033905029e-01
-3.709616959095001221e-01
-3.705424070358276367e-01
-3.708602786064147949e-01
-3.706607520580291748e-01
-3.707868158817291260e-01
-3.709175884723663330e-01
-3.709039986133575439e-01
-3.709228634834289551e-01
-3.717148602008819580e-01
-3.706988990306854248e-01
-3.707662224769592285e-01
-3.710657358169555664e-01
-3.712157011032104492e-01
-3.706012070178985596e-01
-3.705961406230926514e-01
-3.708067536354064941e-01
-3.707104027271270752e-01
-3.696322143077850342e-01
-3.711735904216766357e-01
-3.701057732105255127e-01
-3.691165745258331299e-01
-3.699832856655120850e-01
-3.706470131874084473e-01
-3.706740736961364746e-01
-3.703849613666534424e-01
-3.703914880752563477e-01
-3.707650899887084961e-01
-3.701333403587341309e-01
-3.703526556491851807e-01
-3.704868853092193604e-01
-3.707595467567443848e-01
-3.710414171218872070e-01
-3.711043000221252441e-01
-3.706915378570556641e-01
-3.710812032222747803e-01
-3.707816302776336670e-01
-3.704785704612731934e-01
-3.709996044635772705e-01
-3.705227971076965332e-01
-3.700493276119232178e-01
-3.713231980800628662e-01
-3.701604902744293213e-01
-3.704913258552551270e-01
-3.706113994121551514e-01
-3.703902661800384521e-01
-3.704137504100799561e-01
-3.702979683876037598e-01
-3.708265423774719238e-01
-3.711170852184295654e-01
-3.707756102085113525e-01
-3.704634904861450195e-01
-3.704750835895538330e-01
-3.671741187572479248e-01
-3.610286414623260498e-01
-3.627201020717620850e-01
-3.671879768371582031e-01
-3.551972508430480957e-01
-3.623611927032470703e-01
-3.352640867233276367e-01
-3.595207333564758301e-01
-2.879172265529632568e-01
-3.431299328804016113e-01
-3.413459360599517822e-01
-3.186016976833343506e-01
-3.255150318145751953e-01
-3.381092548370361328e-01
-3.439862728118896484e-01
-3.422997295856475830e-01
-3.367101550102233887e-01
-3.419379889965057373e-01
-3.482166230678558350e-01
-3.499606251716613770e-01
-3.476897478103637695e-01
-3.458442986011505127e-01
-3.472438454627990723e-01
-3.513176441192626953e-01
-3.560899794101715088e-01
-3.574680984020233154e-01
-3.558120727539062500e-01
-3.562238216400146484e-01
-3.556543290615081787e-01
-3.587900400161743164e-01
-3.601907491683959961e-01
-3.611826002597808838e-01
-3.628020584583282471e-01
-3.640347719192504883e-01
-3.648404181003570557e-01
-3.643223643302917480e-01
-3.656363189220428467e-01
-3.664205372333526611e-01
-3.668583929538726807e-01
-3.671037852764129639e-01
-3.666470348834991455e-01
-3.680154383182525635e-01
-3.681778013706207275e-01
-3.682745397090911865e-01
-3.685052692890167236e-01
-3.683033883571624756e-01
-3.690614104270935059e-01
-3.691748082637786865e-01
-3.690888583660125732e-01
-3.699838817119598389e-01
-3.694044947624206543e-01
-3.692466616630554199e-01
-3.692007958889007568e-01
-3.698076307773590088e-01
-3.698773980140686035e-01
-3.692896962165832520e-01
-3.694545924663543701e-01
-3.700436651706695557e-01
-3.700147569179534912e-01
-3.698959350585937500e-01
-3.702344000339508057e-01
-3.706611990928649902e-01
-3.701233565807342529e-01
-3.702132701873779297e-01
-3.705423176288604736e-01
-3.701362609863281250e-01
-3.705537021160125732e-01
-3.699845671653747559e-01
-3.706350028514862061e-01
-3.699931204319000244e-01
-3.702615499496459961e-01
-3.701682686805725098e-01
-3.702331483364105225e-01
-3.700450956821441650e-01
-3.702138066291809082e-01
-3.696559071540832520e-01
-3.708429634571075439e-01
-3.701521754264831543e-01
-3.702339529991149902e-01
-3.700765371322631836e-01
-3.703334927558898926e-01
-3.703546524047851562e-01
-3.702647089958190918e-01
-3.702891170978546143e-01
-3.705258071422576904e-01
-3.706899285316467285e-01
-3.708247542381286621e-01
-3.709665536880493164e-01
-3.709063231945037842e-01
-3.709695935249328613e-01
-3.708890080451965332e-01
-3.704282343387603760e-01
-3.705247044563293457e-01
-3.704800605773925781e-01
-3.704117536544799805e-01
-3.699156641960144043e-01
-3.709192574024200439e-01
-3.705174624919891357e-01
-3.706814050674438477e-01
-3.710756301879882812e-01
-3.700950145721435547e-01
-3.701004683971405029e-01
-3.703684806823730469e-01
-3.707728981971740723e-01
-3.703919053077697754e-01
-3.704499304294586182e-01
-3.708600401878356934e-01
-3.711035251617431641e-01
-3.709167242050170898e-01
-3.706303238868713379e-01
-3.709151744842529297e-01
-3.705897331237792969e-01
-3.708668649196624756e-01
-3.712776303291320801e-01
-3.712907433509826660e-01
-3.702353537082672119e-01
-3.676006197929382324e-01
-3.705211579799652100e-01
-3.702912628650665283e-01
-3.676227629184722900e-01
-3.694505095481872559e-01
-3.691865205764770508e-01
-3.702088296413421631e-01
-3.689187765121459961e-01
-3.687980771064758301e-01
-3.699966967105865479e-01
-3.695876002311706543e-01
-3.697982132434844971e-01
-3.701174855232238770e-01
-3.697002530097961426e-01
-3.699505031108856201e-01
-3.704937100410461426e-01
-3.703518211841583252e-01
-3.696722984313964844e-01
-3.707169592380523682e-01
-3.707742989063262939e-01
-3.696616291999816895e-01
-3.706866502761840820e-01
-3.702602088451385498e-01
-3.703668415546417236e-01
-3.705167770385742188e-01
-3.710034787654876709e-01
-3.695532977581024170e-01
-3.703668415546417236e-01
-3.701443374156951904e-01
-3.704596161842346191e-01
-3.699482083320617676e-01
-3.705972433090209961e-01
-3.704591989517211914e-01
-3.705675005912780762e-01
-3.701234757900238037e-01
-3.707427382469177246e-01
-3.701280653476715088e-01
-3.705439269542694092e-01
-3.704550266265869141e-01
-3.699510991573333740e-01
-3.709061443805694580e-01
-3.711275756359100342e-01
-3.707181811332702637e-01
-3.706372678279876709e-01
-3.709463179111480713e-01
-3.707560896873474121e-01
-3.711243867874145508e-01
-3.707898557186126709e-01
-3.707087934017181396e-01
-3.709860742092132568e-01
-3.707050085067749023e-01
-3.711310327053070068e-01
-3.707880973815917969e-01
-3.704740703105926514e-01
-3.704368472099304199e-01
-3.712117969989776611e-01
-3.702150881290435791e-01
-3.703118264675140381e-01
-3.706401884555816650e-01
-3.703575432300567627e-01
-3.707534670829772949e-01
-3.706505000591278076e-01
-3.712402880191802979e-01
-3.711863458156585693e-01
-3.707141578197479248e-01
-3.704621493816375732e-01
-3.713298439979553223e-01
-3.709307909011840820e-01
-3.711736500263214111e-01
-3.705419003963470459e-01
-3.709712028503417969e-01
-3.709907233715057373e-01
-3.709149062633514404e-01
-3.705780506134033203e-01
-3.704220056533813477e-01
-3.703328073024749756e-01
-3.705889284610748291e-01
-3.704389035701751709e-01
-3.702825009822845459e-01
-3.704209625720977783e-01
-3.703835308551788330e-01
-3.706976175308227539e-01
-3.710044622421264648e-01
-3.703768849372863770e-01
-3.705114722251892090e-01
-3.706999123096466064e-01
-3.708508610725402832e-01
-3.707215487957000732e-01
-3.702317476272583008e-01
-3.707267940044403076e-01
-3.710343241691589355e-01
-3.705052137374877930e-01
-3.711310029029846191e-01
-3.704410493373870850e-01
-3.714375197887420654e-01
-3.706585168838500977e-01
-3.707635402679443359e-01
-3.713353574275970459e-01
-3.709740638732910156e-01
-3.708641231060028076e-01
-3.713523149490356445e-01
-3.711729943752288818e-01
-3.710603415966033936e-01
-3.707606792449951172e-01
-3.706161379814147949e-01
-3.711984157562255859e-01
-3.704189658164978027e-01
-3.706035017967224121e-01
-3.705681860446929932e-01
-3.708960711956024170e-01
-3.706316649913787842e-01
-3.707176446914672852e-01
-3.706079721450805664e-01
-3.712307214736938477e-01
-3.708002269268035889e-01
-3.708649575710296631e-01
-3.713467419147491455e-01
-3.708637058734893799e-01
-3.709428608417510986e-01
-3.710992932319641113e-01
-3.714093267917633057e-01
-3.708420693874359131e-01
-3.707966208457946777e-01
-3.711455166339874268e-01
-3.711892068386077881e-01
-3.713105320930480957e-01
-3.708509802818298340e-01
-3.700044453144073486e-01
-3.710204362869262695e-01
-3.717087507247924805e-01
-3.707026839256286621e-01
-3.706336021423339844e-01
-3.704976737499237061e-01
-3.702079355716705322e-01
-3.707404136657714844e-01
-3.702325820922851562e-01
-3.711621463298797607e-01
-3.708915412425994873e-01
-3.709798455238342285e-01
-3.707097470760345459e-01
-3.701206743717193604e-01
-3.702192604541778564e-01
-3.710224032402038574e-01
-3.711234331130981445e-01
-3.703298270702362061e-01
-3.701890110969543457e-01
-3.712262511253356934e-01
-3.705667257308959961e-01
-3.709259033203125000e-01
-3.707853555679321289e-01
-3.712915778160095215e-01
-3.709677755832672119e-01
-3.710428476333618164e-01
-3.710347414016723633e-01
-3.713002204895019531e-01
-3.707409203052520752e-01
-3.707879781723022461e-01
-3.715028166770935059e-01
-3.714274764060974121e-01
-3.710932731628417969e-01
-3.705669641494750977e-01
-3.706541657447814941e-01
-3.710430860519409180e-01
-3.710816502571105957e-01
-3.708065152168273926e-01
-3.707337677478790283e-01
-3.705836534500122070e-01
-3.714348375797271729e-01
-3.710089027881622314e-01
-3.709154129028320312e-01
-3.713279366493225098e-01
-3.710166513919830322e-01
-3.710233867168426514e-01
-3.712518215179443359e-01
-3.712905943393707275e-01
-3.707680702209472656e-01
-3.709846735000610352e-01
-3.707343637943267822e-01
-3.710256814956665039e-01
-3.709780275821685791e-01
-3.709766268730163574e-01
-3.706797659397125244e-01
-3.709751069545745850e-01
-3.707392513751983643e-01
-3.712358474731445312e-01
-3.712437450885772705e-01
-3.709477484226226807e-01
-3.705861270427703857e-01
-3.707565665245056152e-01
-3.709868192672729492e-01
-3.713640272617340088e-01
-3.708318173885345459e-01
-3.706221282482147217e-01
-3.711468875408172607e-01
-3.710983991622924805e-01
-3.709296286106109619e-01
-3.710026144981384277e-01
-3.714036941528320312e-01
-3.713005781173706055e-01
-3.713116049766540527e-01
-3.708454668521881104e-01
-3.713088333606719971e-01
-3.713890016078948975e-01
-3.710076808929443359e-01
-3.712293803691864014e-01
-3.707023262977600098e-01
-3.713231086730957031e-01
-3.708313405513763428e-01
-3.712385594844818115e-01
-3.707940578460693359e-01
-3.703126907348632812e-01
-3.710120916366577148e-01
-3.715451657772064209e-01
-3.710540533065795898e-01
-3.709862530231475830e-01
-3.714953064918518066e-01
-3.706793189048767090e-01
-3.712386488914489746e-01
-3.710439503192901611e-01
-3.707106709480285645e-01
-3.711386322975158691e-01
-3.707600831985473633e-01
-3.710980117321014404e-01
-3.712271451950073242e-01
-3.709795475006103516e-01
-3.713741600513458252e-01
-3.714353740215301514e-01
-3.711653053760528564e-01
-3.713547587394714355e-01
-3.705652654170989990e-01
-3.710189759731292725e-01
-3.708884418010711670e-01
-3.712657094001770020e-01
-3.708173930644989014e-01
-3.711164593696594238e-01
-3.712758123874664307e-01
-3.707693219184875488e-01
-3.707785606384277344e-01
-3.707740306854248047e-01
-3.713148236274719238e-01
-3.712370693683624268e-01
-3.714316487312316895e-01
-3.711735606193542480e-01
-3.712058663368225098e-01
-3.714183270931243896e-01
-3.709717988967895508e-01
-3.715567588806152344e-01
-3.711455166339874268e-01
-3.711181581020355225e-01
-3.709898889064788818e-01
-3.719111382961273193e-01
-3.711424469947814941e-01
-3.711981773376464844e-01
-3.711046576499938965e-01
-3.707805573940277100e-01
-3.702468276023864746e-01
-3.713911771774291992e-01
-3.718033432960510254e-01
-3.710274398326873779e-01
-3.712771534919738770e-01
-3.705681264400482178e-01
-3.708376288414001465e-01
-3.711118102073669434e-01
-3.714090287685394287e-01
-3.700456023216247559e-01
-3.711048662662506104e-01
-3.709141314029693604e-01
-3.709127902984619141e-01
-3.711230456829071045e-01
-3.709450960159301758e-01
-3.705140352249145508e-01
-3.712072074413299561e-01
-3.709735274314880371e-01
-3.708970546722412109e-01
-3.708590269088745117e-01
-3.709644079208374023e-01
-3.705635964870452881e-01
-3.694256246089935303e-01
-3.715338706970214844e-01
-3.699336946010589600e-01
-3.700394928455352783e-01
-3.709537982940673828e-01
-3.706299960613250732e-01
-3.700359463691711426e-01
-3.705336451530456543e-01
-3.706878125667572021e-01
-3.682528734207153320e-01
-3.707793653011322021e-01
-3.707816302776336670e-01
-3.710097074508666992e-01
-3.695901632308959961e-01
-3.701001107692718506e-01
-3.705121278762817383e-01
-3.702690303325653076e-01
-3.694226145744323730e-01
-3.700897395610809326e-01
-3.709775805473327637e-01
-3.706462383270263672e-01
-3.706174194812774658e-01
-3.700471222400665283e-01
-3.702873885631561279e-01
-3.706361055374145508e-01
-3.703556656837463379e-01
-3.704172968864440918e-01
-3.705009520053863525e-01
-3.696810901165008545e-01
-3.704497218132019043e-01
-3.704779744148254395e-01
-3.708980381488800049e-01
-3.702917695045471191e-01
-3.711529970169067383e-01
-3.709133267402648926e-01
-3.709849417209625244e-01
-3.704906702041625977e-01
-3.700260818004608154e-01
-3.706625998020172119e-01
-3.706705272197723389e-01
-3.704614937305450439e-01
-3.701596856117248535e-01
-3.702686727046966553e-01
-3.705895245075225830e-01
-3.711562454700469971e-01
-3.707617521286010742e-01
-3.706988394260406494e-01
-3.703715205192565918e-01
-3.704840838909149170e-01
-3.708432018756866455e-01
-3.710820972919464111e-01
-3.708771765232086182e-01
-3.708049058914184570e-01
-3.705389797687530518e-01
-3.707204461097717285e-01
-3.707838058471679688e-01
-3.708056509494781494e-01
-3.709811270236968994e-01
-3.708684742450714111e-01
-3.708254992961883545e-01
-3.708885610103607178e-01
-3.711132705211639404e-01
-3.708298206329345703e-01
-3.711370229721069336e-01
-3.714280426502227783e-01
-3.715843558311462402e-01
-3.711461722850799561e-01
-3.713807165622711182e-01
-3.712551295757293701e-01
-3.713685274124145508e-01
-3.711187541484832764e-01
-3.711956441402435303e-01
-3.713326752185821533e-01
-3.709674179553985596e-01
-3.712402284145355225e-01
-3.707071542739868164e-01
-3.712881505489349365e-01
-3.713073134422302246e-01
-3.711589872837066650e-01
-3.710418343544006348e-01
-3.711783587932586670e-01
-3.708294332027435303e-01
-3.711871802806854248e-01
-3.713745474815368652e-01
-3.712278604507446289e-01
-3.712305426597595215e-01
-3.713124990463256836e-01
-3.715507686138153076e-01
-3.711623251438140869e-01
-3.711558878421783447e-01
-3.713109493255615234e-01
-3.709683120250701904e-01
-3.710931837558746338e-01
-3.706184029579162598e-01
-3.707501292228698730e-01
-3.709886372089385986e-01
-3.712129294872283936e-01
-3.711299002170562744e-01
-3.711908161640167236e-01
-3.714324533939361572e-01
-3.705604076385498047e-01
-3.708198368549346924e-01
-3.716598153114318848e-01
-3.714655339717864990e-01
-3.714370727539062500e-01
-3.709631860256195068e-01
-3.710390329360961914e-01
-3.708399534225463867e-01
-3.713635802268981934e-01
-3.712372779846191406e-01
-3.714610040187835693e-01
-3.713036477565765381e-01
-3.708525002002716064e-01
-3.710228800773620605e-01
-3.709326386451721191e-01
-3.711461722850799561e-01
-3.713028430938720703e-01
-3.708707988262176514e-01
-3.711420893669128418e-01
-3.714077770709991455e-01
-3.709404766559600830e-01
-3.710996210575103760e-01
-3.707996308803558350e-01
-3.713836669921875000e-01
-3.708652853965759277e-01
-3.710370063781738281e-01
-3.707590103149414062e-01
-3.711431324481964111e-01
-3.714408576488494873e-01
-3.712057471275329590e-01
-3.711052834987640381e-01
-3.709959387779235840e-01
-3.705648183822631836e-01
-3.712968826293945312e-01
-3.717198967933654785e-01
-3.708544671535491943e-01
-3.709254264831542969e-01
-3.710880577564239502e-01
-3.712003827095031738e-01
-3.711837828159332275e-01
-3.712978661060333252e-01
-3.713068366050720215e-01
-3.710132837295532227e-01
-3.715130090713500977e-01
-3.709306716918945312e-01
-3.710148334503173828e-01
-3.709315359592437744e-01
-3.712676763534545898e-01
-3.709598481655120850e-01
-3.713223338127136230e-01
-3.710102140903472900e-01
-3.708513081073760986e-01
-3.712444901466369629e-01
-3.714078068733215332e-01
-3.713032305240631104e-01
-3.716780841350555420e-01
-3.714772760868072510e-01
-3.711071610450744629e-01
-3.709751665592193604e-01
-3.712073862552642822e-01
-3.709411025047302246e-01
-3.714024126529693604e-01
-3.711099922657012939e-01
-3.711427748203277588e-01
-3.711046576499938965e-01
-3.712681531906127930e-01
-3.709300458431243896e-01
-3.713529109954833984e-01
-3.712025284767150879e-01
-3.714229762554168701e-01
-3.712582886219024658e-01
-3.710882365703582764e-01
-3.711495697498321533e-01
-3.711914420127868652e-01
-3.705881834030151367e-01
-3.709718286991119385e-01
-3.708129823207855225e-01
-3.711324036121368408e-01
-3.715936839580535889e-01
-3.709619045257568359e-01
-3.711235225200653076e-01
-3.712314963340759277e-01
-3.709188699722290039e-01
-3.711002767086029053e-01
-3.717712461948394775e-01
-3.710580468177795410e-01
-3.710461258888244629e-01
-3.711776435375213623e-01
-3.714469075202941895e-01
-3.706806600093841553e-01
-3.711816370487213135e-01
-3.715472221374511719e-01
-3.716537356376647949e-01
-3.711576461791992188e-01
-3.706887364387512207e-01
-3.711062669754028320e-01
-3.710181117057800293e-01
-3.709335327148437500e-01
-3.712325096130371094e-01
-3.713372945785522461e-01
-3.711850047111511230e-01
-3.713836371898651123e-01
-3.710464537143707275e-01
-3.709238171577453613e-01
-3.709447085857391357e-01
-3.715604245662689209e-01
-3.714277744293212891e-01
-3.712355494499206543e-01
-3.706786334514617920e-01
-3.715516924858093262e-01
-3.715611100196838379e-01
-3.710767626762390137e-01
-3.712826967239379883e-01
-3.709949254989624023e-01
-3.711647689342498779e-01
-3.706344366073608398e-01
-3.711940348148345947e-01
-3.709890246391296387e-01
-3.710445463657379150e-01
-3.717190027236938477e-01
-3.715994954109191895e-01
-3.711211383342742920e-01
-3.714279234409332275e-01
-3.714902997016906738e-01
-3.706999123096466064e-01
-3.704878687858581543e-01
-3.706663846969604492e-01
-3.713752329349517822e-01
-3.707112967967987061e-01
-3.709322214126586914e-01
-3.705569803714752197e-01
-3.712910115718841553e-01
-3.706014752388000488e-01
-3.705875873565673828e-01
-3.706971406936645508e-01
-3.708983063697814941e-01
-3.713543713092803955e-01
-3.708355128765106201e-01
-3.714536130428314209e-01
-3.704157769680023193e-01
-3.708314001560211182e-01
-3.706517815589904785e-01
-3.709293305873870850e-01
-3.711115121841430664e-01
-3.711126148700714111e-01
-3.710568845272064209e-01
-3.711553812026977539e-01
-3.712105154991149902e-01
-3.712540566921234131e-01
-3.708674907684326172e-01
-3.710095584392547607e-01
-3.706705570220947266e-01
-3.717602491378784180e-01
-3.709365427494049072e-01
-3.704025745391845703e-01
-3.712914288043975830e-01
-3.713985085487365723e-01
-3.708010613918304443e-01
-3.708564341068267822e-01
-3.714346289634704590e-01
-3.710831105709075928e-01
-3.714813292026519775e-01
-3.710341751575469971e-01
-3.713463544845581055e-01
-3.708958625793457031e-01
-3.713947236537933350e-01
-3.714141249656677246e-01
-3.707586526870727539e-01
-3.717039227485656738e-01
-3.709710836410522461e-01
-3.708954453468322754e-01
-3.712474107742309570e-01
-3.711347579956054688e-01
-3.707097768783569336e-01
-3.715004324913024902e-01
-3.713455796241760254e-01
-3.714374899864196777e-01
-3.711833655834197998e-01
-3.710885047912597656e-01
-3.715603649616241455e-01
-3.716675043106079102e-01
-3.711946308612823486e-01
-3.713636398315429688e-01
-3.709631860256195068e-01
-3.713361918926239014e-01
-3.710304200649261475e-01
-3.713444173336029053e-01
-3.707354068756103516e-01
-3.708963096141815186e-01
-3.708137869834899902e-01
-3.709017336368560791e-01
-3.710962533950805664e-01
-3.703311085700988770e-01
-3.706847429275512695e-01
-3.703525364398956299e-01
-3.710030317306518555e-01
-3.708252906799316406e-01
-3.703471124172210693e-01
-3.711669743061065674e-01
-3.710863292217254639e-01
-3.710364997386932373e-01
-3.710294067859649658e-01
-3.712990283966064453e-01
-3.713676035404205322e-01
-3.708969056606292725e-01
-3.711169064044952393e-01
-3.714790046215057373e-01
-3.715872764587402344e-01
-3.706964254379272461e-01
-3.709383606910705566e-01
-3.708576261997222900e-01
-3.708843290805816650e-01
-3.713922798633575439e-01
-3.715447485446929932e-01
-3.716276884078979492e-01
-3.714189231395721436e-01
-3.713409304618835449e-01
-3.712905049324035645e-01
-3.706571161746978760e-01
-3.714481890201568604e-01
-3.712408840656280518e-01
-3.713070452213287354e-01
-3.711119890213012695e-01
-3.712130188941955566e-01
-3.711688220500946045e-01
-3.715139031410217285e-01
-3.712056279182434082e-01
-3.714260160923004150e-01
-3.713368475437164307e-01
-3.708220720291137695e-01
-3.711896240711212158e-01
-3.712244927883148193e-01
-3.710443973541259766e-01
-3.708685338497161865e-01
-3.713780343532562256e-01
-3.708614706993103027e-01
-3.709397315979003906e-01
-3.714922070503234863e-01
-3.713656663894653320e-01
-3.712900280952453613e-01
-3.711379468441009521e-01
-3.712880611419677734e-01
-3.711034953594207764e-01
-3.708041310310363770e-01
-3.710896074771881104e-01
-3.710055351257324219e-01
-3.708142042160034180e-01
-3.711310923099517822e-01
-3.711425364017486572e-01
-3.703061938285827637e-01
-3.711749017238616943e-01
-3.715713024139404297e-01
-3.708743155002593994e-01
-3.711374998092651367e-01
-3.712184429168701172e-01
-3.713900744915008545e-01
-3.714354038238525391e-01
-3.713393211364746094e-01
-3.712511062622070312e-01
-3.709597587585449219e-01
-3.706084489822387695e-01
-3.710689842700958252e-01
-3.711270093917846680e-01
-3.711650371551513672e-01
-3.716138303279876709e-01
-3.712523281574249268e-01
-3.713169693946838379e-01
-3.709016740322113037e-01
-3.715433478355407715e-01
-3.713555335998535156e-01
-3.712133169174194336e-01
-3.706575334072113037e-01
-3.708294928073883057e-01
-3.711246848106384277e-01
-3.713477551937103271e-01
-3.709491491317749023e-01
-3.711545169353485107e-01
-3.710649311542510986e-01
-3.708775639533996582e-01
-3.711467981338500977e-01
-3.706406354904174805e-01
-3.710241019725799561e-01
-3.712059557437896729e-01
-3.706260919570922852e-01
-3.705188632011413574e-01
-3.702376782894134521e-01
-3.715502917766571045e-01
-3.710889220237731934e-01
-3.709889948368072510e-01
-3.705866634845733643e-01
-3.710415959358215332e-01
-3.708738386631011963e-01
-3.713222742080688477e-01
-3.709257841110229492e-01
-3.707301616668701172e-01
-3.705171644687652588e-01
-3.709971308708190918e-01
-3.715082406997680664e-01
-3.706227540969848633e-01
-3.706808984279632568e-01
-3.705701529979705811e-01
-3.709110617637634277e-01
-3.700006902217864990e-01
-3.702850341796875000e-01
-3.707553446292877197e-01
-3.705772161483764648e-01
-3.706697523593902588e-01
-3.712003231048583984e-01
-3.713113665580749512e-01
-3.709827661514282227e-01
-3.704207837581634521e-01
-3.716116845607757568e-01
-3.713648617267608643e-01
-3.711158931255340576e-01
-3.711552023887634277e-01
-3.714411258697509766e-01
-3.715255260467529297e-01
-3.706419467926025391e-01
-3.719084560871124268e-01
-3.713662028312683105e-01
-3.710212409496307373e-01
-3.710844218730926514e-01
-3.714106082916259766e-01
-3.713917732238769531e-01
-3.704068362712860107e-01
-3.709022104740142822e-01
-3.714448511600494385e-01
-3.714913427829742432e-01
-3.703591823577880859e-01
-3.715772926807403564e-01
-3.715413212776184082e-01
-3.714064061641693115e-01
-3.711816966533660889e-01
-3.713155388832092285e-01
-3.712250590324401855e-01
-3.711143136024475098e-01
-3.707548975944519043e-01
-3.717243969440460205e-01
-3.707581162452697754e-01
-3.713799118995666504e-01
-3.712703287601470947e-01
-3.717128932476043701e-01
-3.710226416587829590e-01
-3.713169395923614502e-01
-3.718594908714294434e-01
-3.714713752269744873e-01
-3.713503479957580566e-01
-3.710352778434753418e-01
-3.713234663009643555e-01
-3.719924390316009521e-01
-3.711036443710327148e-01
-3.709277212619781494e-01
-3.710074126720428467e-01
-3.709610402584075928e-01
-3.711384832859039307e-01
-3.713576197624206543e-01
-3.709006309509277344e-01
-3.708975613117218018e-01
-3.716199696063995361e-01
-3.713176250457763672e-01
-3.711642324924468994e-01
-3.714066147804260254e-01
-3.715578317642211914e-01
-3.710742294788360596e-01
