1.552173826429579018e+00
1.485828081766764397e+00
1.434267467922634598e+00
1.420024447970920090e+00
1.373481856452094085e+00
1.274607658386230469e+00
1.263551182217068192e+00
1.190142949422200447e+00
1.170020845201280357e+00
1.101849238077799553e+00
1.074417644076877121e+00
1.037436485290527344e+00
9.711021847195095980e-01
9.543848037719726562e-01
8.995274437798393974e-01
8.803714646233452568e-01
8.133405049641927453e-01
7.766467200385199776e-01
7.559535768296983260e-01
7.044575479295518416e-01
6.669995519849989396e-01
6.408325831095377234e-01
6.024911668565537948e-01
5.695670445760091516e-01
5.262355804443359375e-01
5.005177921719021761e-01
4.500392278035481586e-01
4.489505026075575334e-01
4.253315395779079799e-01
3.863834540049235211e-01
3.422737121582031250e-01
3.275922404395209542e-01
2.902723418341742745e-01
2.790986431969536552e-01
2.549081908331977120e-01
2.367839548322889509e-01
2.012866867913140068e-01
1.820152733061048689e-01
1.621805429458618164e-01
1.502841843499077568e-01
1.288424995210435686e-01
1.082746850119696708e-01
8.124672704272800638e-02
8.683680825763279154e-02
6.660230954488118027e-02
4.171777764956156181e-02
3.965215550528632116e-02
2.253434558709462368e-02
-5.626463227801852852e-03
-5.272371901406181990e-03
-1.942948500315348423e-02
-2.948973576227824009e-02
-3.939963049358791852e-02
-5.673064125908745814e-02
-6.837271981769138529e-02
-8.291768365436130717e-02
-7.467197709613376810e-02
-1.066540545887417202e-01
-1.030571990542941685e-01
-1.068420807520548549e-01
-1.222788227929009347e-01
-1.299097537994384766e-01
-1.421784559885660715e-01
-1.480584806866115932e-01
-1.497201654646131697e-01
-1.563539240095350447e-01
-1.561706728405422573e-01
-1.649922132492065430e-01
-1.727402077780829659e-01
-1.712972985373603096e-01
-1.884279780917697544e-01
-1.838135851754082450e-01
-1.866234143575032645e-01
-1.882410181893242607e-01
-1.926388740539550781e-01
-2.006831831402248745e-01
-2.090104156070285435e-01
-2.063959174686008091e-01
-2.120126618279351005e-01
-2.077117760976155691e-01
-2.159155474768744698e-01
-2.165073023902045479e-01
-2.239716317918565569e-01
-2.237990697224934988e-01
-2.192072603437635603e-01
-2.247566117180718193e-01
-2.231553130679660435e-01
-2.334333790673149833e-01
-2.267311678992377511e-01
-2.350634998745388393e-01
-2.263609568277994699e-01
-2.353721989525688896e-01
-2.384205659230550223e-01
-2.395399941338433036e-01
-2.315787474314371652e-01
-2.449265321095784598e-01
-2.412698003980848493e-01
-2.454711861080593471e-01
-2.419916523827446708e-01
-2.468385166592068081e-01
-2.462433709038628349e-01
-2.480686770545111886e-01
-2.481242550743950614e-01
-2.494326167636447544e-01
-2.480455769432915458e-01
-2.471312681833902902e-01
-2.442736625671386719e-01
-2.516732215881347656e-01
-2.531558937496609096e-01
-2.510326968299018136e-01
-2.497202025519477120e-01
-2.574550840589735490e-01
-2.559152444203694476e-01
-2.524096965789794922e-01
-2.529723909166123885e-01
-2.526124848259819755e-01
-2.557731204562717076e-01
-2.570610046386718750e-01
-2.548803753323025112e-01
-2.544744014739990234e-01
-2.537906169891357422e-01
-2.530265119340684432e-01
-2.503838539123535156e-01
-2.571562396155463448e-01
-2.544724676344130021e-01
-2.558336522844102401e-01
-2.540644009908040180e-01
-2.560678323109944476e-01
-2.570427523718940011e-01
-2.546703550550672990e-01
-2.582668463389078961e-01
-2.595433659023708706e-01
-2.538918654123942242e-01
-2.552495267656114120e-01
-2.574222617679172154e-01
-2.572353416019015904e-01
-2.540984153747558594e-01
-2.590307924482557755e-01
-2.529692384931776505e-01
-2.555723985036214008e-01
-2.585121525658501396e-01
-2.580337524414062500e-01
-2.588100963168674107e-01
-2.541999816894531250e-01
-2.589444584316677456e-01
-2.532958454555935268e-01
-2.575249407026503068e-01
-2.546997600131564732e-01
-2.608408663007948380e-01
-2.594340642293294086e-01
-2.582978407541910992e-01
-2.583346896701388951e-01
-2.562381161583794364e-01
-2.576031419965956193e-01
-2.567855781979030971e-01
-2.570242087046305524e-01
-2.550502883063422432e-01
-2.611649566226535435e-01
-2.572684817843967076e-01
-2.582739988962809430e-01
-2.573816511366102677e-01
-2.563132180107964286e-01
-2.578216658698188057e-01
-2.595903608534071427e-01
-2.621625529395209542e-01
-2.569288412729899274e-01
-2.586628331078423271e-01
-2.590880923800998326e-01
-2.575560410817464008e-01
-2.560600704616970424e-01
-2.570360501607258930e-01
-2.609904077317979354e-01
-2.562916278839111328e-01
-2.594592041439480190e-01
-2.600447601742214565e-01
-2.580937544504801617e-01
-2.612828148735893974e-01
-2.560675938924153461e-01
-2.584705882602267857e-01
-2.605717711978488560e-01
-2.581999037000868302e-01
-2.577651076846652622e-01
-2.611040009392632255e-01
-2.622420787811279297e-01
-2.581387625800238839e-01
-2.572438716888427734e-01
-2.550571759541829242e-01
-2.591950893402099609e-01
-2.612103356255425224e-01
-2.546903027428520927e-01
-2.599320676591660995e-01
-2.590152687496609096e-01
-2.647229300604926339e-01
-2.569736374749077568e-01
-2.576542960272895089e-01
-2.595776981777614956e-01
-2.564135392506917133e-01
-2.552185853322346820e-01
-2.610135078430175781e-01
-2.624648412068684711e-01
-2.579109138912624721e-01
-2.595628367529975167e-01
-2.603596051534016742e-01
-2.608915964762369977e-01
-2.597020467122395648e-01
-2.566306855943467635e-01
-2.615883880191379185e-01
-2.602820661332871932e-01
-2.580378055572509766e-01
-2.567181852128770370e-01
-2.603913942972819195e-01
-2.596322695414225445e-01
-2.594217194451226005e-01
-2.591260009341769810e-01
-2.590612570444743024e-01
-2.582513491312662945e-01
-2.623591158125135880e-01
-2.605712413787841797e-01
-2.578728728824191685e-01
-2.620556619432237166e-01
-2.586437066396077289e-01
-2.604629728529188615e-01
-2.593213452233208427e-01
-2.601299285888671875e-01
-2.610556019677056083e-01
-2.644277413686116351e-01
-2.579451931847466239e-01
-2.612348397572835101e-01
-2.609267764621310826e-01
-2.591612868838840122e-01
-2.621923552619086495e-01
-2.614575756920708427e-01
-2.591785060034857979e-01
-2.605400615268283482e-01
-2.618183294932047711e-01
-2.613582346174452287e-01
-2.606357468499077568e-01
-2.615320152706570034e-01
-2.610470983717176896e-01
-2.642875512440999164e-01
-2.614185280270046596e-01
-2.591599888271755581e-01
-2.600439389546712055e-01
-2.608877287970648995e-01
-2.658592594994438896e-01
-2.608492374420166016e-01
-2.586980925665961495e-01
-2.615452872382270089e-01
-2.609530289967854633e-01
-2.621745003594292411e-01
-2.585576110415988560e-01
-2.651326921251084823e-01
-2.617163128323025112e-01
-2.647078567081027622e-01
-2.622035609351264229e-01
-2.651416195763481864e-01
-2.649218771192762834e-01
-2.626648743947346820e-01
-2.620716094970703125e-01
-2.657963964674208146e-01
-2.613765133751763114e-01
-2.681360774570041294e-01
-2.640379799736870536e-01
-2.621635331047905693e-01
-2.612097528245713729e-01
-2.618738545311821708e-01
-2.623892625172932758e-01
-2.616177399953206195e-01
-2.598235607147216797e-01
-2.617626984914143695e-01
-2.629075050354003906e-01
-2.626126607259114398e-01
-2.608109845055474052e-01
-2.618705696529812221e-01
-2.632043626573350448e-01
-2.612705495622422713e-01
-2.577126291063096541e-01
-2.631716993119981307e-01
-2.624879678090413226e-01
-2.634789148966471539e-01
-2.618553108639187221e-01
-2.611838181813557758e-01
-2.599616580539279576e-01
-2.667639520433213729e-01
-2.648633321126301898e-01
-2.665190431806776505e-01
-2.608258459303114396e-01
-2.619228627946641463e-01
-2.634459866417778739e-01
-2.642944918738471261e-01
-2.636506557464599609e-01
-2.640645503997802734e-01
-2.636627886030409318e-01
-2.661472161610921039e-01
-2.600233819749619979e-01
-2.669954299926757812e-01
-2.625093195173475724e-01
-2.626105944315592633e-01
-2.617298762003580914e-01
-2.634655369652642021e-01
-2.621127499474419364e-01
-2.667996618482801896e-01
-2.634391519758436662e-01
-2.656298213534885044e-01
-2.617416646745469588e-01
-2.645421822865803851e-01
-2.654672728644477120e-01
-2.651995817820231305e-01
-2.641867531670464286e-01
-2.649023532867431641e-01
-2.702341609530978794e-01
-2.643051412370469588e-01
-2.660750283135308036e-01
-2.625874148474799386e-01
-2.638440397050645370e-01
-2.658790747324625836e-01
-2.617425653669569474e-01
-2.655782434675428849e-01
-2.655005984836154576e-01
-2.686183187696669084e-01
-2.679100566440158482e-01
-2.646032969156901227e-01
-2.674326896667480469e-01
-2.654258939954969865e-01
-2.686154577467176896e-01
-2.650724781884087333e-01
-2.663548257615830916e-01
-2.691417535146077289e-01
-2.663507726457383651e-01
-2.665002081129286271e-01
-2.659269173940022601e-01
-2.613768047756618862e-01
-2.656061384412977677e-01
-2.640464835696750279e-01
-2.656936380598280412e-01
-2.667051951090494977e-01
-2.652615971035427456e-01
-2.639232211642795201e-01
-2.623197767469618302e-01
-2.656346691979302177e-01
-2.652832667032877789e-01
-2.650987837049696427e-01
-2.644143899281819476e-01
-2.617059548695881976e-01
-2.673202090793185826e-01
-2.696661154429118024e-01
-2.647714879777696151e-01
-2.664322058359782086e-01
-2.661365138159857979e-01
-2.667183611128065568e-01
-2.619047694736056919e-01
-2.668334378136528739e-01
-2.704948849148220424e-01
-2.670521471235487443e-01
-2.644122971428765068e-01
-2.661055988735622768e-01
-2.680420345730251674e-01
-2.654919094509548549e-01
-2.660598754882812500e-01
-2.676539685991075057e-01
-2.695378992292616349e-01
-2.666924264695909041e-01
-2.661361164516872768e-01
-2.653595341576470146e-01
-2.675079239739311943e-01
-2.660138871934678573e-01
-2.676476107703315011e-01
-2.655349837409125557e-01
-2.647356722089979630e-01
-2.631371815999348773e-01
-2.686175240410698661e-01
-2.672610547807481307e-01
-2.707475026448567523e-01
-2.664735317230224609e-01
-2.658717367384169084e-01
-2.665108839670817242e-01
-2.642257213592529297e-01
-2.671593825022379742e-01
-2.663503222995334263e-01
-2.680174774593777065e-01
-2.683160305023193359e-01
-2.712484465705023995e-01
-2.645453347100151786e-01
-2.639793290032280693e-01
-2.689323425292968750e-01
-2.709089120229085101e-01
-2.662791146172417411e-01
-2.680461671617295760e-01
-2.644778887430827008e-01
-2.670886516571044922e-01
-2.692205376095241909e-01
-2.683296998341878070e-01
-2.672733465830485211e-01
-2.659028636084662667e-01
-2.695363627539740792e-01
-2.671041223737928849e-01
-2.696480221218532924e-01
-2.656123638153076172e-01
-2.660085625118679409e-01
-2.691831588745117188e-01
-2.681078116099039899e-01
-2.688012123107910156e-01
-2.686811818016899833e-01
-2.667005591922336216e-01
-2.681433889600965959e-01
-2.662394841512044086e-01
-2.672456900278727399e-01
-2.685153484344482422e-01
-2.663452890184190291e-01
-2.680497434404160995e-01
-2.701167530483669643e-01
-2.663658459981282367e-01
-2.690109411875407086e-01
-2.692200077904595146e-01
-2.705971664852566128e-01
-2.690081861284043807e-01
-2.678785059187147599e-01
-2.669030030568440570e-01
-2.681649790869818917e-01
-2.687667740715874443e-01
-2.672160466512044086e-01
-2.661195331149631138e-01
-2.672877841525607701e-01
-2.720664342244465961e-01
-2.685648600260416852e-01
-2.706956333584255581e-01
-2.707206143273247489e-01
-2.706566121843125838e-01
-2.697571118672688617e-01
-2.707450124952528459e-01
-2.726461092631022320e-01
-2.704548305935329799e-01
-2.699761655595567245e-01
-2.706110477447509766e-01
-2.700266838073730469e-01
-2.698396841684977399e-01
-2.698397371504042130e-01
-2.702812088860405693e-01
-2.716257042355007534e-01
-2.725180519951714286e-01
-2.728443145751953125e-01
-2.688934273189968471e-01
-2.717379199133979073e-01
-2.682146761152479630e-01
-2.718092865414089565e-01
-2.725770738389756698e-01
-2.724512153201633091e-01
-2.714554998609755021e-01
-2.755544715457492466e-01
-2.672672801547580357e-01
-2.691400580936008091e-01
-2.691829999287922992e-01
-2.686397234598795758e-01
-2.696246306101481305e-01
-2.722467846340603237e-01
-2.720993359883626117e-01
-2.729768753051757812e-01
-2.730791038937038784e-01
-2.716243267059326172e-01
-2.708936532338460101e-01
-2.704354921976725445e-01
-2.705730597178141461e-01
-2.686042520734999162e-01
-2.721929815080430526e-01
-2.736619578467475167e-01
-2.719357013702392578e-01
-2.722669707404242745e-01
-2.688799699147542133e-01
-2.726325194040934430e-01
-2.681560781266953963e-01
-2.732616530524359932e-01
-2.670678562588161831e-01
-2.682976987626817245e-01
-2.686083316802978516e-01
-2.717948224809434432e-01
-2.718506919013129464e-01
-2.710874345567491073e-01
-2.749154037899441128e-01
-2.711183230082194195e-01
-2.710063192579481584e-01
-2.712518903944227677e-01
-2.721916039784749164e-01
-2.720407379998101005e-01
-2.726689709557427177e-01
-2.765346897972954521e-01
-2.734662691752116070e-01
-2.689964771270751953e-01
-2.751497162712944755e-01
-2.718536323971218471e-01
-2.732093334197998047e-01
-2.763194508022732143e-01
-2.734175788031684151e-01
-2.714686923556857701e-01
-2.717057334052191964e-01
-2.737337748209635602e-01
-2.715499666002061385e-01
-2.704735067155625838e-01
-2.720169226328532086e-01
-2.693127261267768136e-01
-2.700524065229628068e-01
-2.743217150370280133e-01
-2.690749698215060826e-01
-2.721038394504123326e-01
-2.774195671081542969e-01
-2.738591300116645089e-01
-2.724639574686686383e-01
-2.754818333519829521e-01
-2.741443051232231864e-01
-2.731869485643174666e-01
-2.769199212392171039e-01
-2.735884189605712891e-01
-2.744536929660373326e-01
-2.742831971910264510e-01
-2.718488640255398159e-01
-2.708066304524739398e-01
-2.721270720163981305e-01
-2.734621365865071430e-01
-2.733983463711208706e-01
-2.748559845818413505e-01
-2.789513799879286271e-01
-2.700767252180311662e-01
-2.734486791822645646e-01
-2.740516927507188338e-01
-2.760354148017035714e-01
-2.694937123192681083e-01
-2.743330531650119419e-01
-2.770360840691460380e-01
-2.718779246012369977e-01
-2.728191481696234932e-01
-2.734219233194987164e-01
-2.748876677619086495e-01
-2.742427719963921318e-01
-2.705353101094563617e-01
-2.723447216881645927e-01
-2.732437451680501117e-01
-2.705172167883979073e-01
-2.771533860100640068e-01
-2.714729309082031250e-01
-2.740665276845296039e-01
-2.757906383938259487e-01
-2.752522892422146206e-01
-2.731060187021891461e-01
-2.752333747016059151e-01
-2.752931647830539341e-01
-2.749745845794677734e-01
-2.754644552866618024e-01
-2.738879786597357979e-01
-2.743513054317898159e-01
-2.760391235351562500e-01
-2.765885988871256695e-01
-2.735195689731174107e-01
-2.738027837541368026e-01
-2.790682580735948104e-01
-2.767659028371174945e-01
-2.743335035112168807e-01
-2.737659083472357979e-01
-2.737343841128879185e-01
-2.751088142395019531e-01
-2.748738129933674945e-01
-2.778804037306044084e-01
-2.727515697479248047e-01
-2.760006321801079521e-01
-2.743494775560166854e-01
-2.733542919158935547e-01
-2.730667591094970703e-01
-2.771498097313774833e-01
-2.749506897396511440e-01
-2.770195272233750838e-01
-2.742529445224338169e-01
-2.727917035420735492e-01
-2.750774754418267021e-01
-2.765204376644558315e-01
-2.778149180942111607e-01
-2.784081035190158482e-01
-2.786844571431477680e-01
-2.759705649481879464e-01
-2.789792749616835099e-01
-2.739073170555962333e-01
-2.732145786285400391e-01
-2.726366519927978516e-01
-2.745741738213433036e-01
-2.749470339881049386e-01
-2.772557470533583146e-01
-2.778580718570285435e-01
-2.751291857825385323e-01
-2.759852674272325057e-01
-2.742528120676676617e-01
-2.734295792049831753e-01
-2.766839663187662945e-01
-2.773619227939181919e-01
-2.764628198411729354e-01
-2.774135536617702846e-01
-2.790016863081190568e-01
-2.751106950971815568e-01
-2.774245209164089565e-01
-2.766253418392605190e-01
-2.760046588049994698e-01
-2.803181807200114117e-01
-2.760857741038004742e-01
-2.756263679928249721e-01
-2.775673866271972656e-01
-2.742928398980034599e-01
-2.753624121348063336e-01
-2.770382563273112164e-01
-2.770804034339057198e-01
-2.780179977416992188e-01
-2.770062817467583427e-01
-2.771261268191867466e-01
-2.800391780005561104e-01
-2.796926498413085938e-01
-2.766597270965576172e-01
-2.768805027008056641e-01
-2.783419026268852958e-01
-2.775107754601372489e-01
-2.774999141693115234e-01
-2.757790088653564453e-01
-2.792491118113200055e-01
-2.808771133422851562e-01
-2.764083809322780971e-01
-2.815446588728163224e-01
-2.765987979041205636e-01
-2.799186706542968750e-01
-2.751819557613796596e-01
-2.753745979732937221e-01
-2.829919126298692245e-01
-2.759655581580268136e-01
-2.821315129597981586e-01
-2.747173839145236607e-01
-2.761327160729302177e-01
-2.765886518690321427e-01
-2.758514616224501115e-01
-2.778915034400092354e-01
-2.791248427497016182e-01
-2.758985360463460101e-01
-2.779060204823811664e-01
-2.759969499376084823e-01
-2.768503295050727120e-01
-2.800947825113932477e-01
-2.771324846479628068e-01
-2.757803334130181083e-01
-2.783613469865586776e-01
-2.759605248769124164e-01
-2.786042425367567521e-01
-2.790828810797797432e-01
-2.771959834628635044e-01
-2.789625061882866630e-01
-2.799956798553466797e-01
-2.778009838528103237e-01
-2.778535683949788226e-01
-2.784667015075683594e-01
-2.784141169653998604e-01
-2.795941299862331753e-01
-2.779620223575168247e-01
-2.751115163167317523e-01
-2.787671354081895370e-01
-2.796226607428656807e-01
-2.794635295867919922e-01
-2.761477364434136161e-01
-2.785539891984727401e-01
-2.777458296881781807e-01
-2.770066791110568638e-01
-2.824110719892714005e-01
-2.783616648779975167e-01
-2.796144220564100724e-01
-2.779378890991210938e-01
-2.759763399759928570e-01
-2.800482908884684430e-01
-2.779279549916585101e-01
-2.803282207912868862e-01
-2.790878878699408761e-01
-2.819307645161946430e-01
-2.761242389678955078e-01
-2.796791394551594867e-01
-2.786048253377278461e-01
-2.788344754113091239e-01
-2.820941077338324776e-01
-2.789543469746907367e-01
-2.817111015319824219e-01
-2.806927098168267021e-01
-2.788147661421034318e-01
-2.848083178202311383e-01
-2.827253341674804688e-01
-2.799014780256483537e-01
-2.807723946041530971e-01
-2.829324404398600445e-01
-2.851138114929199219e-01
-2.817515002356635323e-01
-2.809814347161186943e-01
-2.825388113657633649e-01
-2.822028001149495258e-01
-2.832636833190917969e-01
-2.795045375823974609e-01
-2.814565499623616351e-01
-2.835564613342285156e-01
-2.822341654035780412e-01
-2.774484422471787948e-01
-2.813564671410454521e-01
-2.788408332400851841e-01
-2.803031603495280133e-01
-2.813690503438313617e-01
-2.816175089942084542e-01
-2.810413837432861328e-01
-2.808852195739746094e-01
-2.805615266164143695e-01
-2.818315823872883930e-01
-2.796162234412299386e-01
-2.797294722663031807e-01
-2.810925642649332867e-01
-2.837920718722873326e-01
-2.802168528238932477e-01
-2.809450361463758927e-01
-2.786675294240315570e-01
-2.853122552235921039e-01
-2.789242532518174666e-01
-2.806532647874619979e-01
-2.851388454437255859e-01
-2.830329736073811664e-01
-2.807024055057101841e-01
-2.824639214409722099e-01
-2.807661957210964565e-01
-2.827945020463731307e-01
-2.830073303646511440e-01
-2.818416754404703961e-01
-2.808483706580268136e-01
-2.790333429972330914e-01
-2.799578507741292133e-01
-2.804766496022542133e-01
-2.813140551249186383e-01
-2.802957958645290737e-01
-2.860576046837700614e-01
-2.827183670467800503e-01
-2.820468213823106307e-01
-2.797286245557997209e-01
-2.833316591050889510e-01
-2.828746106889512557e-01
-2.827540238698323383e-01
-2.849998474121093750e-01
-2.815188301934136161e-01
-2.829054991404215680e-01
-2.838059266408284320e-01
-2.829775015513102399e-01
-2.853823767768012276e-01
-2.812644640604655133e-01
-2.846828301747639789e-01
-2.796078258090549107e-01
-2.842456499735514508e-01
-2.827335993448893414e-01
-2.818551328447129745e-01
-2.813735273149278182e-01
-2.832552591959635602e-01
-2.812508742014567242e-01
-2.817311816745334263e-01
-2.827049096425374164e-01
-2.819408575693766461e-01
-2.819402217864990234e-01
-2.808751265207926617e-01
-2.849174870385063896e-01
-2.835133605533176060e-01
-2.836774190266926898e-01
-2.849685880872938615e-01
-2.840250598059760323e-01
-2.853663232591416854e-01
-2.827948199378119698e-01
-2.847672833336724052e-01
-2.855339315202500838e-01
-2.809693813323974609e-01
-2.841379377577040177e-01
-2.836072180006239396e-01
-2.855985164642333984e-01
-2.830464310116238003e-01
-2.868732611338297711e-01
-2.841122415330674666e-01
-2.818820476531982422e-01
-2.834392123752170201e-01
-2.817688253190782088e-01
-2.848243183559841518e-01
-2.817904684278700334e-01
-2.856310208638508930e-01
-2.858189476860893974e-01
-2.853547732035319195e-01
-2.840866777631971818e-01
-2.854045232137044086e-01
-2.835515340169270648e-01
-2.839552826351589565e-01
-2.849245866139729633e-01
-2.823171880510118026e-01
-2.853391170501708984e-01
-2.856422265370686664e-01
-2.854860093858506698e-01
-2.821221086714003068e-01
-2.825601365831162948e-01
-2.844395107693142299e-01
-2.824216683705647601e-01
-2.859297328525119419e-01
-2.851461039649115792e-01
-2.846213711632622489e-01
-2.828419208526611328e-01
-2.842270533243815289e-01
-2.865774896409776229e-01
-2.862255308363172990e-01
-2.873716884189181919e-01
-2.865468925899929409e-01
-2.840881347656250000e-01
-2.869788805643717633e-01
-2.859230836232503070e-01
-2.865477403004964008e-01
-2.842272917429606305e-01
-2.851552168528239117e-01
-2.852540016174316406e-01
-2.857499122619628906e-01
-2.832538021935356864e-01
-2.835691240098741073e-01
-2.819274531470404854e-01
-2.872736718919541854e-01
-2.854005230797661552e-01
-2.881587876213921318e-01
-2.832962671915690289e-01
-2.867880397372775669e-01
-2.856634722815619698e-01
-2.871938546498616351e-01
-2.874344719780815849e-01
-2.865102820926242466e-01
-2.834145757887098771e-01
-2.865593698289659041e-01
-2.856964270273844586e-01
-2.876608636644151229e-01
-2.876111666361491070e-01
-2.819813887278239117e-01
-2.843811247083876115e-01
-2.862585385640462055e-01
-2.856067286597357979e-01
-2.879571914672851562e-01
-2.853237787882487164e-01
-2.860886520809597378e-01
-2.837647596995035992e-01
-2.862912284003363839e-01
-2.860853672027587891e-01
-2.868189546797010880e-01
-2.854657967885335101e-01
-2.891711129082573661e-01
-2.874350017971462612e-01
-2.861848937140570870e-01
-2.911729282803005581e-01
-2.896205584208170758e-01
-2.866814931233723773e-01
-2.860566510094536552e-01
-2.856936719682481307e-01
-2.863755226135253906e-01
-2.847006850772433872e-01
-2.855836550394694195e-01
-2.876665592193603516e-01
-2.841440041859944476e-01
-2.835137579176161271e-01
-2.840549416012234096e-01
-2.870644993252224331e-01
-2.850234243604872209e-01
-2.857528527577717914e-01
-2.898450427585178013e-01
-2.854908837212456474e-01
-2.905791600545247211e-01
-2.857307857937282924e-01
-2.847317589653862724e-01
-2.843684885236952287e-01
-2.853656609853108539e-01
-2.898133860694037667e-01
-2.894982496897379742e-01
-2.858694659339057198e-01
-2.889492246839735490e-01
-2.858380741543239956e-01
-2.838480472564697266e-01
-2.850438223944770089e-01
-2.848018275366889229e-01
-2.864748901791042690e-01
-2.869544029235839844e-01
-2.861621379852294922e-01
-2.877375284830729352e-01
-2.873128255208333148e-01
-2.875199317932128906e-01
-2.872172461615668526e-01
-2.915877236260308036e-01
-2.895324230194091797e-01
-2.862586710188124162e-01
-2.871364752451578961e-01
-2.862873872121174945e-01
-2.887898551093207589e-01
-2.870729764302571430e-01
-2.845671176910400391e-01
-2.903271251254611607e-01
-2.895863056182861328e-01
-2.886110941569010602e-01
-2.910398112403022042e-01
-2.890383402506510602e-01
-2.868660026126437779e-01
-2.892004383934868583e-01
-2.898701826731364117e-01
-2.874253855811225167e-01
-2.869998084174262276e-01
-2.893146938747829799e-01
-2.869196997748481026e-01
-2.882808049519856586e-01
-2.898253599802653180e-01
-2.886327107747395648e-01
-2.863339053259955636e-01
-2.878803941938612443e-01
-2.913087473975287667e-01
-2.897526952955458146e-01
-2.878999180263943081e-01
-2.907447285122341518e-01
-2.890136771731906529e-01
-2.899364100562201729e-01
-2.892628245883517857e-01
-2.890414926740858537e-01
-2.873630523681640625e-01
-2.896970378028022042e-01
-2.906791369120280133e-01
-2.880471017625596541e-01
-2.884130742814805526e-01
-2.910574012332492466e-01
-2.903612454732258930e-01
-2.867809136708577289e-01
-2.861859798431396484e-01
-2.868343989054362164e-01
-2.895407941606309432e-01
-2.891769409179687500e-01
-2.902007102966308594e-01
-2.893085479736328125e-01
-2.929725382063124162e-01
-2.943285041385226841e-01
-2.881293296813964844e-01
-2.877381377749972935e-01
-2.899057865142822266e-01
-2.890720367431640625e-01
-2.872994210984971541e-01
-2.890806198120117188e-01
-2.897213300069172992e-01
-2.892307440439860211e-01
-2.890938123067219867e-01
-2.889423900180392857e-01
-2.915705045064290180e-01
-2.926914427015516740e-01
-2.903741465674506417e-01
-2.888076570298936385e-01
-2.879421446058485490e-01
-2.891685962677001953e-01
-2.935928238762749443e-01
-2.905179129706488839e-01
-2.914909256829155693e-01
-2.916031148698594588e-01
-2.920157114664713727e-01
-2.948058711157904854e-01
-2.878642612033420201e-01
-2.906038231319851284e-01
-2.938297059800889510e-01
-2.889707088470458984e-01
-2.918930318620469588e-01
-2.928576999240451451e-01
-2.905399269527859096e-01
-2.904930114746093750e-01
-2.920569048987494698e-01
-2.925420072343614120e-01
-2.860942416720920201e-01
-2.905817826588948383e-01
-2.895285023583306083e-01
-2.911023828718397599e-01
-2.892560164133707867e-01
-2.938570976257324219e-01
-2.902398639255099888e-01
-2.883022891150580636e-01
-2.909388012356228237e-01
-2.935418817732069474e-01
-2.891407277848985213e-01
-2.920870516035292130e-01
-2.903431786431206474e-01
-2.924111419253879185e-01
-2.896914482116699219e-01
-2.915761735704209823e-01
-2.920990784962971820e-01
-2.893181906806098214e-01
-2.928700976901584263e-01
-2.924731837378607979e-01
-2.913714249928792133e-01
-2.902924749586317521e-01
-2.887603971693251115e-01
-2.926214006212022323e-01
-2.896763748592800503e-01
-2.909010251363118305e-01
-2.890380753411186943e-01
-2.918688191307915458e-01
-2.943384382459852677e-01
-2.923199070824517021e-01
-2.918536663055419922e-01
-2.932831446329752789e-01
-2.905033164554172154e-01
-2.914881176418728237e-01
-2.914512687259250279e-01
-2.907208071814643136e-01
-2.896957397460937500e-01
-2.911015881432427177e-01
-2.930477990044487724e-01
-2.934366067250569476e-01
