1.437342762947082520e+00
1.380838632583618164e+00
1.318658709526062012e+00
1.313526034355163574e+00
1.275698661804199219e+00
1.156429052352905273e+00
1.149156570434570312e+00
1.115411639213562012e+00
1.085390329360961914e+00
1.004599809646606445e+00
9.976834058761596680e-01
9.848347306251525879e-01
8.834549188613891602e-01
8.756876587867736816e-01
8.569841980934143066e-01
8.088275194168090820e-01
7.348226308822631836e-01
7.224084138870239258e-01
6.966772675514221191e-01
6.419514417648315430e-01
6.073290109634399414e-01
5.950640439987182617e-01
5.441493988037109375e-01
5.287610292434692383e-01
4.624980390071868896e-01
4.559382200241088867e-01
3.921414911746978760e-01
3.842138648033142090e-01
3.946104645729064941e-01
3.444302976131439209e-01
3.090988099575042725e-01
2.926143407821655273e-01
2.586255371570587158e-01
2.666918039321899414e-01
2.253642827272415161e-01
1.958884596824645996e-01
1.800508797168731689e-01
1.717529296875000000e-01
1.306823939085006714e-01
1.245044544339179993e-01
1.028429344296455383e-01
9.364483505487442017e-02
6.668896228075027466e-02
6.662814319133758545e-02
5.597886815667152405e-02
3.031605854630470276e-02
2.292474359273910522e-02
1.917217299342155457e-02
-3.381774947047233582e-02
-1.505208387970924377e-02
-4.348538815975189209e-02
-4.139585420489311218e-02
-6.333658844232559204e-02
-8.032267540693283081e-02
-6.476283073425292969e-02
-9.629513323307037354e-02
-9.041169285774230957e-02
-1.012712791562080383e-01
-1.007754951715469360e-01
-1.208961904048919678e-01
-1.218907609581947327e-01
-1.357704102993011475e-01
-1.435382515192031860e-01
-1.394440531730651855e-01
-1.384390890598297119e-01
-1.602836847305297852e-01
-1.590660065412521362e-01
-1.591193228960037231e-01
-1.755700856447219849e-01
-1.786848008632659912e-01
-1.826796829700469971e-01
-1.922065466642379761e-01
-1.884687691926956177e-01
-1.885616332292556763e-01
-2.102314531803131104e-01
-2.046122699975967407e-01
-2.106037288904190063e-01
-2.080077826976776123e-01
-2.168091535568237305e-01
-2.152888923883438110e-01
-2.125869393348693848e-01
-2.314818501472473145e-01
-2.199978977441787720e-01
-2.277197539806365967e-01
-2.351915240287780762e-01
-2.251087725162506104e-01
-2.227529883384704590e-01
-2.346345633268356323e-01
-2.279862314462661743e-01
-2.293539494276046753e-01
-2.304864525794982910e-01
-2.385342717170715332e-01
-2.420493811368942261e-01
-2.383760511875152588e-01
-2.355115413665771484e-01
-2.399630397558212280e-01
-2.372364252805709839e-01
-2.454002946615219116e-01
-2.415946573019027710e-01
-2.483356446027755737e-01
-2.492995709180831909e-01
-2.511015534400939941e-01
-2.439126223325729370e-01
-2.510099411010742188e-01
-2.524539828300476074e-01
-2.502588927745819092e-01
-2.515330612659454346e-01
-2.465026676654815674e-01
-2.531437277793884277e-01
-2.510333359241485596e-01
-2.497381567955017090e-01
-2.593523859977722168e-01
-2.471464276313781738e-01
-2.502291500568389893e-01
-2.552980184555053711e-01
-2.547918260097503662e-01
-2.488391995429992676e-01
-2.593856751918792725e-01
-2.532686889171600342e-01
-2.564892470836639404e-01
-2.518837749958038330e-01
-2.634299397468566895e-01
-2.571783363819122314e-01
-2.565332055091857910e-01
-2.610805034637451172e-01
-2.592258155345916748e-01
-2.502019703388214111e-01
-2.586014866828918457e-01
-2.553295195102691650e-01
-2.547947466373443604e-01
-2.531689405441284180e-01
-2.624105513095855713e-01
-2.536788880825042725e-01
-2.533771991729736328e-01
-2.575294077396392822e-01
-2.582271695137023926e-01
-2.553637027740478516e-01
-2.662525475025177002e-01
-2.570802867412567139e-01
-2.503443658351898193e-01
-2.568400204181671143e-01
-2.569630742073059082e-01
-2.578286826610565186e-01
-2.504590153694152832e-01
-2.664358019828796387e-01
-2.512847185134887695e-01
-2.599056959152221680e-01
-2.584238648414611816e-01
-2.582989037036895752e-01
-2.596730291843414307e-01
-2.575697600841522217e-01
-2.579226195812225342e-01
-2.600927948951721191e-01
-2.575015723705291748e-01
-2.575158178806304932e-01
-2.578620314598083496e-01
-2.555308640003204346e-01
-2.619381248950958252e-01
-2.597799599170684814e-01
-2.593100368976593018e-01
-2.603936791419982910e-01
-2.614497542381286621e-01
-2.563986778259277344e-01
-2.587886452674865723e-01
-2.610565125942230225e-01
-2.614113986492156982e-01
-2.565557062625885010e-01
-2.609450221061706543e-01
-2.602286934852600098e-01
-2.608704566955566406e-01
-2.623074054718017578e-01
-2.553286552429199219e-01
-2.631404101848602295e-01
-2.612192928791046143e-01
-2.643577754497528076e-01
-2.532773315906524658e-01
-2.619252502918243408e-01
-2.551091313362121582e-01
-2.613425552845001221e-01
-2.542697787284851074e-01
-2.537812292575836182e-01
-2.646519839763641357e-01
-2.656395137310028076e-01
-2.636484503746032715e-01
-2.622191309928894043e-01
-2.589794397354125977e-01
-2.618590891361236572e-01
-2.601182162761688232e-01
-2.566391229629516602e-01
-2.541632354259490967e-01
-2.621809244155883789e-01
-2.626066803932189941e-01
-2.649203538894653320e-01
-2.579919993877410889e-01
-2.629584670066833496e-01
-2.563481330871582031e-01
-2.607036232948303223e-01
-2.598424553871154785e-01
-2.578384876251220703e-01
-2.598065137863159180e-01
-2.634918093681335449e-01
-2.629606127738952637e-01
-2.592604756355285645e-01
-2.655440568923950195e-01
-2.573160231113433838e-01
-2.645900249481201172e-01
-2.648406326770782471e-01
-2.643481194972991943e-01
-2.628015279769897461e-01
-2.585127651691436768e-01
-2.636505663394927979e-01
-2.594628036022186279e-01
-2.563631534576416016e-01
-2.501904964447021484e-01
-2.616497278213500977e-01
-2.606547772884368896e-01
-2.625013291835784912e-01
-2.637454271316528320e-01
-2.605876326560974121e-01
-2.700985670089721680e-01
-2.591458857059478760e-01
-2.567560970783233643e-01
-2.640098631381988525e-01
-2.593511641025543213e-01
-2.617589831352233887e-01
-2.689869403839111328e-01
-2.589056491851806641e-01
-2.602197229862213135e-01
-2.620764672756195068e-01
-2.641437947750091553e-01
-2.659478783607482910e-01
-2.619513869285583496e-01
-2.618412375450134277e-01
-2.639234364032745361e-01
-2.608325779438018799e-01
-2.625299692153930664e-01
-2.674230039119720459e-01
-2.607007920742034912e-01
-2.573390305042266846e-01
-2.635479867458343506e-01
-2.613056302070617676e-01
-2.569077610969543457e-01
-2.584908604621887207e-01
-2.584644556045532227e-01
-2.685092985630035400e-01
-2.644984722137451172e-01
-2.611777782440185547e-01
-2.609003782272338867e-01
-2.598022520542144775e-01
-2.634425759315490723e-01
-2.633185684680938721e-01
-2.627685368061065674e-01
-2.614677250385284424e-01
-2.708493471145629883e-01
-2.625016570091247559e-01
-2.696141302585601807e-01
-2.694247066974639893e-01
-2.682794332504272461e-01
-2.641661465167999268e-01
-2.655761241912841797e-01
-2.653044760227203369e-01
-2.629678547382354736e-01
-2.647619545459747314e-01
-2.657473683357238770e-01
-2.560354471206665039e-01
-2.618170678615570068e-01
-2.644523382186889648e-01
-2.688660323619842529e-01
-2.586736083030700684e-01
-2.641141116619110107e-01
-2.691389918327331543e-01
-2.678284049034118652e-01
-2.700829803943634033e-01
-2.604564428329467773e-01
-2.681237757205963135e-01
-2.683855593204498291e-01
-2.594982385635375977e-01
-2.674246132373809814e-01
-2.583670020103454590e-01
-2.590790092945098877e-01
-2.619262635707855225e-01
-2.614177763462066650e-01
-2.666135728359222412e-01
-2.666011154651641846e-01
-2.620950043201446533e-01
-2.664329111576080322e-01
-2.627241909503936768e-01
-2.624384164810180664e-01
-2.658711671829223633e-01
-2.675909698009490967e-01
-2.655277550220489502e-01
-2.627985179424285889e-01
-2.637710571289062500e-01
-2.699313461780548096e-01
-2.612558007240295410e-01
-2.670969069004058838e-01
-2.612139284610748291e-01
-2.730091512203216553e-01
-2.669428586959838867e-01
-2.659992575645446777e-01
-2.644858956336975098e-01
-2.706782817840576172e-01
-2.670612633228302002e-01
-2.639488875865936279e-01
-2.590469419956207275e-01
-2.693630456924438477e-01
-2.679829001426696777e-01
-2.719430029392242432e-01
-2.668763101100921631e-01
-2.632078230381011963e-01
-2.685635387897491455e-01
-2.682339549064636230e-01
-2.648285031318664551e-01
-2.651261687278747559e-01
-2.663780748844146729e-01
-2.656227350234985352e-01
-2.661272585391998291e-01
-2.640777528285980225e-01
-2.721947431564331055e-01
-2.667011618614196777e-01
-2.722638547420501709e-01
-2.664460539817810059e-01
-2.712134420871734619e-01
-2.712908685207366943e-01
-2.763664424419403076e-01
-2.701947987079620361e-01
-2.705469429492950439e-01
-2.698900103569030762e-01
-2.640299499034881592e-01
-2.700514793395996094e-01
-2.673262357711791992e-01
-2.639043629169464111e-01
-2.674501836299896240e-01
-2.704553902149200439e-01
-2.697649598121643066e-01
-2.718132436275482178e-01
-2.732705175876617432e-01
-2.675775885581970215e-01
-2.645831406116485596e-01
-2.696341574192047119e-01
-2.681625485420227051e-01
-2.655378282070159912e-01
-2.675186097621917725e-01
-2.632237672805786133e-01
-2.681821584701538086e-01
-2.731184065341949463e-01
-2.678468525409698486e-01
-2.697142362594604492e-01
-2.706224918365478516e-01
-2.714376747608184814e-01
-2.658253014087677002e-01
-2.708841264247894287e-01
-2.710627913475036621e-01
-2.716599702835083008e-01
-2.651701569557189941e-01
-2.718071937561035156e-01
-2.714017927646636963e-01
-2.674390375614166260e-01
-2.718174755573272705e-01
-2.754223644733428955e-01
-2.720282077789306641e-01
-2.688912451267242432e-01
-2.700219154357910156e-01
-2.692313194274902344e-01
-2.719684541225433350e-01
-2.731543481349945068e-01
-2.689462304115295410e-01
-2.656419873237609863e-01
-2.672515511512756348e-01
-2.668500840663909912e-01
-2.732856571674346924e-01
-2.712400555610656738e-01
-2.688178122043609619e-01
-2.634154558181762695e-01
-2.696799337863922119e-01
-2.693076431751251221e-01
-2.710728943347930908e-01
-2.702436447143554688e-01
-2.717309594154357910e-01
-2.721268236637115479e-01
-2.742169797420501709e-01
-2.680968046188354492e-01
-2.755796015262603760e-01
-2.697848677635192871e-01
-2.718723714351654053e-01
-2.650338709354400635e-01
-2.714136838912963867e-01
-2.731281518936157227e-01
-2.728388011455535889e-01
-2.703512609004974365e-01
-2.714968621730804443e-01
-2.723471820354461670e-01
-2.723256349563598633e-01
-2.685651779174804688e-01
-2.725386917591094971e-01
-2.635025084018707275e-01
-2.763025462627410889e-01
-2.702783942222595215e-01
-2.681697309017181396e-01
-2.725473642349243164e-01
-2.713289558887481689e-01
-2.739083766937255859e-01
-2.771689593791961670e-01
-2.706192135810852051e-01
-2.720497250556945801e-01
-2.720625400543212891e-01
-2.703336477279663086e-01
-2.737920582294464111e-01
-2.713256776332855225e-01
-2.714373171329498291e-01
-2.708130478858947754e-01
-2.765570878982543945e-01
-2.719982564449310303e-01
-2.728322148323059082e-01
-2.716412544250488281e-01
-2.773254513740539551e-01
-2.774665057659149170e-01
-2.719732522964477539e-01
-2.704951167106628418e-01
-2.731974422931671143e-01
-2.765783071517944336e-01
-2.758392691612243652e-01
-2.700893580913543701e-01
-2.731528878211975098e-01
-2.740873396396636963e-01
-2.753031551837921143e-01
-2.750875353813171387e-01
-2.742235958576202393e-01
-2.787933349609375000e-01
-2.713328301906585693e-01
-2.791188359260559082e-01
-2.756181359291076660e-01
-2.750500440597534180e-01
-2.756665945053100586e-01
-2.719666659832000732e-01
-2.730302512645721436e-01
-2.757204473018646240e-01
-2.796593308448791504e-01
-2.767046391963958740e-01
-2.767999172210693359e-01
-2.728593349456787109e-01
-2.760541141033172607e-01
-2.735286355018615723e-01
-2.754710316658020020e-01
-2.795579135417938232e-01
-2.807858884334564209e-01
-2.742840945720672607e-01
-2.757286131381988525e-01
-2.747531831264495850e-01
-2.778010368347167969e-01
-2.776166200637817383e-01
-2.755134999752044678e-01
-2.762914299964904785e-01
-2.730295360088348389e-01
-2.739973664283752441e-01
-2.744532525539398193e-01
-2.746523320674896240e-01
-2.752753794193267822e-01
-2.744244933128356934e-01
-2.736546099185943604e-01
-2.780969738960266113e-01
-2.710520625114440918e-01
-2.772429883480072021e-01
-2.711609899997711182e-01
-2.730831503868103027e-01
-2.786695659160614014e-01
-2.802242040634155273e-01
-2.763566970825195312e-01
-2.744091153144836426e-01
-2.686136960983276367e-01
-2.743163704872131348e-01
-2.699714303016662598e-01
-2.767154574394226074e-01
-2.718201875686645508e-01
-2.773691415786743164e-01
-2.803725600242614746e-01
-2.798164188861846924e-01
-2.800446748733520508e-01
-2.785942256450653076e-01
-2.790289521217346191e-01
-2.770545184612274170e-01
-2.757569849491119385e-01
-2.762199342250823975e-01
-2.734098434448242188e-01
-2.831548452377319336e-01
-2.824561297893524170e-01
-2.779059410095214844e-01
-2.845290899276733398e-01
-2.778509855270385742e-01
-2.812859416007995605e-01
-2.787915170192718506e-01
-2.818675935268402100e-01
-2.812804579734802246e-01
-2.775089144706726074e-01
-2.789895832538604736e-01
-2.771334052085876465e-01
-2.827201187610626221e-01
-2.794339060783386230e-01
-2.757733166217803955e-01
-2.757313847541809082e-01
-2.819198668003082275e-01
-2.789993882179260254e-01
-2.795061767101287842e-01
-2.784167528152465820e-01
-2.841970026493072510e-01
-2.805933654308319092e-01
-2.786818444728851318e-01
-2.769612371921539307e-01
-2.779811918735504150e-01
-2.828639745712280273e-01
-2.741898298263549805e-01
-2.788533866405487061e-01
-2.777611017227172852e-01
-2.818058729171752930e-01
-2.763402760028839111e-01
-2.829750478267669678e-01
-2.802312672138214111e-01
-2.791047692298889160e-01
-2.782729566097259521e-01
-2.815876305103302002e-01
-2.757553756237030029e-01
-2.788513898849487305e-01
-2.828690707683563232e-01
-2.814293503761291504e-01
-2.731328606605529785e-01
-2.773314118385314941e-01
-2.824377417564392090e-01
-2.798532247543334961e-01
-2.770383954048156738e-01
-2.862749397754669189e-01
-2.768250703811645508e-01
-2.878366410732269287e-01
-2.811729609966278076e-01
-2.809548974037170410e-01
-2.807836830615997314e-01
-2.826956212520599365e-01
-2.820017635822296143e-01
-2.811109125614166260e-01
-2.832210958003997803e-01
-2.771210968494415283e-01
-2.852315008640289307e-01
-2.755953967571258545e-01
-2.821304798126220703e-01
-2.845914363861083984e-01
-2.832129001617431641e-01
-2.808566391468048096e-01
-2.828594744205474854e-01
-2.791279852390289307e-01
-2.786654233932495117e-01
-2.792229652404785156e-01
-2.825244665145874023e-01
-2.798238992691040039e-01
-2.789700627326965332e-01
-2.824909687042236328e-01
-2.798684239387512207e-01
-2.802899777889251709e-01
-2.837031781673431396e-01
-2.834815382957458496e-01
-2.833445370197296143e-01
-2.806066870689392090e-01
-2.787652909755706787e-01
-2.803549468517303467e-01
-2.823269665241241455e-01
-2.863260209560394287e-01
-2.829255461692810059e-01
-2.844293117523193359e-01
-2.785568237304687500e-01
-2.822021543979644775e-01
-2.865275144577026367e-01
-2.855722010135650635e-01
-2.852628231048583984e-01
-2.772043049335479736e-01
-2.835291624069213867e-01
-2.834067642688751221e-01
-2.837866246700286865e-01
-2.822121679782867432e-01
-2.830260694026947021e-01
-2.886589467525482178e-01
-2.825451791286468506e-01
-2.852351069450378418e-01
-2.897488474845886230e-01
-2.926453351974487305e-01
-2.808274626731872559e-01
-2.856668531894683838e-01
-2.839610576629638672e-01
-2.839777171611785889e-01
-2.838571071624755859e-01
-2.821618616580963135e-01
-2.862390279769897461e-01
-2.911043763160705566e-01
-2.858917713165283203e-01
-2.857272922992706299e-01
-2.883281409740447998e-01
-2.803623080253601074e-01
-2.862620353698730469e-01
-2.896818220615386963e-01
-2.842868864536285400e-01
-2.917920649051666260e-01
-2.892071902751922607e-01
-2.885070145130157471e-01
-2.894871830940246582e-01
-2.872674167156219482e-01
-2.834603190422058105e-01
-2.903234362602233887e-01
-2.824712395668029785e-01
-2.841720581054687500e-01
-2.883750498294830322e-01
-2.877448201179504395e-01
-2.894441187381744385e-01
-2.878677248954772949e-01
-2.886542975902557373e-01
-2.812963426113128662e-01
-2.905080616474151611e-01
-2.903683185577392578e-01
-2.850807607173919678e-01
-2.847699820995330811e-01
-2.841511368751525879e-01
-2.882173955440521240e-01
-2.914082705974578857e-01
-2.882437705993652344e-01
-2.896643280982971191e-01
-2.819399535655975342e-01
-2.914116084575653076e-01
-2.900445163249969482e-01
-2.907235026359558105e-01
-2.877443134784698486e-01
-2.919021546840667725e-01
-2.911051809787750244e-01
-2.923357486724853516e-01
-2.875198423862457275e-01
-2.885669469833374023e-01
-2.879405021667480469e-01
-2.909511625766754150e-01
-2.874524295330047607e-01
-2.892211079597473145e-01
-2.880715429782867432e-01
-2.925164103507995605e-01
-2.920523583889007568e-01
-2.909141778945922852e-01
-2.906912267208099365e-01
-2.955324053764343262e-01
-2.898611128330230713e-01
-2.875240445137023926e-01
-2.929287552833557129e-01
-2.865562736988067627e-01
-2.928945720195770264e-01
-2.899645268917083740e-01
-2.891059517860412598e-01
-2.889902591705322266e-01
-2.909859716892242432e-01
-2.933668792247772217e-01
-2.860646247863769531e-01
-2.890348434448242188e-01
-2.879520654678344727e-01
-2.887476682662963867e-01
-2.938850224018096924e-01
-2.937643826007843018e-01
-2.938451766967773438e-01
-2.974172234535217285e-01
-2.909414470195770264e-01
-2.948395907878875732e-01
-2.921268343925476074e-01
-2.918267846107482910e-01
-2.942090332508087158e-01
-2.912728190422058105e-01
-2.923277020454406738e-01
-2.953008413314819336e-01
-2.907091379165649414e-01
-2.921099662780761719e-01
-2.936338782310485840e-01
-2.939237356185913086e-01
-2.877192795276641846e-01
-2.979553341865539551e-01
-2.921161353588104248e-01
-2.934867441654205322e-01
-2.931597828865051270e-01
-2.962886393070220947e-01
-2.965089678764343262e-01
-2.887423932552337646e-01
-2.899573743343353271e-01
-2.963998317718505859e-01
-2.901203036308288574e-01
-2.927350699901580811e-01
-2.902260124683380127e-01
-2.972614765167236328e-01
-2.918089628219604492e-01
-2.962833046913146973e-01
-2.983152270317077637e-01
-2.904346883296966553e-01
-2.956758737564086914e-01
-2.971216738224029541e-01
-2.954049110412597656e-01
-2.958598732948303223e-01
-2.966848611831665039e-01
-2.933094799518585205e-01
-2.970667779445648193e-01
-2.979808449745178223e-01
-2.914167642593383789e-01
-2.951907813549041748e-01
-2.939409911632537842e-01
-2.939155995845794678e-01
-2.924149632453918457e-01
-2.933405637741088867e-01
-2.972732484340667725e-01
-2.932167053222656250e-01
-2.906158864498138428e-01
-2.947543263435363770e-01
-2.984923720359802246e-01
-2.966049313545227051e-01
-2.929511368274688721e-01
-2.955521941184997559e-01
-2.931679785251617432e-01
-2.941869497299194336e-01
-2.955524921417236328e-01
-2.975502312183380127e-01
-2.933563590049743652e-01
-3.012278079986572266e-01
-2.972227931022644043e-01
-2.975004911422729492e-01
-2.924285531044006348e-01
-2.959527969360351562e-01
-2.976387143135070801e-01
-2.966202497482299805e-01
-2.982427775859832764e-01
-2.944841980934143066e-01
-3.010477721691131592e-01
-2.987429201602935791e-01
-2.961582541465759277e-01
-2.965810596942901611e-01
-2.980996072292327881e-01
-2.967227101325988770e-01
-2.935855090618133545e-01
-2.971109747886657715e-01
-2.932555079460144043e-01
-2.976626455783843994e-01
-2.995710074901580811e-01
-2.959325611591339111e-01
-2.955325543880462646e-01
-2.989960014820098877e-01
-2.946241796016693115e-01
-2.944970130920410156e-01
-2.964113056659698486e-01
-2.982820570468902588e-01
-2.977377176284790039e-01
-2.956121563911437988e-01
-2.947413325309753418e-01
-2.962981760501861572e-01
-2.934020161628723145e-01
-2.956529855728149414e-01
-2.970068752765655518e-01
-2.996721565723419189e-01
-3.006633818149566650e-01
-2.946875095367431641e-01
-2.946593761444091797e-01
-2.977697849273681641e-01
-3.002177774906158447e-01
-2.929288148880004883e-01
-2.901811599731445312e-01
-3.032527565956115723e-01
-2.961990237236022949e-01
-2.977340519428253174e-01
-2.986401319503784180e-01
-2.972452044486999512e-01
-2.981467247009277344e-01
-3.004085719585418701e-01
-2.937921881675720215e-01
-2.960181236267089844e-01
-2.960568070411682129e-01
-2.963271439075469971e-01
-2.964014410972595215e-01
-2.985149621963500977e-01
-2.973278462886810303e-01
-2.981525361537933350e-01
-2.998392581939697266e-01
-2.992249727249145508e-01
-2.972803115844726562e-01
-3.004430234432220459e-01
-2.967062294483184814e-01
-3.013011515140533447e-01
-2.996663153171539307e-01
-2.988633513450622559e-01
-2.964262664318084717e-01
-3.042010366916656494e-01
-3.010270893573760986e-01
-2.968632280826568604e-01
-2.968830764293670654e-01
-2.974674701690673828e-01
-2.983870804309844971e-01
-3.026655912399291992e-01
-2.985041737556457520e-01
-3.001102507114410400e-01
-2.977942526340484619e-01
-3.024813830852508545e-01
-2.995962500572204590e-01
-3.029528260231018066e-01
-3.064124882221221924e-01
-2.992439568042755127e-01
-2.919560372829437256e-01
-2.972619533538818359e-01
-2.959904968738555908e-01
-2.987335324287414551e-01
-2.947422564029693604e-01
-2.993535101413726807e-01
-3.028146028518676758e-01
-2.998505234718322754e-01
-2.978190183639526367e-01
-3.015887439250946045e-01
-3.022498190402984619e-01
-2.998157739639282227e-01
-2.983724772930145264e-01
-2.993123829364776611e-01
-3.020236790180206299e-01
-2.976457774639129639e-01
-3.008518815040588379e-01
-2.981140613555908203e-01
-2.967881262302398682e-01
-2.977143824100494385e-01
-3.075232505798339844e-01
-3.002450466156005859e-01
-3.002802729606628418e-01
-2.980841994285583496e-01
-2.972580790519714355e-01
-2.988030910491943359e-01
-2.983607649803161621e-01
-2.984801530838012695e-01
-3.018005788326263428e-01
-3.002920448780059814e-01
-3.039779663085937500e-01
-2.981290817260742188e-01
-3.023291528224945068e-01
-3.008297681808471680e-01
-3.003341555595397949e-01
-3.027687072753906250e-01
-3.008139133453369141e-01
-2.933197617530822754e-01
-2.953358888626098633e-01
-2.964656651020050049e-01
-3.000208139419555664e-01
-2.972123324871063232e-01
-2.992023825645446777e-01
-3.034465610980987549e-01
-2.980251610279083252e-01
-3.056826293468475342e-01
-3.008576035499572754e-01
-3.012278974056243896e-01
-2.986165881156921387e-01
-3.042593598365783691e-01
-3.003830015659332275e-01
-3.001941442489624023e-01
-3.011189699172973633e-01
-3.026458024978637695e-01
-3.042210638523101807e-01
-2.982851564884185791e-01
-3.036087751388549805e-01
-3.004968762397766113e-01
-3.015511333942413330e-01
-2.958831787109375000e-01
-3.033538758754730225e-01
-3.022021949291229248e-01
-2.991010248661041260e-01
-3.030129671096801758e-01
-3.027690351009368896e-01
-3.058125674724578857e-01
-2.993987202644348145e-01
-3.033064901828765869e-01
-3.043624162673950195e-01
-3.049830198287963867e-01
-3.019044101238250732e-01
-3.008399605751037598e-01
-2.973213791847229004e-01
-3.047218620777130127e-01
-2.996002137660980225e-01
-2.993999123573303223e-01
-2.994615733623504639e-01
-3.056928813457489014e-01
-2.996885478496551514e-01
-3.032819032669067383e-01
-3.041992187500000000e-01
-3.008718788623809814e-01
-2.980292141437530518e-01
-3.056530654430389404e-01
-2.964540123939514160e-01
-2.990906834602355957e-01
-2.992573380470275879e-01
-3.027419447898864746e-01
-3.011987805366516113e-01
-2.997164726257324219e-01
-3.067307472229003906e-01
-2.982802093029022217e-01
-3.084771037101745605e-01
-3.033652603626251221e-01
-3.050221502780914307e-01
-3.021679222583770752e-01
-3.034296631813049316e-01
-2.987502515316009521e-01
-3.028874099254608154e-01
-3.064985871315002441e-01
-3.015269637107849121e-01
-3.056198954582214355e-01
-3.078858852386474609e-01
-3.011032044887542725e-01
-3.025195598602294922e-01
-3.033623695373535156e-01
-3.054360449314117432e-01
-3.094041645526885986e-01
-3.052658140659332275e-01
-2.982252240180969238e-01
-2.986978590488433838e-01
-2.991597354412078857e-01
-3.058471083641052246e-01
-3.047797381877899170e-01
-3.003501594066619873e-01
-3.077621757984161377e-01
-3.051908016204833984e-01
-3.030528426170349121e-01
-3.041755855083465576e-01
-3.065111637115478516e-01
-3.052852153778076172e-01
-3.057748973369598389e-01
-2.995264232158660889e-01
-3.089945316314697266e-01
-3.043119013309478760e-01
-3.019343316555023193e-01
-3.072459399700164795e-01
-3.026617765426635742e-01
-3.005892932415008545e-01
-3.072583377361297607e-01
-3.080983757972717285e-01
-3.019535243511199951e-01
-3.038280904293060303e-01
-3.041411638259887695e-01
-3.056096136569976807e-01
-3.016754090785980225e-01
-3.030734062194824219e-01
-3.021598756313323975e-01
-3.024230003356933594e-01
-3.033195734024047852e-01
-3.052566647529602051e-01
-3.040001690387725830e-01
-3.002527952194213867e-01
-3.022593855857849121e-01
-3.084841072559356689e-01
-3.019232153892517090e-01
-3.026634454727172852e-01
-3.052015304565429688e-01
-3.078364729881286621e-01
-3.036767840385437012e-01
-3.039709329605102539e-01
-3.060427308082580566e-01
-3.047302961349487305e-01
-3.039157390594482422e-01
-2.971619963645935059e-01
-3.058632612228393555e-01
-3.049845397472381592e-01
-3.059582114219665527e-01
-3.053232133388519287e-01
-3.048260509967803955e-01
-3.064333796501159668e-01
-3.054280579090118408e-01
-2.994450032711029053e-01
-3.025485575199127197e-01
-3.021848201751708984e-01
-3.054628968238830566e-01
-3.049895763397216797e-01
-3.040550649166107178e-01
-3.076428771018981934e-01
-3.033184707164764404e-01
-3.046528398990631104e-01
-3.063338398933410645e-01
-3.070197999477386475e-01
-3.048501312732696533e-01
-3.055115938186645508e-01
-3.026160895824432373e-01
-3.037976026535034180e-01
-3.021159172058105469e-01
-3.095598220825195312e-01
-3.073849976062774658e-01
-2.998617589473724365e-01
-3.097048401832580566e-01
-3.061625957489013672e-01
-3.022139072418212891e-01
-3.019754886627197266e-01
-3.051977157592773438e-01
-3.040860891342163086e-01
-3.036171495914459229e-01
-3.054451346397399902e-01
-3.018949329853057861e-01
-3.055133521556854248e-01
-3.031707108020782471e-01
-3.100270628929138184e-01
-3.077634274959564209e-01
-3.075298070907592773e-01
-3.057153820991516113e-01
-3.072630167007446289e-01
-3.062149584293365479e-01
-3.093707859516143799e-01
-3.022798597812652588e-01
-3.062218725681304932e-01
-3.094618022441864014e-01
-3.047336935997009277e-01
