1.029628634452819824e+00
6.581846475601196289e-01
3.096521496772766113e-01
8.904234319925308228e-02
-5.027979612350463867e-02
-1.644768118858337402e-01
-2.299589216709136963e-01
-2.570751309394836426e-01
-2.610873281955718994e-01
-2.579744160175323486e-01
-2.480002194643020630e-01
-2.456357777118682861e-01
-2.289559394121170044e-01
-2.248672246932983398e-01
-2.193533480167388916e-01
-2.133529633283615112e-01
-2.082403600215911865e-01
-2.022156715393066406e-01
-2.041911035776138306e-01
-2.011862248182296753e-01
-2.039038836956024170e-01
-2.077673077583312988e-01
-2.061715275049209595e-01
-2.101626545190811157e-01
-2.114349603652954102e-01
-2.172685563564300537e-01
-2.152048647403717041e-01
-2.242048829793930054e-01
-2.296928018331527710e-01
-2.308345884084701538e-01
-2.391708046197891235e-01
-2.388705015182495117e-01
-2.495641112327575684e-01
-2.493305951356887817e-01
-2.579730153083801270e-01
-2.621629536151885986e-01
-2.669026255607604980e-01
-2.634152173995971680e-01
-2.745108604431152344e-01
-2.750313282012939453e-01
-2.747295498847961426e-01
-2.822324335575103760e-01
-2.707417309284210205e-01
-2.727824747562408447e-01
-2.807556986808776855e-01
-2.788470089435577393e-01
-2.758260071277618408e-01
-2.740249037742614746e-01
-2.770932018756866455e-01
-2.758512198925018311e-01
-2.744173705577850342e-01
-2.758872807025909424e-01
-2.768918275833129883e-01
-2.781961560249328613e-01
-2.721068859100341797e-01
-2.809233963489532471e-01
-2.825391590595245361e-01
-2.793986201286315918e-01
-2.793361842632293701e-01
-2.834890186786651611e-01
-2.820554673671722412e-01
-2.844525277614593506e-01
-2.821985483169555664e-01
-2.838748693466186523e-01
-2.862186729907989502e-01
-2.823097407817840576e-01
-2.857957482337951660e-01
-2.860900163650512695e-01
-2.840992212295532227e-01
-2.864582538604736328e-01
-2.836415171623229980e-01
-2.868351340293884277e-01
-2.841397821903228760e-01
-2.814853787422180176e-01
-2.874541580677032471e-01
-2.862479984760284424e-01
-2.900657951831817627e-01
-2.887769639492034912e-01
-2.916581928730010986e-01
-2.878664433956146240e-01
-2.859384417533874512e-01
-2.964416444301605225e-01
-2.907609939575195312e-01
-2.878939211368560791e-01
-2.920999228954315186e-01
-2.872509062290191650e-01
-2.876558899879455566e-01
-2.902950942516326904e-01
-2.932419776916503906e-01
-2.855813503265380859e-01
-2.893680930137634277e-01
-2.877662479877471924e-01
-2.929433584213256836e-01
-2.909857034683227539e-01
-2.897475361824035645e-01
-2.899075448513031006e-01
-2.913553714752197266e-01
-2.946001887321472168e-01
-2.922788858413696289e-01
-2.935228943824768066e-01
-2.937596440315246582e-01
-2.935701906681060791e-01
-2.911460697650909424e-01
-2.945110499858856201e-01
-2.944040298461914062e-01
-2.958616018295288086e-01
-2.957599461078643799e-01
-2.906170785427093506e-01
-3.004336953163146973e-01
-2.926090955734252930e-01
-2.937037050724029541e-01
-3.008193969726562500e-01
-2.924020290374755859e-01
-2.945544421672821045e-01
-2.976235449314117432e-01
-2.979771792888641357e-01
-2.934833467006683350e-01
-2.997443079948425293e-01
-2.983559668064117432e-01
-2.988533377647399902e-01
-2.956443727016448975e-01
-3.000435233116149902e-01
-3.018752336502075195e-01
-2.989736795425415039e-01
-2.980681657791137695e-01
-3.020635247230529785e-01
-2.966857254505157471e-01
-3.007607161998748779e-01
-3.012776076793670654e-01
-2.987769842147827148e-01
-2.947682142257690430e-01
-3.046000897884368896e-01
-2.976041138172149658e-01
-3.002711236476898193e-01
-2.990825772285461426e-01
-2.972199916839599609e-01
-2.997832000255584717e-01
-3.047558665275573730e-01
-2.984360754489898682e-01
-2.980435788631439209e-01
-2.983509600162506104e-01
-3.027009367942810059e-01
-3.021485805511474609e-01
-2.985981404781341553e-01
-3.055757582187652588e-01
-2.995187938213348389e-01
-3.009462356567382812e-01
-3.047074675559997559e-01
-3.057451248168945312e-01
-3.037552535533905029e-01
-3.025990426540374756e-01
-3.028453290462493896e-01
-3.025125265121459961e-01
-3.076250553131103516e-01
-3.056672811508178711e-01
-3.003394305706024170e-01
-3.058826625347137451e-01
-3.052128553390502930e-01
-3.004981577396392822e-01
-3.036780357360839844e-01
-3.071601092815399170e-01
-3.059865534305572510e-01
-3.024494051933288574e-01
-3.074094057083129883e-01
-3.066363632678985596e-01
-3.136028349399566650e-01
-3.020656704902648926e-01
-3.072624206542968750e-01
-3.067947328090667725e-01
-3.067058622837066650e-01
-3.095962107181549072e-01
-3.092446923255920410e-01
-3.079636096954345703e-01
-3.094424307346343994e-01
-3.099398612976074219e-01
-3.104869723320007324e-01
-3.081631660461425781e-01
-3.050242960453033447e-01
-3.100852370262145996e-01
-3.085924386978149414e-01
-3.073322176933288574e-01
-3.101819157600402832e-01
-3.098248839378356934e-01
-3.108575344085693359e-01
-3.114309608936309814e-01
-3.018286526203155518e-01
-3.094877898693084717e-01
-3.111429512500762939e-01
-3.049625158309936523e-01
-3.073403239250183105e-01
-3.049040138721466064e-01
-3.078996837139129639e-01
-3.106483221054077148e-01
-3.106884956359863281e-01
-3.115237057209014893e-01
-3.049992620944976807e-01
-3.091626465320587158e-01
-3.119163811206817627e-01
-3.087522387504577637e-01
-3.063951730728149414e-01
-3.099909126758575439e-01
-3.097937703132629395e-01
-3.055033087730407715e-01
-3.104668855667114258e-01
-3.057858347892761230e-01
-3.163810968399047852e-01
-3.097392618656158447e-01
-3.096208572387695312e-01
-3.093321621417999268e-01
-3.109483122825622559e-01
-3.113788366317749023e-01
-3.127105832099914551e-01
-3.084634840488433838e-01
-3.066422343254089355e-01
-3.081867992877960205e-01
-3.083345890045166016e-01
-3.084518611431121826e-01
-3.134440183639526367e-01
-3.079463839530944824e-01
-3.145247697830200195e-01
-3.091770708560943604e-01
-3.045972287654876709e-01
-3.099504709243774414e-01
-3.073463737964630127e-01
-3.109196126461029053e-01
-3.110898435115814209e-01
-3.095588982105255127e-01
-3.078147172927856445e-01
-3.109064400196075439e-01
-3.103893995285034180e-01
-3.078220188617706299e-01
-3.115488886833190918e-01
-3.141122758388519287e-01
-3.166945278644561768e-01
-3.108132481575012207e-01
-3.119907677173614502e-01
-3.146699965000152588e-01
-3.097204864025115967e-01
-3.089394569396972656e-01
-3.119188845157623291e-01
-3.121680617332458496e-01
-3.106835186481475830e-01
-3.080275952816009521e-01
-3.092379868030548096e-01
-3.137177824974060059e-01
-3.109354376792907715e-01
-3.129954040050506592e-01
-3.085730671882629395e-01
-3.089267611503601074e-01
-3.129154741764068604e-01
-3.128271996974945068e-01
-3.132166266441345215e-01
-3.117116689682006836e-01
-3.144818842411041260e-01
-3.082686662673950195e-01
-3.112218081951141357e-01
-3.102875351905822754e-01
-3.143745660781860352e-01
-3.107332289218902588e-01
-3.111916482448577881e-01
-3.117317855358123779e-01
-3.087049424648284912e-01
-3.117389380931854248e-01
-3.083124458789825439e-01
-3.085552453994750977e-01
-3.094862103462219238e-01
-3.144031763076782227e-01
-3.133900165557861328e-01
-3.093644976615905762e-01
-3.118757605552673340e-01
-3.170370459556579590e-01
-3.114784657955169678e-01
-3.154732584953308105e-01
-3.089301884174346924e-01
-3.114354908466339111e-01
-3.122217357158660889e-01
-3.080793321132659912e-01
-3.162116408348083496e-01
-3.091984391212463379e-01
-3.084244430065155029e-01
-3.071253299713134766e-01
-3.110925853252410889e-01
-3.064157664775848389e-01
-3.109992742538452148e-01
-3.131544888019561768e-01
-3.104209899902343750e-01
-3.077886998653411865e-01
-3.099309504032135010e-01
-3.092002570629119873e-01
-3.090248405933380127e-01
-3.112197220325469971e-01
-3.103522956371307373e-01
-3.091777861118316650e-01
-3.117549419403076172e-01
-3.133130371570587158e-01
-3.141459822654724121e-01
-3.135235011577606201e-01
-3.125715255737304688e-01
-3.147461712360382080e-01
-3.113012015819549561e-01
-3.139412701129913330e-01
-3.142105638980865479e-01
-3.111219406127929688e-01
-3.106459975242614746e-01
-3.086216151714324951e-01
-3.163008987903594971e-01
-3.148115277290344238e-01
-3.191248774528503418e-01
-3.160358071327209473e-01
-3.117823600769042969e-01
-3.123243451118469238e-01
-3.155109584331512451e-01
-3.105873167514801025e-01
-3.115824162960052490e-01
-3.182913959026336670e-01
-3.103560209274291992e-01
-3.152455389499664307e-01
-3.142770528793334961e-01
-3.164314329624176025e-01
-3.147058486938476562e-01
-3.140485882759094238e-01
-3.122788667678833008e-01
-3.157690465450286865e-01
-3.186000287532806396e-01
-3.165900111198425293e-01
-3.132409155368804932e-01
-3.119464516639709473e-01
-3.164085149765014648e-01
-3.124702274799346924e-01
-3.130251169204711914e-01
-3.153220713138580322e-01
-3.138397932052612305e-01
-3.173989951610565186e-01
-3.164284527301788330e-01
-3.152028918266296387e-01
-3.152123391628265381e-01
-3.176985681056976318e-01
-3.115852773189544678e-01
-3.165857493877410889e-01
-3.158527314662933350e-01
-3.179046511650085449e-01
-3.140266537666320801e-01
-3.158797025680541992e-01
-3.159910440444946289e-01
-3.174957334995269775e-01
-3.198341131210327148e-01
-3.172604143619537354e-01
-3.175791203975677490e-01
-3.206783533096313477e-01
-3.178352415561676025e-01
-3.223998546600341797e-01
-3.159668445587158203e-01
-3.191866874694824219e-01
-3.198063373565673828e-01
-3.222479820251464844e-01
-3.186135888099670410e-01
-3.196564614772796631e-01
-3.211658895015716553e-01
-3.208926916122436523e-01
-3.217620849609375000e-01
-3.193117082118988037e-01
-3.213566541671752930e-01
-3.233403861522674561e-01
-3.202332854270935059e-01
-3.281805515289306641e-01
-3.243905007839202881e-01
-3.254721760749816895e-01
-3.230039477348327637e-01
-3.229882717132568359e-01
-3.210530579090118408e-01
-3.243603408336639404e-01
-3.247706890106201172e-01
-3.222503364086151123e-01
-3.270488381385803223e-01
-3.262766897678375244e-01
-3.256033062934875488e-01
-3.318420946598052979e-01
-3.249042332172393799e-01
-3.273523449897766113e-01
-3.265146911144256592e-01
-3.274531960487365723e-01
-3.242328166961669922e-01
-3.308978676795959473e-01
-3.251573443412780762e-01
-3.293963968753814697e-01
-3.271316587924957275e-01
-3.297175168991088867e-01
-3.332059383392333984e-01
-3.288542628288269043e-01
-3.260559141635894775e-01
-3.282349109649658203e-01
-3.318719565868377686e-01
-3.317987024784088135e-01
-3.290732800960540771e-01
-3.293239772319793701e-01
-3.297759592533111572e-01
-3.342033624649047852e-01
-3.299996256828308105e-01
-3.328585326671600342e-01
-3.334389030933380127e-01
-3.315117657184600830e-01
-3.324450552463531494e-01
-3.337508738040924072e-01
-3.307266533374786377e-01
-3.319162130355834961e-01
-3.331302404403686523e-01
-3.341800868511199951e-01
-3.343835175037384033e-01
-3.344400823116302490e-01
-3.295324146747589111e-01
-3.324770033359527588e-01
-3.349298238754272461e-01
-3.336423933506011963e-01
-3.364283442497253418e-01
-3.312441408634185791e-01
-3.363446891307830811e-01
-3.356927633285522461e-01
-3.322726488113403320e-01
-3.357362151145935059e-01
-3.326359987258911133e-01
-3.321168124675750732e-01
-3.370021283626556396e-01
-3.361286818981170654e-01
-3.390105664730072021e-01
-3.381238281726837158e-01
-3.359674215316772461e-01
-3.365676999092102051e-01
-3.365960717201232910e-01
-3.376252949237823486e-01
-3.357113003730773926e-01
-3.402608335018157959e-01
-3.348295688629150391e-01
-3.366711139678955078e-01
-3.359955847263336182e-01
-3.390016555786132812e-01
-3.386431336402893066e-01
-3.352334499359130859e-01
-3.404000103473663330e-01
-3.384340107440948486e-01
-3.345143496990203857e-01
-3.373142778873443604e-01
-3.383771479129791260e-01
-3.391163945198059082e-01
-3.391461670398712158e-01
-3.422464132308959961e-01
-3.382549583911895752e-01
-3.397287726402282715e-01
-3.371216058731079102e-01
-3.382215797901153564e-01
-3.395908176898956299e-01
-3.400807380676269531e-01
-3.415735363960266113e-01
-3.386665582656860352e-01
-3.377783894538879395e-01
-3.408793210983276367e-01
-3.398589193820953369e-01
-3.381043076515197754e-01
-3.392280936241149902e-01
-3.401105701923370361e-01
-3.389783799648284912e-01
-3.377945423126220703e-01
-3.407706618309020996e-01
-3.414333462715148926e-01
-3.426626622676849365e-01
-3.399048745632171631e-01
-3.396161198616027832e-01
-3.400739133358001709e-01
-3.400673270225524902e-01
-3.433361649513244629e-01
-3.375994265079498291e-01
-3.375332057476043701e-01
-3.418773710727691650e-01
-3.400382995605468750e-01
-3.395236134529113770e-01
-3.399789631366729736e-01
-3.415743410587310791e-01
-3.409626483917236328e-01
-3.414316177368164062e-01
-3.421916663646697998e-01
-3.434588611125946045e-01
-3.416132330894470215e-01
-3.421454429626464844e-01
-3.398262858390808105e-01
-3.451294004917144775e-01
-3.443759679794311523e-01
-3.443551063537597656e-01
-3.420751690864562988e-01
-3.422138094902038574e-01
-3.435249328613281250e-01
-3.410927355289459229e-01
-3.433207273483276367e-01
-3.462194204330444336e-01
-3.419680297374725342e-01
-3.459227979183197021e-01
-3.436396420001983643e-01
-3.445456624031066895e-01
-3.435129523277282715e-01
-3.443473577499389648e-01
-3.398555815219879150e-01
-3.450764119625091553e-01
-3.442276120185852051e-01
-3.448460698127746582e-01
-3.445897996425628662e-01
-3.418424129486083984e-01
-3.451237082481384277e-01
-3.431096673011779785e-01
-3.428065478801727295e-01
-3.453859090805053711e-01
-3.435196876525878906e-01
-3.445436954498291016e-01
-3.394094109535217285e-01
-3.443385362625122070e-01
-3.405963778495788574e-01
-3.425089418888092041e-01
-3.435073196887969971e-01
-3.468976914882659912e-01
-3.458116948604583740e-01
-3.442904055118560791e-01
-3.448305428028106689e-01
-3.440494239330291748e-01
-3.445921838283538818e-01
-3.420395553112030029e-01
-3.490720689296722412e-01
-3.449757099151611328e-01
-3.439895510673522949e-01
-3.426378369331359863e-01
-3.476480245590209961e-01
-3.438324332237243652e-01
-3.443515002727508545e-01
-3.447456061840057373e-01
-3.438221812248229980e-01
-3.454795479774475098e-01
-3.457407951354980469e-01
-3.431424498558044434e-01
-3.439393341541290283e-01
-3.475548028945922852e-01
-3.454807102680206299e-01
-3.461503088474273682e-01
-3.401869535446166992e-01
-3.449896872043609619e-01
-3.434220254421234131e-01
-3.420647382736206055e-01
-3.430625498294830322e-01
-3.439312279224395752e-01
-3.479408621788024902e-01
-3.464773893356323242e-01
-3.446315228939056396e-01
-3.487260937690734863e-01
-3.458318710327148438e-01
-3.453570306301116943e-01
-3.467096984386444092e-01
-3.483671545982360840e-01
-3.458539545536041260e-01
-3.467213809490203857e-01
-3.451297581195831299e-01
-3.432487845420837402e-01
-3.461913168430328369e-01
-3.480293154716491699e-01
-3.449606597423553467e-01
-3.462084233760833740e-01
-3.448472917079925537e-01
-3.460354506969451904e-01
-3.454210162162780762e-01
-3.451739549636840820e-01
-3.454532325267791748e-01
-3.455637097358703613e-01
-3.477367460727691650e-01
-3.466764390468597412e-01
-3.462018966674804688e-01
-3.458336889743804932e-01
-3.454731404781341553e-01
-3.439898192882537842e-01
-3.445812165737152100e-01
-3.452462255954742432e-01
-3.448189496994018555e-01
-3.441844880580902100e-01
-3.441527783870697021e-01
-3.440225720405578613e-01
-3.460990786552429199e-01
-3.483287394046783447e-01
-3.472681045532226562e-01
-3.455761373043060303e-01
-3.471701145172119141e-01
-3.463636338710784912e-01
-3.448876142501831055e-01
-3.483382463455200195e-01
-3.446440398693084717e-01
-3.458025157451629639e-01
-3.463480174541473389e-01
-3.502746224403381348e-01
-3.464125990867614746e-01
-3.463585972785949707e-01
-3.466871082782745361e-01
-3.437348604202270508e-01
-3.462357819080352783e-01
-3.473885357379913330e-01
-3.460461497306823730e-01
-3.481710553169250488e-01
-3.494161963462829590e-01
-3.474130034446716309e-01
-3.482489883899688721e-01
-3.465656638145446777e-01
-3.474711775779724121e-01
-3.472045361995697021e-01
-3.484001159667968750e-01
-3.475091457366943359e-01
-3.457519412040710449e-01
-3.501456975936889648e-01
-3.463254570960998535e-01
-3.475983738899230957e-01
-3.466317653656005859e-01
-3.437479734420776367e-01
-3.482346832752227783e-01
-3.478430807590484619e-01
-3.485859036445617676e-01
-3.497962653636932373e-01
-3.498352468013763428e-01
-3.457751274108886719e-01
-3.483072817325592041e-01
-3.465960621833801270e-01
-3.530375361442565918e-01
-3.475591242313385010e-01
-3.492605984210968018e-01
-3.493377566337585449e-01
-3.496572673320770264e-01
-3.486569225788116455e-01
-3.486513495445251465e-01
-3.511229455471038818e-01
-3.508931398391723633e-01
-3.457893133163452148e-01
-3.507815003395080566e-01
-3.502980470657348633e-01
-3.517465889453887939e-01
-3.510275483131408691e-01
-3.478277623653411865e-01
-3.473668694496154785e-01
-3.497845530509948730e-01
-3.472829461097717285e-01
-3.517163991928100586e-01
-3.496187627315521240e-01
-3.469636738300323486e-01
-3.482381701469421387e-01
-3.499585688114166260e-01
-3.497776389122009277e-01
-3.466933071613311768e-01
-3.476887643337249756e-01
-3.464958965778350830e-01
-3.476076722145080566e-01
-3.465386331081390381e-01
-3.485907614231109619e-01
-3.512683808803558350e-01
-3.481329381465911865e-01
-3.501843214035034180e-01
-3.491562008857727051e-01
-3.485765159130096436e-01
-3.480947911739349365e-01
-3.491715490818023682e-01
-3.508099019527435303e-01
-3.513438105583190918e-01
-3.521332442760467529e-01
-3.496513664722442627e-01
-3.494094014167785645e-01
-3.485838174819946289e-01
-3.528631031513214111e-01
-3.529521226882934570e-01
-3.521898686885833740e-01
-3.505723178386688232e-01
-3.525748848915100098e-01
-3.526966273784637451e-01
-3.502023816108703613e-01
-3.460482060909271240e-01
-3.498460650444030762e-01
-3.476416766643524170e-01
-3.478969633579254150e-01
-3.526034951210021973e-01
-3.520660400390625000e-01
-3.487349748611450195e-01
-3.503015041351318359e-01
-3.501555919647216797e-01
-3.502677083015441895e-01
-3.516666293144226074e-01
-3.474718332290649414e-01
-3.495578467845916748e-01
-3.489558398723602295e-01
-3.501087427139282227e-01
-3.502961993217468262e-01
-3.510922193527221680e-01
-3.513885438442230225e-01
-3.520315885543823242e-01
-3.492169082164764404e-01
-3.519341349601745605e-01
-3.529196083545684814e-01
-3.531762659549713135e-01
-3.514554202556610107e-01
-3.528907299041748047e-01
-3.544403016567230225e-01
-3.524014949798583984e-01
-3.528676629066467285e-01
-3.529047369956970215e-01
-3.504552841186523438e-01
-3.511637449264526367e-01
-3.524329960346221924e-01
-3.507418334484100342e-01
-3.512066006660461426e-01
-3.531207144260406494e-01
-3.523922860622406006e-01
-3.496114313602447510e-01
-3.530260026454925537e-01
-3.517348766326904297e-01
-3.536871075630187988e-01
-3.520048558712005615e-01
-3.545700609683990479e-01
-3.509811162948608398e-01
-3.524277806282043457e-01
-3.527688682079315186e-01
-3.527027368545532227e-01
-3.533324897289276123e-01
-3.562543392181396484e-01
-3.547998368740081787e-01
-3.511647582054138184e-01
-3.512099981307983398e-01
-3.527811765670776367e-01
-3.553123772144317627e-01
-3.522664308547973633e-01
-3.513113856315612793e-01
-3.566764593124389648e-01
-3.516387343406677246e-01
-3.542664647102355957e-01
-3.538847565650939941e-01
-3.544429242610931396e-01
-3.533887267112731934e-01
-3.534281551837921143e-01
-3.532864153385162354e-01
-3.512199223041534424e-01
-3.556829690933227539e-01
-3.539226651191711426e-01
-3.534921407699584961e-01
-3.527789711952209473e-01
-3.563109636306762695e-01
-3.550809919834136963e-01
-3.535115420818328857e-01
-3.541750311851501465e-01
-3.542502224445343018e-01
-3.560386300086975098e-01
-3.565926551818847656e-01
-3.531782031059265137e-01
-3.550549447536468506e-01
-3.526071310043334961e-01
-3.547689318656921387e-01
-3.561462461948394775e-01
-3.560650646686553955e-01
-3.565733134746551514e-01
-3.540500402450561523e-01
-3.563035130500793457e-01
-3.548502922058105469e-01
-3.557906448841094971e-01
-3.572709262371063232e-01
-3.549148440361022949e-01
-3.580088019371032715e-01
-3.565136194229125977e-01
-3.536020219326019287e-01
-3.538689613342285156e-01
-3.561194241046905518e-01
-3.554504215717315674e-01
-3.572427332401275635e-01
-3.533712029457092285e-01
-3.561297357082366943e-01
-3.592035770416259766e-01
-3.549702763557434082e-01
-3.529655039310455322e-01
-3.563042581081390381e-01
-3.574902713298797607e-01
-3.570567071437835693e-01
-3.581126630306243896e-01
-3.561460077762603760e-01
-3.567776978015899658e-01
-3.570205569267272949e-01
-3.577201068401336670e-01
-3.545615375041961670e-01
-3.566285967826843262e-01
-3.594005107879638672e-01
-3.541906177997589111e-01
-3.579349219799041748e-01
-3.593733012676239014e-01
-3.553474247455596924e-01
-3.565649986267089844e-01
-3.571244478225708008e-01
-3.546468317508697510e-01
-3.568183481693267822e-01
-3.587193489074707031e-01
-3.571980595588684082e-01
-3.587786555290222168e-01
-3.571229279041290283e-01
-3.561128675937652588e-01
-3.560717701911926270e-01
-3.601115643978118896e-01
-3.552043437957763672e-01
-3.566305339336395264e-01
-3.572810292243957520e-01
-3.573743402957916260e-01
-3.571406900882720947e-01
-3.578650653362274170e-01
-3.555260598659515381e-01
-3.564208149909973145e-01
-3.623124063014984131e-01
-3.591839671134948730e-01
-3.589577078819274902e-01
-3.603959679603576660e-01
-3.575279712677001953e-01
-3.562940955162048340e-01
-3.595251441001892090e-01
-3.609496653079986572e-01
-3.581322729587554932e-01
-3.592870533466339111e-01
-3.582601845264434814e-01
-3.608345985412597656e-01
-3.561387360095977783e-01
-3.589797914028167725e-01
-3.599555492401123047e-01
-3.583860993385314941e-01
-3.576172590255737305e-01
-3.578426837921142578e-01
-3.607953488826751709e-01
-3.584477603435516357e-01
-3.603218197822570801e-01
-3.592503070831298828e-01
-3.583991825580596924e-01
-3.597071766853332520e-01
-3.595685958862304688e-01
-3.612872958183288574e-01
-3.596106469631195068e-01
-3.563813865184783936e-01
-3.614255487918853760e-01
-3.593308329582214355e-01
-3.574668765068054199e-01
-3.574953675270080566e-01
-3.569967150688171387e-01
-3.592714369297027588e-01
-3.570710420608520508e-01
-3.565364480018615723e-01
-3.615956306457519531e-01
-3.600457310676574707e-01
-3.630099594593048096e-01
-3.605013787746429443e-01
-3.599058091640472412e-01
-3.606944680213928223e-01
-3.624291419982910156e-01
-3.591635823249816895e-01
-3.610176444053649902e-01
-3.592613041400909424e-01
-3.633124530315399170e-01
-3.605026006698608398e-01
-3.579937219619750977e-01
-3.642907142639160156e-01
-3.591639399528503418e-01
-3.608889281749725342e-01
-3.574338257312774658e-01
-3.588464856147766113e-01
-3.606645762920379639e-01
-3.602318763732910156e-01
-3.596945703029632568e-01
-3.604073524475097656e-01
-3.603084087371826172e-01
-3.595015406608581543e-01
-3.617014884948730469e-01
-3.611046373844146729e-01
-3.579328656196594238e-01
-3.607210218906402588e-01
-3.630847036838531494e-01
-3.620622754096984863e-01
-3.621114492416381836e-01
-3.573958277702331543e-01
-3.633549213409423828e-01
-3.600356876850128174e-01
-3.607563376426696777e-01
-3.606897890567779541e-01
-3.618546128273010254e-01
-3.609245121479034424e-01
-3.575036525726318359e-01
-3.596514761447906494e-01
-3.637032508850097656e-01
-3.581309318542480469e-01
-3.603426516056060791e-01
-3.603731989860534668e-01
-3.607152998447418213e-01
-3.610408902168273926e-01
-3.589430749416351318e-01
-3.618208765983581543e-01
-3.600234985351562500e-01
-3.618843853473663330e-01
-3.621325194835662842e-01
-3.608445823192596436e-01
-3.594959676265716553e-01
-3.635881543159484863e-01
-3.634113073348999023e-01
-3.627205789089202881e-01
-3.608698844909667969e-01
-3.615583479404449463e-01
-3.614252805709838867e-01
-3.615899085998535156e-01
-3.582934737205505371e-01
-3.599716722965240479e-01
-3.614927232265472412e-01
-3.611575365066528320e-01
-3.614656329154968262e-01
-3.620835542678833008e-01
-3.599421083927154541e-01
-3.597384691238403320e-01
-3.638900816440582275e-01
-3.610172867774963379e-01
-3.594730794429779053e-01
-3.623218238353729248e-01
-3.610775172710418701e-01
-3.616240024566650391e-01
-3.587023019790649414e-01
-3.624911904335021973e-01
-3.615468740463256836e-01
-3.613200187683105469e-01
-3.615895509719848633e-01
-3.590583205223083496e-01
-3.661232888698577881e-01
-3.606439232826232910e-01
-3.622715771198272705e-01
-3.628284335136413574e-01
-3.625900745391845703e-01
-3.613644838333129883e-01
-3.625067174434661865e-01
-3.620372116565704346e-01
-3.634646534919738770e-01
-3.603017330169677734e-01
-3.620662093162536621e-01
-3.633401393890380859e-01
-3.624530136585235596e-01
-3.637471795082092285e-01
-3.607409298419952393e-01
-3.626776635646820068e-01
-3.611724972724914551e-01
-3.629333078861236572e-01
-3.607245981693267822e-01
-3.603995144367218018e-01
-3.598777353763580322e-01
-3.634071052074432373e-01
-3.607708811759948730e-01
-3.632521629333496094e-01
-3.622420132160186768e-01
-3.643650412559509277e-01
-3.643220067024230957e-01
-3.621419668197631836e-01
-3.634642362594604492e-01
-3.622058629989624023e-01
-3.641990423202514648e-01
-3.611899316310882568e-01
-3.609429299831390381e-01
-3.641773760318756104e-01
-3.632728457450866699e-01
-3.633865118026733398e-01
-3.640300333499908447e-01
-3.615531325340270996e-01
-3.613303303718566895e-01
-3.632024526596069336e-01
-3.628970980644226074e-01
-3.617811799049377441e-01
-3.652539849281311035e-01
-3.611532449722290039e-01
-3.635191023349761963e-01
-3.597454726696014404e-01
-3.625876307487487793e-01
-3.645728826522827148e-01
-3.630823493003845215e-01
-3.641338944435119629e-01
-3.651035726070404053e-01
-3.618703782558441162e-01
-3.615158796310424805e-01
-3.626402020454406738e-01
-3.615171313285827637e-01
-3.629379868507385254e-01
-3.618889451026916504e-01
-3.619042336940765381e-01
-3.637789785861968994e-01
-3.629851937294006348e-01
-3.641810417175292969e-01
-3.614462316036224365e-01
-3.614017963409423828e-01
-3.608514070510864258e-01
-3.611196279525756836e-01
-3.606812655925750732e-01
-3.610152006149291992e-01
-3.623397350311279297e-01
-3.612467050552368164e-01
-3.632128536701202393e-01
-3.625669479370117188e-01
-3.632256984710693359e-01
-3.630824685096740723e-01
-3.630401492118835449e-01
-3.636481463909149170e-01
-3.657634258270263672e-01
-3.631724119186401367e-01
-3.633050024509429932e-01
-3.613854944705963135e-01
-3.636599779129028320e-01
