1.265667557716369629e+00
1.218800544738769531e+00
1.086065411567687988e+00
1.032317757606506348e+00
9.132895469665527344e-01
8.179734945297241211e-01
7.435342073440551758e-01
6.571466326713562012e-01
6.967471837997436523e-01
5.618542432785034180e-01
5.760412812232971191e-01
4.734078347682952881e-01
3.907368183135986328e-01
3.570017218589782715e-01
3.430866599082946777e-01
2.898797988891601562e-01
2.524965405464172363e-01
1.699671000242233276e-01
1.616561561822891235e-01
1.043495684862136841e-01
7.698078453540802002e-02
2.108702994883060455e-02
7.253495976328849792e-03
8.672208525240421295e-03
-3.109941259026527405e-02
-5.159926787018775940e-02
-6.667076796293258667e-02
-1.021038517355918884e-01
-1.238906234502792358e-01
-1.260912865400314331e-01
-1.405453234910964966e-01
-1.627144068479537964e-01
-1.838755458593368530e-01
-1.741619110107421875e-01
-1.793379485607147217e-01
-2.038518190383911133e-01
-1.922196149826049805e-01
-2.107612043619155884e-01
-2.248934805393218994e-01
-2.247179746627807617e-01
-2.148864716291427612e-01
-2.405491620302200317e-01
-2.450260370969772339e-01
-2.236634194850921631e-01
-2.347483336925506592e-01
-2.389433234930038452e-01
-2.485476434230804443e-01
-2.301884442567825317e-01
-2.345602065324783325e-01
-2.247413098812103271e-01
-2.406049668788909912e-01
-2.533822655677795410e-01
-2.526671290397644043e-01
-2.379555404186248779e-01
-2.379224598407745361e-01
-2.434823065996170044e-01
-2.455588579177856445e-01
-2.387566268444061279e-01
-2.306474596261978149e-01
-2.512053549289703369e-01
-2.576525211334228516e-01
-2.312834560871124268e-01
-2.483301460742950439e-01
-2.537452280521392822e-01
-2.451977580785751343e-01
-2.493123412132263184e-01
-2.612891197204589844e-01
-2.465820908546447754e-01
-2.446439564228057861e-01
-2.409889250993728638e-01
-2.526937425136566162e-01
-2.488800585269927979e-01
-2.401837855577468872e-01
-2.578907907009124756e-01
-2.582150995731353760e-01
-2.523952126502990723e-01
-2.632443308830261230e-01
-2.491142004728317261e-01
-2.626951038837432861e-01
-2.561724185943603516e-01
-2.642007172107696533e-01
-2.598710060119628906e-01
-2.636355161666870117e-01
-2.794416844844818115e-01
-2.627865076065063477e-01
-2.586043179035186768e-01
-2.554517388343811035e-01
-2.706011533737182617e-01
-2.591175734996795654e-01
-2.681436836719512939e-01
-2.700272798538208008e-01
-2.621965408325195312e-01
-2.855037152767181396e-01
-2.687903642654418945e-01
-2.680071294307708740e-01
-2.804114520549774170e-01
-2.580775618553161621e-01
-2.728424370288848877e-01
-2.571289539337158203e-01
-2.777749001979827881e-01
-2.670919299125671387e-01
-2.830941677093505859e-01
-2.783594429492950439e-01
-2.730941772460937500e-01
-2.750715315341949463e-01
-2.708315253257751465e-01
-2.828970253467559814e-01
-2.770668566226959229e-01
-2.639693617820739746e-01
-2.814389765262603760e-01
-2.911965548992156982e-01
-2.845303714275360107e-01
-2.792986333370208740e-01
-2.761714458465576172e-01
-2.804024517536163330e-01
-2.768494784832000732e-01
-2.815715968608856201e-01
-2.839160859584808350e-01
-2.659057378768920898e-01
-2.746173739433288574e-01
-2.771704494953155518e-01
-2.911754250526428223e-01
-2.799899578094482422e-01
-2.934799790382385254e-01
-2.903665900230407715e-01
-2.761387825012207031e-01
-2.810053229331970215e-01
-2.875618636608123779e-01
-2.801610529422760010e-01
-2.797183096408843994e-01
-2.875954508781433105e-01
-2.830629348754882812e-01
-2.882975935935974121e-01
-2.876225411891937256e-01
-2.811997234821319580e-01
-2.824967205524444580e-01
-2.936452329158782959e-01
-2.942577600479125977e-01
-2.812565863132476807e-01
-2.831323742866516113e-01
-2.948746979236602783e-01
-2.981191873550415039e-01
-2.969763278961181641e-01
-2.902678847312927246e-01
-2.942747175693511963e-01
-2.915140986442565918e-01
-2.957322597503662109e-01
-2.947203516960144043e-01
-3.030385673046112061e-01
-2.831549644470214844e-01
-2.924069166183471680e-01
-2.928430140018463135e-01
-2.872835099697113037e-01
-2.945129275321960449e-01
-2.882089316844940186e-01
-2.973668873310089111e-01
-2.940937578678131104e-01
-3.138599991798400879e-01
-3.092949688434600830e-01
-2.890765070915222168e-01
-3.032196164131164551e-01
-3.134199976921081543e-01
-3.021047413349151611e-01
-2.963842749595642090e-01
-3.007933497428894043e-01
-2.956493496894836426e-01
-2.935858666896820068e-01
-3.082445859909057617e-01
-3.023686408996582031e-01
-3.014017939567565918e-01
-3.094630241394042969e-01
-3.057814240455627441e-01
-3.030475974082946777e-01
-3.053516149520874023e-01
-3.093961775302886963e-01
-3.072541952133178711e-01
-2.998362481594085693e-01
-3.112013041973114014e-01
-3.057885468006134033e-01
-2.974022626876831055e-01
-3.014847934246063232e-01
-3.161365985870361328e-01
-3.145409524440765381e-01
-3.158538639545440674e-01
-3.171935975551605225e-01
-3.116452693939208984e-01
-3.078695535659790039e-01
-3.216944038867950439e-01
-3.201111555099487305e-01
-3.090842962265014648e-01
-3.188197612762451172e-01
-3.232629299163818359e-01
-3.155440688133239746e-01
-3.083075582981109619e-01
-3.204948306083679199e-01
-3.158526122570037842e-01
-3.126755356788635254e-01
-3.099475204944610596e-01
-3.193838596343994141e-01
-3.062524497509002686e-01
-3.145095705986022949e-01
-3.162410557270050049e-01
-3.171752989292144775e-01
-3.244575262069702148e-01
-3.032835423946380615e-01
-3.200828135013580322e-01
-3.241115808486938477e-01
-3.211424946784973145e-01
-3.142949342727661133e-01
-3.166292309761047363e-01
-3.214434385299682617e-01
-3.279151022434234619e-01
-3.162277936935424805e-01
-3.153096139430999756e-01
-3.148253858089447021e-01
-3.191971480846405029e-01
-3.025153875350952148e-01
-3.213233649730682373e-01
-3.189525008201599121e-01
-3.132656514644622803e-01
-3.197249770164489746e-01
-3.206077516078948975e-01
-3.146026432514190674e-01
-3.138365745544433594e-01
-3.266195654869079590e-01
-3.279988467693328857e-01
-3.232048451900482178e-01
-3.231157362461090088e-01
-3.194549977779388428e-01
-3.184129595756530762e-01
-3.244102895259857178e-01
-3.174827694892883301e-01
-3.224394917488098145e-01
-3.218361139297485352e-01
-3.243292570114135742e-01
-3.228610157966613770e-01
-3.260668516159057617e-01
-3.292230665683746338e-01
-3.178334832191467285e-01
-3.247622847557067871e-01
-3.164771199226379395e-01
-3.147751688957214355e-01
-3.126913309097290039e-01
-3.185413479804992676e-01
-3.220039010047912598e-01
-3.223950266838073730e-01
-3.251898288726806641e-01
-3.262631297111511230e-01
-3.231774270534515381e-01
-3.300179243087768555e-01
-3.228507041931152344e-01
-3.212627470493316650e-01
-3.311506211757659912e-01
-3.243687152862548828e-01
-3.276996910572052002e-01
-3.254829943180084229e-01
-3.269371986389160156e-01
-3.316581249237060547e-01
-3.272344768047332764e-01
-3.273624777793884277e-01
-3.274085819721221924e-01
-3.284789025783538818e-01
-3.336394727230072021e-01
-3.322402536869049072e-01
-3.291938006877899170e-01
-3.281937241554260254e-01
-3.347795009613037109e-01
-3.293590843677520752e-01
-3.313272297382354736e-01
-3.241871595382690430e-01
-3.322758078575134277e-01
-3.239140510559082031e-01
-3.320671916007995605e-01
-3.298875689506530762e-01
-3.383919000625610352e-01
-3.243938982486724854e-01
-3.313277661800384521e-01
-3.250197768211364746e-01
-3.317416012287139893e-01
-3.321539163589477539e-01
-3.250929713249206543e-01
-3.250161111354827881e-01
-3.364287912845611572e-01
-3.234665393829345703e-01
-3.222186863422393799e-01
-3.381701111793518066e-01
-3.313307464122772217e-01
-3.270147144794464111e-01
-3.309161663055419922e-01
-3.265430927276611328e-01
-3.356124758720397949e-01
-3.301745951175689697e-01
-3.296744227409362793e-01
-3.379546999931335449e-01
-3.301953077316284180e-01
-3.335058093070983887e-01
-3.312036097049713135e-01
-3.383612930774688721e-01
-3.385354578495025635e-01
-3.357964754104614258e-01
-3.406264483928680420e-01
-3.344289064407348633e-01
-3.257998824119567871e-01
-3.318545222282409668e-01
-3.336008787155151367e-01
-3.389847278594970703e-01
-3.317466378211975098e-01
-3.328612148761749268e-01
-3.397628366947174072e-01
-3.284929394721984863e-01
-3.345759212970733643e-01
-3.300565779209136963e-01
-3.379273116588592529e-01
-3.342605233192443848e-01
-3.418768942356109619e-01
-3.346816301345825195e-01
-3.323135972023010254e-01
-3.337079584598541260e-01
-3.337822556495666504e-01
-3.428444564342498779e-01
-3.391624987125396729e-01
-3.293046057224273682e-01
-3.274841904640197754e-01
-3.418535292148590088e-01
-3.364501297473907471e-01
-3.251857161521911621e-01
-3.432220518589019775e-01
-3.349146246910095215e-01
-3.304468393325805664e-01
-3.406388461589813232e-01
-3.404041826725006104e-01
-3.237096667289733887e-01
-3.454459309577941895e-01
-3.440055549144744873e-01
-3.369930982589721680e-01
-3.424419462680816650e-01
-3.491229712963104248e-01
-3.405488729476928711e-01
-3.349298834800720215e-01
-3.275558352470397949e-01
-3.407490253448486328e-01
-3.501001000404357910e-01
-3.493019640445709229e-01
-3.407543599605560303e-01
-3.342543244361877441e-01
-3.331040143966674805e-01
-3.439425826072692871e-01
-3.437704741954803467e-01
-3.438899815082550049e-01
-3.394734859466552734e-01
-3.378694355487823486e-01
-3.423699736595153809e-01
-3.488054871559143066e-01
-3.426482379436492920e-01
-3.297807574272155762e-01
-3.376572132110595703e-01
-3.421839177608489990e-01
-3.387705683708190918e-01
-3.424458503723144531e-01
-3.560903966426849365e-01
-3.413056433200836182e-01
-3.427486717700958252e-01
-3.405088484287261963e-01
-3.467047810554504395e-01
-3.505631089210510254e-01
-3.410432040691375732e-01
-3.481650948524475098e-01
-3.398846387863159180e-01
-3.477165102958679199e-01
-3.477429151535034180e-01
-3.479409813880920410e-01
-3.522281348705291748e-01
-3.447332978248596191e-01
-3.374108374118804932e-01
-3.469752669334411621e-01
-3.519207537174224854e-01
-3.445831835269927979e-01
-3.466047644615173340e-01
-3.408259749412536621e-01
-3.493448495864868164e-01
-3.427940607070922852e-01
-3.507719635963439941e-01
-3.466993272304534912e-01
-3.437756597995758057e-01
-3.528343141078948975e-01
-3.530679941177368164e-01
-3.508204221725463867e-01
-3.502030670642852783e-01
-3.398588895797729492e-01
-3.521376252174377441e-01
-3.558937907218933105e-01
-3.585408329963684082e-01
-3.516848683357238770e-01
-3.557251393795013428e-01
-3.608269095420837402e-01
-3.451350033283233643e-01
-3.493486344814300537e-01
-3.599225580692291260e-01
-3.544111847877502441e-01
-3.638165295124053955e-01
-3.547544479370117188e-01
-3.580037355422973633e-01
-3.642536699771881104e-01
-3.568931818008422852e-01
-3.526614904403686523e-01
-3.535882234573364258e-01
-3.561430573463439941e-01
-3.556375503540039062e-01
-3.565967977046966553e-01
-3.549758195877075195e-01
-3.600232303142547607e-01
-3.640014529228210449e-01
-3.600986599922180176e-01
-3.592303991317749023e-01
-3.598034679889678955e-01
-3.579017817974090576e-01
-3.560446798801422119e-01
-3.635357618331909180e-01
-3.606126606464385986e-01
-3.572013080120086670e-01
-3.673006892204284668e-01
-3.715458512306213379e-01
-3.625059723854064941e-01
-3.681403100490570068e-01
-3.723669946193695068e-01
-3.708057105541229248e-01
-3.662755489349365234e-01
-3.694243729114532471e-01
-3.648776710033416748e-01
-3.737095892429351807e-01
-3.697266280651092529e-01
-3.731484413146972656e-01
-3.757265806198120117e-01
-3.728584945201873779e-01
-3.721902072429656982e-01
-3.701042532920837402e-01
-3.626498281955718994e-01
-3.779648840427398682e-01
-3.750064074993133545e-01
-3.737514019012451172e-01
-3.725512921810150146e-01
-3.674566745758056641e-01
-3.850711882114410400e-01
-3.725898563861846924e-01
-3.765795826911926270e-01
-3.744003772735595703e-01
-3.772232234477996826e-01
-3.786413073539733887e-01
-3.696761727333068848e-01
-3.784137964248657227e-01
-3.791846930980682373e-01
-3.787625432014465332e-01
-3.797099888324737549e-01
-3.812556862831115723e-01
-3.805665671825408936e-01
-3.830350339412689209e-01
-3.795345723628997803e-01
-3.857041299343109131e-01
-3.833501040935516357e-01
-3.796270489692687988e-01
-3.819596767425537109e-01
-3.780681490898132324e-01
-3.868273198604583740e-01
-3.802098631858825684e-01
-3.811935484409332275e-01
-3.822008073329925537e-01
-3.752040266990661621e-01
-3.770106136798858643e-01
-3.879822790622711182e-01
-3.830095231533050537e-01
-3.838016986846923828e-01
-3.795985579490661621e-01
-3.881173431873321533e-01
-3.825145363807678223e-01
-3.848366141319274902e-01
-3.918395936489105225e-01
-3.897359669208526611e-01
-3.806326985359191895e-01
-3.813276290893554688e-01
-3.838358819484710693e-01
-3.825415670871734619e-01
-3.874590396881103516e-01
-3.810026049613952637e-01
-3.890959024429321289e-01
-3.925072550773620605e-01
-3.868496119976043701e-01
-3.895196616649627686e-01
-3.907025456428527832e-01
-3.891696631908416748e-01
-3.885627388954162598e-01
-3.926964998245239258e-01
-3.901884257793426514e-01
-3.902515172958374023e-01
-3.922493755817413330e-01
-3.918397128582000732e-01
-3.906412720680236816e-01
-3.909118771553039551e-01
-3.874454200267791748e-01
-3.891259729862213135e-01
-3.872739374637603760e-01
-3.930693864822387695e-01
-3.904537856578826904e-01
-3.880231976509094238e-01
-3.922448158264160156e-01
-3.906827270984649658e-01
-3.978885412216186523e-01
-3.942037820816040039e-01
-3.948178589344024658e-01
-3.859999179840087891e-01
-3.959812521934509277e-01
-3.903017640113830566e-01
-3.917881548404693604e-01
-3.992256820201873779e-01
-4.029989540576934814e-01
-3.945683538913726807e-01
-3.931957483291625977e-01
-3.944868147373199463e-01
-3.955220282077789307e-01
-3.960090279579162598e-01
-3.919577598571777344e-01
-3.976301848888397217e-01
-3.979026377201080322e-01
-3.964932262897491455e-01
-4.012714922428131104e-01
-4.015452265739440918e-01
-3.954437971115112305e-01
-3.951300084590911865e-01
-3.966046869754791260e-01
-4.007330238819122314e-01
-3.999491035938262939e-01
-4.000517725944519043e-01
-3.981385827064514160e-01
-4.038678705692291260e-01
-3.978909254074096680e-01
-3.988040089607238770e-01
-3.945024311542510986e-01
-3.994833230972290039e-01
-3.956819176673889160e-01
-4.044598340988159180e-01
-3.986833095550537109e-01
-4.009456038475036621e-01
-4.020521044731140137e-01
-4.020968079566955566e-01
-4.015292227268218994e-01
-4.005745351314544678e-01
-4.026896357536315918e-01
-4.012196063995361328e-01
-4.019384682178497314e-01
-4.059876203536987305e-01
-4.009783864021301270e-01
-4.070671498775482178e-01
-4.019834995269775391e-01
-4.039998650550842285e-01
-4.006572067737579346e-01
-4.063647389411926270e-01
-3.993036746978759766e-01
-4.042693972587585449e-01
-4.034828543663024902e-01
-4.071137309074401855e-01
-4.083679318428039551e-01
-4.027175903320312500e-01
-4.102911949157714844e-01
-4.023227095603942871e-01
-4.081163704395294189e-01
-4.097987711429595947e-01
-4.071041643619537354e-01
-4.065334498882293701e-01
-4.074541032314300537e-01
-4.022858142852783203e-01
-4.072624444961547852e-01
-4.098186194896697998e-01
-4.039206504821777344e-01
-4.081753492355346680e-01
-4.145542681217193604e-01
-4.088850915431976318e-01
-4.098344743251800537e-01
-4.145045876502990723e-01
-4.129727184772491455e-01
-4.085761010646820068e-01
-4.125505387783050537e-01
-4.148480892181396484e-01
-4.128338694572448730e-01
-4.095886945724487305e-01
-4.117865562438964844e-01
-4.066385626792907715e-01
-4.106301367282867432e-01
-4.116457104682922363e-01
-4.127029478549957275e-01
-4.095698893070220947e-01
-4.116146862506866455e-01
-4.162309467792510986e-01
-4.123840928077697754e-01
-4.124090075492858887e-01
-4.127852320671081543e-01
-4.118740856647491455e-01
-4.143476784229278564e-01
-4.139403104782104492e-01
-4.127105772495269775e-01
-4.152440130710601807e-01
-4.137606918811798096e-01
-4.105427861213684082e-01
-4.173957109451293945e-01
-4.140132665634155273e-01
-4.181999862194061279e-01
-4.157440662384033203e-01
-4.107373058795928955e-01
-4.162478446960449219e-01
-4.130706787109375000e-01
-4.147982895374298096e-01
-4.212232530117034912e-01
-4.166408777236938477e-01
-4.167894124984741211e-01
-4.151267707347869873e-01
-4.163322746753692627e-01
-4.161891639232635498e-01
-4.207703173160552979e-01
-4.153701066970825195e-01
-4.138353466987609863e-01
-4.192706048488616943e-01
-4.170064032077789307e-01
-4.180577993392944336e-01
-4.178570210933685303e-01
-4.156005382537841797e-01
-4.178222119808197021e-01
-4.188119769096374512e-01
-4.173846244812011719e-01
-4.166618883609771729e-01
-4.162669181823730469e-01
-4.170068800449371338e-01
-4.153983891010284424e-01
-4.157798588275909424e-01
-4.130457043647766113e-01
-4.177597165107727051e-01
-4.168062806129455566e-01
-4.176132678985595703e-01
-4.212048351764678955e-01
-4.206203520298004150e-01
-4.206493794918060303e-01
-4.206624925136566162e-01
-4.184528291225433350e-01
-4.171577990055084229e-01
-4.164201617240905762e-01
-4.128291606903076172e-01
-4.179779887199401855e-01
-4.194262027740478516e-01
-4.194230437278747559e-01
-4.169168770313262939e-01
-4.222491383552551270e-01
-4.229630827903747559e-01
-4.192943871021270752e-01
-4.169954955577850342e-01
-4.178756177425384521e-01
-4.191494286060333252e-01
-4.211371839046478271e-01
-4.158915877342224121e-01
-4.169899523258209229e-01
-4.197297990322113037e-01
-4.199901223182678223e-01
-4.181549549102783203e-01
-4.190056025981903076e-01
-4.207650721073150635e-01
-4.180279076099395752e-01
-4.210736155509948730e-01
-4.157079458236694336e-01
-4.165082871913909912e-01
-4.207345247268676758e-01
-4.201323986053466797e-01
-4.190592169761657715e-01
-4.219440817832946777e-01
-4.214221239089965820e-01
-4.170288145542144775e-01
-4.176421463489532471e-01
-4.182638525962829590e-01
-4.210104346275329590e-01
-4.171393215656280518e-01
-4.187182486057281494e-01
-4.231821298599243164e-01
-4.169490933418273926e-01
-4.227713644504547119e-01
-4.200136363506317139e-01
-4.203687608242034912e-01
-4.179174900054931641e-01
-4.196205437183380127e-01
-4.221667647361755371e-01
-4.173126518726348877e-01
-4.197744429111480713e-01
-4.203008413314819336e-01
-4.213244616985321045e-01
-4.167020916938781738e-01
-4.203086495399475098e-01
-4.190808236598968506e-01
-4.196443557739257812e-01
-4.172886908054351807e-01
-4.218358099460601807e-01
-4.190630018711090088e-01
-4.196101725101470947e-01
-4.205172061920166016e-01
-4.207913279533386230e-01
-4.226850867271423340e-01
-4.202675521373748779e-01
-4.198833405971527100e-01
-4.217108190059661865e-01
-4.215447306632995605e-01
-4.204652607440948486e-01
-4.229415953159332275e-01
-4.200218915939331055e-01
-4.229181408882141113e-01
-4.208352267742156982e-01
-4.199969470500946045e-01
-4.207513034343719482e-01
-4.216681122779846191e-01
-4.173885881900787354e-01
-4.224503338336944580e-01
-4.197884202003479004e-01
-4.205681681632995605e-01
-4.203047454357147217e-01
-4.218609631061553955e-01
-4.238057732582092285e-01
-4.193160533905029297e-01
-4.177828431129455566e-01
-4.226167500019073486e-01
-4.195897281169891357e-01
-4.185789227485656738e-01
-4.191051125526428223e-01
-4.187146127223968506e-01
-4.173727333545684814e-01
-4.256287217140197754e-01
-4.238753020763397217e-01
-4.216115772724151611e-01
-4.237048327922821045e-01
-4.238283038139343262e-01
-4.198739528656005859e-01
-4.231656491756439209e-01
-4.210449755191802979e-01
-4.183220863342285156e-01
-4.183632433414459229e-01
-4.196298420429229736e-01
-4.176850616931915283e-01
-4.237900078296661377e-01
-4.242874085903167725e-01
-4.198299050331115723e-01
-4.200072586536407471e-01
-4.218064546585083008e-01
-4.187806248664855957e-01
-4.200441241264343262e-01
-4.175518751144409180e-01
-4.201356768608093262e-01
-4.190181791782379150e-01
-4.214595854282379150e-01
-4.212586581707000732e-01
-4.173940420150756836e-01
-4.217793643474578857e-01
-4.217012822628021240e-01
-4.257088005542755127e-01
-4.188631474971771240e-01
-4.213508963584899902e-01
-4.171893596649169922e-01
-4.241274893283843994e-01
-4.197414517402648926e-01
-4.197918474674224854e-01
-4.193488061428070068e-01
-4.196208417415618896e-01
-4.261683821678161621e-01
-4.273485839366912842e-01
-4.207163453102111816e-01
-4.229860901832580566e-01
-4.215772151947021484e-01
-4.207873642444610596e-01
-4.226020574569702148e-01
-4.250561892986297607e-01
-4.217010736465454102e-01
-4.211660027503967285e-01
-4.224349260330200195e-01
-4.259041249752044678e-01
-4.221124351024627686e-01
-4.208856225013732910e-01
-4.227683842182159424e-01
-4.235844016075134277e-01
-4.207869768142700195e-01
-4.224982857704162598e-01
-4.223392307758331299e-01
-4.206828176975250244e-01
-4.186187088489532471e-01
-4.248033165931701660e-01
-4.224061071872711182e-01
-4.241927564144134521e-01
-4.188343882560729980e-01
-4.233706593513488770e-01
-4.230204522609710693e-01
-4.210166037082672119e-01
-4.233108460903167725e-01
-4.218295514583587646e-01
-4.231898784637451172e-01
-4.211392998695373535e-01
-4.205134809017181396e-01
-4.228368401527404785e-01
-4.216191768646240234e-01
-4.232747852802276611e-01
-4.219453632831573486e-01
-4.226641356945037842e-01
-4.285577833652496338e-01
-4.217387437820434570e-01
-4.175039529800415039e-01
-4.199825525283813477e-01
-4.243362545967102051e-01
-4.209530949592590332e-01
-4.205953776836395264e-01
-4.240532517433166504e-01
-4.206363856792449951e-01
-4.287880361080169678e-01
-4.236462116241455078e-01
-4.215071201324462891e-01
-4.229826033115386963e-01
-4.204167127609252930e-01
-4.227789640426635742e-01
-4.236057102680206299e-01
-4.213864803314208984e-01
-4.245272278785705566e-01
-4.210820794105529785e-01
-4.198264181613922119e-01
-4.236531257629394531e-01
-4.252483248710632324e-01
-4.197638630867004395e-01
-4.246308505535125732e-01
-4.247606098651885986e-01
-4.249194264411926270e-01
-4.219803512096405029e-01
-4.212639629840850830e-01
-4.241782426834106445e-01
-4.198567569255828857e-01
-4.235075712203979492e-01
-4.203095436096191406e-01
-4.193272590637207031e-01
-4.217409193515777588e-01
-4.214603602886199951e-01
-4.212355315685272217e-01
-4.243872761726379395e-01
-4.230102896690368652e-01
-4.222025275230407715e-01
-4.226764440536499023e-01
-4.249888360500335693e-01
-4.244399666786193848e-01
-4.220220446586608887e-01
-4.210907220840454102e-01
-4.244166016578674316e-01
-4.226696193218231201e-01
-4.209933578968048096e-01
-4.208320975303649902e-01
-4.225803315639495850e-01
-4.250979423522949219e-01
-4.248355627059936523e-01
-4.227885603904724121e-01
-4.233447313308715820e-01
-4.273572862148284912e-01
-4.230801761150360107e-01
-4.262224733829498291e-01
-4.251400828361511230e-01
-4.244018495082855225e-01
-4.237402975559234619e-01
-4.240991175174713135e-01
-4.286985993385314941e-01
-4.267526566982269287e-01
-4.219453334808349609e-01
-4.205313622951507568e-01
-4.251271188259124756e-01
-4.222784340381622314e-01
-4.258069992065429688e-01
-4.225190281867980957e-01
-4.210726320743560791e-01
-4.251785874366760254e-01
-4.220271408557891846e-01
-4.227955341339111328e-01
-4.236726760864257812e-01
-4.249972403049468994e-01
-4.220395982265472412e-01
-4.231658279895782471e-01
-4.238964617252349854e-01
-4.242512285709381104e-01
-4.233913719654083252e-01
-4.248472154140472412e-01
-4.279095530509948730e-01
-4.248971939086914062e-01
-4.235022664070129395e-01
-4.235390126705169678e-01
-4.233119785785675049e-01
-4.262906908988952637e-01
-4.267805516719818115e-01
-4.245083034038543701e-01
-4.238610863685607910e-01
-4.208476841449737549e-01
-4.259901046752929688e-01
-4.235356152057647705e-01
-4.243737757205963135e-01
-4.237785637378692627e-01
-4.257781803607940674e-01
-4.230484366416931152e-01
-4.242821633815765381e-01
-4.217489361763000488e-01
-4.240609705448150635e-01
-4.254522621631622314e-01
-4.218408465385437012e-01
-4.214794933795928955e-01
-4.242769479751586914e-01
-4.274883568286895752e-01
-4.248320460319519043e-01
-4.251497089862823486e-01
-4.207590520381927490e-01
-4.261561632156372070e-01
-4.281433820724487305e-01
-4.249829053878784180e-01
-4.252473711967468262e-01
-4.195758104324340820e-01
-4.247310757637023926e-01
-4.251029491424560547e-01
-4.226133525371551514e-01
-4.244408011436462402e-01
-4.246191084384918213e-01
-4.238307774066925049e-01
-4.228949546813964844e-01
-4.245872795581817627e-01
-4.235430061817169189e-01
-4.240584969520568848e-01
-4.282381534576416016e-01
-4.246229529380798340e-01
-4.249335229396820068e-01
-4.243375062942504883e-01
-4.256213307380676270e-01
-4.271908104419708252e-01
-4.269594550132751465e-01
-4.220754504203796387e-01
-4.217938780784606934e-01
-4.263224303722381592e-01
-4.233698844909667969e-01
-4.227313399314880371e-01
-4.247440695762634277e-01
-4.205259382724761963e-01
-4.236362874507904053e-01
-4.226028323173522949e-01
-4.241529703140258789e-01
-4.261431992053985596e-01
-4.256734251976013184e-01
-4.263156950473785400e-01
-4.227274358272552490e-01
-4.255247116088867188e-01
-4.228899478912353516e-01
-4.263556003570556641e-01
-4.234114289283752441e-01
-4.257727265357971191e-01
-4.222282171249389648e-01
-4.260931313037872314e-01
-4.266904592514038086e-01
-4.267145991325378418e-01
-4.257695972919464111e-01
-4.251162707805633545e-01
-4.249226152896881104e-01
-4.279375672340393066e-01
-4.278992712497711182e-01
-4.285519421100616455e-01
-4.240067005157470703e-01
-4.263183176517486572e-01
-4.290926456451416016e-01
-4.264725446701049805e-01
-4.255424141883850098e-01
-4.243572354316711426e-01
-4.240585267543792725e-01
-4.242479801177978516e-01
-4.223427474498748779e-01
-4.268049299716949463e-01
-4.238748848438262939e-01
-4.256415367126464844e-01
-4.286059737205505371e-01
-4.245718121528625488e-01
-4.223886132240295410e-01
-4.231416583061218262e-01
-4.266765117645263672e-01
-4.252866208553314209e-01
-4.250587522983551025e-01
-4.262921810150146484e-01
-4.260461926460266113e-01
-4.236577749252319336e-01
-4.248945415019989014e-01
-4.250876903533935547e-01
-4.231163859367370605e-01
-4.223513007164001465e-01
-4.280071854591369629e-01
-4.271818101406097412e-01
-4.253165423870086670e-01
-4.246015250682830811e-01
-4.269941449165344238e-01
-4.255361258983612061e-01
-4.267120957374572754e-01
-4.253485202789306641e-01
-4.285331964492797852e-01
-4.281719028949737549e-01
-4.270120859146118164e-01
-4.254531264305114746e-01
-4.228684604167938232e-01
-4.276483058929443359e-01
-4.230100810527801514e-01
-4.270375669002532959e-01
