1.886879682540893555e+00
1.712539315223693848e+00
1.584930181503295898e+00
1.485814094543457031e+00
1.354548573493957520e+00
1.230360388755798340e+00
1.144330859184265137e+00
1.026063799858093262e+00
9.292875528335571289e-01
8.351222872734069824e-01
7.495699524879455566e-01
6.708692312240600586e-01
5.808974504470825195e-01
5.324432253837585449e-01
4.392020404338836670e-01
3.857452869415283203e-01
3.233762085437774658e-01
2.734622657299041748e-01
2.191915810108184814e-01
1.520994901657104492e-01
1.074182614684104919e-01
7.653145492076873779e-02
3.260215744376182556e-02
-2.970773959532380104e-03
-3.939919918775558472e-02
-6.930556148290634155e-02
-9.596612304449081421e-02
-1.166622415184974670e-01
-1.401666849851608276e-01
-1.579685509204864502e-01
-1.748432815074920654e-01
-1.899303197860717773e-01
-2.041247934103012085e-01
-2.146762907505035400e-01
-2.197573482990264893e-01
-2.230603694915771484e-01
-2.364836037158966064e-01
-2.419051378965377808e-01
-2.426065653562545776e-01
-2.424556761980056763e-01
-2.489024102687835693e-01
-2.475046813488006592e-01
-2.487115710973739624e-01
-2.484433054924011230e-01
-2.505673170089721680e-01
-2.537500858306884766e-01
-2.494253516197204590e-01
-2.476821839809417725e-01
-2.465544492006301880e-01
-2.476734220981597900e-01
-2.460554391145706177e-01
-2.478338330984115601e-01
-2.458653002977371216e-01
-2.463160455226898193e-01
-2.457801997661590576e-01
-2.461932748556137085e-01
-2.465352714061737061e-01
-2.471326887607574463e-01
-2.451967447996139526e-01
-2.477058172225952148e-01
-2.482860982418060303e-01
-2.458226978778839111e-01
-2.469977736473083496e-01
-2.514431476593017578e-01
-2.511440813541412354e-01
-2.512089014053344727e-01
-2.500031888484954834e-01
-2.486720681190490723e-01
-2.517999112606048584e-01
-2.518819868564605713e-01
-2.512420117855072021e-01
-2.530287802219390869e-01
-2.533102631568908691e-01
-2.514241337776184082e-01
-2.523542344570159912e-01
-2.524039745330810547e-01
-2.525161504745483398e-01
-2.510686218738555908e-01
-2.534321546554565430e-01
-2.503035068511962891e-01
-2.519462704658508301e-01
-2.544606924057006836e-01
-2.530377507209777832e-01
-2.562436163425445557e-01
-2.547810077667236328e-01
-2.520435452461242676e-01
-2.535031735897064209e-01
-2.533899545669555664e-01
-2.522191107273101807e-01
-2.556915581226348877e-01
-2.491478621959686279e-01
-2.537463903427124023e-01
-2.559853494167327881e-01
-2.527516186237335205e-01
-2.548167407512664795e-01
-2.555736005306243896e-01
-2.544967234134674072e-01
-2.532025575637817383e-01
-2.511092424392700195e-01
-2.550242841243743896e-01
-2.568648159503936768e-01
-2.538743913173675537e-01
-2.541062831878662109e-01
-2.554371654987335205e-01
-2.560525238513946533e-01
-2.534790337085723877e-01
-2.567507028579711914e-01
-2.544695734977722168e-01
-2.566246688365936279e-01
-2.562176287174224854e-01
-2.544907927513122559e-01
-2.559369802474975586e-01
-2.536092102527618408e-01
-2.575523257255554199e-01
-2.552828490734100342e-01
-2.556584775447845459e-01
-2.571299374103546143e-01
-2.590614557266235352e-01
-2.551208138465881348e-01
-2.552950084209442139e-01
-2.575301527976989746e-01
-2.578053176403045654e-01
-2.542518675327301025e-01
-2.551259398460388184e-01
-2.574817538261413574e-01
-2.565245330333709717e-01
-2.567830383777618408e-01
-2.581160664558410645e-01
-2.558246254920959473e-01
-2.549997270107269287e-01
-2.568185627460479736e-01
-2.605392336845397949e-01
-2.561692893505096436e-01
-2.557128965854644775e-01
-2.585006654262542725e-01
-2.595407962799072266e-01
-2.570125758647918701e-01
-2.603568434715270996e-01
-2.585577964782714844e-01
-2.560025155544281006e-01
-2.581402063369750977e-01
-2.584136426448822021e-01
-2.580300867557525635e-01
-2.569425702095031738e-01
-2.602679431438446045e-01
-2.587856352329254150e-01
-2.598217129707336426e-01
-2.587736845016479492e-01
-2.588345408439636230e-01
-2.574146091938018799e-01
-2.594325542449951172e-01
-2.575290799140930176e-01
-2.580634653568267822e-01
-2.577688694000244141e-01
-2.580511868000030518e-01
-2.592410743236541748e-01
-2.572874724864959717e-01
-2.624441087245941162e-01
-2.593866586685180664e-01
-2.613839805126190186e-01
-2.603212594985961914e-01
-2.602636218070983887e-01
-2.565265893936157227e-01
-2.619988918304443359e-01
-2.612642943859100342e-01
-2.598389387130737305e-01
-2.587044835090637207e-01
-2.613538801670074463e-01
-2.604480683803558350e-01
-2.581755816936492920e-01
-2.586711645126342773e-01
-2.572494745254516602e-01
-2.586528360843658447e-01
-2.616475224494934082e-01
-2.606533169746398926e-01
-2.576480209827423096e-01
-2.605161666870117188e-01
-2.613387405872344971e-01
-2.594935894012451172e-01
-2.595599591732025146e-01
-2.609861493110656738e-01
-2.607104480266571045e-01
-2.625698149204254150e-01
-2.614445388317108154e-01
-2.612928450107574463e-01
-2.600498795509338379e-01
-2.620970606803894043e-01
-2.606005370616912842e-01
-2.626083493232727051e-01
-2.606158554553985596e-01
-2.651660144329071045e-01
-2.605782449245452881e-01
-2.632442712783813477e-01
-2.612395286560058594e-01
-2.631477415561676025e-01
-2.637506127357482910e-01
-2.605989277362823486e-01
-2.626178264617919922e-01
-2.629607021808624268e-01
-2.620410025119781494e-01
-2.618517875671386719e-01
-2.623741328716278076e-01
-2.619983553886413574e-01
-2.665770351886749268e-01
-2.602364420890808105e-01
-2.621690332889556885e-01
-2.683225274085998535e-01
-2.662030756473541260e-01
-2.646697461605072021e-01
-2.648195028305053711e-01
-2.644600272178649902e-01
-2.642747759819030762e-01
-2.632593512535095215e-01
-2.677746713161468506e-01
-2.677558660507202148e-01
-2.622787952423095703e-01
-2.687654495239257812e-01
-2.659549415111541748e-01
-2.636010646820068359e-01
-2.660055458545684814e-01
-2.652493417263031006e-01
-2.666583955287933350e-01
-2.659477293491363525e-01
-2.629688680171966553e-01
-2.655495703220367432e-01
-2.652755677700042725e-01
-2.648319303989410400e-01
-2.651281058788299561e-01
-2.673701047897338867e-01
-2.671259641647338867e-01
-2.668010294437408447e-01
-2.662802636623382568e-01
-2.630676031112670898e-01
-2.669454813003540039e-01
-2.664218842983245850e-01
-2.673398852348327637e-01
-2.699733972549438477e-01
-2.669837772846221924e-01
-2.642925679683685303e-01
-2.671263515949249268e-01
-2.658474147319793701e-01
-2.663085758686065674e-01
-2.674876153469085693e-01
-2.674456238746643066e-01
-2.672352194786071777e-01
-2.679587900638580322e-01
-2.643093168735504150e-01
-2.677361667156219482e-01
-2.684978544712066650e-01
-2.673277854919433594e-01
-2.656641602516174316e-01
-2.690540850162506104e-01
-2.692210376262664795e-01
-2.705119848251342773e-01
-2.675546407699584961e-01
-2.708030343055725098e-01
-2.713866829872131348e-01
-2.688772976398468018e-01
-2.695885002613067627e-01
-2.693690061569213867e-01
-2.695278525352478027e-01
-2.701398730278015137e-01
-2.687778174877166748e-01
-2.691734135150909424e-01
-2.677506804466247559e-01
-2.671792507171630859e-01
-2.688893675804138184e-01
-2.694728970527648926e-01
-2.684805393218994141e-01
-2.687593400478363037e-01
-2.705575823783874512e-01
-2.682561576366424561e-01
-2.685408890247344971e-01
-2.684127688407897949e-01
-2.704972028732299805e-01
-2.731493115425109863e-01
-2.693887352943420410e-01
-2.709125578403472900e-01
-2.685154080390930176e-01
-2.708021998405456543e-01
-2.703433334827423096e-01
-2.698953151702880859e-01
-2.709260880947113037e-01
-2.726527154445648193e-01
-2.711816430091857910e-01
-2.725835442543029785e-01
-2.737794220447540283e-01
-2.717043459415435791e-01
-2.714902460575103760e-01
-2.705593407154083252e-01
-2.722181975841522217e-01
-2.717730700969696045e-01
-2.704699635505676270e-01
-2.722157835960388184e-01
-2.703224122524261475e-01
-2.716487646102905273e-01
-2.708300352096557617e-01
-2.691674828529357910e-01
-2.710060477256774902e-01
-2.745934724807739258e-01
-2.732354104518890381e-01
-2.728668451309204102e-01
-2.733179926872253418e-01
-2.730714678764343262e-01
-2.696945369243621826e-01
-2.728698253631591797e-01
-2.746282517910003662e-01
-2.725103199481964111e-01
-2.722184360027313232e-01
-2.738111615180969238e-01
-2.753096520900726318e-01
-2.735311985015869141e-01
-2.770775854587554932e-01
-2.752284407615661621e-01
-2.735908329486846924e-01
-2.738173305988311768e-01
-2.723704874515533447e-01
-2.740372121334075928e-01
-2.740440666675567627e-01
-2.741200327873229980e-01
-2.767559885978698730e-01
-2.743273079395294189e-01
-2.743924558162689209e-01
-2.733572423458099365e-01
-2.741017937660217285e-01
-2.732169926166534424e-01
-2.761438488960266113e-01
-2.757849693298339844e-01
-2.742710709571838379e-01
-2.770526707172393799e-01
-2.777520418167114258e-01
-2.752665877342224121e-01
-2.730080187320709229e-01
-2.756513655185699463e-01
-2.748334407806396484e-01
-2.770973145961761475e-01
-2.769541740417480469e-01
-2.769868671894073486e-01
-2.756497859954833984e-01
-2.746500372886657715e-01
-2.769085764884948730e-01
-2.756149172782897949e-01
-2.746901214122772217e-01
-2.748427093029022217e-01
-2.732840478420257568e-01
-2.766917049884796143e-01
-2.758779227733612061e-01
-2.778605818748474121e-01
-2.785639762878417969e-01
-2.773577868938446045e-01
-2.757087349891662598e-01
-2.775888144969940186e-01
-2.770437300205230713e-01
-2.768946886062622070e-01
-2.767268717288970947e-01
-2.777553200721740723e-01
-2.774401009082794189e-01
-2.781097888946533203e-01
-2.768529951572418213e-01
-2.790633440017700195e-01
-2.794793844223022461e-01
-2.774147093296051025e-01
-2.783586680889129639e-01
-2.767817378044128418e-01
-2.794656753540039062e-01
-2.788206040859222412e-01
-2.780529856681823730e-01
-2.794085741043090820e-01
-2.765536308288574219e-01
-2.789105176925659180e-01
-2.773237228393554688e-01
-2.790504693984985352e-01
-2.807083129882812500e-01
-2.769615352153778076e-01
-2.809514999389648438e-01
-2.802836298942565918e-01
-2.778926491737365723e-01
-2.786392867565155029e-01
-2.804410457611083984e-01
-2.789830863475799561e-01
-2.786349952220916748e-01
-2.789503931999206543e-01
-2.776744365692138672e-01
-2.801016867160797119e-01
-2.809181213378906250e-01
-2.799963653087615967e-01
-2.796782255172729492e-01
-2.787539660930633545e-01
-2.811760902404785156e-01
-2.797792553901672363e-01
-2.814922928810119629e-01
-2.812170982360839844e-01
-2.820355892181396484e-01
-2.790857553482055664e-01
-2.793900072574615479e-01
-2.806509733200073242e-01
-2.812073826789855957e-01
-2.810032367706298828e-01
-2.795089781284332275e-01
-2.799880206584930420e-01
-2.801107764244079590e-01
-2.813221216201782227e-01
-2.814002037048339844e-01
-2.802414894104003906e-01
-2.785323560237884521e-01
-2.815967500209808350e-01
-2.793659269809722900e-01
-2.819198966026306152e-01
-2.811460793018341064e-01
-2.789563536643981934e-01
-2.822003960609436035e-01
-2.819865643978118896e-01
-2.829544246196746826e-01
-2.810381650924682617e-01
-2.808540165424346924e-01
-2.823546826839447021e-01
-2.822920978069305420e-01
-2.810515165328979492e-01
-2.818277180194854736e-01
-2.804524600505828857e-01
-2.809949219226837158e-01
-2.834548950195312500e-01
-2.835295498371124268e-01
-2.805480957031250000e-01
-2.831526398658752441e-01
-2.835457324981689453e-01
-2.821877300739288330e-01
-2.817485332489013672e-01
-2.818727791309356689e-01
-2.849429845809936523e-01
-2.815886139869689941e-01
-2.827604711055755615e-01
-2.814350724220275879e-01
-2.849949300289154053e-01
-2.846302986145019531e-01
-2.816369533538818359e-01
-2.842965424060821533e-01
-2.820507884025573730e-01
-2.836249172687530518e-01
-2.852430343627929688e-01
-2.812902927398681641e-01
-2.825163900852203369e-01
-2.814693748950958252e-01
-2.833225131034851074e-01
-2.842602431774139404e-01
-2.848591208457946777e-01
-2.814109623432159424e-01
-2.840389907360076904e-01
-2.831614613533020020e-01
-2.838104963302612305e-01
-2.826603055000305176e-01
-2.835569381713867188e-01
-2.824743092060089111e-01
-2.844229638576507568e-01
-2.820459902286529541e-01
-2.867562174797058105e-01
-2.829395830631256104e-01
-2.849746048450469971e-01
-2.862662076950073242e-01
-2.826174199581146240e-01
-2.868373990058898926e-01
-2.874494194984436035e-01
-2.847711145877838135e-01
-2.847462892532348633e-01
-2.837578356266021729e-01
-2.860119044780731201e-01
-2.833791077136993408e-01
-2.876612544059753418e-01
-2.863922417163848877e-01
-2.857555449008941650e-01
-2.849689722061157227e-01
-2.833375632762908936e-01
-2.864592373371124268e-01
-2.840076982975006104e-01
-2.865075469017028809e-01
-2.842307984828948975e-01
-2.849756479263305664e-01
-2.868113517761230469e-01
-2.859860658645629883e-01
-2.845701575279235840e-01
-2.868673205375671387e-01
-2.828099429607391357e-01
-2.865056693553924561e-01
-2.884397804737091064e-01
-2.863338589668273926e-01
-2.873313426971435547e-01
-2.863999605178833008e-01
-2.866616249084472656e-01
-2.868185341358184814e-01
-2.862851023674011230e-01
-2.877964675426483154e-01
-2.847788333892822266e-01
-2.862494289875030518e-01
-2.849186360836029053e-01
-2.879483699798583984e-01
-2.866515219211578369e-01
-2.874849438667297363e-01
-2.872811257839202881e-01
-2.889283299446105957e-01
-2.868756353855133057e-01
-2.866351902484893799e-01
-2.868738472461700439e-01
-2.873666286468505859e-01
-2.888124883174896240e-01
-2.872714102268218994e-01
-2.865487039089202881e-01
-2.881760895252227783e-01
-2.867364585399627686e-01
-2.877070307731628418e-01
-2.872971296310424805e-01
-2.874705493450164795e-01
-2.893399894237518311e-01
-2.879071533679962158e-01
-2.876011729240417480e-01
-2.857474982738494873e-01
-2.884948849678039551e-01
-2.891998887062072754e-01
-2.884958982467651367e-01
-2.902454137802124023e-01
-2.895931601524353027e-01
-2.874596416950225830e-01
-2.871825098991394043e-01
-2.892470955848693848e-01
-2.897311151027679443e-01
-2.896494865417480469e-01
-2.900197207927703857e-01
-2.889851033687591553e-01
-2.862107455730438232e-01
-2.891848683357238770e-01
-2.890781760215759277e-01
-2.878975868225097656e-01
-2.889982163906097412e-01
-2.879799306392669678e-01
-2.884902358055114746e-01
-2.891651690006256104e-01
-2.883513271808624268e-01
-2.894281744956970215e-01
-2.893379628658294678e-01
-2.905240356922149658e-01
-2.879517674446105957e-01
-2.893556952476501465e-01
-2.888157665729522705e-01
-2.880485653877258301e-01
-2.910861372947692871e-01
-2.868512570858001709e-01
-2.887450158596038818e-01
-2.880238294601440430e-01
-2.879873514175415039e-01
-2.894003391265869141e-01
-2.875045239925384521e-01
-2.905149757862091064e-01
-2.893052399158477783e-01
-2.880050837993621826e-01
-2.883339226245880127e-01
-2.908122539520263672e-01
-2.891528606414794922e-01
-2.898277342319488525e-01
-2.891511619091033936e-01
-2.888272702693939209e-01
-2.916671037673950195e-01
-2.860071361064910889e-01
-2.865460216999053955e-01
-2.892462611198425293e-01
-2.874000370502471924e-01
-2.888840138912200928e-01
-2.888692021369934082e-01
-2.896544635295867920e-01
-2.884965837001800537e-01
-2.929202616214752197e-01
-2.867401540279388428e-01
-2.876471579074859619e-01
-2.889208197593688965e-01
-2.901588678359985352e-01
-2.894946932792663574e-01
-2.891504764556884766e-01
-2.911210656166076660e-01
-2.901103794574737549e-01
-2.887682318687438965e-01
-2.917057871818542480e-01
-2.865581810474395752e-01
-2.898338437080383301e-01
-2.902314662933349609e-01
-2.903054058551788330e-01
-2.900456488132476807e-01
-2.901105284690856934e-01
-2.891433537006378174e-01
-2.906498908996582031e-01
-2.905320525169372559e-01
-2.890567183494567871e-01
-2.897991836071014404e-01
-2.879719138145446777e-01
-2.910902798175811768e-01
-2.918042838573455811e-01
-2.882966399192810059e-01
-2.924605011940002441e-01
-2.883340418338775635e-01
-2.902573943138122559e-01
-2.906505763530731201e-01
-2.910827994346618652e-01
-2.895360589027404785e-01
-2.879076004028320312e-01
-2.915114760398864746e-01
-2.903121113777160645e-01
-2.931562364101409912e-01
-2.895211875438690186e-01
-2.907427847385406494e-01
-2.893345355987548828e-01
-2.909044325351715088e-01
-2.919667959213256836e-01
-2.892698645591735840e-01
-2.911261618137359619e-01
-2.908385396003723145e-01
-2.941197454929351807e-01
-2.891486287117004395e-01
-2.900972068309783936e-01
-2.906938791275024414e-01
-2.887946665287017822e-01
-2.935780286788940430e-01
-2.896095514297485352e-01
-2.907529473304748535e-01
-2.907499969005584717e-01
-2.893286049365997314e-01
-2.909326255321502686e-01
-2.908164560794830322e-01
-2.917680442333221436e-01
-2.901320159435272217e-01
-2.910446226596832275e-01
-2.915216088294982910e-01
-2.913945913314819336e-01
-2.903814613819122314e-01
-2.910152971744537354e-01
-2.902809381484985352e-01
-2.898627519607543945e-01
-2.913382351398468018e-01
-2.914879620075225830e-01
-2.903510630130767822e-01
-2.912131845951080322e-01
-2.930441200733184814e-01
-2.935985922813415527e-01
-2.883930802345275879e-01
-2.922283113002777100e-01
-2.920285165309906006e-01
-2.890516221523284912e-01
-2.890245318412780762e-01
-2.921058237552642822e-01
-2.925716042518615723e-01
-2.908352613449096680e-01
-2.898649573326110840e-01
-2.900711596012115479e-01
-2.903106212615966797e-01
-2.909677624702453613e-01
-2.920221388339996338e-01
-2.908191382884979248e-01
-2.919581830501556396e-01
-2.912727594375610352e-01
-2.938505113124847412e-01
-2.905617654323577881e-01
-2.929161489009857178e-01
-2.884926795959472656e-01
-2.902108728885650635e-01
-2.929239571094512939e-01
-2.935643196105957031e-01
-2.928500175476074219e-01
-2.951109111309051514e-01
-2.920423448085784912e-01
-2.915537953376770020e-01
-2.918984293937683105e-01
-2.930856645107269287e-01
-2.912683784961700439e-01
-2.931094169616699219e-01
-2.927225828170776367e-01
-2.907201349735260010e-01
-2.916032969951629639e-01
-2.918108701705932617e-01
-2.940450608730316162e-01
-2.936235964298248291e-01
-2.929337024688720703e-01
-2.919976711273193359e-01
-2.920744121074676514e-01
-2.939030230045318604e-01
-2.922117412090301514e-01
-2.907918095588684082e-01
-2.938137352466583252e-01
-2.930837273597717285e-01
-2.929479479789733887e-01
-2.923820912837982178e-01
-2.923100590705871582e-01
-2.904119789600372314e-01
-2.921102643013000488e-01
-2.916657924652099609e-01
-2.940135598182678223e-01
-2.923558354377746582e-01
-2.934136390686035156e-01
-2.904734015464782715e-01
-2.904438376426696777e-01
-2.935541868209838867e-01
-2.919893860816955566e-01
-2.915702462196350098e-01
-2.925853431224822998e-01
-2.925892174243927002e-01
-2.919479906558990479e-01
-2.912918925285339355e-01
-2.922188937664031982e-01
-2.917265892028808594e-01
-2.924164533615112305e-01
-2.930514514446258545e-01
-2.905611395835876465e-01
-2.937672734260559082e-01
-2.946245968341827393e-01
-2.903428971767425537e-01
-2.921986579895019531e-01
-2.910420000553131104e-01
-2.897635996341705322e-01
-2.903993129730224609e-01
-2.929321229457855225e-01
-2.902099490165710449e-01
-2.920745313167572021e-01
-2.931794226169586182e-01
-2.951857447624206543e-01
-2.913289666175842285e-01
-2.926352620124816895e-01
-2.955874502658843994e-01
-2.947058677673339844e-01
-2.912322878837585449e-01
-2.930251955986022949e-01
-2.918072640895843506e-01
-2.918342053890228271e-01
-2.922148406505584717e-01
-2.932039201259613037e-01
-2.933505177497863770e-01
-2.924596667289733887e-01
-2.903110980987548828e-01
-2.942862510681152344e-01
-2.913425862789154053e-01
-2.926555275917053223e-01
-2.908728420734405518e-01
-2.919436693191528320e-01
-2.929021120071411133e-01
-2.918629646301269531e-01
-2.914287149906158447e-01
-2.925174534320831299e-01
-2.920486330986022949e-01
-2.907736599445343018e-01
-2.946889102458953857e-01
-2.897965312004089355e-01
-2.934475243091583252e-01
-2.935613393783569336e-01
-2.954174876213073730e-01
-2.923911213874816895e-01
-2.941116094589233398e-01
-2.932429909706115723e-01
-2.931867539882659912e-01
-2.942533791065216064e-01
-2.933955490589141846e-01
-2.898080945014953613e-01
-2.919589281082153320e-01
-2.913330495357513428e-01
-2.938112020492553711e-01
-2.938331961631774902e-01
-2.940377891063690186e-01
-2.939927875995635986e-01
-2.945997416973114014e-01
-2.915326654911041260e-01
-2.940615117549896240e-01
-2.961897850036621094e-01
-2.909599542617797852e-01
-2.952441871166229248e-01
-2.939483821392059326e-01
-2.925627529621124268e-01
-2.938131690025329590e-01
-2.918561995029449463e-01
-2.954880893230438232e-01
-2.952083647251129150e-01
-2.935978472232818604e-01
-2.923415005207061768e-01
-2.903240621089935303e-01
-2.945935726165771484e-01
-2.934676408767700195e-01
-2.933316230773925781e-01
-2.950034141540527344e-01
-2.932089269161224365e-01
-2.955958843231201172e-01
-2.924567759037017822e-01
-2.939929366111755371e-01
-2.948741316795349121e-01
-2.934719920158386230e-01
-2.920052409172058105e-01
-2.934694886207580566e-01
-2.933221161365509033e-01
-2.943122088909149170e-01
-2.934993207454681396e-01
-2.933520972728729248e-01
-2.942999899387359619e-01
-2.948465645313262939e-01
-2.940387129783630371e-01
-2.942979633808135986e-01
-2.936797738075256348e-01
-2.963389754295349121e-01
-2.939042747020721436e-01
-2.927405238151550293e-01
-2.923124432563781738e-01
-2.946375608444213867e-01
-2.949380576610565186e-01
-2.932980656623840332e-01
-2.927747070789337158e-01
-2.934264540672302246e-01
-2.943651974201202393e-01
-2.938099503517150879e-01
-2.937588393688201904e-01
-2.958147823810577393e-01
-2.952330410480499268e-01
-2.934885323047637939e-01
-2.963595092296600342e-01
-2.941086888313293457e-01
-2.958969175815582275e-01
-2.974892556667327881e-01
-2.955528199672698975e-01
-2.945676743984222412e-01
-2.975285649299621582e-01
-2.965080142021179199e-01
-2.935706079006195068e-01
-2.949247360229492188e-01
-2.916141450405120850e-01
-2.958239018917083740e-01
-2.951306104660034180e-01
-2.971254885196685791e-01
-2.957145869731903076e-01
-2.928063869476318359e-01
-2.931421697139739990e-01
-2.939588427543640137e-01
-2.949982881546020508e-01
-2.941552102565765381e-01
-2.959908545017242432e-01
-2.959837019443511963e-01
-2.949739992618560791e-01
-2.930733561515808105e-01
-2.952952384948730469e-01
-2.953876852989196777e-01
-2.932786941528320312e-01
-2.950934469699859619e-01
-2.950555980205535889e-01
-2.953450083732604980e-01
-2.959453165531158447e-01
-2.967796623706817627e-01
-2.954160273075103760e-01
-2.930813431739807129e-01
-2.939606606960296631e-01
-2.944713830947875977e-01
-2.967078387737274170e-01
-2.942684292793273926e-01
-2.951930463314056396e-01
-2.935543954372406006e-01
-2.947858572006225586e-01
-2.957429587841033936e-01
-2.963522672653198242e-01
-2.935576140880584717e-01
-2.955803275108337402e-01
-2.953046262264251709e-01
-2.957779467105865479e-01
-2.960185408592224121e-01
-2.964287400245666504e-01
-2.961066961288452148e-01
-2.969530224800109863e-01
-2.938309609889984131e-01
-2.961458265781402588e-01
-2.964114248752593994e-01
-2.951001524925231934e-01
-2.945552468299865723e-01
-2.956580817699432373e-01
-2.959401011466979980e-01
-2.951202392578125000e-01
-2.952085435390472412e-01
-2.948977053165435791e-01
-2.955795228481292725e-01
-2.951272726058959961e-01
-2.972388267517089844e-01
-2.957315146923065186e-01
-2.962000966072082520e-01
-2.957850992679595947e-01
-2.945242226123809814e-01
-2.961631417274475098e-01
-2.955496311187744141e-01
-2.961202263832092285e-01
-2.970674335956573486e-01
-2.964159548282623291e-01
-2.951633930206298828e-01
-2.964672148227691650e-01
-2.973254919052124023e-01
-2.956236898899078369e-01
-2.968960404396057129e-01
-2.977881729602813721e-01
-2.964695692062377930e-01
-2.974598407745361328e-01
-2.957993745803833008e-01
-2.958695590496063232e-01
-2.973054051399230957e-01
-2.944518923759460449e-01
-2.944858968257904053e-01
-2.964787483215332031e-01
-2.960085570812225342e-01
-2.936546802520751953e-01
-2.957926690578460693e-01
-2.977333068847656250e-01
-2.950684726238250732e-01
-2.963247001171112061e-01
-2.960545718669891357e-01
-2.938966453075408936e-01
-2.948219478130340576e-01
-2.967094182968139648e-01
-2.957668900489807129e-01
-2.969611287117004395e-01
-2.960276007652282715e-01
-2.965370118618011475e-01
-2.949135005474090576e-01
-2.949228286743164062e-01
-2.965954542160034180e-01
-2.940556108951568604e-01
-2.957096397876739502e-01
-2.978076338768005371e-01
-2.950243949890136719e-01
-2.962368130683898926e-01
-2.934962511062622070e-01
-2.979728281497955322e-01
-2.964654266834259033e-01
-2.970288097858428955e-01
-2.948315143585205078e-01
-2.960414290428161621e-01
-2.956803441047668457e-01
-2.976871430873870850e-01
-2.955023050308227539e-01
-2.978977262973785400e-01
-2.964488565921783447e-01
-2.941973507404327393e-01
-2.978603839874267578e-01
-2.959154546260833740e-01
-2.967261373996734619e-01
-2.957575619220733643e-01
-2.963514924049377441e-01
-2.951909303665161133e-01
-2.986111342906951904e-01
-2.967594265937805176e-01
-2.959637939929962158e-01
-2.979129850864410400e-01
-2.956292927265167236e-01
-2.958909273147583008e-01
-2.945687174797058105e-01
-2.974819839000701904e-01
-2.978400290012359619e-01
-2.953131496906280518e-01
-2.975497543811798096e-01
-2.955090403556823730e-01
-2.970099747180938721e-01
-2.980837225914001465e-01
-2.985959351062774658e-01
-2.965836822986602783e-01
-2.977113127708435059e-01
-2.943308651447296143e-01
-2.956280410289764404e-01
-2.973432540893554688e-01
-2.956069409847259521e-01
-2.954565286636352539e-01
-2.980104982852935791e-01
-2.949999272823333740e-01
-2.956990897655487061e-01
-2.965315580368041992e-01
-2.977404892444610596e-01
-2.965942323207855225e-01
-2.956185936927795410e-01
-2.940875887870788574e-01
-2.956338226795196533e-01
-2.994092404842376709e-01
-2.964925467967987061e-01
-2.976652085781097412e-01
-2.961616218090057373e-01
-2.967958152294158936e-01
-2.990237474441528320e-01
-2.959338426589965820e-01
-2.990016639232635498e-01
-2.974624633789062500e-01
-2.963725328445434570e-01
-2.976151108741760254e-01
-2.971229255199432373e-01
-2.953182756900787354e-01
-2.980801463127136230e-01
-2.955559194087982178e-01
-2.986261546611785889e-01
-2.965323626995086670e-01
-2.974638342857360840e-01
-2.975443005561828613e-01
-2.955328226089477539e-01
-2.961860895156860352e-01
-2.973607778549194336e-01
-2.970765233039855957e-01
-2.972404062747955322e-01
-2.974230945110321045e-01
-2.974883913993835449e-01
-2.963364124298095703e-01
-2.981731891632080078e-01
-2.980219125747680664e-01
-2.944485545158386230e-01
-2.953214347362518311e-01
-2.986871898174285889e-01
-2.960597574710845947e-01
-2.977583706378936768e-01
-2.967533171176910400e-01
-2.978949844837188721e-01
-2.957535684108734131e-01
-2.979565560817718506e-01
-2.960853278636932373e-01
-2.982558012008666992e-01
-2.972019612789154053e-01
-2.966669201850891113e-01
-2.975104749202728271e-01
-2.968372702598571777e-01
-2.925741076469421387e-01
-2.945982217788696289e-01
-2.966779172420501709e-01
-2.962383329868316650e-01
-2.953172028064727783e-01
-2.964769005775451660e-01
-2.957418262958526611e-01
-2.964694201946258545e-01
-2.971325814723968506e-01
-2.985599339008331299e-01
-2.962775826454162598e-01
-2.967086136341094971e-01
-2.952147722244262695e-01
-2.965670824050903320e-01
-2.987838089466094971e-01
-2.962096631526947021e-01
-2.945507764816284180e-01
-2.958178222179412842e-01
-2.967595160007476807e-01
-2.960067093372344971e-01
-2.989831864833831787e-01
-2.990363538265228271e-01
-2.953937649726867676e-01
-2.969984710216522217e-01
-2.962650358676910400e-01
-2.958737611770629883e-01
-2.971722483634948730e-01
-2.971248924732208252e-01
-2.941233515739440918e-01
-2.984055578708648682e-01
-2.982708215713500977e-01
-2.982839345932006836e-01
-2.969796955585479736e-01
-2.984171509742736816e-01
-2.952938973903656006e-01
-2.975001931190490723e-01
-2.967875897884368896e-01
-2.967811822891235352e-01
-2.969962656497955322e-01
-2.971172630786895752e-01
-2.960493862628936768e-01
-2.991798222064971924e-01
-2.954542934894561768e-01
-2.975283265113830566e-01
-2.979843914508819580e-01
-2.975472211837768555e-01
-2.965329587459564209e-01
-2.983132004737854004e-01
-2.951906621456146240e-01
-2.970771193504333496e-01
-2.970744669437408447e-01
-2.979521155357360840e-01
-2.962696254253387451e-01
-2.971530854701995850e-01
-2.948278486728668213e-01
-2.963678538799285889e-01
-2.958364784717559814e-01
-2.958109974861145020e-01
-2.976291477680206299e-01
-2.980790436267852783e-01
-2.959378063678741455e-01
-2.975249588489532471e-01
-2.970438301563262939e-01
-2.988258004188537598e-01
-2.969261407852172852e-01
-2.978196442127227783e-01
-2.987006902694702148e-01
-2.980224788188934326e-01
-2.971853315830230713e-01
-2.990747690200805664e-01
-2.979240119457244873e-01
-2.990117669105529785e-01
-2.976935505867004395e-01
-2.978773117065429688e-01
-2.969318032264709473e-01
-2.972879111766815186e-01
-2.964444458484649658e-01
-3.001161813735961914e-01
-2.964166700839996338e-01
-2.972965836524963379e-01
-2.986069619655609131e-01
-2.955605983734130859e-01
-2.996457517147064209e-01
-2.991158366203308105e-01
-2.971421480178833008e-01
-2.977951467037200928e-01
-2.968647480010986328e-01
-2.984986603260040283e-01
-2.993888556957244873e-01
-2.971326708793640137e-01
-2.979627549648284912e-01
-2.968047559261322021e-01
-2.968134880065917969e-01
-2.946872413158416748e-01
-3.000463545322418213e-01
-2.991630733013153076e-01
-3.004718422889709473e-01
-2.963493168354034424e-01
-2.981210947036743164e-01
-2.990262508392333984e-01
-2.972000241279602051e-01
-2.960011363029479980e-01
-2.980110049247741699e-01
-2.972998023033142090e-01
-2.982490956783294678e-01
-2.981700003147125244e-01
-2.971212863922119141e-01
-2.993108332157135010e-01
-2.986023724079132080e-01
-2.977620661258697510e-01
-2.970418035984039307e-01
-2.984533011913299561e-01
-2.969355881214141846e-01
-2.969734370708465576e-01
-2.996628582477569580e-01
-2.993357181549072266e-01
-2.973506450653076172e-01
-2.963578402996063232e-01
-2.971798777580261230e-01
-2.985387444496154785e-01
-2.988908886909484863e-01
-2.966532409191131592e-01
-2.998117506504058838e-01
-2.953893840312957764e-01
-2.972940206527709961e-01
-2.964171767234802246e-01
-3.005830943584442139e-01
-2.981567680835723877e-01
-2.975499927997589111e-01
-2.981404662132263184e-01
-3.006600737571716309e-01
-2.989440262317657471e-01
-2.982710897922515869e-01
-2.983847558498382568e-01
-2.990804910659790039e-01
-2.971786558628082275e-01
-3.001096546649932861e-01
-2.979389727115631104e-01
-2.972311973571777344e-01
-3.001878261566162109e-01
-2.968223989009857178e-01
-2.995651960372924805e-01
-2.992853522300720215e-01
-2.976313233375549316e-01
-3.000272810459136963e-01
-3.012865483760833740e-01
-2.986741065979003906e-01
-3.003261089324951172e-01
-2.986907362937927246e-01
-2.995952665805816650e-01
-2.978664040565490723e-01
-2.999704480171203613e-01
-2.993584573268890381e-01
-2.957415580749511719e-01
-2.995321154594421387e-01
-2.982114851474761963e-01
-2.978213429450988770e-01
-2.979247868061065674e-01
-3.001806735992431641e-01
-2.968778014183044434e-01
-2.976123094558715820e-01
-3.004524111747741699e-01
-2.985163033008575439e-01
-2.989265918731689453e-01
-2.983935475349426270e-01
-2.994873225688934326e-01
-2.981849014759063721e-01
-2.989171147346496582e-01
-2.995277643203735352e-01
-3.002133369445800781e-01
-2.984605729579925537e-01
-3.009172976016998291e-01
-2.974993288516998291e-01
-2.974226176738739014e-01
-3.003315329551696777e-01
-2.991401255130767822e-01
-2.997753322124481201e-01
-3.006237149238586426e-01
-2.973280847072601318e-01
-2.985019385814666748e-01
-3.000023663043975830e-01
-2.973411083221435547e-01
-3.001383543014526367e-01
-2.974124848842620850e-01
-3.002058863639831543e-01
-2.995184361934661865e-01
-2.991826236248016357e-01
-2.964836955070495605e-01
-2.998427152633666992e-01
-2.978857755661010742e-01
-2.996628582477569580e-01
-3.006938099861145020e-01
-2.994927465915679932e-01
-2.987688481807708740e-01
-2.989641726016998291e-01
-2.980803549289703369e-01
-2.983018755912780762e-01
-2.974687516689300537e-01
-3.013662099838256836e-01
-2.995055615901947021e-01
-3.014124333858489990e-01
-3.005946576595306396e-01
-2.985532283782958984e-01
-2.986266911029815674e-01
-2.981057763099670410e-01
-2.977108657360076904e-01
-2.994111180305480957e-01
-2.994963526725769043e-01
-2.992196679115295410e-01
-2.993090748786926270e-01
-3.009794056415557861e-01
-3.011120557785034180e-01
-3.006124496459960938e-01
-3.006184101104736328e-01
-2.990092635154724121e-01
-2.990863621234893799e-01
-2.980010509490966797e-01
-2.996751070022583008e-01
-3.007085323333740234e-01
-3.012154102325439453e-01
-2.987941801548004150e-01
-3.007611334323883057e-01
-3.039214015007019043e-01
-3.007681965827941895e-01
-3.014153540134429932e-01
-3.005982637405395508e-01
-3.014260828495025635e-01
-2.970578074455261230e-01
-3.023765087127685547e-01
-3.011220991611480713e-01
-3.011972010135650635e-01
-3.016626536846160889e-01
-3.008347749710083008e-01
-3.002064228057861328e-01
-2.983832955360412598e-01
-3.020038306713104248e-01
-3.021601140499114990e-01
-3.002590835094451904e-01
-3.036642968654632568e-01
-3.031131327152252197e-01
-3.027561008930206299e-01
-3.033956885337829590e-01
-3.037832081317901611e-01
-3.018985092639923096e-01
-2.990845441818237305e-01
-3.025880753993988037e-01
-3.024116456508636475e-01
-3.020258843898773193e-01
-3.040201365947723389e-01
-3.012084364891052246e-01
-3.038021326065063477e-01
-3.004662990570068359e-01
-3.019019961357116699e-01
-3.033581078052520752e-01
-3.059397935867309570e-01
-3.033167123794555664e-01
-3.039731979370117188e-01
-3.024963736534118652e-01
-3.045695126056671143e-01
-3.028677999973297119e-01
-3.031666576862335205e-01
-3.052278757095336914e-01
-3.043093979358673096e-01
-3.013075590133666992e-01
-3.052185773849487305e-01
-3.040689527988433838e-01
-3.045724630355834961e-01
-3.053885400295257568e-01
-3.028052151203155518e-01
-3.032142817974090576e-01
-3.048631548881530762e-01
-3.052193224430084229e-01
-3.049061298370361328e-01
-3.049414455890655518e-01
-3.044821023941040039e-01
-3.075859248638153076e-01
-3.069768548011779785e-01
-3.065846562385559082e-01
-3.085393607616424561e-01
-3.068645894527435303e-01
-3.063054382801055908e-01
-3.082538545131683350e-01
-3.051471412181854248e-01
-3.050794005393981934e-01
-3.060327768325805664e-01
-3.072089850902557373e-01
-3.066242635250091553e-01
-3.057421147823333740e-01
-3.085219562053680420e-01
-3.091315925121307373e-01
-3.093890249729156494e-01
-3.062699437141418457e-01
-3.073931038379669189e-01
-3.068349063396453857e-01
-3.085806071758270264e-01
-3.067374229431152344e-01
-3.095373511314392090e-01
-3.085885643959045410e-01
-3.094268143177032471e-01
-3.084628582000732422e-01
-3.093526065349578857e-01
-3.101214468479156494e-01
-3.091267049312591553e-01
-3.090098798274993896e-01
-3.082738220691680908e-01
-3.100820183753967285e-01
-3.088740706443786621e-01
-3.090237081050872803e-01
-3.098109066486358643e-01
-3.087333440780639648e-01
-3.087505996227264404e-01
-3.102120459079742432e-01
-3.077425062656402588e-01
-3.099330961704254150e-01
-3.091521859169006348e-01
-3.104023337364196777e-01
-3.103333413600921631e-01
-3.111516833305358887e-01
-3.092840313911437988e-01
-3.083754181861877441e-01
-3.105549216270446777e-01
-3.090116381645202637e-01
-3.112474381923675537e-01
-3.103124201297760010e-01
-3.095023334026336670e-01
-3.110776245594024658e-01
-3.117846846580505371e-01
-3.083747029304504395e-01
-3.121832907199859619e-01
-3.122260272502899170e-01
-3.127496540546417236e-01
-3.108607828617095947e-01
-3.102536201477050781e-01
-3.114153742790222168e-01
-3.120061755180358887e-01
-3.117763698101043701e-01
-3.109995126724243164e-01
-3.092869818210601807e-01
-3.113941252231597900e-01
-3.096156716346740723e-01
-3.115961551666259766e-01
-3.121719062328338623e-01
-3.113550841808319092e-01
-3.109313249588012695e-01
-3.120290637016296387e-01
-3.126071989536285400e-01
-3.110493719577789307e-01
-3.104891180992126465e-01
-3.098254501819610596e-01
-3.115439116954803467e-01
-3.100761175155639648e-01
-3.112406730651855469e-01
-3.121501505374908447e-01
-3.134268224239349365e-01
-3.107972443103790283e-01
-3.135168552398681641e-01
-3.105258643627166748e-01
-3.125289678573608398e-01
-3.121510744094848633e-01
-3.102272748947143555e-01
-3.119031488895416260e-01
-3.128705322742462158e-01
-3.110837340354919434e-01
-3.119047284126281738e-01
-3.130066990852355957e-01
-3.138045668601989746e-01
-3.113400936126708984e-01
-3.127493262290954590e-01
-3.131622970104217529e-01
-3.121351599693298340e-01
-3.132151067256927490e-01
-3.117655813694000244e-01
-3.131660223007202148e-01
-3.114896118640899658e-01
-3.124506473541259766e-01
-3.126733303070068359e-01
-3.117194175720214844e-01
-3.129257857799530029e-01
-3.115367591381072998e-01
-3.121426999568939209e-01
-3.115420639514923096e-01
-3.123158514499664307e-01
-3.120613098144531250e-01
-3.132943212985992432e-01
-3.142935037612915039e-01
-3.120685815811157227e-01
-3.130552470684051514e-01
-3.123842775821685791e-01
-3.124452531337738037e-01
-3.137204647064208984e-01
-3.143252432346343994e-01
-3.150297105312347412e-01
-3.126370906829833984e-01
-3.139786422252655029e-01
-3.144436776638031006e-01
-3.136331737041473389e-01
-3.129446804523468018e-01
-3.136818110942840576e-01
-3.142553567886352539e-01
-3.142212629318237305e-01
-3.154891431331634521e-01
-3.129608333110809326e-01
-3.131320476531982422e-01
-3.135403394699096680e-01
-3.129737675189971924e-01
-3.147693574428558350e-01
-3.121330142021179199e-01
-3.151171207427978516e-01
-3.128073811531066895e-01
-3.138400912284851074e-01
-3.132221698760986328e-01
-3.125022053718566895e-01
-3.149012327194213867e-01
-3.136560320854187012e-01
-3.138869404792785645e-01
-3.133740425109863281e-01
-3.132438659667968750e-01
-3.136336207389831543e-01
-3.124285340309143066e-01
-3.147816061973571777e-01
-3.141672015190124512e-01
-3.148637712001800537e-01
-3.137922286987304688e-01
-3.148233294486999512e-01
-3.123418092727661133e-01
-3.128090798854827881e-01
-3.135654330253601074e-01
-3.142817616462707520e-01
-3.128427565097808838e-01
-3.159453868865966797e-01
-3.142321705818176270e-01
-3.149881660938262939e-01
-3.150365054607391357e-01
-3.140446245670318604e-01
-3.144608139991760254e-01
-3.132935166358947754e-01
-3.143803775310516357e-01
-3.131254315376281738e-01
-3.131096065044403076e-01
-3.135240375995635986e-01
-3.163385093212127686e-01
-3.141997158527374268e-01
-3.154293596744537354e-01
-3.147158920764923096e-01
-3.136236667633056641e-01
-3.143089711666107178e-01
-3.132935762405395508e-01
-3.146856725215911865e-01
-3.144055902957916260e-01
-3.169519901275634766e-01
-3.153270781040191650e-01
-3.150894641876220703e-01
-3.141239583492279053e-01
-3.133518993854522705e-01
-3.139982223510742188e-01
-3.138756453990936279e-01
-3.141376078128814697e-01
-3.146326243877410889e-01
-3.148621320724487305e-01
-3.145146369934082031e-01
-3.130751848220825195e-01
-3.113213479518890381e-01
-3.144514262676239014e-01
-3.134931623935699463e-01
-3.130583465099334717e-01
-3.143578767776489258e-01
-3.144302070140838623e-01
-3.146980702877044678e-01
-3.153673708438873291e-01
-3.150964379310607910e-01
-3.147535622119903564e-01
-3.139619231224060059e-01
-3.149920105934143066e-01
-3.146204948425292969e-01
-3.148303031921386719e-01
-3.149341046810150146e-01
-3.151902258396148682e-01
-3.147755861282348633e-01
-3.137709498405456543e-01
-3.160810172557830811e-01
-3.152726292610168457e-01
-3.140578567981719971e-01
-3.158278763294219971e-01
-3.146842420101165771e-01
-3.164080083370208740e-01
-3.159584999084472656e-01
-3.148990571498870850e-01
-3.151076138019561768e-01
-3.134087920188903809e-01
-3.164651989936828613e-01
-3.154791891574859619e-01
-3.147796094417572021e-01
-3.152636289596557617e-01
-3.146211504936218262e-01
-3.161891400814056396e-01
-3.160361945629119873e-01
-3.156851828098297119e-01
-3.161035180091857910e-01
-3.137711882591247559e-01
-3.150787353515625000e-01
-3.155833482742309570e-01
-3.156664073467254639e-01
-3.154333233833312988e-01
-3.148649632930755615e-01
-3.156042397022247314e-01
-3.127151131629943848e-01
-3.149193227291107178e-01
-3.162436485290527344e-01
-3.135991990566253662e-01
-3.139954209327697754e-01
-3.157421350479125977e-01
-3.152451813220977783e-01
-3.147921860218048096e-01
-3.152414560317993164e-01
-3.159509301185607910e-01
-3.143858611583709717e-01
-3.154869973659515381e-01
-3.155799806118011475e-01
-3.138595819473266602e-01
-3.140277564525604248e-01
-3.153305649757385254e-01
-3.164829313755035400e-01
-3.151528835296630859e-01
-3.139995336532592773e-01
-3.145377635955810547e-01
-3.132996857166290283e-01
-3.161258399486541748e-01
-3.149339556694030762e-01
-3.143080770969390869e-01
-3.131888508796691895e-01
-3.157691657543182373e-01
-3.147662878036499023e-01
-3.158535659313201904e-01
-3.138269782066345215e-01
-3.160664737224578857e-01
-3.162074685096740723e-01
-3.154184222221374512e-01
-3.137537837028503418e-01
-3.144921362400054932e-01
-3.170394301414489746e-01
-3.161050975322723389e-01
-3.151345849037170410e-01
-3.146196305751800537e-01
-3.155165314674377441e-01
-3.144000768661499023e-01
-3.154429197311401367e-01
-3.154336810111999512e-01
-3.157799243927001953e-01
-3.154748976230621338e-01
-3.172389566898345947e-01
-3.166117072105407715e-01
-3.163423538208007812e-01
-3.151713311672210693e-01
-3.159792423248291016e-01
-3.157396018505096436e-01
-3.151908516883850098e-01
-3.149520158767700195e-01
-3.166415989398956299e-01
-3.155333995819091797e-01
-3.139204084873199463e-01
-3.164300024509429932e-01
-3.144902884960174561e-01
-3.162547051906585693e-01
-3.146683573722839355e-01
-3.148108422756195068e-01
-3.159959614276885986e-01
-3.160486519336700439e-01
-3.144816160202026367e-01
-3.152458369731903076e-01
-3.169727623462677002e-01
-3.148526549339294434e-01
-3.162268996238708496e-01
-3.170330226421356201e-01
-3.154593110084533691e-01
-3.160823881626129150e-01
-3.144688606262207031e-01
-3.178217709064483643e-01
-3.170671164989471436e-01
-3.144445419311523438e-01
-3.182179033756256104e-01
-3.144816160202026367e-01
-3.158293664455413818e-01
-3.163337707519531250e-01
-3.178006410598754883e-01
-3.159312605857849121e-01
-3.159799277782440186e-01
-3.161257207393646240e-01
-3.160796463489532471e-01
-3.175897002220153809e-01
-3.146217167377471924e-01
-3.180651962757110596e-01
-3.147460222244262695e-01
-3.169757127761840820e-01
-3.168949484825134277e-01
-3.160622119903564453e-01
-3.155705630779266357e-01
-3.167689442634582520e-01
-3.149118423461914062e-01
-3.158930540084838867e-01
-3.157998025417327881e-01
-3.157600164413452148e-01
-3.164041042327880859e-01
-3.162782192230224609e-01
-3.157500624656677246e-01
-3.163430392742156982e-01
-3.174819946289062500e-01
-3.172895014286041260e-01
-3.142920434474945068e-01
-3.145348429679870605e-01
-3.172422349452972412e-01
-3.150447309017181396e-01
-3.165864348411560059e-01
-3.189727067947387695e-01
-3.165095746517181396e-01
-3.158147037029266357e-01
-3.164177834987640381e-01
-3.157420754432678223e-01
-3.159356415271759033e-01
-3.165548145771026611e-01
-3.173659741878509521e-01
-3.139636516571044922e-01
-3.168298006057739258e-01
-3.132922947406768799e-01
-3.172185122966766357e-01
-3.157582283020019531e-01
-3.161339759826660156e-01
-3.160392343997955322e-01
-3.172322511672973633e-01
-3.165985643863677979e-01
-3.158912360668182373e-01
-3.166251778602600098e-01
-3.179229497909545898e-01
-3.169072270393371582e-01
-3.138167858123779297e-01
-3.173853754997253418e-01
-3.156846165657043457e-01
-3.164398670196533203e-01
-3.155442178249359131e-01
-3.182077407836914062e-01
-3.174721002578735352e-01
-3.169943094253540039e-01
-3.156421482563018799e-01
-3.170663118362426758e-01
-3.168556988239288330e-01
-3.175104856491088867e-01
-3.162014782428741455e-01
-3.191841840744018555e-01
-3.157479166984558105e-01
-3.157974779605865479e-01
-3.172799050807952881e-01
-3.160570561885833740e-01
-3.152410984039306641e-01
-3.164008557796478271e-01
-3.150756359100341797e-01
-3.148282766342163086e-01
-3.165937066078186035e-01
-3.163959085941314697e-01
-3.153415918350219727e-01
-3.163438737392425537e-01
-3.176232278347015381e-01
-3.167355656623840332e-01
-3.177174627780914307e-01
-3.171757161617279053e-01
-3.181269466876983643e-01
-3.159054219722747803e-01
-3.170998692512512207e-01
-3.164523541927337646e-01
-3.175864219665527344e-01
-3.159213364124298096e-01
-3.164255023002624512e-01
-3.172842860221862793e-01
-3.161047995090484619e-01
-3.172766864299774170e-01
-3.166496157646179199e-01
-3.159312307834625244e-01
-3.185082376003265381e-01
-3.172512650489807129e-01
-3.173874318599700928e-01
-3.163754642009735107e-01
-3.173355758190155029e-01
-3.167058229446411133e-01
-3.164676427841186523e-01
-3.169244527816772461e-01
-3.147402107715606689e-01
-3.160361051559448242e-01
-3.163561224937438965e-01
-3.150150179862976074e-01
-3.169629573822021484e-01
-3.165971040725708008e-01
-3.152759373188018799e-01
-3.163672387599945068e-01
-3.180398046970367432e-01
-3.172512948513031006e-01
-3.174104094505310059e-01
-3.179610669612884521e-01
-3.181253373622894287e-01
-3.169198036193847656e-01
-3.168932199478149414e-01
-3.156946003437042236e-01
-3.146784007549285889e-01
-3.162494301795959473e-01
-3.165642023086547852e-01
-3.167141079902648926e-01
-3.173699378967285156e-01
-3.162773549556732178e-01
-3.173952698707580566e-01
-3.177594244480133057e-01
-3.168738782405853271e-01
-3.155340254306793213e-01
-3.160465359687805176e-01
-3.157849907875061035e-01
-3.172221779823303223e-01
-3.164612054824829102e-01
-3.162669241428375244e-01
-3.161497712135314941e-01
-3.162496387958526611e-01
-3.178540170192718506e-01
-3.172930181026458740e-01
-3.153933882713317871e-01
-3.141352832317352295e-01
-3.160092532634735107e-01
-3.177612423896789551e-01
-3.162702620029449463e-01
-3.172778785228729248e-01
-3.171222507953643799e-01
-3.158044219017028809e-01
-3.156773149967193604e-01
-3.183374702930450439e-01
-3.161686360836029053e-01
-3.168786764144897461e-01
-3.170323967933654785e-01
-3.174172639846801758e-01
-3.166942000389099121e-01
-3.168275058269500732e-01
-3.162260055541992188e-01
-3.176059126853942871e-01
-3.166362047195434570e-01
-3.166255354881286621e-01
-3.166319727897644043e-01
-3.186599910259246826e-01
-3.160786032676696777e-01
-3.151358067989349365e-01
-3.168196976184844971e-01
-3.171314597129821777e-01
-3.178087770938873291e-01
-3.184477984905242920e-01
-3.162373900413513184e-01
-3.156794905662536621e-01
-3.168620765209197998e-01
-3.176403343677520752e-01
-3.168027698993682861e-01
-3.184649050235748291e-01
-3.181799054145812988e-01
-3.157014250755310059e-01
-3.188689053058624268e-01
-3.163584768772125244e-01
-3.179852366447448730e-01
-3.158560693264007568e-01
-3.175418078899383545e-01
-3.174887001514434814e-01
-3.173253238201141357e-01
-3.165372908115386963e-01
-3.162211775779724121e-01
-3.161077797412872314e-01
-3.184292614459991455e-01
-3.181207478046417236e-01
-3.187415599822998047e-01
-3.179078400135040283e-01
-3.188369274139404297e-01
-3.184128403663635254e-01
-3.177122473716735840e-01
-3.173806667327880859e-01
-3.158716857433319092e-01
-3.181787133216857910e-01
-3.167409300804138184e-01
-3.164094686508178711e-01
-3.189136981964111328e-01
-3.170606195926666260e-01
-3.189440369606018066e-01
-3.185745179653167725e-01
-3.172020316123962402e-01
-3.180715441703796387e-01
-3.170971572399139404e-01
-3.186313509941101074e-01
-3.185080289840698242e-01
-3.181701600551605225e-01
-3.162560760974884033e-01
-3.194666504859924316e-01
-3.160048425197601318e-01
-3.168305754661560059e-01
-3.183019459247589111e-01
-3.179965913295745850e-01
-3.169406056404113770e-01
-3.167532980442047119e-01
-3.185227513313293457e-01
-3.169696629047393799e-01
-3.171256482601165771e-01
-3.176726698875427246e-01
-3.173272609710693359e-01
-3.177250325679779053e-01
-3.179861903190612793e-01
-3.180407583713531494e-01
-3.167846798896789551e-01
-3.163738548755645752e-01
-3.182141780853271484e-01
-3.183275759220123291e-01
-3.184721171855926514e-01
-3.167518079280853271e-01
-3.161700367927551270e-01
-3.169551491737365723e-01
-3.172553777694702148e-01
-3.180854022502899170e-01
-3.170780539512634277e-01
-3.175436258316040039e-01
-3.172857761383056641e-01
-3.178754150867462158e-01
-3.161047101020812988e-01
-3.162026405334472656e-01
-3.176342546939849854e-01
-3.183250725269317627e-01
-3.182778358459472656e-01
-3.194398283958435059e-01
-3.171922564506530762e-01
-3.176810443401336670e-01
-3.172720074653625488e-01
-3.176533877849578857e-01
-3.163660466670989990e-01
-3.186997175216674805e-01
-3.180270493030548096e-01
-3.182744085788726807e-01
-3.160730004310607910e-01
-3.182268142700195312e-01
-3.163985311985015869e-01
-3.171709179878234863e-01
-3.185025453567504883e-01
-3.172164261341094971e-01
-3.188633918762207031e-01
-3.179666697978973389e-01
-3.184161186218261719e-01
-3.175687193870544434e-01
-3.156980574131011963e-01
-3.176715075969696045e-01
-3.184139430522918701e-01
-3.174639642238616943e-01
-3.177298009395599365e-01
-3.160663545131683350e-01
-3.175448477268218994e-01
-3.170651495456695557e-01
-3.170922100543975830e-01
-3.164385557174682617e-01
-3.180969953536987305e-01
-3.180748820304870605e-01
-3.171329200267791748e-01
-3.160315454006195068e-01
-3.173417747020721436e-01
-3.158154487609863281e-01
-3.172515034675598145e-01
-3.163806200027465820e-01
-3.170323073863983154e-01
-3.166916370391845703e-01
-3.172592818737030029e-01
-3.181212544441223145e-01
-3.176054656505584717e-01
-3.175344467163085938e-01
-3.157554268836975098e-01
-3.176089227199554443e-01
-3.173370957374572754e-01
-3.160195946693420410e-01
-3.166054785251617432e-01
-3.172004520893096924e-01
-3.188936114311218262e-01
-3.177980184555053711e-01
-3.168099224567413330e-01
-3.175342977046966553e-01
-3.167687654495239258e-01
-3.182016611099243164e-01
-3.159394562244415283e-01
-3.175600469112396240e-01
-3.182224631309509277e-01
-3.176131248474121094e-01
-3.177970945835113525e-01
-3.176137208938598633e-01
-3.168120384216308594e-01
-3.164587616920471191e-01
-3.182202875614166260e-01
-3.168362975120544434e-01
-3.190950453281402588e-01
-3.188170492649078369e-01
-3.172096908092498779e-01
-3.168526589870452881e-01
-3.181148767471313477e-01
-3.177089095115661621e-01
-3.174361586570739746e-01
-3.171920776367187500e-01
-3.172014057636260986e-01
-3.171857595443725586e-01
-3.165068626403808594e-01
-3.185600042343139648e-01
-3.180261552333831787e-01
-3.183211982250213623e-01
-3.184564113616943359e-01
-3.183230161666870117e-01
-3.175064623355865479e-01
-3.172595798969268799e-01
-3.185185194015502930e-01
-3.181695044040679932e-01
-3.176547586917877197e-01
-3.184073567390441895e-01
-3.166719079017639160e-01
-3.177148401737213135e-01
-3.170600533485412598e-01
-3.172729015350341797e-01
-3.188516497611999512e-01
-3.173685073852539062e-01
-3.175527155399322510e-01
-3.176180422306060791e-01
-3.176268339157104492e-01
-3.178960680961608887e-01
-3.178391158580780029e-01
-3.202974796295166016e-01
-3.179410398006439209e-01
-3.181507885456085205e-01
-3.165173828601837158e-01
-3.173674643039703369e-01
-3.178395032882690430e-01
-3.170371353626251221e-01
-3.180267810821533203e-01
-3.174581825733184814e-01
-3.176571726799011230e-01
-3.159094154834747314e-01
-3.179126679897308350e-01
-3.173361718654632568e-01
-3.179855942726135254e-01
-3.171330988407135010e-01
-3.177561461925506592e-01
-3.179005086421966553e-01
-3.166184723377227783e-01
-3.160503506660461426e-01
-3.173650503158569336e-01
-3.168054223060607910e-01
-3.157930076122283936e-01
-3.164694309234619141e-01
-3.185097277164459229e-01
-3.185059726238250732e-01
-3.197151422500610352e-01
-3.174402415752410889e-01
-3.171128928661346436e-01
-3.164169192314147949e-01
-3.175429999828338623e-01
-3.188844621181488037e-01
-3.171408176422119141e-01
-3.174745440483093262e-01
-3.164589703083038330e-01
-3.171837031841278076e-01
-3.183995485305786133e-01
-3.185388147830963135e-01
-3.161666691303253174e-01
-3.179464042186737061e-01
-3.182601630687713623e-01
-3.179469108581542969e-01
-3.169376850128173828e-01
-3.172368109226226807e-01
-3.193923830986022949e-01
-3.191503882408142090e-01
-3.174469470977783203e-01
-3.165818452835083008e-01
-3.178884088993072510e-01
-3.173539340496063232e-01
-3.161618113517761230e-01
-3.184980750083923340e-01
-3.170375227928161621e-01
-3.177466690540313721e-01
-3.187759816646575928e-01
-3.192967176437377930e-01
-3.189343810081481934e-01
-3.165603578090667725e-01
-3.166545331478118896e-01
-3.184582591056823730e-01
-3.177700936794281006e-01
-3.184368312358856201e-01
-3.172754049301147461e-01
-3.182579874992370605e-01
-3.176185190677642822e-01
-3.185979723930358887e-01
-3.193991184234619141e-01
-3.168690502643585205e-01
-3.186929225921630859e-01
-3.182200193405151367e-01
-3.194799125194549561e-01
-3.185283243656158447e-01
-3.183657228946685791e-01
-3.194683194160461426e-01
-3.178490102291107178e-01
-3.188163638114929199e-01
-3.169662952423095703e-01
-3.169737160205841064e-01
-3.184289634227752686e-01
-3.166297078132629395e-01
-3.185847103595733643e-01
-3.185662329196929932e-01
-3.191322684288024902e-01
-3.174898624420166016e-01
-3.181332349777221680e-01
-3.176832199096679688e-01
-3.190403282642364502e-01
-3.183715641498565674e-01
-3.160395026206970215e-01
-3.167776465415954590e-01
-3.168958127498626709e-01
-3.176568746566772461e-01
-3.176823854446411133e-01
-3.173868358135223389e-01
-3.190324604511260986e-01
-3.201203942298889160e-01
-3.173518776893615723e-01
-3.174522817134857178e-01
-3.179349303245544434e-01
-3.175404667854309082e-01
-3.172609210014343262e-01
-3.176021873950958252e-01
-3.179426193237304688e-01
-3.204497694969177246e-01
-3.166677057743072510e-01
-3.184547126293182373e-01
-3.175504207611083984e-01
-3.179829120635986328e-01
-3.179090619087219238e-01
-3.180527985095977783e-01
-3.193212151527404785e-01
-3.181822597980499268e-01
-3.183155655860900879e-01
-3.183633983135223389e-01
-3.172180354595184326e-01
-3.201191425323486328e-01
-3.166317641735076904e-01
-3.186271488666534424e-01
-3.192420005798339844e-01
-3.189603984355926514e-01
-3.190228939056396484e-01
-3.203421831130981445e-01
-3.187755644321441650e-01
-3.181531429290771484e-01
-3.182559907436370850e-01
-3.200235664844512939e-01
-3.179067969322204590e-01
-3.182543814182281494e-01
-3.197945654392242432e-01
-3.183110654354095459e-01
-3.166789412498474121e-01
-3.173600733280181885e-01
-3.193939328193664551e-01
-3.186718821525573730e-01
-3.183810412883758545e-01
-3.185487091541290283e-01
-3.168599307537078857e-01
-3.198240399360656738e-01
-3.187479376792907715e-01
-3.178949654102325439e-01
-3.169636726379394531e-01
-3.178070783615112305e-01
-3.189095854759216309e-01
-3.187074661254882812e-01
-3.200247287750244141e-01
-3.178327083587646484e-01
-3.174817860126495361e-01
-3.174853026866912842e-01
-3.195152282714843750e-01
-3.173029720783233643e-01
-3.196468651294708252e-01
-3.174478113651275635e-01
-3.185232579708099365e-01
-3.184697926044464111e-01
-3.197317123413085938e-01
-3.183325827121734619e-01
-3.177775740623474121e-01
-3.192954659461975098e-01
-3.173109889030456543e-01
-3.182696998119354248e-01
-3.163423538208007812e-01
-3.164498805999755859e-01
-3.192857801914215088e-01
-3.181605041027069092e-01
-3.169211447238922119e-01
-3.188153207302093506e-01
-3.181252777576446533e-01
-3.175432682037353516e-01
-3.198543190956115723e-01
-3.196377456188201904e-01
-3.177362680435180664e-01
-3.171689510345458984e-01
-3.174340128898620605e-01
-3.156721293926239014e-01
-3.188304603099822998e-01
-3.188455104827880859e-01
-3.180455863475799561e-01
-3.183196485042572021e-01
-3.179711997509002686e-01
-3.186459839344024658e-01
-3.201674222946166992e-01
-3.193978369235992432e-01
-3.182046711444854736e-01
-3.163357973098754883e-01
-3.173881769180297852e-01
-3.191209435462951660e-01
-3.184400498867034912e-01
-3.178039491176605225e-01
-3.167392015457153320e-01
-3.175257146358489990e-01
-3.200972974300384521e-01
-3.179290294647216797e-01
-3.183948993682861328e-01
-3.179005384445190430e-01
-3.195761144161224365e-01
-3.183232545852661133e-01
-3.186782598495483398e-01
-3.199262022972106934e-01
-3.165012300014495850e-01
-3.181287646293640137e-01
-3.164789974689483643e-01
-3.201041221618652344e-01
-3.181353807449340820e-01
-3.187635838985443115e-01
-3.179905414581298828e-01
-3.192359507083892822e-01
-3.181386590003967285e-01
-3.181297779083251953e-01
-3.191109299659729004e-01
-3.191238939762115479e-01
-3.191269934177398682e-01
-3.179502487182617188e-01
-3.176375329494476318e-01
-3.186554014682769775e-01
-3.182931840419769287e-01
-3.188388645648956299e-01
-3.177688717842102051e-01
-3.199271261692047119e-01
-3.181165456771850586e-01
-3.183907568454742432e-01
-3.178437948226928711e-01
-3.205369114875793457e-01
-3.192716836929321289e-01
-3.176886737346649170e-01
-3.185974061489105225e-01
-3.190517127513885498e-01
-3.168419301509857178e-01
-3.186248242855072021e-01
-3.197804987430572510e-01
-3.193886578083038330e-01
-3.193057477474212646e-01
-3.170897960662841797e-01
-3.195249736309051514e-01
-3.182826042175292969e-01
-3.192700445652008057e-01
-3.185819387435913086e-01
-3.193235993385314941e-01
-3.194465935230255127e-01
-3.193751275539398193e-01
-3.198543488979339600e-01
-3.186619877815246582e-01
-3.185600638389587402e-01
-3.186299800872802734e-01
-3.182877004146575928e-01
-3.194787800312042236e-01
-3.191651999950408936e-01
-3.180411458015441895e-01
-3.193976581096649170e-01
-3.178694546222686768e-01
-3.188201785087585449e-01
-3.188429176807403564e-01
-3.193026185035705566e-01
-3.193265795707702637e-01
-3.179120421409606934e-01
-3.177057802677154541e-01
-3.199953734874725342e-01
-3.195613622665405273e-01
-3.181983530521392822e-01
-3.169896006584167480e-01
-3.187907040119171143e-01
-3.199976980686187744e-01
-3.174291253089904785e-01
-3.173184096813201904e-01
-3.182032406330108643e-01
-3.194794356822967529e-01
-3.189210891723632812e-01
-3.190194368362426758e-01
-3.173462152481079102e-01
-3.215705454349517822e-01
-3.169575929641723633e-01
-3.176836073398590088e-01
-3.183916509151458740e-01
-3.188101053237915039e-01
-3.197995126247406006e-01
-3.180396556854248047e-01
-3.185372054576873779e-01
-3.189267516136169434e-01
-3.179292082786560059e-01
-3.170282840728759766e-01
-3.165634274482727051e-01
-3.173053562641143799e-01
-3.176283538341522217e-01
-3.183237612247467041e-01
-3.189947009086608887e-01
-3.176483809947967529e-01
-3.184389173984527588e-01
-3.174054324626922607e-01
-3.184520304203033447e-01
-3.182480633258819580e-01
-3.177983760833740234e-01
-3.186536729335784912e-01
-3.187675476074218750e-01
-3.195112347602844238e-01
-3.175906836986541748e-01
-3.195656836032867432e-01
-3.190106153488159180e-01
-3.190346360206604004e-01
-3.189820647239685059e-01
-3.204561471939086914e-01
-3.200231790542602539e-01
-3.184824883937835693e-01
-3.184837698936462402e-01
-3.176470994949340820e-01
-3.177949190139770508e-01
-3.177438378334045410e-01
-3.204092979431152344e-01
-3.192634582519531250e-01
-3.165932297706604004e-01
-3.193780183792114258e-01
-3.188743293285369873e-01
-3.188655078411102295e-01
-3.186686933040618896e-01
-3.184791803359985352e-01
-3.202012777328491211e-01
-3.192141652107238770e-01
-3.203997611999511719e-01
-3.190394043922424316e-01
-3.178375959396362305e-01
-3.193500936031341553e-01
-3.201201856136322021e-01
-3.179090321063995361e-01
-3.195598125457763672e-01
-3.193202018737792969e-01
-3.176992237567901611e-01
-3.188159167766571045e-01
-3.176485598087310791e-01
-3.182667195796966553e-01
-3.186034560203552246e-01
-3.200248479843139648e-01
-3.190127611160278320e-01
-3.170417547225952148e-01
-3.176220059394836426e-01
-3.193118870258331299e-01
-3.199869394302368164e-01
-3.174667060375213623e-01
-3.173890411853790283e-01
-3.175136446952819824e-01
-3.174287080764770508e-01
-3.184968531131744385e-01
-3.188685774803161621e-01
-3.183618485927581787e-01
-3.183946907520294189e-01
-3.195490241050720215e-01
-3.197044730186462402e-01
-3.196258842945098877e-01
-3.198399543762207031e-01
-3.182657659053802490e-01
-3.184408545494079590e-01
-3.199407458305358887e-01
-3.190264403820037842e-01
-3.173744976520538330e-01
-3.180699348449707031e-01
-3.184989094734191895e-01
-3.196869492530822754e-01
-3.195121586322784424e-01
-3.186461329460144043e-01
-3.180374801158905029e-01
-3.191961646080017090e-01
-3.162788152694702148e-01
-3.205544948577880859e-01
-3.198716342449188232e-01
-3.195031881332397461e-01
-3.173893392086029053e-01
-3.198598027229309082e-01
-3.178595006465911865e-01
-3.172053694725036621e-01
-3.195022642612457275e-01
-3.189455568790435791e-01
-3.187860548496246338e-01
-3.185334503650665283e-01
-3.194804489612579346e-01
-3.180233836174011230e-01
-3.188885450363159180e-01
-3.183484375476837158e-01
-3.185095489025115967e-01
-3.183449804782867432e-01
-3.192639648914337158e-01
-3.182744979858398438e-01
-3.196862936019897461e-01
-3.187697529792785645e-01
-3.195347487926483154e-01
-3.183923065662384033e-01
-3.204480111598968506e-01
-3.198960423469543457e-01
-3.184293806552886963e-01
-3.191698491573333740e-01
-3.184059560298919678e-01
-3.185479640960693359e-01
-3.189936578273773193e-01
-3.186924159526824951e-01
-3.197824060916900635e-01
-3.181945085525512695e-01
-3.192116618156433105e-01
-3.184149861335754395e-01
-3.177204728126525879e-01
-3.186599612236022949e-01
-3.183231651782989502e-01
-3.198473453521728516e-01
-3.187058568000793457e-01
-3.185781836509704590e-01
-3.193798363208770752e-01
-3.204279541969299316e-01
-3.194082677364349365e-01
-3.190554082393646240e-01
-3.193358778953552246e-01
-3.194352984428405762e-01
-3.170432150363922119e-01
-3.200340569019317627e-01
-3.190215826034545898e-01
-3.183318972587585449e-01
-3.193233907222747803e-01
-3.172565400600433350e-01
-3.191552162170410156e-01
-3.191137015819549561e-01
-3.186884522438049316e-01
-3.180112242698669434e-01
-3.183615207672119141e-01
-3.197386562824249268e-01
-3.190107345581054688e-01
-3.200330734252929688e-01
-3.183889687061309814e-01
-3.200508356094360352e-01
-3.194569051265716553e-01
-3.201069235801696777e-01
-3.190944194793701172e-01
-3.166481256484985352e-01
-3.180765509605407715e-01
-3.191234171390533447e-01
-3.210438787937164307e-01
-3.192815184593200684e-01
-3.198016881942749023e-01
-3.182050287723541260e-01
-3.195706307888031006e-01
-3.188377618789672852e-01
-3.180755674839019775e-01
-3.200280070304870605e-01
-3.203599154949188232e-01
-3.202227652072906494e-01
-3.201448917388916016e-01
-3.194937109947204590e-01
-3.191112875938415527e-01
-3.199366927146911621e-01
-3.186230361461639404e-01
-3.188930749893188477e-01
-3.169194459915161133e-01
-3.197947442531585693e-01
-3.214199841022491455e-01
-3.192371129989624023e-01
-3.190353214740753174e-01
-3.197784423828125000e-01
-3.181154727935791016e-01
-3.187023401260375977e-01
-3.192572593688964844e-01
-3.183633983135223389e-01
-3.179421126842498779e-01
-3.186375498771667480e-01
-3.196021616458892822e-01
-3.194663822650909424e-01
-3.190581798553466797e-01
-3.198724687099456787e-01
-3.185821473598480225e-01
-3.181975781917572021e-01
-3.174983263015747070e-01
-3.194552659988403320e-01
-3.173580467700958252e-01
-3.183003962039947510e-01
-3.185501694679260254e-01
-3.192557990550994873e-01
-3.195235729217529297e-01
-3.201450109481811523e-01
-3.191787004470825195e-01
-3.192485868930816650e-01
-3.166283071041107178e-01
-3.192923069000244141e-01
-3.186335563659667969e-01
-3.184975087642669678e-01
-3.174840807914733887e-01
-3.192229568958282471e-01
-3.179593384265899658e-01
-3.194535970687866211e-01
-3.185639679431915283e-01
-3.197416663169860840e-01
-3.195400536060333252e-01
-3.195470869541168213e-01
-3.193562030792236328e-01
-3.187057971954345703e-01
-3.188648819923400879e-01
-3.177956640720367432e-01
-3.171940743923187256e-01
-3.199622035026550293e-01
-3.190020322799682617e-01
-3.204126060009002686e-01
-3.191851675510406494e-01
-3.191195130348205566e-01
-3.199006021022796631e-01
-3.192844092845916748e-01
-3.195866048336029053e-01
-3.194378018379211426e-01
-3.169068098068237305e-01
-3.186120092868804932e-01
-3.172157108783721924e-01
-3.195223212242126465e-01
-3.192895650863647461e-01
-3.192365169525146484e-01
-3.187589347362518311e-01
-3.190529048442840576e-01
-3.186191916465759277e-01
-3.185102641582489014e-01
-3.181818127632141113e-01
-3.178518116474151611e-01
-3.181679248809814453e-01
-3.200557529926300049e-01
-3.199351131916046143e-01
-3.193148076534271240e-01
-3.198060989379882812e-01
-3.188262581825256348e-01
-3.207242488861083984e-01
-3.183915913105010986e-01
-3.189960122108459473e-01
-3.197977244853973389e-01
-3.185240030288696289e-01
-3.191818296909332275e-01
-3.192105591297149658e-01
-3.193212747573852539e-01
-3.189059197902679443e-01
-3.193655312061309814e-01
-3.193713426589965820e-01
-3.187973201274871826e-01
-3.178801536560058594e-01
-3.183341026306152344e-01
-3.190678358078002930e-01
-3.201901912689208984e-01
-3.182618021965026855e-01
-3.185410499572753906e-01
-3.179740011692047119e-01
-3.207492530345916748e-01
-3.178477287292480469e-01
-3.190914988517761230e-01
-3.188488483428955078e-01
-3.197510242462158203e-01
-3.189795613288879395e-01
-3.182857632637023926e-01
-3.186950981616973877e-01
-3.185484111309051514e-01
-3.186603188514709473e-01
-3.190644979476928711e-01
-3.191275000572204590e-01
-3.196169734001159668e-01
-3.174949586391448975e-01
-3.184755146503448486e-01
-3.196337819099426270e-01
-3.177928626537322998e-01
-3.177056908607482910e-01
-3.177550733089447021e-01
-3.183405697345733643e-01
-3.179918229579925537e-01
-3.184164464473724365e-01
-3.190951049327850342e-01
-3.197376132011413574e-01
-3.195066750049591064e-01
-3.203605413436889648e-01
-3.176442384719848633e-01
-3.184306621551513672e-01
-3.182126581668853760e-01
-3.192905187606811523e-01
-3.175045549869537354e-01
-3.202805221080780029e-01
-3.203917741775512695e-01
-3.210119009017944336e-01
-3.166581988334655762e-01
-3.196066915988922119e-01
-3.204176127910614014e-01
-3.181448280811309814e-01
-3.181102275848388672e-01
-3.198889493942260742e-01
-3.200718462467193604e-01
-3.190923929214477539e-01
-3.204417824745178223e-01
-3.201217651367187500e-01
-3.205603063106536865e-01
-3.199051618576049805e-01
-3.198386132717132568e-01
-3.199833929538726807e-01
-3.193847835063934326e-01
-3.173051774501800537e-01
-3.197803199291229248e-01
-3.192487359046936035e-01
-3.192476928234100342e-01
-3.192184567451477051e-01
-3.191878795623779297e-01
-3.180343508720397949e-01
-3.187051117420196533e-01
-3.195319771766662598e-01
-3.189086318016052246e-01
-3.207154870033264160e-01
-3.193599879741668701e-01
-3.195579051971435547e-01
-3.195074498653411865e-01
-3.191926181316375732e-01
-3.191658854484558105e-01
-3.195930123329162598e-01
-3.203511834144592285e-01
-3.197242319583892822e-01
-3.177875876426696777e-01
-3.195866346359252930e-01
-3.191988468170166016e-01
-3.191252946853637695e-01
-3.194426894187927246e-01
-3.206247687339782715e-01
-3.184744119644165039e-01
-3.195985555648803711e-01
-3.213648796081542969e-01
-3.198340535163879395e-01
-3.197623789310455322e-01
-3.217164278030395508e-01
-3.191968202590942383e-01
-3.203857243061065674e-01
-3.196110129356384277e-01
-3.193795680999755859e-01
-3.196094036102294922e-01
-3.202306032180786133e-01
-3.193507492542266846e-01
-3.187370300292968750e-01
-3.189666271209716797e-01
-3.197628557682037354e-01
-3.177132606506347656e-01
-3.201762735843658447e-01
-3.195996284484863281e-01
-3.200931251049041748e-01
-3.206646740436553955e-01
-3.187866210937500000e-01
-3.199318647384643555e-01
-3.178500831127166748e-01
-3.194264769554138184e-01
-3.180131316184997559e-01
-3.205072283744812012e-01
-3.197578787803649902e-01
-3.186648786067962646e-01
-3.187311291694641113e-01
-3.190998435020446777e-01
-3.188011050224304199e-01
-3.195140063762664795e-01
-3.191908597946166992e-01
-3.180028200149536133e-01
-3.183610737323760986e-01
-3.188308775424957275e-01
-3.188552260398864746e-01
-3.196016252040863037e-01
-3.196325898170471191e-01
-3.200926184654235840e-01
-3.193633258342742920e-01
-3.185199201107025146e-01
-3.188340961933135986e-01
-3.192090690135955811e-01
-3.202303946018218994e-01
-3.193141520023345947e-01
-3.210153281688690186e-01
-3.197096884250640869e-01
-3.199546337127685547e-01
-3.193083405494689941e-01
-3.219150006771087646e-01
-3.194751441478729248e-01
-3.187404870986938477e-01
-3.191015124320983887e-01
-3.184319436550140381e-01
-3.194094300270080566e-01
-3.194300234317779541e-01
-3.189341127872467041e-01
-3.186205625534057617e-01
-3.187935054302215576e-01
-3.202780783176422119e-01
-3.196509182453155518e-01
-3.200190365314483643e-01
-3.197036385536193848e-01
-3.203926086425781250e-01
-3.194647729396820068e-01
-3.203837275505065918e-01
-3.175959289073944092e-01
-3.193940520286560059e-01
-3.190471529960632324e-01
-3.194206058979034424e-01
-3.190626204013824463e-01
-3.190985620021820068e-01
-3.210692703723907471e-01
-3.192711174488067627e-01
-3.206328451633453369e-01
-3.193311691284179688e-01
-3.193903863430023193e-01
-3.180654346942901611e-01
-3.196115195751190186e-01
-3.207711279392242432e-01
-3.174283504486083984e-01
-3.183328807353973389e-01
-3.189788162708282471e-01
-3.199613690376281738e-01
-3.194103538990020752e-01
-3.182040750980377197e-01
-3.172391355037689209e-01
-3.170852959156036377e-01
-3.181605339050292969e-01
-3.199240565299987793e-01
-3.209977746009826660e-01
-3.196563422679901123e-01
-3.193758428096771240e-01
-3.198228776454925537e-01
-3.203816711902618408e-01
-3.183846473693847656e-01
-3.186396360397338867e-01
-3.187187910079956055e-01
-3.201055824756622314e-01
-3.199855089187622070e-01
-3.202475011348724365e-01
-3.187908530235290527e-01
-3.174657225608825684e-01
-3.189986050128936768e-01
-3.193352222442626953e-01
-3.195849657058715820e-01
-3.185042142868041992e-01
-3.190804123878479004e-01
-3.181191980838775635e-01
-3.216390311717987061e-01
-3.189866244792938232e-01
-3.203635811805725098e-01
-3.177096545696258545e-01
-3.190612792968750000e-01
-3.199533820152282715e-01
-3.194576501846313477e-01
-3.206179141998291016e-01
-3.199484944343566895e-01
-3.183739483356475830e-01
-3.189492523670196533e-01
-3.204962909221649170e-01
-3.190808594226837158e-01
-3.207203447818756104e-01
-3.217712640762329102e-01
-3.192804455757141113e-01
-3.185377120971679688e-01
-3.184481263160705566e-01
-3.203173577785491943e-01
-3.186549842357635498e-01
-3.185733556747436523e-01
-3.198359906673431396e-01
-3.207498490810394287e-01
-3.190836906433105469e-01
-3.204110860824584961e-01
-3.198211193084716797e-01
-3.194488584995269775e-01
-3.201253712177276611e-01
-3.204421401023864746e-01
-3.186991214752197266e-01
-3.214227259159088135e-01
-3.201523125171661377e-01
-3.198734223842620850e-01
-3.186367750167846680e-01
-3.181896805763244629e-01
-3.187841176986694336e-01
-3.194558024406433105e-01
-3.168828785419464111e-01
-3.200048506259918213e-01
-3.193141818046569824e-01
-3.204551339149475098e-01
-3.212227523326873779e-01
-3.206780552864074707e-01
-3.209302425384521484e-01
-3.208646476268768311e-01
-3.192974627017974854e-01
-3.188050389289855957e-01
-3.192994594573974609e-01
-3.192192316055297852e-01
-3.209971189498901367e-01
-3.203989565372467041e-01
-3.184277117252349854e-01
-3.201616108417510986e-01
-3.212270438671112061e-01
-3.202090859413146973e-01
-3.195161223411560059e-01
-3.185856938362121582e-01
-3.203583359718322754e-01
-3.191050291061401367e-01
-3.195143342018127441e-01
-3.203250467777252197e-01
-3.199009001255035400e-01
-3.194791376590728760e-01
-3.209556341171264648e-01
-3.189217150211334229e-01
-3.201633393764495850e-01
-3.208836615085601807e-01
-3.195031881332397461e-01
-3.201235830783843994e-01
-3.206801712512969971e-01
-3.206784725189208984e-01
-3.188659846782684326e-01
-3.201234638690948486e-01
-3.201634287834167480e-01
-3.202274143695831299e-01
-3.206387162208557129e-01
-3.200438022613525391e-01
-3.190016150474548340e-01
-3.204791247844696045e-01
-3.177564740180969238e-01
-3.207708597183227539e-01
-3.211719691753387451e-01
-3.200966715812683105e-01
-3.193272352218627930e-01
-3.195180296897888184e-01
-3.200725615024566650e-01
-3.205332756042480469e-01
-3.214451372623443604e-01
-3.204174637794494629e-01
-3.207014799118041992e-01
-3.198711574077606201e-01
-3.207011818885803223e-01
-3.199290335178375244e-01
-3.204773068428039551e-01
-3.199155926704406738e-01
-3.191527724266052246e-01
-3.213928937911987305e-01
-3.216266334056854248e-01
-3.196982443332672119e-01
-3.191443383693695068e-01
-3.199732601642608643e-01
-3.198480606079101562e-01
-3.191070258617401123e-01
-3.201726377010345459e-01
-3.200303912162780762e-01
-3.200051784515380859e-01
-3.199183940887451172e-01
-3.195447325706481934e-01
-3.202322721481323242e-01
-3.198969662189483643e-01
-3.207954168319702148e-01
-3.202481567859649658e-01
-3.198176622390747070e-01
-3.198137283325195312e-01
-3.186489939689636230e-01
-3.187960088253021240e-01
-3.205142915248870850e-01
-3.211069405078887939e-01
-3.186964392662048340e-01
-3.201833367347717285e-01
-3.213367164134979248e-01
-3.204560875892639160e-01
-3.198494017124176025e-01
-3.182623684406280518e-01
-3.205454647541046143e-01
-3.202013075351715088e-01
-3.200938701629638672e-01
-3.209385871887207031e-01
-3.210234940052032471e-01
-3.203951716423034668e-01
-3.200936317443847656e-01
-3.195012211799621582e-01
-3.205763697624206543e-01
-3.185136020183563232e-01
-3.198966681957244873e-01
-3.193348050117492676e-01
-3.210378885269165039e-01
-3.209210038185119629e-01
-3.213925659656524658e-01
-3.198024928569793701e-01
-3.208420574665069580e-01
-3.203793168067932129e-01
-3.205599486827850342e-01
-3.195025622844696045e-01
-3.211268186569213867e-01
-3.197370171546936035e-01
-3.203261196613311768e-01
-3.211017847061157227e-01
-3.191827833652496338e-01
-3.198406398296356201e-01
-3.186516463756561279e-01
-3.191457986831665039e-01
-3.190496265888214111e-01
-3.215918242931365967e-01
-3.195620179176330566e-01
-3.197827637195587158e-01
-3.195351064205169678e-01
-3.198206722736358643e-01
-3.199175894260406494e-01
-3.200443089008331299e-01
-3.195264339447021484e-01
-3.203745186328887939e-01
-3.203997313976287842e-01
-3.218627870082855225e-01
-3.202104568481445312e-01
-3.203032612800598145e-01
-3.194362223148345947e-01
-3.192460536956787109e-01
-3.205215632915496826e-01
-3.192994296550750732e-01
-3.196597993373870850e-01
-3.206834793090820312e-01
-3.192715346813201904e-01
-3.198691010475158691e-01
-3.205607235431671143e-01
-3.200030326843261719e-01
-3.197532296180725098e-01
-3.205018043518066406e-01
-3.200098276138305664e-01
-3.214553892612457275e-01
-3.190633058547973633e-01
-3.193783462047576904e-01
-3.189323246479034424e-01
-3.214429914951324463e-01
-3.214373290538787842e-01
-3.195685446262359619e-01
-3.205115795135498047e-01
-3.210839033126831055e-01
-3.203727304935455322e-01
-3.209707438945770264e-01
-3.210141360759735107e-01
-3.205365240573883057e-01
-3.205187916755676270e-01
-3.196231722831726074e-01
-3.202483355998992920e-01
-3.214798569679260254e-01
-3.225795626640319824e-01
-3.202054500579833984e-01
-3.220371305942535400e-01
-3.221619129180908203e-01
-3.200593292713165283e-01
-3.203237950801849365e-01
-3.211208283901214600e-01
-3.208627998828887939e-01
-3.202467262744903564e-01
-3.217164278030395508e-01
-3.222161233425140381e-01
-3.193804919719696045e-01
-3.211911022663116455e-01
-3.205502331256866455e-01
-3.212538957595825195e-01
-3.211524784564971924e-01
-3.206594288349151611e-01
-3.201448917388916016e-01
-3.206322789192199707e-01
-3.204742372035980225e-01
-3.217742443084716797e-01
-3.217923641204833984e-01
-3.210259675979614258e-01
-3.218237161636352539e-01
-3.211229145526885986e-01
-3.208154439926147461e-01
-3.216878771781921387e-01
-3.208326995372772217e-01
-3.212846815586090088e-01
-3.213640749454498291e-01
-3.209035992622375488e-01
-3.228944838047027588e-01
-3.203049004077911377e-01
-3.207691907882690430e-01
-3.222832083702087402e-01
-3.205782473087310791e-01
-3.203615844249725342e-01
-3.198801279067993164e-01
-3.227503597736358643e-01
-3.227352201938629150e-01
-3.204271197319030762e-01
-3.207062482833862305e-01
-3.201956450939178467e-01
-3.212050795555114746e-01
-3.220051825046539307e-01
-3.212293684482574463e-01
-3.209185302257537842e-01
-3.209276795387268066e-01
-3.216098248958587646e-01
-3.220230340957641602e-01
-3.210944235324859619e-01
-3.194721341133117676e-01
-3.192701339721679688e-01
-3.201180994510650635e-01
-3.202262520790100098e-01
-3.217829465866088867e-01
-3.214192986488342285e-01
-3.209852278232574463e-01
-3.197493255138397217e-01
-3.207457959651947021e-01
-3.217102587223052979e-01
-3.202644884586334229e-01
-3.221260309219360352e-01
-3.213089704513549805e-01
-3.194865584373474121e-01
-3.206323385238647461e-01
-3.193618357181549072e-01
-3.207655847072601318e-01
-3.204812109470367432e-01
-3.206354975700378418e-01
-3.206478953361511230e-01
-3.209116160869598389e-01
-3.200198411941528320e-01
-3.223631978034973145e-01
-3.211276233196258545e-01
-3.208051919937133789e-01
-3.218693137168884277e-01
-3.213716149330139160e-01
-3.204799294471740723e-01
-3.217189311981201172e-01
-3.206598460674285889e-01
-3.205734491348266602e-01
-3.225768804550170898e-01
-3.209238648414611816e-01
-3.223308324813842773e-01
-3.221868872642517090e-01
-3.221307694911956787e-01
-3.240290582180023193e-01
-3.227812647819519043e-01
-3.220545053482055664e-01
-3.215698897838592529e-01
-3.237906992435455322e-01
-3.217678964138031006e-01
-3.230654299259185791e-01
-3.248847723007202148e-01
-3.220483362674713135e-01
-3.225716650485992432e-01
-3.208205103874206543e-01
-3.220526874065399170e-01
-3.243444859981536865e-01
-3.232124745845794678e-01
-3.225971162319183350e-01
-3.240875601768493652e-01
-3.242340683937072754e-01
-3.242875933647155762e-01
-3.240028023719787598e-01
-3.240565955638885498e-01
-3.228153288364410400e-01
-3.249221146106719971e-01
-3.254975080490112305e-01
-3.248863518238067627e-01
-3.245935440063476562e-01
-3.243508934974670410e-01
-3.259835541248321533e-01
-3.246446847915649414e-01
-3.243831098079681396e-01
-3.245989978313446045e-01
-3.255381584167480469e-01
-3.245893418788909912e-01
-3.239822089672088623e-01
-3.264822065830230713e-01
-3.255635499954223633e-01
-3.249234557151794434e-01
-3.259969651699066162e-01
-3.268134593963623047e-01
-3.270593881607055664e-01
-3.257728219032287598e-01
-3.252819776535034180e-01
-3.268991708755493164e-01
-3.252397775650024414e-01
-3.275537788867950439e-01
-3.255717158317565918e-01
-3.263613283634185791e-01
-3.252125680446624756e-01
-3.248720765113830566e-01
-3.252604603767395020e-01
-3.252759277820587158e-01
-3.261061310768127441e-01
-3.262194395065307617e-01
-3.266354203224182129e-01
-3.256259262561798096e-01
-3.256062567234039307e-01
-3.252341449260711670e-01
-3.259552121162414551e-01
-3.271498680114746094e-01
-3.256523311138153076e-01
-3.254358768463134766e-01
-3.283143937587738037e-01
-3.249038755893707275e-01
-3.235571384429931641e-01
-3.267944455146789551e-01
-3.284493982791900635e-01
-3.260281383991241455e-01
-3.280800282955169678e-01
-3.285913765430450439e-01
-3.274557590484619141e-01
-3.247183263301849365e-01
-3.268224596977233887e-01
-3.261927366256713867e-01
-3.268851637840270996e-01
-3.257599472999572754e-01
-3.262743353843688965e-01
-3.248721957206726074e-01
-3.261921405792236328e-01
-3.282800912857055664e-01
-3.270387351512908936e-01
-3.277226388454437256e-01
-3.264241218566894531e-01
-3.271431922912597656e-01
-3.255002200603485107e-01
-3.276846408843994141e-01
-3.272342383861541748e-01
-3.270460069179534912e-01
-3.247074484825134277e-01
-3.283540606498718262e-01
-3.277454078197479248e-01
-3.282961547374725342e-01
-3.266162276268005371e-01
-3.278459608554840088e-01
-3.261913955211639404e-01
-3.273282349109649658e-01
-3.285292685031890869e-01
-3.276201784610748291e-01
-3.290455639362335205e-01
-3.293260335922241211e-01
-3.290883302688598633e-01
-3.283603489398956299e-01
-3.276748061180114746e-01
-3.274803757667541504e-01
-3.271376788616180420e-01
-3.278838098049163818e-01
-3.274127840995788574e-01
-3.266870677471160889e-01
-3.264561891555786133e-01
-3.286581337451934814e-01
-3.286483287811279297e-01
-3.252684473991394043e-01
-3.278267383575439453e-01
-3.275201022624969482e-01
-3.267064690589904785e-01
-3.287544548511505127e-01
-3.279544115066528320e-01
-3.277625143527984619e-01
-3.275588154792785645e-01
-3.291685879230499268e-01
-3.279384970664978027e-01
-3.279612660408020020e-01
-3.261078596115112305e-01
-3.289285898208618164e-01
-3.280283212661743164e-01
-3.275590240955352783e-01
-3.261939287185668945e-01
-3.285146355628967285e-01
-3.275932073593139648e-01
-3.285053968429565430e-01
-3.286976218223571777e-01
-3.289441466331481934e-01
-3.272585570812225342e-01
-3.270590603351593018e-01
-3.288764655590057373e-01
-3.291284739971160889e-01
-3.269431591033935547e-01
-3.266854882240295410e-01
-3.266440927982330322e-01
-3.278437554836273193e-01
-3.276771903038024902e-01
-3.272967040538787842e-01
-3.274273574352264404e-01
-3.268937468528747559e-01
-3.266680240631103516e-01
-3.275960683822631836e-01
-3.274330794811248779e-01
-3.280567824840545654e-01
-3.275701105594635010e-01
-3.282314836978912354e-01
-3.277742266654968262e-01
-3.294428586959838867e-01
-3.293445408344268799e-01
-3.259485661983489990e-01
-3.280478715896606445e-01
-3.286764621734619141e-01
-3.283300101757049561e-01
-3.291491866111755371e-01
-3.282836973667144775e-01
-3.285250663757324219e-01
-3.276273906230926514e-01
-3.284018635749816895e-01
-3.272263109683990479e-01
-3.295524418354034424e-01
-3.293987810611724854e-01
-3.284297883510589600e-01
-3.271951973438262939e-01
-3.290103971958160400e-01
-3.284711241722106934e-01
-3.274725377559661865e-01
-3.288916051387786865e-01
-3.294181525707244873e-01
-3.286508917808532715e-01
-3.284628391265869141e-01
-3.286124169826507568e-01
-3.287070393562316895e-01
-3.279429376125335693e-01
-3.284134566783905029e-01
-3.277808129787445068e-01
-3.287595808506011963e-01
-3.292291164398193359e-01
-3.282969892024993896e-01
-3.281660974025726318e-01
-3.286369144916534424e-01
-3.288758397102355957e-01
-3.268317282199859619e-01
-3.274530470371246338e-01
-3.284551501274108887e-01
-3.291605114936828613e-01
-3.276436030864715576e-01
-3.294812738895416260e-01
-3.280295431613922119e-01
-3.279952108860015869e-01
-3.260140120983123779e-01
-3.277074694633483887e-01
-3.289036750793457031e-01
-3.295937478542327881e-01
-3.277105391025543213e-01
-3.290867805480957031e-01
-3.267617821693420410e-01
-3.292816579341888428e-01
-3.289346098899841309e-01
-3.286902904510498047e-01
-3.282230198383331299e-01
-3.284305334091186523e-01
-3.257613778114318848e-01
-3.289383649826049805e-01
-3.289965689182281494e-01
-3.291612565517425537e-01
-3.293808698654174805e-01
-3.271400034427642822e-01
-3.297142982482910156e-01
-3.292410969734191895e-01
-3.274284303188323975e-01
-3.283250033855438232e-01
-3.275339007377624512e-01
-3.286961019039154053e-01
-3.283934295177459717e-01
-3.283033967018127441e-01
-3.291538059711456299e-01
-3.272465765476226807e-01
-3.279190659523010254e-01
-3.279866874217987061e-01
-3.288080394268035889e-01
-3.294975459575653076e-01
-3.287006616592407227e-01
-3.280868232250213623e-01
-3.290374875068664551e-01
