-2.553417980670928955e-01
1.170554570853710175e-02
-1.978615671396255493e-01
-2.063726931810379028e-01
-1.927829533815383911e-01
-2.244172692298889160e-01
-2.154056429862976074e-01
-2.242203801870346069e-01
-2.265811413526535034e-01
-2.269251346588134766e-01
-2.231905162334442139e-01
-2.255665212869644165e-01
-2.368493378162384033e-01
-2.222306579351425171e-01
-2.308935225009918213e-01
-2.256197035312652588e-01
-2.326565831899642944e-01
-2.383554130792617798e-01
-2.233165651559829712e-01
-2.273056060075759888e-01
-2.324345111846923828e-01
-2.320465743541717529e-01
-2.272990942001342773e-01
-2.272074073553085327e-01
-2.263588309288024902e-01
-2.327111214399337769e-01
-2.330170422792434692e-01
-2.348008453845977783e-01
-2.383702397346496582e-01
-2.358860969543457031e-01
-2.327103018760681152e-01
-2.400277107954025269e-01
-2.391730397939682007e-01
-2.379222661256790161e-01
-2.434370070695877075e-01
-2.449107915163040161e-01
-2.483176738023757935e-01
-2.354247421026229858e-01
-2.481805980205535889e-01
-2.529299259185791016e-01
-2.407794296741485596e-01
-2.511500418186187744e-01
-2.563641369342803955e-01
-2.650256454944610596e-01
-2.722102105617523193e-01
-2.688226401805877686e-01
-2.609816193580627441e-01
-2.500873506069183350e-01
-2.463448047637939453e-01
-2.650031447410583496e-01
-2.563841938972473145e-01
-2.588081061840057373e-01
-2.602757215499877930e-01
-2.652379870414733887e-01
-2.459594458341598511e-01
-2.619349360466003418e-01
-2.661589384078979492e-01
-2.500436604022979736e-01
-2.662304043769836426e-01
-2.733576893806457520e-01
-2.621701955795288086e-01
-2.621316015720367432e-01
-2.697346806526184082e-01
-2.564070522785186768e-01
-2.487292140722274780e-01
-2.666563093662261963e-01
-2.694713175296783447e-01
-2.775334119796752930e-01
-2.680799067020416260e-01
-2.766220569610595703e-01
-2.784205973148345947e-01
-2.605653703212738037e-01
-2.589471340179443359e-01
-2.831279933452606201e-01
-2.690246403217315674e-01
-2.649040818214416504e-01
-2.681707739830017090e-01
-2.667882442474365234e-01
-2.737110257148742676e-01
-2.819586694240570068e-01
-2.722439765930175781e-01
-2.763148546218872070e-01
-2.650135755538940430e-01
-2.687771618366241455e-01
-2.741944491863250732e-01
-2.880724072456359863e-01
-2.743209898471832275e-01
-2.695605456829071045e-01
-2.708802521228790283e-01
-2.853104770183563232e-01
-2.808233201503753662e-01
-2.870036661624908447e-01
-2.874880731105804443e-01
-2.885352075099945068e-01
-2.876093685626983643e-01
-2.670520842075347900e-01
-2.746303379535675049e-01
-2.863707542419433594e-01
-2.988689839839935303e-01
-2.764614224433898926e-01
-2.833690941333770752e-01
-2.992979288101196289e-01
-2.777078747749328613e-01
-2.937941849231719971e-01
-2.899698913097381592e-01
-2.859412431716918945e-01
-2.911616861820220947e-01
-2.948338389396667480e-01
-3.004800975322723389e-01
-2.984857261180877686e-01
-2.892616391181945801e-01
-2.961750626564025879e-01
-2.970300912857055664e-01
-2.936412096023559570e-01
-2.876019179821014404e-01
-2.875533103942871094e-01
-2.928487062454223633e-01
-3.002632260322570801e-01
-3.004409670829772949e-01
-2.818609476089477539e-01
-2.935349047183990479e-01
-2.967778146266937256e-01
-2.996557354927062988e-01
-2.841594815254211426e-01
-2.963210940361022949e-01
-2.907369434833526611e-01
-2.950821518898010254e-01
-2.857571840286254883e-01
-2.967090308666229248e-01
-2.922126948833465576e-01
-2.848037779331207275e-01
-2.927430272102355957e-01
-2.930632233619689941e-01
-2.837067842483520508e-01
-2.991773188114166260e-01
-2.914340496063232422e-01
-2.959883213043212891e-01
-2.948175072669982910e-01
-2.918507158756256104e-01
-2.951548397541046143e-01
-3.067879676818847656e-01
-2.853899896144866943e-01
-2.976607680320739746e-01
-2.974894642829895020e-01
-2.963245213031768799e-01
-2.927512526512145996e-01
-2.933344244956970215e-01
-2.987293601036071777e-01
-2.998223006725311279e-01
-2.903183996677398682e-01
-2.878049910068511963e-01
-3.050315976142883301e-01
-2.933171391487121582e-01
-2.962470650672912598e-01
-3.075765967369079590e-01
-2.969978153705596924e-01
-3.040399551391601562e-01
-3.076393604278564453e-01
-3.064974844455718994e-01
-2.991674244403839111e-01
-3.012654483318328857e-01
-3.101763725280761719e-01
-3.138579130172729492e-01
-3.112514317035675049e-01
-3.083145618438720703e-01
-3.115886747837066650e-01
-3.095468580722808838e-01
-3.090354800224304199e-01
-3.016850650310516357e-01
-3.155174851417541504e-01
-3.245857059955596924e-01
-3.153417706489562988e-01
-3.113477528095245361e-01
-3.189500868320465088e-01
-3.125929236412048340e-01
-3.284699320793151855e-01
-3.100285530090332031e-01
-3.179443776607513428e-01
-3.121230006217956543e-01
-3.168233036994934082e-01
-3.196675181388854980e-01
-3.253450393676757812e-01
-3.213750123977661133e-01
-3.258295655250549316e-01
-3.269235789775848389e-01
-3.269968330860137939e-01
-3.187689185142517090e-01
-3.283489048480987549e-01
-3.335680961608886719e-01
-3.235282003879547119e-01
-3.351144790649414062e-01
-3.326165676116943359e-01
-3.263476490974426270e-01
-3.183256089687347412e-01
-3.199748098850250244e-01
-3.262289464473724365e-01
-3.285684883594512939e-01
-3.332743942737579346e-01
-3.372134864330291748e-01
-3.368896543979644775e-01
-3.286134600639343262e-01
-3.212383985519409180e-01
-3.158994317054748535e-01
-3.280865252017974854e-01
-3.301632702350616455e-01
-3.268823921680450439e-01
-3.360810875892639160e-01
-3.192265927791595459e-01
-3.211447000503540039e-01
-3.349622189998626709e-01
-3.270857632160186768e-01
-3.314531147480010986e-01
-3.379444479942321777e-01
-3.324248790740966797e-01
-3.238064348697662354e-01
-3.354969322681427002e-01
-3.366925418376922607e-01
-3.301575183868408203e-01
-3.322291076183319092e-01
-3.311766982078552246e-01
-3.336554467678070068e-01
-3.353873193264007568e-01
-3.385238945484161377e-01
-3.316826522350311279e-01
-3.226029872894287109e-01
-3.353230059146881104e-01
-3.391298949718475342e-01
-3.341785371303558350e-01
-3.390103876590728760e-01
-3.391784131526947021e-01
-3.356365859508514404e-01
-3.387743532657623291e-01
-3.324987292289733887e-01
-3.287758529186248779e-01
-3.300192952156066895e-01
-3.371600806713104248e-01
-3.369647860527038574e-01
-3.361516594886779785e-01
-3.390144705772399902e-01
-3.409057259559631348e-01
-3.355234861373901367e-01
-3.399227559566497803e-01
-3.371165096759796143e-01
-3.303365707397460938e-01
-3.300977647304534912e-01
-3.349748551845550537e-01
-3.355007469654083252e-01
-3.321622908115386963e-01
-3.363146483898162842e-01
-3.345397412776947021e-01
-3.390119075775146484e-01
-3.387424349784851074e-01
-3.393349051475524902e-01
-3.352255225181579590e-01
-3.355517983436584473e-01
-3.397759497165679932e-01
-3.326589465141296387e-01
-3.321589529514312744e-01
-3.347475528717041016e-01
-3.429801166057586670e-01
-3.411361575126647949e-01
-3.421055674552917480e-01
-3.425674736499786377e-01
-3.428107798099517822e-01
-3.269490301609039307e-01
-3.346956670284271240e-01
-3.357544541358947754e-01
-3.360661566257476807e-01
-3.379549086093902588e-01
-3.413154780864715576e-01
-3.376690745353698730e-01
-3.409144878387451172e-01
-3.392507135868072510e-01
-3.385557234287261963e-01
-3.383714556694030762e-01
-3.419921398162841797e-01
-3.410001695156097412e-01
-3.382111787796020508e-01
-3.441994786262512207e-01
-3.380932807922363281e-01
-3.420075178146362305e-01
-3.405995666980743408e-01
-3.364911675453186035e-01
-3.405678272247314453e-01
-3.358663320541381836e-01
-3.309794664382934570e-01
-3.371540009975433350e-01
-3.411834239959716797e-01
-3.432951569557189941e-01
-3.337680399417877197e-01
-3.437768220901489258e-01
-3.351204991340637207e-01
-3.350356519222259521e-01
-3.301591873168945312e-01
-3.301427662372589111e-01
-3.445024490356445312e-01
-3.403258919715881348e-01
-3.436286151409149170e-01
-3.431924581527709961e-01
-3.343676626682281494e-01
-3.337152004241943359e-01
-3.406931459903717041e-01
-3.396683037281036377e-01
-3.406610786914825439e-01
-3.453743159770965576e-01
-3.440147340297698975e-01
-3.314524590969085693e-01
-3.423003554344177246e-01
-3.419211506843566895e-01
-3.437753021717071533e-01
-3.452582359313964844e-01
-3.398976624011993408e-01
-3.372159898281097412e-01
-3.415709435939788818e-01
-3.417090475559234619e-01
-3.425054252147674561e-01
-3.433984518051147461e-01
-3.421781957149505615e-01
-3.430288136005401611e-01
-3.443152606487274170e-01
-3.410304486751556396e-01
-3.406715393066406250e-01
-3.420426547527313232e-01
-3.369882106781005859e-01
-3.454707264900207520e-01
-3.418324589729309082e-01
-3.426640927791595459e-01
-3.453836739063262939e-01
-3.470895290374755859e-01
-3.442911207675933838e-01
-3.435974121093750000e-01
-3.413959443569183350e-01
-3.423674106597900391e-01
-3.405478596687316895e-01
-3.397817313671112061e-01
-3.461535871028900146e-01
-3.461375236511230469e-01
-3.387725949287414551e-01
-3.434264659881591797e-01
-3.462369441986083984e-01
-3.441074788570404053e-01
-3.445343673229217529e-01
-3.407853841781616211e-01
-3.454816639423370361e-01
-3.406976461410522461e-01
-3.432779610157012939e-01
-3.375543951988220215e-01
-3.290722072124481201e-01
-3.396385610103607178e-01
-3.398926854133605957e-01
-3.458572030067443848e-01
-3.479150831699371338e-01
-3.453890085220336914e-01
-3.474972546100616455e-01
-3.454534411430358887e-01
-3.504816889762878418e-01
-3.465545773506164551e-01
-3.470632433891296387e-01
-3.475413918495178223e-01
-3.406154811382293701e-01
-3.405926525592803955e-01
-3.445592224597930908e-01
-3.453769981861114502e-01
-3.419962823390960693e-01
-3.426304757595062256e-01
-3.473917245864868164e-01
-3.430745303630828857e-01
-3.389105498790740967e-01
-3.322917520999908447e-01
-3.399347662925720215e-01
-3.471734523773193359e-01
-3.432419300079345703e-01
-3.498855531215667725e-01
-3.462755680084228516e-01
-3.428511321544647217e-01
-3.409965336322784424e-01
-3.406632542610168457e-01
-3.433293402194976807e-01
-3.454869389533996582e-01
-3.452051579952239990e-01
-3.443826436996459961e-01
-3.419608771800994873e-01
-3.451696336269378662e-01
-3.433975875377655029e-01
-3.410635888576507568e-01
-3.491399884223937988e-01
-3.440345525741577148e-01
-3.440299034118652344e-01
-3.490411341190338135e-01
-3.446345031261444092e-01
-3.446322679519653320e-01
-3.459379673004150391e-01
-3.394993245601654053e-01
-3.398064672946929932e-01
-3.433980643749237061e-01
-3.475738167762756348e-01
-3.472455441951751709e-01
-3.434512913227081299e-01
-3.373368978500366211e-01
-3.422509133815765381e-01
-3.463893830776214600e-01
-3.428746461868286133e-01
-3.460247218608856201e-01
-3.458979427814483643e-01
-3.448563516139984131e-01
-3.435204327106475830e-01
-3.457301259040832520e-01
-3.458532691001892090e-01
-3.465571403503417969e-01
-3.357543647289276123e-01
-3.443824648857116699e-01
-3.506886065006256104e-01
-3.480313122272491455e-01
-3.407448530197143555e-01
-3.469539582729339600e-01
-3.446018397808074951e-01
-3.484786450862884521e-01
-3.415910303592681885e-01
-3.461273312568664551e-01
-3.421593010425567627e-01
-3.458250761032104492e-01
-3.442439734935760498e-01
-3.387852311134338379e-01
-3.500023782253265381e-01
-3.481909930706024170e-01
-3.466909229755401611e-01
-3.445651531219482422e-01
-3.434678316116333008e-01
-3.472903370857238770e-01
-3.374609351158142090e-01
-3.454756438732147217e-01
-3.480249047279357910e-01
-3.385317921638488770e-01
-3.487295508384704590e-01
-3.465613424777984619e-01
-3.443880677223205566e-01
-3.438973426818847656e-01
-3.457352221012115479e-01
-3.471887707710266113e-01
-3.402235209941864014e-01
-3.408659696578979492e-01
-3.503068089485168457e-01
-3.477367162704467773e-01
-3.439443707466125488e-01
-3.446328043937683105e-01
-3.444810807704925537e-01
-3.474282324314117432e-01
-3.460847735404968262e-01
-3.372423052787780762e-01
-3.469000160694122314e-01
-3.441670835018157959e-01
-3.448390364646911621e-01
-3.463872075080871582e-01
-3.432530760765075684e-01
-3.447144627571105957e-01
-3.467595577239990234e-01
-3.476140797138214111e-01
-3.458081185817718506e-01
-3.448103070259094238e-01
-3.444887995719909668e-01
-3.424456417560577393e-01
-3.466862142086029053e-01
-3.438100814819335938e-01
-3.488182425498962402e-01
-3.467601239681243896e-01
-3.446428477764129639e-01
-3.407139778137207031e-01
-3.460588157176971436e-01
-3.424321413040161133e-01
-3.481415808200836182e-01
-3.481331765651702881e-01
-3.419438302516937256e-01
-3.419317901134490967e-01
-3.443661034107208252e-01
-3.483289182186126709e-01
-3.505616486072540283e-01
-3.424537479877471924e-01
-3.475247323513031006e-01
-3.457089960575103760e-01
-3.470560312271118164e-01
-3.456496000289916992e-01
-3.454948961734771729e-01
-3.482235372066497803e-01
-3.462656140327453613e-01
-3.468370437622070312e-01
-3.439102768898010254e-01
-3.463756740093231201e-01
-3.419882953166961670e-01
-3.468866348266601562e-01
-3.434059619903564453e-01
-3.495739102363586426e-01
-3.487840592861175537e-01
-3.485172092914581299e-01
-3.448936343193054199e-01
-3.450863361358642578e-01
-3.483887910842895508e-01
-3.441057205200195312e-01
-3.456736803054809570e-01
-3.497089147567749023e-01
-3.467914760112762451e-01
-3.422054052352905273e-01
-3.481635153293609619e-01
-3.482320308685302734e-01
-3.447060585021972656e-01
-3.485657870769500732e-01
-3.531498312950134277e-01
-3.476604521274566650e-01
-3.488053679466247559e-01
-3.429906964302062988e-01
-3.477965891361236572e-01
-3.434791862964630127e-01
-3.455671370029449463e-01
-3.485082983970642090e-01
-3.498805463314056396e-01
-3.450083732604980469e-01
-3.443262875080108643e-01
-3.490591049194335938e-01
-3.449834585189819336e-01
-3.481473326683044434e-01
-3.416760861873626709e-01
-3.472220301628112793e-01
-3.482178151607513428e-01
-3.466898202896118164e-01
-3.499730825424194336e-01
-3.463920950889587402e-01
-3.501071035861968994e-01
-3.450183272361755371e-01
-3.446195125579833984e-01
-3.444301187992095947e-01
-3.502055704593658447e-01
-3.433837294578552246e-01
-3.453903794288635254e-01
-3.460821509361267090e-01
-3.469450175762176514e-01
-3.460845947265625000e-01
-3.447650372982025146e-01
-3.468326628208160400e-01
-3.497642576694488525e-01
-3.478833734989166260e-01
-3.479917049407958984e-01
-3.486983776092529297e-01
-3.492261469364166260e-01
-3.508274853229522705e-01
-3.404442667961120605e-01
-3.437665998935699463e-01
-3.456975817680358887e-01
-3.497805893421173096e-01
-3.442068994045257568e-01
-3.490298390388488770e-01
-3.483690023422241211e-01
-3.457462787628173828e-01
-3.457119762897491455e-01
-3.450495600700378418e-01
-3.490942418575286865e-01
-3.509891927242279053e-01
-3.449358642101287842e-01
-3.467510938644409180e-01
-3.467196226119995117e-01
-3.438197076320648193e-01
-3.447097837924957275e-01
-3.495856225490570068e-01
-3.436658978462219238e-01
-3.499888181686401367e-01
-3.439303636550903320e-01
-3.454627990722656250e-01
-3.459869325160980225e-01
-3.479404151439666748e-01
-3.481198847293853760e-01
-3.488526642322540283e-01
-3.488818705081939697e-01
-3.441971242427825928e-01
-3.491746783256530762e-01
-3.462918102741241455e-01
-3.456784784793853760e-01
-3.491296470165252686e-01
-3.445672690868377686e-01
-3.518025577068328857e-01
-3.461496829986572266e-01
-3.491886556148529053e-01
-3.498054444789886475e-01
-3.473289012908935547e-01
-3.472343683242797852e-01
-3.470481634140014648e-01
-3.509349226951599121e-01
-3.468365669250488281e-01
-3.456282615661621094e-01
-3.427940607070922852e-01
-3.480925261974334717e-01
-3.454042673110961914e-01
-3.454309701919555664e-01
-3.492259383201599121e-01
-3.504929840564727783e-01
-3.421315848827362061e-01
-3.475077152252197266e-01
-3.521670401096343994e-01
-3.481992185115814209e-01
-3.404340445995330811e-01
-3.456171751022338867e-01
-3.514582514762878418e-01
-3.440979123115539551e-01
-3.489311039447784424e-01
-3.498181998729705811e-01
-3.449099659919738770e-01
-3.497514128684997559e-01
-3.478222787380218506e-01
-3.475815951824188232e-01
-3.481158912181854248e-01
-3.450064659118652344e-01
-3.477275073528289795e-01
-3.479623496532440186e-01
-3.475676774978637695e-01
-3.482123613357543945e-01
-3.427522480487823486e-01
-3.493180572986602783e-01
-3.477119505405426025e-01
-3.515025079250335693e-01
-3.452698886394500732e-01
-3.503190875053405762e-01
-3.440853953361511230e-01
-3.495192527770996094e-01
-3.489645421504974365e-01
-3.506500720977783203e-01
-3.460916280746459961e-01
-3.483906090259552002e-01
-3.472160398960113525e-01
-3.503162860870361328e-01
-3.472889363765716553e-01
-3.478920757770538330e-01
-3.501355946063995361e-01
-3.455844819545745850e-01
-3.464551568031311035e-01
-3.438512086868286133e-01
-3.499518930912017822e-01
-3.451972007751464844e-01
-3.511452078819274902e-01
-3.502733707427978516e-01
-3.474005758762359619e-01
-3.463698625564575195e-01
-3.506979346275329590e-01
-3.465264141559600830e-01
-3.468580245971679688e-01
-3.497629761695861816e-01
-3.458135426044464111e-01
-3.464036881923675537e-01
-3.459101617336273193e-01
-3.429511189460754395e-01
-3.422804772853851318e-01
-3.495502173900604248e-01
-3.505416810512542725e-01
-3.420791327953338623e-01
-3.504146039485931396e-01
-3.480235338211059570e-01
-3.458747267723083496e-01
-3.499837517738342285e-01
-3.477860689163208008e-01
-3.422939181327819824e-01
-3.418894708156585693e-01
-3.514071702957153320e-01
-3.493587672710418701e-01
-3.462697267532348633e-01
-3.467281758785247803e-01
-3.522233963012695312e-01
-3.483796417713165283e-01
-3.451400697231292725e-01
-3.466857373714447021e-01
-3.467941880226135254e-01
-3.499340713024139404e-01
-3.464608490467071533e-01
-3.461300134658813477e-01
-3.447822332382202148e-01
-3.499822318553924561e-01
-3.388208448886871338e-01
-3.483829200267791748e-01
-3.510854542255401611e-01
-3.409282565116882324e-01
-3.473937809467315674e-01
-3.466225266456604004e-01
-3.485989272594451904e-01
-3.508924245834350586e-01
-3.399937748908996582e-01
-3.461859524250030518e-01
-3.485602140426635742e-01
-3.483305573463439941e-01
-3.484170734882354736e-01
-3.449559807777404785e-01
-3.472629189491271973e-01
-3.465454578399658203e-01
-3.494296073913574219e-01
-3.409613668918609619e-01
-3.494648635387420654e-01
-3.492527306079864502e-01
-3.468149602413177490e-01
-3.443447649478912354e-01
-3.483447432518005371e-01
-3.485403954982757568e-01
-3.478611111640930176e-01
-3.474742472171783447e-01
-3.515457212924957275e-01
-3.511407971382141113e-01
-3.460059165954589844e-01
-3.487311005592346191e-01
-3.473521471023559570e-01
-3.449757099151611328e-01
-3.463419079780578613e-01
-3.519966006278991699e-01
-3.454530239105224609e-01
-3.463211059570312500e-01
-3.477540910243988037e-01
-3.462893664836883545e-01
-3.471426367759704590e-01
-3.513684570789337158e-01
-3.499111831188201904e-01
-3.474818170070648193e-01
-3.448071181774139404e-01
-3.466587662696838379e-01
-3.478127717971801758e-01
-3.478365540504455566e-01
-3.432147204875946045e-01
-3.454320430755615234e-01
-3.488132655620574951e-01
-3.479003608226776123e-01
-3.435876965522766113e-01
-3.462314307689666748e-01
-3.512112498283386230e-01
-3.496065139770507812e-01
-3.458388745784759521e-01
-3.486624658107757568e-01
-3.509984314441680908e-01
-3.413985669612884521e-01
-3.520316779613494873e-01
-3.493913412094116211e-01
-3.468717634677886963e-01
-3.480495512485504150e-01
-3.453238308429718018e-01
-3.456606566905975342e-01
-3.451231718063354492e-01
-3.495989739894866943e-01
-3.461552262306213379e-01
-3.480686843395233154e-01
-3.453254401683807373e-01
-3.505136072635650635e-01
-3.445599377155303955e-01
-3.447164595127105713e-01
-3.517237603664398193e-01
-3.502652943134307861e-01
-3.506914973258972168e-01
-3.406949341297149658e-01
-3.522946238517761230e-01
-3.439749777317047119e-01
-3.486112952232360840e-01
-3.488074243068695068e-01
-3.406378924846649170e-01
-3.468792140483856201e-01
-3.497768938541412354e-01
-3.466546535491943359e-01
-3.472262918949127197e-01
-3.469444513320922852e-01
-3.479746580123901367e-01
-3.431033790111541748e-01
-3.430715203285217285e-01
-3.477886617183685303e-01
-3.493731319904327393e-01
-3.470402956008911133e-01
-3.496327698230743408e-01
-3.466212153434753418e-01
-3.508110344409942627e-01
-3.457016050815582275e-01
-3.466060161590576172e-01
-3.475719094276428223e-01
-3.434290289878845215e-01
-3.487004935741424561e-01
-3.482922911643981934e-01
-3.449307084083557129e-01
-3.481728434562683105e-01
-3.487503826618194580e-01
-3.451812267303466797e-01
-3.446348905563354492e-01
-3.492132425308227539e-01
-3.462991416454315186e-01
-3.433754146099090576e-01
-3.502282500267028809e-01
-3.470813035964965820e-01
-3.431808650493621826e-01
-3.462273776531219482e-01
-3.492542803287506104e-01
-3.464459180831909180e-01
-3.432119786739349365e-01
-3.495385050773620605e-01
-3.497983515262603760e-01
-3.424451053142547607e-01
-3.471110761165618896e-01
-3.496974408626556396e-01
-3.488370478153228760e-01
-3.495500683784484863e-01
-3.449327647686004639e-01
-3.442222177982330322e-01
-3.483443558216094971e-01
-3.460592627525329590e-01
-3.499590456485748291e-01
-3.472132682800292969e-01
-3.492418825626373291e-01
-3.517245948314666748e-01
-3.511792123317718506e-01
-3.479789793491363525e-01
-3.436903059482574463e-01
-3.443099856376647949e-01
-3.531857430934906006e-01
-3.438266813755035400e-01
-3.459378778934478760e-01
-3.489846289157867432e-01
-3.436041176319122314e-01
-3.497993648052215576e-01
-3.469756841659545898e-01
-3.493089675903320312e-01
-3.472799956798553467e-01
-3.438507616519927979e-01
-3.506312370300292969e-01
-3.471535444259643555e-01
-3.501530885696411133e-01
-3.463028073310852051e-01
-3.459975719451904297e-01
-3.453651368618011475e-01
-3.482847213745117188e-01
-3.463370501995086670e-01
-3.477675318717956543e-01
-3.494233489036560059e-01
-3.442687690258026123e-01
-3.482230603694915771e-01
-3.493082821369171143e-01
-3.482441902160644531e-01
-3.474738597869873047e-01
-3.512946963310241699e-01
-3.473837673664093018e-01
-3.483442962169647217e-01
-3.472163677215576172e-01
-3.469546437263488770e-01
-3.458974659442901611e-01
-3.510723412036895752e-01
-3.519356548786163330e-01
-3.460615873336791992e-01
-3.489259779453277588e-01
-3.481024801731109619e-01
-3.492070138454437256e-01
-3.470920622348785400e-01
-3.479433655738830566e-01
-3.490098714828491211e-01
-3.457196056842803955e-01
-3.522005677223205566e-01
-3.486234247684478760e-01
-3.494808375835418701e-01
-3.483214974403381348e-01
-3.404818177223205566e-01
-3.452767431735992432e-01
-3.483312129974365234e-01
-3.421547114849090576e-01
-3.474757075309753418e-01
-3.471251726150512695e-01
-3.470457494258880615e-01
-3.505787253379821777e-01
-3.462625741958618164e-01
-3.471622169017791748e-01
-3.465393781661987305e-01
-3.495875597000122070e-01
-3.461619317531585693e-01
-3.475399911403656006e-01
-3.495305776596069336e-01
-3.508172035217285156e-01
-3.502806723117828369e-01
-3.453688323497772217e-01
-3.430418372154235840e-01
-3.503352701663970947e-01
-3.436628282070159912e-01
-3.475993573665618896e-01
-3.451562523841857910e-01
-3.449598252773284912e-01
-3.514531850814819336e-01
-3.482812047004699707e-01
-3.466959595680236816e-01
-3.454663157463073730e-01
-3.488206267356872559e-01
-3.481005728244781494e-01
-3.483298420906066895e-01
-3.456078767776489258e-01
-3.480751514434814453e-01
-3.473855853080749512e-01
-3.515934944152832031e-01
-3.472251594066619873e-01
-3.440263271331787109e-01
-3.489719331264495850e-01
-3.430855870246887207e-01
-3.437983095645904541e-01
-3.453905582427978516e-01
-3.499528169631958008e-01
-3.456190824508666992e-01
-3.487314581871032715e-01
-3.492386937141418457e-01
-3.491898775100708008e-01
-3.445955216884613037e-01
-3.469599187374114990e-01
-3.441951870918273926e-01
-3.480817675590515137e-01
-3.494405150413513184e-01
-3.479959964752197266e-01
-3.470789194107055664e-01
-3.434737920761108398e-01
-3.469970822334289551e-01
-3.445840179920196533e-01
-3.475475907325744629e-01
-3.486680388450622559e-01
-3.465435802936553955e-01
-3.454011082649230957e-01
-3.461501002311706543e-01
-3.495652973651885986e-01
-3.474607169628143311e-01
-3.486419618129730225e-01
-3.492686748504638672e-01
-3.472278416156768799e-01
-3.445699810981750488e-01
-3.475991189479827881e-01
-3.494068384170532227e-01
-3.428202569484710693e-01
-3.459234833717346191e-01
-3.455837368965148926e-01
-3.495788574218750000e-01
-3.503123223781585693e-01
-3.461563587188720703e-01
-3.425257503986358643e-01
-3.486579060554504395e-01
-3.480182588100433350e-01
-3.452115356922149658e-01
-3.492991626262664795e-01
-3.499122262001037598e-01
-3.429111540317535400e-01
-3.493390977382659912e-01
-3.488474190235137939e-01
-3.423051536083221436e-01
-3.477371335029602051e-01
-3.496197164058685303e-01
-3.468079268932342529e-01
-3.488739132881164551e-01
-3.474588692188262939e-01
-3.451420664787292480e-01
-3.449801504611968994e-01
-3.409533500671386719e-01
-3.466033935546875000e-01
-3.484842479228973389e-01
-3.419062495231628418e-01
-3.478009104728698730e-01
-3.469960391521453857e-01
-3.461282849311828613e-01
-3.496446013450622559e-01
-3.439087271690368652e-01
-3.491685092449188232e-01
-3.497606813907623291e-01
-3.455519974231719971e-01
-3.487067222595214844e-01
-3.492851257324218750e-01
-3.451152443885803223e-01
-3.442809283733367920e-01
-3.445532917976379395e-01
-3.465081751346588135e-01
-3.474785089492797852e-01
-3.457073271274566650e-01
-3.453290462493896484e-01
-3.483497202396392822e-01
-3.464162051677703857e-01
-3.475944697856903076e-01
-3.492253720760345459e-01
-3.482511043548583984e-01
-3.485609889030456543e-01
-3.495469689369201660e-01
-3.486434221267700195e-01
-3.452675640583038330e-01
-3.444515168666839600e-01
-3.466377258300781250e-01
-3.497697412967681885e-01
-3.381428718566894531e-01
-3.449219465255737305e-01
-3.466238081455230713e-01
-3.444514870643615723e-01
-3.471231162548065186e-01
-3.446138203144073486e-01
-3.470725119113922119e-01
-3.495332300662994385e-01
-3.469354510307312012e-01
-3.463444709777832031e-01
-3.436704576015472412e-01
-3.523870706558227539e-01
-3.477931320667266846e-01
-3.427479565143585205e-01
-3.487859368324279785e-01
-3.511167168617248535e-01
-3.464898467063903809e-01
-3.515089154243469238e-01
-3.474122285842895508e-01
-3.491941690444946289e-01
-3.420493900775909424e-01
-3.456443548202514648e-01
-3.513282537460327148e-01
-3.439892530441284180e-01
