-3.068653345108032227e-01
-3.742167949676513672e-01
-3.806525766849517822e-01
-3.781384825706481934e-01
-3.906297087669372559e-01
-3.933973312377929688e-01
-3.980807960033416748e-01
-3.983220756053924561e-01
-3.970763087272644043e-01
-3.999764621257781982e-01
-3.982890546321868896e-01
-4.022540152072906494e-01
-4.012643694877624512e-01
-4.015155732631683350e-01
-4.023526608943939209e-01
-4.012750983238220215e-01
-4.034053981304168701e-01
-4.005350768566131592e-01
-4.020483791828155518e-01
-4.028902649879455566e-01
-4.042963981628417969e-01
-4.031436145305633545e-01
-4.027213156223297119e-01
-4.030684530735015869e-01
-4.032184481620788574e-01
-3.873571455478668213e-01
-4.003157317638397217e-01
-4.027467966079711914e-01
-4.031787812709808350e-01
-4.029169678688049316e-01
-4.029942452907562256e-01
-4.036038815975189209e-01
-4.038013517856597900e-01
-4.007707536220550537e-01
-4.010487496852874756e-01
-4.038285017013549805e-01
-4.022671580314636230e-01
-4.037520289421081543e-01
-4.029561877250671387e-01
-3.759335875511169434e-01
-3.848153948783874512e-01
-3.891585767269134521e-01
-3.925544023513793945e-01
-3.975375890731811523e-01
-3.994148075580596924e-01
-3.999924063682556152e-01
-4.022811949253082275e-01
-4.021964669227600098e-01
-4.016407430171966553e-01
-4.015386998653411865e-01
-4.030339419841766357e-01
-4.027785360813140869e-01
-4.034675359725952148e-01
-4.023474454879760742e-01
-4.027692079544067383e-01
-4.025392532348632812e-01
-4.038847386837005615e-01
-4.018711447715759277e-01
-4.029896855354309082e-01
-4.030324518680572510e-01
-4.026843607425689697e-01
-4.034143984317779541e-01
-4.042135477066040039e-01
-4.039337038993835449e-01
-4.038779735565185547e-01
-4.041340947151184082e-01
-4.031195640563964844e-01
-4.028411209583282471e-01
-4.035103619098663330e-01
-4.048872590065002441e-01
-4.031405746936798096e-01
-4.032561182975769043e-01
-4.044756591320037842e-01
-4.034941494464874268e-01
-4.033616185188293457e-01
-4.037389457225799561e-01
-4.032332301139831543e-01
-4.042744040489196777e-01
-4.031543135643005371e-01
-4.040063023567199707e-01
-4.038172066211700439e-01
-4.039046466350555420e-01
-4.040001630783081055e-01
-4.030544757843017578e-01
-4.040684700012207031e-01
-4.037666916847229004e-01
-4.037036597728729248e-01
-4.033175706863403320e-01
-4.035328328609466553e-01
-4.045973420143127441e-01
-4.033849537372589111e-01
-4.039150178432464600e-01
-4.041103720664978027e-01
-4.043662250041961670e-01
-4.040082693099975586e-01
-4.038785398006439209e-01
-4.038411080837249756e-01
-4.032640159130096436e-01
-4.047226905822753906e-01
-4.040616154670715332e-01
-4.032919704914093018e-01
-4.036856591701507568e-01
-4.034722149372100830e-01
-4.042744636535644531e-01
-4.033257961273193359e-01
-4.048821330070495605e-01
-4.037393927574157715e-01
-4.047127664089202881e-01
-4.031259119510650635e-01
-4.033207297325134277e-01
-4.041441380977630615e-01
-4.045385718345642090e-01
-4.036004543304443359e-01
-4.039357304573059082e-01
-4.045399427413940430e-01
-4.041652381420135498e-01
-4.040479660034179688e-01
-4.043106138706207275e-01
-4.037956297397613525e-01
-4.039684534072875977e-01
-4.031109511852264404e-01
-4.041976630687713623e-01
-4.033780395984649658e-01
-4.036779701709747314e-01
-4.045725166797637939e-01
-4.039227962493896484e-01
-4.036644101142883301e-01
-4.051037728786468506e-01
-4.041058421134948730e-01
-4.043824374675750732e-01
-4.040646553039550781e-01
-4.029111862182617188e-01
-4.036577045917510986e-01
-4.046229124069213867e-01
-4.036090075969696045e-01
-4.049837589263916016e-01
-4.039962589740753174e-01
-4.050908982753753662e-01
-4.043383896350860596e-01
-4.036931693553924561e-01
-4.038938581943511963e-01
-4.040056765079498291e-01
-4.039985239505767822e-01
-4.041102230548858643e-01
-4.048702120780944824e-01
-4.045423269271850586e-01
-4.039816260337829590e-01
-4.023562967777252197e-01
-4.036380052566528320e-01
-4.043082594871520996e-01
-4.035439491271972656e-01
-4.037384092807769775e-01
-4.030127525329589844e-01
-4.038780629634857178e-01
-4.042755663394927979e-01
-4.041672945022583008e-01
-4.044790565967559814e-01
-4.042297303676605225e-01
-4.034971296787261963e-01
-4.041662812232971191e-01
-4.042509794235229492e-01
-4.046803712844848633e-01
-4.047293365001678467e-01
-4.039997160434722900e-01
-4.053163528442382812e-01
-4.043819010257720947e-01
-4.029439985752105713e-01
-4.037249684333801270e-01
-4.044647514820098877e-01
-4.029589593410491943e-01
-4.041920900344848633e-01
-4.030855000019073486e-01
-4.041922092437744141e-01
-4.044798612594604492e-01
-4.040420651435852051e-01
-4.044421315193176270e-01
-4.042971134185791016e-01
-4.037448763847351074e-01
-4.051141440868377686e-01
-4.038326442241668701e-01
-4.041652977466583252e-01
-4.039240777492523193e-01
-4.035297334194183350e-01
-4.034142494201660156e-01
-4.040543437004089355e-01
-4.043855369091033936e-01
-4.040036499500274658e-01
-4.033726751804351807e-01
-4.036436080932617188e-01
-4.041876196861267090e-01
-4.034372568130493164e-01
-4.048435688018798828e-01
-4.038727879524230957e-01
-4.031001925468444824e-01
-4.035605490207672119e-01
-4.040325880050659180e-01
-4.038239121437072754e-01
-4.037902057170867920e-01
-4.028998613357543945e-01
-4.034663140773773193e-01
-4.029979109764099121e-01
-4.040512740612030029e-01
-4.030429720878601074e-01
-4.047031104564666748e-01
-4.036930799484252930e-01
-4.042584896087646484e-01
-4.036265313625335693e-01
-4.034700691699981689e-01
-4.038282334804534912e-01
-4.039370715618133545e-01
-4.031856358051300049e-01
-4.038113951683044434e-01
-4.037325084209442139e-01
-4.036504030227661133e-01
-4.039321839809417725e-01
-4.034549593925476074e-01
-4.041150510311126709e-01
-4.036996066570281982e-01
-4.040174186229705811e-01
-4.035125672817230225e-01
-4.032949805259704590e-01
-3.964594602584838867e-01
-4.019848108291625977e-01
-4.023249447345733643e-01
-4.040545821189880371e-01
-4.025715291500091553e-01
-4.034386277198791504e-01
-4.036130309104919434e-01
-4.027237296104431152e-01
-4.031040072441101074e-01
-4.039963781833648682e-01
-4.034489095211029053e-01
-4.031420946121215820e-01
-4.028029143810272217e-01
-4.034453034400939941e-01
-4.037630558013916016e-01
-4.041067957878112793e-01
-4.040808081626892090e-01
-4.034404158592224121e-01
-4.036227166652679443e-01
-4.038528501987457275e-01
-4.039634168148040771e-01
-4.041160047054290771e-01
-4.039237201213836670e-01
-4.047646224498748779e-01
-4.036882519721984863e-01
-4.052444994449615479e-01
-4.046574831008911133e-01
-4.034665226936340332e-01
-4.050239920616149902e-01
-4.031419157981872559e-01
-4.036513566970825195e-01
-4.039740562438964844e-01
-4.040600061416625977e-01
-4.038317203521728516e-01
-4.047554433345794678e-01
-4.045403599739074707e-01
-4.045097529888153076e-01
-4.042530357837677002e-01
-4.009674787521362305e-01
-4.030119180679321289e-01
-4.046672284603118896e-01
-4.038623571395874023e-01
-4.031937718391418457e-01
-4.045721292495727539e-01
-4.042519629001617432e-01
-4.040945470333099365e-01
-4.035917222499847412e-01
-4.041860401630401611e-01
-4.041605591773986816e-01
-4.042227268218994141e-01
-4.038870334625244141e-01
-4.036080837249755859e-01
-4.043484330177307129e-01
-4.043779373168945312e-01
-4.042512178421020508e-01
-4.046177268028259277e-01
-4.042847454547882080e-01
-4.035916626453399658e-01
-4.049084782600402832e-01
-4.047495424747467041e-01
-4.043402373790740967e-01
-4.042715430259704590e-01
-4.038870930671691895e-01
-4.048162698745727539e-01
-4.045984447002410889e-01
-4.042728245258331299e-01
-4.035126566886901855e-01
-4.043642580509185791e-01
-4.036422967910766602e-01
-4.035616517066955566e-01
-4.042205214500427246e-01
-4.045809805393218994e-01
-4.043025374412536621e-01
-4.035193324089050293e-01
-4.044938087463378906e-01
-4.049882590770721436e-01
-4.037814438343048096e-01
-4.041260480880737305e-01
-4.044290781021118164e-01
-4.042805135250091553e-01
-4.047811925411224365e-01
-4.046979248523712158e-01
-4.051413834095001221e-01
-4.038705229759216309e-01
-4.042433500289916992e-01
-4.037566781044006348e-01
-4.039014279842376709e-01
-4.038641154766082764e-01
-4.041782319545745850e-01
-4.042853116989135742e-01
-4.047517478466033936e-01
-4.043688476085662842e-01
-4.048225283622741699e-01
-4.044335186481475830e-01
-4.044643938541412354e-01
-4.040908515453338623e-01
-4.046363532543182373e-01
-4.042490720748901367e-01
-3.841261565685272217e-01
-4.035640954971313477e-01
-4.039875566959381104e-01
-4.044433236122131348e-01
-4.045602977275848389e-01
-4.040947258472442627e-01
-4.044658541679382324e-01
-4.043129980564117432e-01
-4.044224321842193604e-01
-4.045559167861938477e-01
-4.045872688293457031e-01
-4.046065807342529297e-01
-4.046547710895538330e-01
-4.045948982238769531e-01
-4.039630591869354248e-01
-4.049732685089111328e-01
-4.046775698661804199e-01
-4.029859602451324463e-01
-4.032471179962158203e-01
-4.045061171054840088e-01
-4.049317836761474609e-01
-4.043988585472106934e-01
-4.038017690181732178e-01
-4.041840136051177979e-01
-4.048763215541839600e-01
-4.040590226650238037e-01
-4.046718180179595947e-01
-4.047572314739227295e-01
-4.048028588294982910e-01
-4.048721194267272949e-01
-4.049823582172393799e-01
-4.035819172859191895e-01
-4.043097198009490967e-01
-4.035233259201049805e-01
-4.045138657093048096e-01
-4.048443436622619629e-01
-4.045335054397583008e-01
-4.046270549297332764e-01
-4.046030938625335693e-01
-4.045293629169464111e-01
-4.042005836963653564e-01
-4.045724868774414062e-01
-4.047054350376129150e-01
-4.039231538772583008e-01
-4.041219353675842285e-01
-4.045376479625701904e-01
-4.046044945716857910e-01
-4.039818048477172852e-01
-4.040794074535369873e-01
-4.043250679969787598e-01
-4.041701257228851318e-01
-4.043110311031341553e-01
-4.041711688041687012e-01
-4.038587510585784912e-01
-4.041088819503784180e-01
-4.047825634479522705e-01
-4.051387608051300049e-01
-4.049202799797058105e-01
-4.040766060352325439e-01
-4.043093025684356689e-01
-4.032139182090759277e-01
-4.035525619983673096e-01
-4.037520587444305420e-01
-4.040866196155548096e-01
-4.042148292064666748e-01
-4.041123986244201660e-01
-4.045211076736450195e-01
-4.037773311138153076e-01
-4.027068018913269043e-01
-4.033737182617187500e-01
-4.040603935718536377e-01
-4.033711850643157959e-01
-4.038122296333312988e-01
-4.043270945549011230e-01
-4.043766558170318604e-01
-4.039684236049652100e-01
-4.046749770641326904e-01
-4.040179848670959473e-01
-4.036284089088439941e-01
-4.046034812927246094e-01
-4.043989777565002441e-01
-4.043283760547637939e-01
-4.049930274486541748e-01
-4.040964543819427490e-01
-4.039461612701416016e-01
-4.041814506053924561e-01
-4.037584960460662842e-01
-4.039518535137176514e-01
-4.044209122657775879e-01
-4.032946527004241943e-01
-4.041936695575714111e-01
-4.040102660655975342e-01
-4.038061797618865967e-01
-4.041010141372680664e-01
-4.043033719062805176e-01
-4.037925899028778076e-01
-4.038810729980468750e-01
-4.045740664005279541e-01
-3.653068840503692627e-01
-3.772871792316436768e-01
-4.040597975254058838e-01
-4.032775163650512695e-01
-4.038100838661193848e-01
-4.032862484455108643e-01
-4.035339951515197754e-01
-4.041148722171783447e-01
-4.050045609474182129e-01
-4.047043025493621826e-01
-4.043996632099151611e-01
-4.046628773212432861e-01
-4.040845930576324463e-01
-4.042080640792846680e-01
-4.032461941242218018e-01
-4.042405486106872559e-01
-4.043801128864288330e-01
-4.042266905307769775e-01
-4.034836888313293457e-01
-4.047034382820129395e-01
-4.039151966571807861e-01
-4.045016467571258545e-01
-4.038563966751098633e-01
-4.033289253711700439e-01
-4.037532508373260498e-01
-4.043223857879638672e-01
-4.042972922325134277e-01
-4.046284854412078857e-01
-4.037169516086578369e-01
-4.039172530174255371e-01
-4.037454128265380859e-01
-4.042283594608306885e-01
-4.042655527591705322e-01
-4.040157198905944824e-01
-4.039457440376281738e-01
-4.044138491153717041e-01
-4.047439694404602051e-01
-3.260149061679840088e-01
-3.701148331165313721e-01
-3.717209100723266602e-01
-3.798254430294036865e-01
-3.783110380172729492e-01
-3.785078823566436768e-01
-3.563300073146820068e-01
-3.632442057132720947e-01
-3.663583397865295410e-01
-3.631499111652374268e-01
-3.694064021110534668e-01
-3.736804127693176270e-01
-3.754066228866577148e-01
-3.759837150573730469e-01
-3.738743662834167480e-01
-3.646311163902282715e-01
-3.792312443256378174e-01
-3.736972212791442871e-01
-3.878563344478607178e-01
-3.922601342201232910e-01
-3.952733278274536133e-01
-3.997069001197814941e-01
-3.998110890388488770e-01
-4.006402492523193359e-01
-4.009510576725006104e-01
-4.025795161724090576e-01
-4.026829302310943604e-01
-4.041050970554351807e-01
-4.010798931121826172e-01
-4.035042226314544678e-01
-4.043079316616058350e-01
-4.036428332328796387e-01
-4.029480516910552979e-01
-4.042629897594451904e-01
-4.038489460945129395e-01
-4.038825929164886475e-01
-4.036936759948730469e-01
-4.001685082912445068e-01
-4.033362269401550293e-01
-4.031680822372436523e-01
-4.041066169738769531e-01
-4.039210081100463867e-01
-4.038273990154266357e-01
-4.045470058917999268e-01
-4.045009016990661621e-01
-4.051284790039062500e-01
-4.042153954505920410e-01
-4.048041701316833496e-01
-4.046336114406585693e-01
-4.036243259906768799e-01
-4.032265543937683105e-01
-4.043610692024230957e-01
-4.041757285594940186e-01
-4.044131338596343994e-01
-4.044197201728820801e-01
-4.043568670749664307e-01
-4.036495685577392578e-01
-4.045236408710479736e-01
-4.044776558876037598e-01
-4.045576453208923340e-01
-4.042438864707946777e-01
-3.665901422500610352e-01
-3.754294812679290771e-01
-3.986585140228271484e-01
-4.005904495716094971e-01
-4.014034569263458252e-01
-4.027451872825622559e-01
-4.028836786746978760e-01
-4.036118984222412109e-01
-4.040550589561462402e-01
-4.028719067573547363e-01
-4.034365117549896240e-01
-4.045191109180450439e-01
-4.047154486179351807e-01
-4.042442142963409424e-01
-4.046944677829742432e-01
-4.041022658348083496e-01
-4.046419560909271240e-01
-4.041426479816436768e-01
-4.052306413650512695e-01
-4.043357074260711670e-01
-4.045703113079071045e-01
-4.047774672508239746e-01
-4.035567343235015869e-01
-4.037126600742340088e-01
-4.043255448341369629e-01
-4.046884775161743164e-01
-4.048964679241180420e-01
-4.045469164848327637e-01
-4.042954146862030029e-01
-4.044487774372100830e-01
-4.052593111991882324e-01
-4.046626091003417969e-01
-4.041433632373809814e-01
-4.049511849880218506e-01
-4.047060608863830566e-01
-4.042483270168304443e-01
-4.050079286098480225e-01
-4.044591188430786133e-01
-4.047551751136779785e-01
-4.054016768932342529e-01
-4.035961627960205078e-01
-4.038365483283996582e-01
-4.045534133911132812e-01
-4.042295515537261963e-01
-4.049750268459320068e-01
-4.045287966728210449e-01
-4.041746556758880615e-01
-4.048576056957244873e-01
-4.046569764614105225e-01
-4.047612845897674561e-01
-4.052150845527648926e-01
-4.045711159706115723e-01
-4.054325819015502930e-01
-4.046204388141632080e-01
-4.051744937896728516e-01
-4.050550460815429688e-01
-4.043130278587341309e-01
-4.043637514114379883e-01
-4.041104912757873535e-01
-4.042223989963531494e-01
-4.050225913524627686e-01
-4.042122662067413330e-01
-4.044262468814849854e-01
-4.042169153690338135e-01
-4.044197201728820801e-01
-4.041621387004852295e-01
-4.055034518241882324e-01
-4.044913053512573242e-01
-4.046396315097808838e-01
-4.055737257003784180e-01
-4.047006368637084961e-01
-4.045859277248382568e-01
-4.037840068340301514e-01
-4.042909443378448486e-01
-4.044976830482482910e-01
-4.041189849376678467e-01
-4.051831066608428955e-01
-4.050429165363311768e-01
-4.043978154659271240e-01
-4.040336310863494873e-01
-4.039583206176757812e-01
-4.039631485939025879e-01
-4.047770202159881592e-01
-4.044801592826843262e-01
-4.043141007423400879e-01
-4.041248559951782227e-01
-4.046244919300079346e-01
-4.052514135837554932e-01
-4.053784608840942383e-01
-4.040625691413879395e-01
-3.948418498039245605e-01
-4.017700552940368652e-01
-4.027655124664306641e-01
-4.037109613418579102e-01
-4.043594896793365479e-01
-4.035233557224273682e-01
-4.048962891101837158e-01
-4.041185975074768066e-01
-4.044431746006011963e-01
-4.044369459152221680e-01
-4.044399857521057129e-01
-4.041149020195007324e-01
-4.047460556030273438e-01
-4.047809541225433350e-01
-4.039629995822906494e-01
-4.049675166606903076e-01
-4.045559167861938477e-01
-4.051251113414764404e-01
-4.047175943851470947e-01
-4.046903550624847412e-01
-4.046525061130523682e-01
-4.045751690864562988e-01
-4.043732881546020508e-01
-4.048610925674438477e-01
-4.045379459857940674e-01
-4.047092199325561523e-01
-4.043269753456115723e-01
-4.050585925579071045e-01
-4.043078720569610596e-01
-4.050894677639007568e-01
-4.045753180980682373e-01
-4.046746194362640381e-01
-4.046150743961334229e-01
-4.048194587230682373e-01
-4.044919610023498535e-01
-4.040859341621398926e-01
-4.046729207038879395e-01
-4.052933454513549805e-01
-4.044140279293060303e-01
-4.046674966812133789e-01
-4.040604233741760254e-01
-4.049696028232574463e-01
-4.048661589622497559e-01
-4.046732485294342041e-01
-4.047717452049255371e-01
-4.047615826129913330e-01
-4.042731225490570068e-01
-4.045891761779785156e-01
-4.045652449131011963e-01
-4.038344621658325195e-01
-4.038068950176239014e-01
-4.038026630878448486e-01
-4.038611054420471191e-01
-4.045852124691009521e-01
-4.051265120506286621e-01
-4.044029116630554199e-01
-4.052612185478210449e-01
-4.049921631813049316e-01
-4.052038788795471191e-01
-4.045071899890899658e-01
-4.050785005092620850e-01
-4.051816463470458984e-01
-4.041328728199005127e-01
-4.043385982513427734e-01
-4.039317071437835693e-01
-4.049757719039916992e-01
-4.052315056324005127e-01
-4.043433964252471924e-01
-4.037862420082092285e-01
-4.042368829250335693e-01
-4.051638245582580566e-01
-4.040853083133697510e-01
-4.049225449562072754e-01
-4.045651257038116455e-01
-4.053606092929840088e-01
-4.046382009983062744e-01
-4.042298793792724609e-01
-4.041383564472198486e-01
-4.046063423156738281e-01
-4.048081934452056885e-01
-4.044955372810363770e-01
-4.044950604438781738e-01
-4.047042429447174072e-01
-4.040339887142181396e-01
-4.050670564174652100e-01
-4.043717086315155029e-01
-4.052205383777618408e-01
-4.048394262790679932e-01
-4.044325649738311768e-01
-4.046048521995544434e-01
-4.046081304550170898e-01
-4.048658311367034912e-01
-4.045891761779785156e-01
-4.045160114765167236e-01
-4.040602445602416992e-01
-4.037667810916900635e-01
-4.044885933399200439e-01
-4.047757387161254883e-01
-4.045848250389099121e-01
-4.044612944126129150e-01
-4.052275419235229492e-01
-4.037458300590515137e-01
-4.045778810977935791e-01
-4.041331708431243896e-01
-4.046219587326049805e-01
-4.054071903228759766e-01
-4.037008583545684814e-01
-4.052055478096008301e-01
-4.043461084365844727e-01
-4.047472774982452393e-01
-4.042544066905975342e-01
-4.044816195964813232e-01
-4.039888978004455566e-01
-4.046917855739593506e-01
-4.041371345520019531e-01
-4.051486849784851074e-01
-4.038155078887939453e-01
-4.045305848121643066e-01
-4.046537578105926514e-01
-4.038096368312835693e-01
-4.046537578105926514e-01
-4.048668742179870605e-01
-4.042164385318756104e-01
-4.046913981437683105e-01
-4.044677615165710449e-01
-4.043469429016113281e-01
-4.045905172824859619e-01
-4.041424691677093506e-01
-4.051539301872253418e-01
-4.050968289375305176e-01
-4.041003584861755371e-01
-4.047208428382873535e-01
-4.043901562690734863e-01
-4.044695496559143066e-01
-4.046304821968078613e-01
-4.037579894065856934e-01
-4.047411978244781494e-01
-4.039136469364166260e-01
-4.037319421768188477e-01
-4.048167169094085693e-01
-4.042314589023590088e-01
-3.278054594993591309e-01
-3.386938869953155518e-01
-3.464763760566711426e-01
-3.616465926170349121e-01
-3.635536134243011475e-01
-3.707765638828277588e-01
-3.708698451519012451e-01
-3.742471933364868164e-01
-3.850072622299194336e-01
-3.942589461803436279e-01
-3.956975936889648438e-01
-3.969407081604003906e-01
-3.979372382164001465e-01
-3.990734219551086426e-01
-4.012896120548248291e-01
-4.033997058868408203e-01
-4.029235839843750000e-01
-4.039664864540100098e-01
-4.034803807735443115e-01
-4.033980369567871094e-01
-4.042370319366455078e-01
-4.037226140499114990e-01
-4.048065841197967529e-01
-4.045117199420928955e-01
-4.043310582637786865e-01
-4.036572575569152832e-01
-4.037643074989318848e-01
-4.040558040142059326e-01
-4.047273993492126465e-01
-4.051491022109985352e-01
-4.053231179714202881e-01
-4.050621986389160156e-01
-4.047001898288726807e-01
-4.043414592742919922e-01
-4.043222665786743164e-01
-4.048650562763214111e-01
-4.045924544334411621e-01
-4.049046039581298828e-01
-4.040872156620025635e-01
-4.043415188789367676e-01
-4.042150974273681641e-01
-4.042014777660369873e-01
-4.041412472724914551e-01
-4.037763178348541260e-01
-4.042818546295166016e-01
-4.044993221759796143e-01
-4.042350947856903076e-01
-4.047312140464782715e-01
-4.045052230358123779e-01
-4.048294425010681152e-01
-4.044747948646545410e-01
-4.041776657104492188e-01
-4.042113721370697021e-01
-4.031878411769866943e-01
-4.045908153057098389e-01
-4.045408070087432861e-01
-4.043375253677368164e-01
-4.041877985000610352e-01
-4.046767652034759521e-01
-4.046369493007659912e-01
-4.045439958572387695e-01
-4.048627316951751709e-01
-4.037691652774810791e-01
-4.047291874885559082e-01
-4.048985540866851807e-01
-4.022609889507293701e-01
-4.046487212181091309e-01
-4.049645364284515381e-01
-4.045862555503845215e-01
-4.045130014419555664e-01
-4.050077199935913086e-01
-4.047280251979827881e-01
-4.042003154754638672e-01
-4.052035212516784668e-01
-4.047815501689910889e-01
-4.049724638462066650e-01
-4.050558507442474365e-01
-4.050460755825042725e-01
-4.044439196586608887e-01
-4.048598110675811768e-01
-4.048545658588409424e-01
-4.044630825519561768e-01
-4.046440124511718750e-01
-4.048312902450561523e-01
-4.047701954841613770e-01
-4.044852852821350098e-01
-4.047937691211700439e-01
-4.046380817890167236e-01
-4.036705493927001953e-01
-4.037759900093078613e-01
-4.049932360649108887e-01
-4.043571949005126953e-01
-4.052979052066802979e-01
-4.041136801242828369e-01
-4.055016338825225830e-01
-2.506919503211975098e-01
-2.855918407440185547e-01
-3.736757636070251465e-01
-3.782905042171478271e-01
-3.791423439979553223e-01
-3.870386481285095215e-01
-3.983502089977264404e-01
-4.004361033439636230e-01
-4.029221832752227783e-01
-4.038332998752593994e-01
-4.024296700954437256e-01
-4.038338959217071533e-01
-4.028863608837127686e-01
-4.052134156227111816e-01
-4.042001962661743164e-01
-4.041999280452728271e-01
-4.043994843959808350e-01
-4.048822522163391113e-01
-4.050908088684082031e-01
-4.043324291706085205e-01
-4.049706459045410156e-01
-4.047235548496246338e-01
-4.044288396835327148e-01
-4.049568772315979004e-01
-4.040725231170654297e-01
-4.046331644058227539e-01
-4.047411084175109863e-01
-4.039795994758605957e-01
-4.042357206344604492e-01
-4.052795469760894775e-01
-4.047885835170745850e-01
-4.040370583534240723e-01
-4.047859013080596924e-01
-4.054609239101409912e-01
-4.049849808216094971e-01
-4.047945439815521240e-01
-4.046940803527832031e-01
-4.047117233276367188e-01
-4.044417738914489746e-01
-4.047172367572784424e-01
-4.043259918689727783e-01
-4.046401381492614746e-01
-4.045743942260742188e-01
-4.047194123268127441e-01
-4.051076173782348633e-01
-4.047122001647949219e-01
-4.048450589179992676e-01
-4.047924578189849854e-01
-4.051078855991363525e-01
-4.051215946674346924e-01
-4.053187966346740723e-01
-4.049326777458190918e-01
-4.046935141086578369e-01
-4.042737483978271484e-01
-4.043234288692474365e-01
-4.047061204910278320e-01
-4.050514698028564453e-01
-4.041072428226470947e-01
-4.046284854412078857e-01
-4.050803482532501221e-01
-4.046622216701507568e-01
-4.046237766742706299e-01
-4.050609171390533447e-01
-4.045600593090057373e-01
-4.003424644470214844e-01
-4.043240845203399658e-01
-4.047170281410217285e-01
-4.045372605323791504e-01
-4.049631059169769287e-01
-4.050221443176269531e-01
-4.053994119167327881e-01
-4.041990041732788086e-01
-4.049378633499145508e-01
-4.040482044219970703e-01
-4.043259322643280029e-01
-4.047355055809020996e-01
-4.042694270610809326e-01
-4.051134884357452393e-01
-4.048203229904174805e-01
-4.047486782073974609e-01
-4.057504832744598389e-01
-4.046035706996917725e-01
-4.050485789775848389e-01
-4.049159586429595947e-01
-4.042823612689971924e-01
-3.699531257152557373e-01
-3.800239861011505127e-01
-3.887623846530914307e-01
-3.951490521430969238e-01
-3.998597264289855957e-01
-3.993958234786987305e-01
-4.028584659099578857e-01
-4.021787941455841064e-01
-4.028929471969604492e-01
-4.032334089279174805e-01
-4.035353064537048340e-01
-4.044575989246368408e-01
-4.040770828723907471e-01
-4.045614004135131836e-01
-4.041294455528259277e-01
-4.049393832683563232e-01
-4.048284292221069336e-01
-4.052011668682098389e-01
-4.044464230537414551e-01
-4.052644073963165283e-01
-4.048770070075988770e-01
-4.053452014923095703e-01
-4.048133492469787598e-01
-4.039075374603271484e-01
-4.046714901924133301e-01
-4.046931862831115723e-01
-4.043183624744415283e-01
-4.045117497444152832e-01
-4.046264588832855225e-01
-4.043809473514556885e-01
-4.044228792190551758e-01
-4.048011004924774170e-01
-4.047918617725372314e-01
-4.043440520763397217e-01
-4.049823582172393799e-01
-4.043885171413421631e-01
-4.044657647609710693e-01
-4.045664072036743164e-01
-4.044389128684997559e-01
-4.046553373336791992e-01
-4.052110016345977783e-01
-4.050386250019073486e-01
-4.044098556041717529e-01
-4.049445688724517822e-01
-4.045601189136505127e-01
-4.047248363494873047e-01
-4.045824110507965088e-01
-4.048880636692047119e-01
-4.042359292507171631e-01
-4.040155410766601562e-01
-4.045313000679016113e-01
-4.043963253498077393e-01
-3.657736182212829590e-01
-1.949157714843750000e-01
-2.516897022724151611e-01
-2.657831013202667236e-01
-2.834745347499847412e-01
-3.058211803436279297e-01
-3.504171967506408691e-01
-3.682603538036346436e-01
-3.673810362815856934e-01
-3.695216476917266846e-01
-3.685974180698394775e-01
-3.729981780052185059e-01
-3.833465576171875000e-01
-3.978126347064971924e-01
-4.010183513164520264e-01
-4.005363285541534424e-01
-4.015592932701110840e-01
-4.008088409900665283e-01
-4.030308723449707031e-01
-4.014678895473480225e-01
-4.023252129554748535e-01
-4.021700322628021240e-01
