-1.157726719975471497e-01
-2.316453903913497925e-01
-2.641060650348663330e-01
-2.784621119499206543e-01
-2.928814291954040527e-01
-3.042455911636352539e-01
-3.089844286441802979e-01
-3.118373453617095947e-01
-3.179625868797302246e-01
-3.216030895709991455e-01
-3.375221490859985352e-01
-3.727760612964630127e-01
-3.730253875255584717e-01
-3.763273954391479492e-01
-3.701384961605072021e-01
-3.712684214115142822e-01
-3.744079470634460449e-01
-3.755467534065246582e-01
-3.756070733070373535e-01
-3.719814717769622803e-01
-3.751927614212036133e-01
-3.760241568088531494e-01
-3.734879195690155029e-01
-3.710651993751525879e-01
-3.758598864078521729e-01
-3.773510456085205078e-01
-3.709752261638641357e-01
-3.753338754177093506e-01
-3.748753666877746582e-01
-3.769576549530029297e-01
-3.740932345390319824e-01
-3.759381175041198730e-01
-3.756066262722015381e-01
-3.811902701854705811e-01
-3.835711181163787842e-01
-3.857642710208892822e-01
-3.849865794181823730e-01
-3.876608014106750488e-01
-3.902429342269897461e-01
-3.884090483188629150e-01
-3.893985450267791748e-01
-3.930304348468780518e-01
-3.909849226474761963e-01
-3.925181329250335693e-01
-3.939689695835113525e-01
-3.929749727249145508e-01
-3.943291008472442627e-01
-3.930083811283111572e-01
-3.926316797733306885e-01
-3.948499262332916260e-01
-3.939448893070220947e-01
-3.946247696876525879e-01
-3.957061767578125000e-01
-3.954308032989501953e-01
-3.949446380138397217e-01
-3.958535194396972656e-01
-3.970538675785064697e-01
-3.969280421733856201e-01
-3.974754810333251953e-01
-3.961634039878845215e-01
-3.962338864803314209e-01
-3.955732285976409912e-01
-3.974664807319641113e-01
-3.972633481025695801e-01
-3.971227407455444336e-01
-3.984840214252471924e-01
-3.964713811874389648e-01
-3.974681198596954346e-01
-3.984385430812835693e-01
-3.971391320228576660e-01
-3.962388932704925537e-01
-3.976220786571502686e-01
-3.984346985816955566e-01
-3.985905051231384277e-01
-3.972737491130828857e-01
-3.980783522129058838e-01
-3.972453474998474121e-01
-3.992547094821929932e-01
-3.983940482139587402e-01
-3.991765677928924561e-01
-3.987282216548919678e-01
-3.990663588047027588e-01
-4.001384973526000977e-01
-3.987201154232025146e-01
-4.000022411346435547e-01
-3.996276259422302246e-01
-4.006128609180450439e-01
-3.987371921539306641e-01
-3.998166024684906006e-01
-3.997400403022766113e-01
-4.008923172950744629e-01
-4.008398354053497314e-01
-4.007588624954223633e-01
-4.019114375114440918e-01
-4.017423391342163086e-01
-3.998731076717376709e-01
-4.008679986000061035e-01
-4.023689627647399902e-01
-4.004625380039215088e-01
-4.003204405307769775e-01
-4.022374749183654785e-01
-4.002508819103240967e-01
-4.008157253265380859e-01
-4.013222754001617432e-01
-4.012949764728546143e-01
-4.017633795738220215e-01
-4.017215669155120850e-01
-4.047150313854217529e-01
-4.020816087722778320e-01
-4.013973474502563477e-01
-4.021781086921691895e-01
-4.023515582084655762e-01
-4.015374481678009033e-01
-4.022511541843414307e-01
-4.014929533004760742e-01
-4.011473357677459717e-01
-4.014246761798858643e-01
-4.020250141620635986e-01
-4.024747908115386963e-01
-4.022040963172912598e-01
-4.014063775539398193e-01
-4.019706547260284424e-01
-4.020970165729522705e-01
-4.015354514122009277e-01
-4.021429419517517090e-01
-4.021972715854644775e-01
-4.011123776435852051e-01
-4.032447040081024170e-01
-4.020714461803436279e-01
-4.020145535469055176e-01
-4.028527736663818359e-01
-4.024063050746917725e-01
-4.016850590705871582e-01
-4.029531776905059814e-01
-4.021296203136444092e-01
-4.022097885608673096e-01
-4.025989174842834473e-01
-4.023314416408538818e-01
-4.024638533592224121e-01
-4.023967683315277100e-01
-4.038425087928771973e-01
-4.031150937080383301e-01
-4.023045599460601807e-01
-4.032973945140838623e-01
-4.028789103031158447e-01
-4.027711451053619385e-01
-4.031296074390411377e-01
-4.031109213829040527e-01
-4.029770493507385254e-01
-4.024521410465240479e-01
-4.028520286083221436e-01
-4.028598666191101074e-01
-4.029241800308227539e-01
-4.019553363323211670e-01
-4.037216007709503174e-01
-4.023708999156951904e-01
-4.022558629512786865e-01
-4.027613103389739990e-01
-4.022418260574340820e-01
-4.035301506519317627e-01
-4.024364948272705078e-01
-4.028403460979461670e-01
-4.030821621417999268e-01
-4.020372331142425537e-01
-4.029330909252166748e-01
-4.037006795406341553e-01
-4.025039076805114746e-01
-4.033695459365844727e-01
-4.030278921127319336e-01
-4.034013450145721436e-01
-4.029458761215209961e-01
-4.026480019092559814e-01
-4.028443694114685059e-01
-4.035883247852325439e-01
-4.035341143608093262e-01
-4.035793542861938477e-01
-4.022603332996368408e-01
-4.031202495098114014e-01
-4.028187990188598633e-01
-4.028663933277130127e-01
-4.044218659400939941e-01
-4.036782979965209961e-01
-4.039840698242187500e-01
-4.035616517066955566e-01
-4.037671387195587158e-01
-4.034759402275085449e-01
-4.026071429252624512e-01
-4.040734171867370605e-01
-4.038645029067993164e-01
-4.027261435985565186e-01
-4.028179943561553955e-01
-4.037074446678161621e-01
-4.027678370475769043e-01
-4.026837050914764404e-01
-4.037051498889923096e-01
-4.023222029209136963e-01
-4.031400084495544434e-01
-4.034639894962310791e-01
-4.032234549522399902e-01
-4.031864106655120850e-01
-4.032169878482818604e-01
-4.029459953308105469e-01
-4.030543863773345947e-01
-4.033192098140716553e-01
-4.036109149456024170e-01
-4.041608273983001709e-01
-4.032556116580963135e-01
-4.034873545169830322e-01
-4.029116928577423096e-01
-4.029891192913055420e-01
-4.037601351737976074e-01
-4.029261171817779541e-01
-4.025957584381103516e-01
-4.028741717338562012e-01
-4.032491147518157959e-01
-4.044694304466247559e-01
-4.044877886772155762e-01
-4.039494693279266357e-01
-4.037401676177978516e-01
-4.031021595001220703e-01
-4.038900136947631836e-01
-4.031059443950653076e-01
-4.039436280727386475e-01
-4.041351377964019775e-01
-4.043778777122497559e-01
-4.026897549629211426e-01
-4.029924273490905762e-01
-4.038989841938018799e-01
-4.045452773571014404e-01
-4.036710560321807861e-01
-4.043855071067810059e-01
-4.039075970649719238e-01
-4.036005139350891113e-01
-4.035415649414062500e-01
-4.038383960723876953e-01
-4.036146998405456543e-01
-4.041704237461090088e-01
-4.038079977035522461e-01
-4.031370282173156738e-01
-4.036778211593627930e-01
-4.030754268169403076e-01
-4.030236899852752686e-01
-4.030586481094360352e-01
-4.044507443904876709e-01
-4.039292335510253906e-01
-4.052877724170684814e-01
-4.034174084663391113e-01
-4.036179184913635254e-01
-4.050455689430236816e-01
-4.036367833614349365e-01
-4.044719338417053223e-01
-4.032467305660247803e-01
-4.033836126327514648e-01
-4.034076035022735596e-01
-4.041276872158050537e-01
-4.043425917625427246e-01
-4.039631485939025879e-01
-4.042101502418518066e-01
-4.035589993000030518e-01
-4.041949808597564697e-01
-4.032930433750152588e-01
-4.037490785121917725e-01
-4.045208394527435303e-01
-4.042531251907348633e-01
-4.042896032333374023e-01
-4.032359719276428223e-01
-4.040556550025939941e-01
-4.045399427413940430e-01
-4.032980799674987793e-01
-4.044402241706848145e-01
-4.039043486118316650e-01
-4.041678607463836670e-01
-4.037583470344543457e-01
-4.038197100162506104e-01
-4.037766158580780029e-01
-4.028749465942382812e-01
-4.039100408554077148e-01
-4.042164385318756104e-01
-4.034422636032104492e-01
-4.044656455516815186e-01
-4.049696624279022217e-01
-4.035985171794891357e-01
-4.033399224281311035e-01
-4.034480452537536621e-01
-4.044006466865539551e-01
-4.036267995834350586e-01
-4.037277102470397949e-01
-4.037953615188598633e-01
-4.035869240760803223e-01
-4.038277566432952881e-01
-4.039148688316345215e-01
-4.043061435222625732e-01
-4.035132527351379395e-01
-4.047813117504119873e-01
-4.036221802234649658e-01
-4.042232036590576172e-01
-4.042741656303405762e-01
-4.043347835540771484e-01
-4.041090607643127441e-01
-4.038585424423217773e-01
-4.030385017395019531e-01
-4.036851823329925537e-01
-4.039389789104461670e-01
-4.040793180465698242e-01
-4.034140706062316895e-01
-4.040960073471069336e-01
-4.030611515045166016e-01
-4.034235775470733643e-01
-4.029214382171630859e-01
-4.040726423263549805e-01
-4.037402570247650146e-01
-4.037714004516601562e-01
-4.036613702774047852e-01
-4.034462869167327881e-01
-4.035558402538299561e-01
-4.039481282234191895e-01
-4.039080440998077393e-01
-4.040575027465820312e-01
-4.038419127464294434e-01
-4.033637344837188721e-01
-4.036538600921630859e-01
-4.037439227104187012e-01
-4.038597941398620605e-01
-4.044433832168579102e-01
-4.041344523429870605e-01
-4.044407606124877930e-01
-4.040299654006958008e-01
-4.041320681571960449e-01
-4.045526683330535889e-01
-4.038253128528594971e-01
-4.042796492576599121e-01
-4.043749868869781494e-01
-4.044802784919738770e-01
-4.049051702022552490e-01
-4.038972854614257812e-01
-4.048515856266021729e-01
-4.040879309177398682e-01
-4.038348495960235596e-01
-4.040272235870361328e-01
-4.041945338249206543e-01
-4.035703837871551514e-01
-4.035333693027496338e-01
-4.041216671466827393e-01
-4.045095443725585938e-01
-4.032190442085266113e-01
-4.037248194217681885e-01
-4.045240581035614014e-01
-4.038136601448059082e-01
-4.038297235965728760e-01
-4.044251739978790283e-01
-4.043463170528411865e-01
-4.042134881019592285e-01
-4.032553434371948242e-01
-4.037156999111175537e-01
-4.037177562713623047e-01
-4.034419655799865723e-01
-4.040371775627136230e-01
-4.040695428848266602e-01
-4.036622643470764160e-01
-4.045875668525695801e-01
-4.039593040943145752e-01
-4.044355452060699463e-01
-4.038682878017425537e-01
-4.038587808609008789e-01
-4.050041735172271729e-01
-4.040119647979736328e-01
-4.035637676715850830e-01
-4.044351279735565186e-01
-4.035333395004272461e-01
-4.040183722972869873e-01
-4.041921794414520264e-01
-4.050588905811309814e-01
-4.035584926605224609e-01
-4.039655029773712158e-01
-4.040979146957397461e-01
-4.049695432186126709e-01
-4.037987589836120605e-01
-4.039611816406250000e-01
-4.045859873294830322e-01
-4.032572805881500244e-01
-4.050495326519012451e-01
-4.039378762245178223e-01
-4.041148722171783447e-01
-4.039726257324218750e-01
-4.043279886245727539e-01
-4.041747450828552246e-01
-4.039746820926666260e-01
-4.047855138778686523e-01
-4.037568271160125732e-01
-4.049526453018188477e-01
-4.039371907711029053e-01
-4.040548205375671387e-01
-4.039086401462554932e-01
-4.046427607536315918e-01
-4.037274718284606934e-01
-4.045414626598358154e-01
-4.045406877994537354e-01
-4.044609367847442627e-01
-4.044818580150604248e-01
-4.042135179042816162e-01
-4.037455022335052490e-01
-4.043823778629302979e-01
-4.037515819072723389e-01
-4.042225480079650879e-01
-4.043088853359222412e-01
-4.044213891029357910e-01
-4.045576453208923340e-01
-4.045613110065460205e-01
-4.048292934894561768e-01
-4.039636850357055664e-01
-4.044648408889770508e-01
-4.039936661720275879e-01
-4.040573239326477051e-01
-4.034987688064575195e-01
-4.041007459163665771e-01
-4.049921929836273193e-01
-4.039555490016937256e-01
-4.049230813980102539e-01
-4.041527509689331055e-01
-4.040083587169647217e-01
-4.041583836078643799e-01
-4.038736522197723389e-01
-4.039661288261413574e-01
-4.052106440067291260e-01
-4.045418202877044678e-01
-4.048221409320831299e-01
-4.044411182403564453e-01
-4.048346579074859619e-01
-4.039758443832397461e-01
-4.036575555801391602e-01
-4.044031500816345215e-01
-4.039646089076995850e-01
-4.046759605407714844e-01
-4.037632346153259277e-01
-4.045140445232391357e-01
-4.043775498867034912e-01
-4.043874740600585938e-01
-4.037943780422210693e-01
-4.039610922336578369e-01
-4.038975238800048828e-01
-4.051929414272308350e-01
-4.043108820915222168e-01
-4.039873778820037842e-01
-4.035702347755432129e-01
-4.041190743446350098e-01
-4.040446877479553223e-01
-4.044863581657409668e-01
-4.040492773056030273e-01
-4.042662680149078369e-01
-4.037741124629974365e-01
-4.044165015220642090e-01
-4.040940403938293457e-01
-4.041610658168792725e-01
-4.037809073925018311e-01
-4.045429825782775879e-01
-4.036382138729095459e-01
-4.046388566493988037e-01
-4.040384292602539062e-01
-4.044741690158843994e-01
-4.039448797702789307e-01
-4.043258726596832275e-01
-4.043833017349243164e-01
-4.048259258270263672e-01
-4.041673243045806885e-01
-4.042922854423522949e-01
-4.039281010627746582e-01
-4.044417142868041992e-01
-4.046792089939117432e-01
-4.049444496631622314e-01
-4.037761092185974121e-01
-4.043297767639160156e-01
-4.044766128063201904e-01
-4.047573208808898926e-01
-4.044861495494842529e-01
-4.035194218158721924e-01
-4.045473039150238037e-01
-4.039313495159149170e-01
-4.046659767627716064e-01
-4.049061238765716553e-01
-4.041177928447723389e-01
-4.041086435317993164e-01
-4.049793183803558350e-01
-4.045864641666412354e-01
-4.044388234615325928e-01
-4.043575227260589600e-01
-4.042424857616424561e-01
-4.042892754077911377e-01
-4.038336575031280518e-01
-4.047679305076599121e-01
-4.044050276279449463e-01
-4.042887091636657715e-01
-4.041109383106231689e-01
-4.051689207553863525e-01
-4.050435125827789307e-01
-4.044483900070190430e-01
-4.049528241157531738e-01
-4.043554067611694336e-01
-4.048149883747100830e-01
-4.045911729335784912e-01
-4.041846394538879395e-01
-4.041955173015594482e-01
-4.042580425739288330e-01
-4.050174057483673096e-01
-4.039009809494018555e-01
-4.040109217166900635e-01
-4.046193957328796387e-01
-4.041416049003601074e-01
-4.045522511005401611e-01
-4.041108191013336182e-01
-4.044707119464874268e-01
-4.045784771442413330e-01
-4.042459726333618164e-01
-4.049718677997589111e-01
-4.046226739883422852e-01
-4.044598937034606934e-01
-4.047159552574157715e-01
-4.041560590267181396e-01
-4.044674336910247803e-01
-4.044728875160217285e-01
-4.049800336360931396e-01
-4.050969183444976807e-01
-4.042708277702331543e-01
-4.046939015388488770e-01
-4.041014909744262695e-01
-4.044536650180816650e-01
-4.043212532997131348e-01
-4.041824936866760254e-01
-4.048666357994079590e-01
-4.043921232223510742e-01
-4.048103392124176025e-01
-4.038061201572418213e-01
-4.043501019477844238e-01
-4.044177234172821045e-01
-4.049417078495025635e-01
-4.043652713298797607e-01
-4.043083488941192627e-01
-4.043298065662384033e-01
-4.042662382125854492e-01
-4.038787186145782471e-01
-4.041424095630645752e-01
-4.045328795909881592e-01
-4.046203494071960449e-01
-4.045960009098052979e-01
-4.044218063354492188e-01
-4.038836061954498291e-01
-4.043121933937072754e-01
-4.041746854782104492e-01
-4.043563306331634521e-01
-4.043113291263580322e-01
-4.048953056335449219e-01
-4.041934907436370850e-01
-4.052597582340240479e-01
-4.047187268733978271e-01
-4.048167169094085693e-01
-4.047689139842987061e-01
-4.043563306331634521e-01
-4.047570526599884033e-01
-4.048832952976226807e-01
-4.049326479434967041e-01
-4.047002196311950684e-01
-4.047220349311828613e-01
-4.044603705406188965e-01
-4.039270877838134766e-01
-4.048659503459930420e-01
-4.048789143562316895e-01
-4.050589501857757568e-01
-4.043606519699096680e-01
-4.051973223686218262e-01
-4.046063125133514404e-01
-4.042908251285552979e-01
-4.040009081363677979e-01
-4.048622250556945801e-01
-4.049839377403259277e-01
-4.039799869060516357e-01
-4.049464166164398193e-01
-4.045902788639068604e-01
-4.043619334697723389e-01
-4.048127532005310059e-01
-4.049609005451202393e-01
-4.042282700538635254e-01
-4.044668674468994141e-01
-4.048300087451934814e-01
-4.044342041015625000e-01
-4.046702980995178223e-01
-4.056348800659179688e-01
-4.045723378658294678e-01
-4.040547013282775879e-01
-4.044283926486968994e-01
-4.050360023975372314e-01
-4.048770666122436523e-01
-4.044692516326904297e-01
-4.046629667282104492e-01
-4.046353399753570557e-01
-4.047559797763824463e-01
-4.044169783592224121e-01
-4.050980806350708008e-01
-4.044834077358245850e-01
-4.046520292758941650e-01
-4.046725332736968994e-01
-4.048922657966613770e-01
-4.047699570655822754e-01
-4.052131474018096924e-01
-4.042174816131591797e-01
-4.047308862209320068e-01
-4.039206802845001221e-01
-4.051579535007476807e-01
-4.055044054985046387e-01
-4.055031836032867432e-01
-4.043411612510681152e-01
-4.050270617008209229e-01
-4.043529629707336426e-01
-4.049304723739624023e-01
-4.056003093719482422e-01
-4.040933847427368164e-01
-4.043228626251220703e-01
-4.047175347805023193e-01
-4.048624932765960693e-01
-4.051171541213989258e-01
-4.040930271148681641e-01
-4.045174419879913330e-01
-4.041909575462341309e-01
-4.043225646018981934e-01
-4.044532775878906250e-01
-4.045050144195556641e-01
-4.044087529182434082e-01
-4.042978584766387939e-01
-4.047293066978454590e-01
-4.041992723941802979e-01
-4.044624865055084229e-01
-4.046397805213928223e-01
-4.045704603195190430e-01
-4.046162068843841553e-01
-4.050604999065399170e-01
-4.044116437435150146e-01
-4.050308763980865479e-01
-4.047553241252899170e-01
-4.044188261032104492e-01
-4.051254391670227051e-01
-4.050029218196868896e-01
-4.047299623489379883e-01
-4.045889377593994141e-01
-4.049557745456695557e-01
-4.047093391418457031e-01
-4.049591720104217529e-01
-4.053412973880767822e-01
-4.045333266258239746e-01
-4.048725366592407227e-01
-4.051563143730163574e-01
-4.043873846530914307e-01
-4.049515426158905029e-01
-4.050420224666595459e-01
-4.049700200557708740e-01
-4.044633209705352783e-01
-4.044777154922485352e-01
-4.043203592300415039e-01
-4.048158824443817139e-01
-4.048084914684295654e-01
-4.049627780914306641e-01
-4.050716161727905273e-01
-4.050921499729156494e-01
-4.051287174224853516e-01
-4.044801592826843262e-01
-4.042218923568725586e-01
-4.047881364822387695e-01
-4.046716392040252686e-01
-4.047458469867706299e-01
-4.049202799797058105e-01
-4.046235382556915283e-01
-4.040366709232330322e-01
-4.047308862209320068e-01
-4.042586684226989746e-01
-4.045630991458892822e-01
-4.045469164848327637e-01
-4.048643410205841064e-01
-4.047430455684661865e-01
-4.056770503520965576e-01
-4.043274521827697754e-01
-4.045908749103546143e-01
-4.048385620117187500e-01
-4.050592184066772461e-01
-4.046283066272735596e-01
-4.050448536872863770e-01
-4.042241871356964111e-01
-4.040903449058532715e-01
-4.044861197471618652e-01
-4.047841429710388184e-01
-4.048255085945129395e-01
-4.045036733150482178e-01
-4.046579003334045410e-01
-4.042067825794219971e-01
-4.050510227680206299e-01
-4.044648408889770508e-01
-4.050654172897338867e-01
-4.047617912292480469e-01
-4.048717916011810303e-01
-4.039945602416992188e-01
-4.047385156154632568e-01
-4.052689075469970703e-01
-4.047263264656066895e-01
-4.048851728439331055e-01
-4.049692451953887939e-01
-4.045936763286590576e-01
-4.042340517044067383e-01
-4.046918153762817383e-01
-4.046850502490997314e-01
-4.051585793495178223e-01
-4.049446880817413330e-01
-4.044107794761657715e-01
-4.043076634407043457e-01
-4.042969942092895508e-01
-4.050239920616149902e-01
-4.048434197902679443e-01
-4.048206806182861328e-01
-4.046090245246887207e-01
-4.050751328468322754e-01
-4.045660197734832764e-01
-4.046874046325683594e-01
-4.042555689811706543e-01
-4.047381579875946045e-01
-4.048515558242797852e-01
-4.053202569484710693e-01
-4.045961201190948486e-01
-4.046995639801025391e-01
-4.046754240989685059e-01
-4.046893417835235596e-01
-4.047677814960479736e-01
-4.051196277141571045e-01
-4.046939611434936523e-01
-4.046921730041503906e-01
-4.047884047031402588e-01
-4.045079350471496582e-01
-4.050669968128204346e-01
-4.042974710464477539e-01
-4.046127796173095703e-01
-4.060738384723663330e-01
-4.045941233634948730e-01
-4.045060873031616211e-01
-4.050171375274658203e-01
-4.045864939689636230e-01
-4.047048985958099365e-01
-4.045594334602355957e-01
-4.057987630367279053e-01
-4.048527181148529053e-01
-4.046602845191955566e-01
-4.048355221748352051e-01
-4.047161340713500977e-01
-4.047970473766326904e-01
-4.050038754940032959e-01
-4.049844145774841309e-01
-4.044169187545776367e-01
-4.041109085083007812e-01
-4.048526585102081299e-01
-4.045023918151855469e-01
-4.049885272979736328e-01
-4.046845734119415283e-01
-4.045716226100921631e-01
-4.047513902187347412e-01
-4.044235646724700928e-01
-4.045056402683258057e-01
-4.043692946434020996e-01
-4.040251374244689941e-01
-4.048435688018798828e-01
-4.050854444503784180e-01
-4.043961167335510254e-01
-4.043618738651275635e-01
-4.046807289123535156e-01
-4.042096138000488281e-01
-4.045988321304321289e-01
-4.057171940803527832e-01
-4.044642746448516846e-01
-4.044856727123260498e-01
-4.045413732528686523e-01
-4.050334990024566650e-01
-4.045068919658660889e-01
-4.040021300315856934e-01
-4.048412740230560303e-01
-4.044624865055084229e-01
-4.048750102519989014e-01
-4.052032530307769775e-01
-4.043011367321014404e-01
-4.045514464378356934e-01
-4.050239920616149902e-01
-4.048961997032165527e-01
-4.052551984786987305e-01
-4.043155610561370850e-01
-4.049934148788452148e-01
-4.052502810955047607e-01
-4.043480157852172852e-01
-4.046573340892791748e-01
-4.041236042976379395e-01
-4.047528803348541260e-01
-4.049095809459686279e-01
-4.042716026306152344e-01
-4.047184586524963379e-01
-4.044868648052215576e-01
-4.047424197196960449e-01
-4.046424031257629395e-01
-4.055233895778656006e-01
-4.043905735015869141e-01
-4.043223857879638672e-01
-4.045228362083435059e-01
-4.044490456581115723e-01
-4.054746031761169434e-01
-4.047896862030029297e-01
-4.044930934906005859e-01
-4.047698378562927246e-01
-4.053784906864166260e-01
-4.040721952915191650e-01
-4.049502611160278320e-01
-4.043466746807098389e-01
-4.044319689273834229e-01
-4.043873250484466553e-01
-4.051685035228729248e-01
-4.046044051647186279e-01
-4.045357704162597656e-01
-4.047963917255401611e-01
-4.047160446643829346e-01
-4.047501683235168457e-01
-4.048223197460174561e-01
-4.053958654403686523e-01
-4.045752286911010742e-01
-4.041324555873870850e-01
-4.042691588401794434e-01
-4.047476947307586670e-01
-4.048432707786560059e-01
-4.044593870639801025e-01
-4.047922492027282715e-01
-4.049870371818542480e-01
-4.044746756553649902e-01
-4.050428271293640137e-01
-4.046944677829742432e-01
-4.049270153045654297e-01
-4.049719870090484619e-01
-4.048576056957244873e-01
-4.045195281505584717e-01
-4.047968089580535889e-01
-4.051310420036315918e-01
-4.045948684215545654e-01
-4.047560393810272217e-01
-4.045318961143493652e-01
-4.045708477497100830e-01
-4.048395454883575439e-01
-4.050747454166412354e-01
-4.049875438213348389e-01
-4.052080810070037842e-01
-4.044850468635559082e-01
-4.050723910331726074e-01
-4.051513075828552246e-01
-4.050511419773101807e-01
-4.049665033817291260e-01
-4.049516022205352783e-01
-4.049201905727386475e-01
-4.046451449394226074e-01
-4.045154750347137451e-01
-4.052177369594573975e-01
-4.045201539993286133e-01
-4.048733413219451904e-01
-4.046656489372253418e-01
-4.053297042846679688e-01
-4.051004052162170410e-01
-4.050633311271667480e-01
-4.047850370407104492e-01
-4.048305749893188477e-01
-4.043328166007995605e-01
-4.046444296836853027e-01
-4.047620296478271484e-01
-4.048454165458679199e-01
-4.046825170516967773e-01
-4.049093723297119141e-01
-4.047062397003173828e-01
-4.043439924716949463e-01
-4.048433899879455566e-01
-4.052860140800476074e-01
-4.047119319438934326e-01
-4.046152830123901367e-01
-4.044004380702972412e-01
-4.047081470489501953e-01
-4.048880636692047119e-01
-4.048753380775451660e-01
-4.055521190166473389e-01
-4.050656557083129883e-01
-4.043056368827819824e-01
-4.048382043838500977e-01
-4.044963419437408447e-01
-4.046555161476135254e-01
-4.050394296646118164e-01
-4.049633145332336426e-01
-4.048453867435455322e-01
-4.049548506736755371e-01
-4.047655165195465088e-01
-4.046614766120910645e-01
-4.045627117156982422e-01
-4.051071703433990479e-01
-4.047243893146514893e-01
-4.045901000499725342e-01
-4.046543538570404053e-01
-4.044850766658782959e-01
-4.050446450710296631e-01
-4.050087630748748779e-01
-4.047657549381256104e-01
-4.047002494335174561e-01
-4.049392640590667725e-01
-4.052847921848297119e-01
-4.045896530151367188e-01
-4.046531617641448975e-01
-4.046709239482879639e-01
-4.044166207313537598e-01
-4.051640331745147705e-01
-4.048488140106201172e-01
-4.046264886856079102e-01
-4.045408964157104492e-01
-4.045284092426300049e-01
-4.046107232570648193e-01
-4.046306908130645752e-01
-4.051828682422637939e-01
-4.045967459678649902e-01
-4.049867987632751465e-01
-4.046227931976318359e-01
-4.048760235309600830e-01
-4.041949808597564697e-01
-4.052840769290924072e-01
-4.047529995441436768e-01
-4.049280285835266113e-01
-4.047114551067352295e-01
-4.049618542194366455e-01
-4.050635397434234619e-01
-4.046737253665924072e-01
-4.054127633571624756e-01
-4.047714769840240479e-01
-4.053771793842315674e-01
-4.050906002521514893e-01
-4.048650860786437988e-01
-4.051460027694702148e-01
-4.044539332389831543e-01
-4.046883583068847656e-01
-4.054168760776519775e-01
-4.048392474651336670e-01
-4.050075113773345947e-01
-4.050799310207366943e-01
-4.044982194900512695e-01
-4.054714441299438477e-01
-4.048912823200225830e-01
-4.049386680126190186e-01
-4.054622054100036621e-01
-4.050110578536987305e-01
-4.049846827983856201e-01
-4.047233164310455322e-01
-4.047271013259887695e-01
-4.051563739776611328e-01
-4.044480025768280029e-01
-4.048681557178497314e-01
-4.046771228313446045e-01
-4.045481383800506592e-01
-4.045564234256744385e-01
-4.050811231136322021e-01
-4.052917361259460449e-01
-4.050948321819305420e-01
-4.046679735183715820e-01
-4.052145779132843018e-01
-4.051426351070404053e-01
-4.046060144901275635e-01
-4.047845900058746338e-01
-4.048800170421600342e-01
-4.056755900382995605e-01
-4.044942259788513184e-01
-4.048339426517486572e-01
-4.053276479244232178e-01
-4.049827158451080322e-01
-4.045121371746063232e-01
-4.044131934642791748e-01
-4.048493504524230957e-01
-4.054730832576751709e-01
-4.044716060161590576e-01
-4.041061401367187500e-01
-4.044849276542663574e-01
-4.050816595554351807e-01
-4.050664603710174561e-01
-4.051832258701324463e-01
-4.045894443988800049e-01
-4.048497974872589111e-01
-4.045217335224151611e-01
-4.054404795169830322e-01
-4.044107198715209961e-01
-4.046660661697387695e-01
-4.048258364200592041e-01
-4.054442048072814941e-01
-4.047983288764953613e-01
-4.050393402576446533e-01
-4.053292274475097656e-01
-4.045144021511077881e-01
-4.044343233108520508e-01
-4.048561453819274902e-01
-4.045660793781280518e-01
-4.046810269355773926e-01
-4.045469462871551514e-01
-4.042240977287292480e-01
-4.049420058727264404e-01
-4.049414098262786865e-01
-4.044395685195922852e-01
-4.047613441944122314e-01
-4.046102762222290039e-01
-4.046601057052612305e-01
-4.048650860786437988e-01
-4.044651985168457031e-01
-4.048624336719512939e-01
-4.048112928867340088e-01
-4.046640396118164062e-01
-4.048327207565307617e-01
-4.046999514102935791e-01
-4.054360091686248779e-01
-4.045271575450897217e-01
-4.049728512763977051e-01
-4.048544764518737793e-01
-4.044431149959564209e-01
-4.049430787563323975e-01
-4.048527777194976807e-01
-4.051942825317382812e-01
-4.045801758766174316e-01
-4.050011336803436279e-01
-4.048278331756591797e-01
-4.055426716804504395e-01
-4.056191742420196533e-01
-4.045727252960205078e-01
-4.053312242031097412e-01
-4.046199917793273926e-01
-4.052232503890991211e-01
-4.052579402923583984e-01
-4.048417210578918457e-01
-4.054907858371734619e-01
-4.045131206512451172e-01
-4.045781195163726807e-01
-4.049597084522247314e-01
-4.041396081447601318e-01
-4.054531753063201904e-01
-4.053854346275329590e-01
-4.054573774337768555e-01
-4.044288694858551025e-01
-4.047675132751464844e-01
-4.052719175815582275e-01
-4.050213098526000977e-01
-4.047124683856964111e-01
-4.048766493797302246e-01
-4.047163724899291992e-01
-4.042114913463592529e-01
-4.049716293811798096e-01
-4.047653675079345703e-01
-4.052574932575225830e-01
-4.051497876644134521e-01
-4.046697616577148438e-01
-4.047871828079223633e-01
-4.050560891628265381e-01
-4.045668840408325195e-01
-4.044026434421539307e-01
-4.044548273086547852e-01
-4.050697386264801025e-01
-4.041465520858764648e-01
-4.052189588546752930e-01
-4.047310650348663330e-01
-4.050976932048797607e-01
-4.053928256034851074e-01
-4.045332670211791992e-01
-4.049305915832519531e-01
-4.051387906074523926e-01
-4.048676192760467529e-01
-4.045515358448028564e-01
-4.049960374832153320e-01
-4.042447209358215332e-01
-4.046650528907775879e-01
-4.049627482891082764e-01
-4.049746692180633545e-01
-4.045065939426422119e-01
-4.046409130096435547e-01
-4.047246873378753662e-01
-4.048107564449310303e-01
-4.054480791091918945e-01
-4.044021964073181152e-01
-4.044113457202911377e-01
-4.051671922206878662e-01
-4.042483866214752197e-01
-4.045701026916503906e-01
-4.045587182044982910e-01
-4.048576653003692627e-01
-4.051475822925567627e-01
-4.049839973449707031e-01
-4.044980406761169434e-01
-4.050031602382659912e-01
-4.046024084091186523e-01
-4.046062827110290527e-01
-4.051207900047302246e-01
-4.047241806983947754e-01
-4.044991433620452881e-01
-4.046323895454406738e-01
-4.046853780746459961e-01
-4.055178165435791016e-01
-4.045192897319793701e-01
-4.048034548759460449e-01
-4.045442640781402588e-01
-4.049845039844512939e-01
-4.048391580581665039e-01
-4.046735465526580811e-01
-4.046562016010284424e-01
-4.051110148429870605e-01
-4.053797125816345215e-01
-4.052090048789978027e-01
-4.046480357646942139e-01
-4.047757685184478760e-01
-4.048866927623748779e-01
-4.047418832778930664e-01
-4.044384658336639404e-01
-4.042824804782867432e-01
-4.049415290355682373e-01
-4.047397077083587646e-01
-4.050084948539733887e-01
-4.055586457252502441e-01
-4.046127498149871826e-01
-4.049581885337829590e-01
-4.047198593616485596e-01
-4.050647020339965820e-01
-4.046195149421691895e-01
-4.050320982933044434e-01
-4.045069813728332520e-01
-4.046071171760559082e-01
-4.050780832767486572e-01
-4.045319855213165283e-01
-4.049531221389770508e-01
-4.042313694953918457e-01
-4.047938287258148193e-01
-4.052509665489196777e-01
-4.048571884632110596e-01
-4.051612019538879395e-01
-4.053364396095275879e-01
-4.049187898635864258e-01
-4.046674370765686035e-01
-4.050523042678833008e-01
-4.047883749008178711e-01
-4.048744440078735352e-01
-4.052462875843048096e-01
-4.050435125827789307e-01
-4.042634665966033936e-01
-4.045404195785522461e-01
-4.054881334304809570e-01
-4.049310982227325439e-01
-4.048986136913299561e-01
-4.049233198165893555e-01
-4.049639701843261719e-01
-4.052776694297790527e-01
-4.049166738986968994e-01
-4.044788479804992676e-01
-4.048768579959869385e-01
-4.046622216701507568e-01
-4.051894843578338623e-01
-4.046946763992309570e-01
-4.052262902259826660e-01
-4.048088490962982178e-01
-4.050585329532623291e-01
-4.048115909099578857e-01
-4.049091041088104248e-01
-4.043053686618804932e-01
-4.049445986747741699e-01
-4.048054516315460205e-01
-4.050588011741638184e-01
-4.050882160663604736e-01
-4.049301445484161377e-01
-4.046433269977569580e-01
-4.046908020973205566e-01
-4.052131772041320801e-01
-4.045371115207672119e-01
-4.045707583427429199e-01
-4.053737223148345947e-01
-4.045988023281097412e-01
-4.048717916011810303e-01
-4.053201377391815186e-01
-4.046928584575653076e-01
-4.053394198417663574e-01
-4.050441682338714600e-01
-4.050250947475433350e-01
-4.048591256141662598e-01
-4.050423800945281982e-01
-4.046410620212554932e-01
-4.048219323158264160e-01
-4.050666391849517822e-01
-4.050269722938537598e-01
-4.048295021057128906e-01
-4.051635265350341797e-01
-4.048047661781311035e-01
-4.048429429531097412e-01
-4.048070609569549561e-01
-4.052328467369079590e-01
-4.049720168113708496e-01
-4.046815633773803711e-01
-4.047334790229797363e-01
-4.046085178852081299e-01
-4.044733345508575439e-01
-4.044708609580993652e-01
-4.050931930541992188e-01
-4.046738743782043457e-01
-4.045467078685760498e-01
-4.044467210769653320e-01
-4.047220945358276367e-01
-4.048870801925659180e-01
-4.052065312862396240e-01
-4.048754870891571045e-01
-4.047037363052368164e-01
-4.043617844581604004e-01
-4.046306908130645752e-01
-4.051026105880737305e-01
-4.044584035873413086e-01
-4.044939875602722168e-01
-4.052019119262695312e-01
-4.046423435211181641e-01
-4.048959612846374512e-01
-4.046072661876678467e-01
-4.046271443367004395e-01
-4.046632051467895508e-01
-4.052029550075531006e-01
-4.052042365074157715e-01
-4.053316712379455566e-01
-4.046556353569030762e-01
-4.046563208103179932e-01
-4.048865735530853271e-01
-4.048191308975219727e-01
-4.044721126556396484e-01
-4.047805666923522949e-01
-4.047780036926269531e-01
-4.052129983901977539e-01
-4.046660959720611572e-01
-4.044734537601470947e-01
-4.042305052280426025e-01
-4.050388038158416748e-01
-4.051800668239593506e-01
-4.058020412921905518e-01
-4.051248729228973389e-01
-4.048424065113067627e-01
-4.050484299659729004e-01
-4.046965241432189941e-01
-4.046857357025146484e-01
-4.050767719745635986e-01
-4.045156240463256836e-01
-4.043964743614196777e-01
-4.049973189830780029e-01
-4.047038555145263672e-01
-4.047474861145019531e-01
-4.045042693614959717e-01
-4.047024846076965332e-01
-4.053075015544891357e-01
-4.053903222084045410e-01
-4.048073291778564453e-01
-4.048159122467041016e-01
-4.052564799785614014e-01
-4.048170149326324463e-01
-4.047632515430450439e-01
-4.046918749809265137e-01
-4.049464762210845947e-01
-4.051744937896728516e-01
-4.048333764076232910e-01
-4.047782123088836670e-01
-4.053047597408294678e-01
-4.047759473323822021e-01
-4.048065543174743652e-01
-4.047046601772308350e-01
-4.043125510215759277e-01
-4.047682881355285645e-01
-4.052950441837310791e-01
-4.049165546894073486e-01
-4.047329425811767578e-01
-4.053149521350860596e-01
-4.047816693782806396e-01
-4.049896299839019775e-01
-4.043597579002380371e-01
-4.053654074668884277e-01
-4.046566486358642578e-01
-4.050631821155548096e-01
-4.047939181327819824e-01
-4.047424793243408203e-01
-4.048326313495635986e-01
-4.045297801494598389e-01
-4.047714769840240479e-01
-4.046649634838104248e-01
-4.049074053764343262e-01
-4.054919481277465820e-01
-4.054083824157714844e-01
-4.044244289398193359e-01
-4.046907126903533936e-01
-4.045247733592987061e-01
-4.051775038242340088e-01
-4.055378735065460205e-01
-4.045843482017517090e-01
-4.046657085418701172e-01
-4.046826064586639404e-01
-4.044597744941711426e-01
-4.045229256153106689e-01
-4.047439992427825928e-01
-4.047213196754455566e-01
-4.054293930530548096e-01
-4.049043059349060059e-01
-4.048141539096832275e-01
-4.050129354000091553e-01
-4.052535593509674072e-01
-4.040512144565582275e-01
-4.054252207279205322e-01
-4.041432440280914307e-01
-4.042222797870635986e-01
-4.047196209430694580e-01
-4.054986834526062012e-01
-4.045551121234893799e-01
-4.048985540866851807e-01
-4.045756161212921143e-01
-4.050590693950653076e-01
-4.052838385105133057e-01
-4.047177433967590332e-01
-4.048565328121185303e-01
-4.043596982955932617e-01
-4.050579369068145752e-01
-4.048730432987213135e-01
-4.044800996780395508e-01
-4.045998454093933105e-01
-4.052467048168182373e-01
-4.046895503997802734e-01
-4.046541750431060791e-01
-4.048526585102081299e-01
-4.046735763549804688e-01
-4.044902920722961426e-01
-4.048807919025421143e-01
-4.046853780746459961e-01
-4.051305651664733887e-01
-4.052209258079528809e-01
-4.051679670810699463e-01
-4.048096239566802979e-01
-4.053190946578979492e-01
-4.045711457729339600e-01
-4.046318233013153076e-01
-4.044900834560394287e-01
-4.048382341861724854e-01
-4.047650098800659180e-01
-4.044465422630310059e-01
-4.049663245677947998e-01
-4.044329226016998291e-01
-4.046333134174346924e-01
-4.051524698734283447e-01
-4.054391086101531982e-01
-4.042583107948303223e-01
-4.048441648483276367e-01
-4.046823382377624512e-01
-4.048954248428344727e-01
-4.044294059276580811e-01
-4.048294126987457275e-01
-4.043632149696350098e-01
-4.050133526325225830e-01
-4.049219489097595215e-01
-4.051814377307891846e-01
-4.044512510299682617e-01
-4.049043357372283936e-01
-4.045661091804504395e-01
-4.045723974704742432e-01
-4.048835337162017822e-01
-4.048439860343933105e-01
-4.046335518360137939e-01
-4.054761230945587158e-01
-4.043517410755157471e-01
-4.045344293117523193e-01
-4.052161276340484619e-01
-4.045716524124145508e-01
-4.045903384685516357e-01
-4.049404263496398926e-01
-4.048384428024291992e-01
-4.047214984893798828e-01
-4.047290384769439697e-01
-4.047640562057495117e-01
-4.048181772232055664e-01
-4.045461416244506836e-01
-4.045517444610595703e-01
-4.051045775413513184e-01
-4.049306809902191162e-01
-4.046027958393096924e-01
-4.047764837741851807e-01
-4.049730896949768066e-01
-4.046121835708618164e-01
-4.051281809806823730e-01
-4.044584035873413086e-01
-4.043686985969543457e-01
-4.045382738113403320e-01
-4.043505191802978516e-01
-4.053176641464233398e-01
-4.047552049160003662e-01
-4.046384394168853760e-01
-4.049263894557952881e-01
-4.049196243286132812e-01
-4.045826196670532227e-01
-4.043312668800354004e-01
-4.044811129570007324e-01
-4.046303331851959229e-01
-4.046027362346649170e-01
-4.045398533344268799e-01
-4.046712517738342285e-01
-4.045771658420562744e-01
-4.051333367824554443e-01
-4.048345685005187988e-01
-4.042392075061798096e-01
-4.050936996936798096e-01
-4.052101075649261475e-01
