-1.132860258221626282e-01
-1.219073310494422913e-01
-1.817777603864669800e-01
-2.268665432929992676e-01
-2.432108074426651001e-01
-2.897934913635253906e-01
-3.628387153148651123e-01
-3.507998585700988770e-01
-3.918383121490478516e-01
-4.080503284931182861e-01
-3.939650952816009521e-01
-3.914510607719421387e-01
-4.147288799285888672e-01
-3.968522846698760986e-01
-4.075401723384857178e-01
-4.074649512767791748e-01
-4.164677262306213379e-01
-4.150872230529785156e-01
-4.170775115489959717e-01
-4.211498200893402100e-01
-4.176099002361297607e-01
-4.267246723175048828e-01
-4.255750775337219238e-01
-4.284975826740264893e-01
-4.311152994632720947e-01
-4.301040768623352051e-01
-4.320462644100189209e-01
-4.318290650844573975e-01
-4.388333857059478760e-01
-4.331934154033660889e-01
-4.391120076179504395e-01
-4.312972426414489746e-01
-4.354681372642517090e-01
-4.358828663825988770e-01
-4.363649487495422363e-01
-4.439682662487030029e-01
-4.374145269393920898e-01
-4.391620159149169922e-01
-4.373636543750762939e-01
-4.428753852844238281e-01
-4.370688199996948242e-01
-4.317627549171447754e-01
-4.398279488086700439e-01
-4.289448857307434082e-01
-4.409685730934143066e-01
-4.355834424495697021e-01
-4.406879246234893799e-01
-4.344294369220733643e-01
-4.316765666007995605e-01
-4.350802898406982422e-01
-4.332804083824157715e-01
-4.347005486488342285e-01
-4.336590468883514404e-01
-4.320164918899536133e-01
-4.365035891532897949e-01
-4.417374134063720703e-01
-4.350850284099578857e-01
-4.289280772209167480e-01
-4.268860518932342529e-01
-4.261503517627716064e-01
-4.338447749614715576e-01
-4.308651089668273926e-01
-4.294520914554595947e-01
-4.256867766380310059e-01
-4.258298277854919434e-01
-4.263548552989959717e-01
-4.268529117107391357e-01
-4.340386092662811279e-01
-4.277085363864898682e-01
-4.230249226093292236e-01
-4.238754808902740479e-01
-4.225782454013824463e-01
-4.245028197765350342e-01
-4.184844493865966797e-01
-4.258241951465606689e-01
-4.252241253852844238e-01
-4.217384755611419678e-01
-4.258396029472351074e-01
-4.200896620750427246e-01
-4.139268696308135986e-01
-4.192788600921630859e-01
-4.174936413764953613e-01
-4.214578270912170410e-01
-4.185485839843750000e-01
-4.175401031970977783e-01
-4.149620234966278076e-01
-4.238090515136718750e-01
-4.161779284477233887e-01
-4.117208719253540039e-01
-4.182922244071960449e-01
-4.173329174518585205e-01
-4.127632379531860352e-01
-4.147340357303619385e-01
-4.160250723361968994e-01
-4.158106744289398193e-01
-4.117697775363922119e-01
-4.076192080974578857e-01
-4.164338409900665283e-01
-4.100197851657867432e-01
-4.067856371402740479e-01
-4.107575714588165283e-01
-4.046304225921630859e-01
-4.091954827308654785e-01
-4.127097725868225098e-01
-4.085530042648315430e-01
-4.087134301662445068e-01
-4.093368053436279297e-01
-4.128527939319610596e-01
-4.098035395145416260e-01
-4.014968276023864746e-01
-3.976424336433410645e-01
-4.034241735935211182e-01
-3.974747657775878906e-01
-4.099943041801452637e-01
-4.044389128684997559e-01
-4.004816710948944092e-01
-3.918448984622955322e-01
-3.968370258808135986e-01
-4.034918844699859619e-01
-3.957854509353637695e-01
-4.019264876842498779e-01
-3.984246850013732910e-01
-3.947933018207550049e-01
-3.972769081592559814e-01
-3.947668373584747314e-01
-4.020785689353942871e-01
-3.962373435497283936e-01
-3.975636661052703857e-01
-3.964785635471343994e-01
-4.050463736057281494e-01
-3.990967273712158203e-01
-3.971431255340576172e-01
-3.975120782852172852e-01
-4.059331119060516357e-01
-3.954332768917083740e-01
-3.970548212528228760e-01
-3.903590738773345947e-01
-3.874244093894958496e-01
-3.852450251579284668e-01
-3.996375799179077148e-01
-3.875879645347595215e-01
-3.916501104831695557e-01
-3.924940526485443115e-01
-3.848134279251098633e-01
-3.900159597396850586e-01
-3.880881965160369873e-01
-3.949360549449920654e-01
-3.789330124855041504e-01
-3.919165134429931641e-01
-3.797788321971893311e-01
-3.849348723888397217e-01
-3.878939151763916016e-01
-3.915343582630157471e-01
-3.843129277229309082e-01
-3.927697241306304932e-01
-3.977273702621459961e-01
-3.802773952484130859e-01
-3.983297646045684814e-01
-3.876796364784240723e-01
-3.885454535484313965e-01
-3.786818981170654297e-01
-3.911245763301849365e-01
-3.852657377719879150e-01
-3.809464573860168457e-01
-3.920862376689910889e-01
-3.822705149650573730e-01
-3.843736648559570312e-01
-3.737396299839019775e-01
-3.888188302516937256e-01
-3.832188844680786133e-01
-3.740789592266082764e-01
-3.749682009220123291e-01
-3.822012841701507568e-01
-3.749940097332000732e-01
-3.718360662460327148e-01
-3.726751804351806641e-01
-3.771069049835205078e-01
-3.712671399116516113e-01
-3.830782473087310791e-01
-3.723361194133758545e-01
-3.791998326778411865e-01
-3.768357634544372559e-01
-3.834776282310485840e-01
-3.821270465850830078e-01
-3.718276321887969971e-01
-3.841709494590759277e-01
-3.683174848556518555e-01
-3.819851875305175781e-01
-3.732911944389343262e-01
-3.741154372692108154e-01
-3.810273408889770508e-01
-3.753996193408966064e-01
-3.683569431304931641e-01
-3.649315834045410156e-01
-3.805812895298004150e-01
-3.713323473930358887e-01
-3.717522621154785156e-01
-3.712286949157714844e-01
-3.714243173599243164e-01
-3.739022016525268555e-01
-3.717094361782073975e-01
-3.736875653266906738e-01
-3.757398724555969238e-01
-3.755379021167755127e-01
-3.669601976871490479e-01
-3.646504580974578857e-01
-3.690433204174041748e-01
-3.679511845111846924e-01
-3.771159648895263672e-01
-3.703395426273345947e-01
-3.781129419803619385e-01
-3.647089302539825439e-01
-3.598311841487884521e-01
-3.793213367462158203e-01
-3.659766912460327148e-01
-3.634995818138122559e-01
-3.748068511486053467e-01
-3.731425702571868896e-01
-3.635339140892028809e-01
-3.707480430603027344e-01
-3.722262084484100342e-01
-3.639625310897827148e-01
-3.700751364231109619e-01
-3.645789325237274170e-01
-3.681779801845550537e-01
-3.749369382858276367e-01
-3.641021251678466797e-01
-3.694470226764678955e-01
-3.699655234813690186e-01
-3.655280470848083496e-01
-3.633312880992889404e-01
-3.674756884574890137e-01
-3.725653290748596191e-01
-3.538485467433929443e-01
-3.683413267135620117e-01
-3.607425987720489502e-01
-3.632242977619171143e-01
-3.658375442028045654e-01
-3.708309233188629150e-01
-3.686694204807281494e-01
-3.672080636024475098e-01
-3.623206913471221924e-01
-3.754039406776428223e-01
-3.615570366382598877e-01
-3.723340928554534912e-01
-3.697036206722259521e-01
-3.719370663166046143e-01
-3.687939643859863281e-01
-3.639035522937774658e-01
-3.686468005180358887e-01
-3.699845969676971436e-01
-3.747792840003967285e-01
-3.707485496997833252e-01
-3.590927720069885254e-01
-3.575107455253601074e-01
-3.611557483673095703e-01
-3.671385645866394043e-01
-3.608311712741851807e-01
-3.545099198818206787e-01
-3.621192574501037598e-01
-3.765091300010681152e-01
-3.635114133358001709e-01
-3.603433966636657715e-01
-3.647908866405487061e-01
-3.550325632095336914e-01
-3.633219301700592041e-01
-3.688732385635375977e-01
-3.576111495494842529e-01
-3.688754141330718994e-01
-3.586423993110656738e-01
-3.691504299640655518e-01
-3.660698235034942627e-01
-3.617636859416961670e-01
-3.711716830730438232e-01
-3.576542437076568604e-01
-3.628529012203216553e-01
-3.659309148788452148e-01
-3.521588742733001709e-01
-3.640456497669219971e-01
-3.535599410533905029e-01
-3.558573424816131592e-01
-3.612163960933685303e-01
-3.661403954029083252e-01
-3.507759571075439453e-01
-3.580602407455444336e-01
-3.585969805717468262e-01
-3.545600771903991699e-01
-3.668798506259918213e-01
-3.641451299190521240e-01
-3.500052690505981445e-01
-3.500058054924011230e-01
-3.630557656288146973e-01
-3.473619818687438965e-01
-3.592900335788726807e-01
-3.701630830764770508e-01
-3.566906750202178955e-01
-3.722636103630065918e-01
-3.571273088455200195e-01
-3.582718670368194580e-01
-3.526765108108520508e-01
-3.532501161098480225e-01
-3.569200932979583740e-01
-3.539099991321563721e-01
-3.606728017330169678e-01
-3.516298830509185791e-01
-3.475315570831298828e-01
-3.596329391002655029e-01
-3.522282540798187256e-01
-3.566837906837463379e-01
-3.561712503433227539e-01
-3.577615320682525635e-01
-3.638948202133178711e-01
-3.539285361766815186e-01
-3.619902431964874268e-01
-3.593862950801849365e-01
-3.623224198818206787e-01
-3.450275957584381104e-01
-3.537333309650421143e-01
-3.716524243354797363e-01
-3.436824977397918701e-01
-3.562735319137573242e-01
-3.508541882038116455e-01
-3.565612137317657471e-01
-3.474761247634887695e-01
-3.587363362312316895e-01
-3.573659956455230713e-01
-3.571857213973999023e-01
-3.486795127391815186e-01
-3.510386943817138672e-01
-3.518231809139251709e-01
-3.551676869392395020e-01
-3.548889756202697754e-01
-3.575614392757415771e-01
-3.513541519641876221e-01
-3.563651442527770996e-01
-3.538358211517333984e-01
-3.467110991477966309e-01
-3.523385226726531982e-01
-3.578551709651947021e-01
-3.476460576057434082e-01
-3.533378243446350098e-01
-3.599180877208709717e-01
-3.646864593029022217e-01
-3.536041378974914551e-01
-3.460170030593872070e-01
-3.517416715621948242e-01
-3.506406843662261963e-01
-3.504033088684082031e-01
-3.543419539928436279e-01
-3.491327166557312012e-01
-3.544346392154693604e-01
-3.563368618488311768e-01
-3.552732467651367188e-01
-3.574580252170562744e-01
-3.589156866073608398e-01
-3.585257530212402344e-01
-3.525463342666625977e-01
-3.498481810092926025e-01
-3.404942750930786133e-01
-3.510430455207824707e-01
-3.454295098781585693e-01
-3.481823801994323730e-01
-3.541937768459320068e-01
-3.639621436595916748e-01
-3.496453166007995605e-01
-3.519152402877807617e-01
-3.527392446994781494e-01
-3.519079685211181641e-01
-3.530458509922027588e-01
-3.468277752399444580e-01
-3.494134247303009033e-01
-3.475170731544494629e-01
-3.469176888465881348e-01
-3.538161814212799072e-01
-3.490617871284484863e-01
-3.636907935142517090e-01
-3.497938215732574463e-01
-3.478213846683502197e-01
-3.477564454078674316e-01
-3.531238436698913574e-01
-3.508527874946594238e-01
-3.553858101367950439e-01
-3.521498441696166992e-01
-3.557165265083312988e-01
-3.590568602085113525e-01
-3.542325198650360107e-01
-3.500144779682159424e-01
-3.517616391181945801e-01
-3.589312136173248291e-01
-3.501546978950500488e-01
-3.589142560958862305e-01
-3.446574211120605469e-01
-3.486793935298919678e-01
-3.615037202835083008e-01
-3.524445295333862305e-01
-3.468957245349884033e-01
-3.535117506980895996e-01
-3.393375873565673828e-01
-3.490538597106933594e-01
-3.464452624320983887e-01
-3.430819511413574219e-01
-3.495941758155822754e-01
-3.573188781738281250e-01
-3.623009622097015381e-01
-3.505358695983886719e-01
-3.501512706279754639e-01
-3.458102941513061523e-01
-3.571167886257171631e-01
-3.590568304061889648e-01
-3.488940298557281494e-01
-3.556956648826599121e-01
-3.402869701385498047e-01
-3.522139191627502441e-01
-3.594204187393188477e-01
-3.458914160728454590e-01
-3.579335808753967285e-01
-3.432630598545074463e-01
-3.479820489883422852e-01
-3.566967248916625977e-01
-3.333542346954345703e-01
-3.482927978038787842e-01
-3.477399945259094238e-01
-3.404090106487274170e-01
-3.471967577934265137e-01
-3.470367789268493652e-01
-3.497193157672882080e-01
-3.510441780090332031e-01
-3.524599075317382812e-01
-3.484423458576202393e-01
-3.439514636993408203e-01
-3.521341085433959961e-01
-3.493509590625762939e-01
-3.581521213054656982e-01
-3.582484126091003418e-01
-3.498009443283081055e-01
-3.490773439407348633e-01
-3.536908328533172607e-01
-3.507444560527801514e-01
-3.500156700611114502e-01
-3.489340543746948242e-01
-3.532291948795318604e-01
-3.488693535327911377e-01
-3.476032316684722900e-01
-3.429966568946838379e-01
-3.327563405036926270e-01
-3.567841351032257080e-01
-3.485288023948669434e-01
-3.574169278144836426e-01
-3.427591621875762939e-01
-3.441760241985321045e-01
-3.534364104270935059e-01
-3.484904766082763672e-01
-3.442645967006683350e-01
-3.522700667381286621e-01
-3.487685024738311768e-01
-3.606936037540435791e-01
-3.434670567512512207e-01
-3.474793136119842529e-01
-3.525008261203765869e-01
-3.495582938194274902e-01
-3.459839820861816406e-01
-3.559418320655822754e-01
-3.559805154800415039e-01
-3.452590703964233398e-01
-3.487223982810974121e-01
-3.548401594161987305e-01
-3.459149301052093506e-01
-3.591451048851013184e-01
-3.505385816097259521e-01
-3.518528342247009277e-01
-3.516550362110137939e-01
-3.535030186176300049e-01
-3.482331037521362305e-01
-3.530509173870086670e-01
-3.389760553836822510e-01
-3.595049381256103516e-01
-3.422330021858215332e-01
-3.529880940914154053e-01
-3.564072847366333008e-01
-3.421573936939239502e-01
-3.592864274978637695e-01
-3.598732352256774902e-01
-3.324788808822631836e-01
-3.407611548900604248e-01
-3.577356040477752686e-01
-3.360063731670379639e-01
-3.447446823120117188e-01
-3.534943163394927979e-01
-3.507187962532043457e-01
-3.527666330337524414e-01
-3.478312492370605469e-01
-3.472155630588531494e-01
-3.414992690086364746e-01
-3.496071100234985352e-01
-3.480865359306335449e-01
-3.513688147068023682e-01
-3.438399136066436768e-01
-3.486106097698211670e-01
-3.445371687412261963e-01
-3.508738875389099121e-01
-3.419957458972930908e-01
-3.497702479362487793e-01
-3.521814644336700439e-01
-3.457005321979522705e-01
-3.403275310993194580e-01
-3.435833454132080078e-01
-3.539980351924896240e-01
-3.465137183666229248e-01
-3.418017029762268066e-01
-3.403226137161254883e-01
-3.376747369766235352e-01
-3.478126823902130127e-01
-3.408733606338500977e-01
-3.524462878704071045e-01
-3.466580212116241455e-01
-3.541922867298126221e-01
-3.552091717720031738e-01
-3.421672582626342773e-01
-3.675008416175842285e-01
-3.488212227821350098e-01
-3.409104645252227783e-01
-3.470464944839477539e-01
-3.543695807456970215e-01
-3.439846336841583252e-01
-3.318611979484558105e-01
-3.399781584739685059e-01
-3.461898863315582275e-01
-3.468167483806610107e-01
-3.354994058609008789e-01
-3.535040915012359619e-01
-3.456143140792846680e-01
-3.380672037601470947e-01
-3.427312672138214111e-01
-3.456573486328125000e-01
-3.525388836860656738e-01
-3.533638417720794678e-01
-3.510757982730865479e-01
-3.434286415576934814e-01
-3.430325090885162354e-01
-3.431677818298339844e-01
-3.447147607803344727e-01
-3.476054668426513672e-01
-3.378338813781738281e-01
-3.454585075378417969e-01
-3.400349020957946777e-01
-3.403337299823760986e-01
-3.353376090526580811e-01
-3.356947600841522217e-01
-3.300518393516540527e-01
-3.421609699726104736e-01
-3.389035761356353760e-01
-3.540853559970855713e-01
-3.494554460048675537e-01
-3.279983401298522949e-01
-3.437975049018859863e-01
-3.430236876010894775e-01
-3.467427492141723633e-01
-3.370810449123382568e-01
-3.475111722946166992e-01
-3.475703001022338867e-01
-3.407257795333862305e-01
-3.458739519119262695e-01
-3.437669575214385986e-01
-3.306427597999572754e-01
-3.420237004756927490e-01
-3.460064232349395752e-01
-3.586931228637695312e-01
-3.458629250526428223e-01
-3.502130508422851562e-01
-3.464599847793579102e-01
-3.431699275970458984e-01
-3.546793460845947266e-01
-3.440701961517333984e-01
-3.439954221248626709e-01
-3.478241562843322754e-01
-3.430376052856445312e-01
-3.449182212352752686e-01
-3.428398966789245605e-01
-3.418346345424652100e-01
-3.428657054901123047e-01
-3.415324389934539795e-01
-3.534460961818695068e-01
-3.421168625354766846e-01
-3.474577665328979492e-01
-3.427982032299041748e-01
-3.451856076717376709e-01
-3.413590490818023682e-01
-3.484005928039550781e-01
-3.497217595577239990e-01
-3.532413840293884277e-01
-3.505899608135223389e-01
-3.441809713840484619e-01
-3.481802940368652344e-01
-3.439871668815612793e-01
-3.397543430328369141e-01
-3.491175770759582520e-01
-3.384838700294494629e-01
-3.415574133396148682e-01
-3.508877456188201904e-01
-3.545590341091156006e-01
-3.403560817241668701e-01
-3.464766740798950195e-01
-3.482332825660705566e-01
-3.440865278244018555e-01
-3.519275486469268799e-01
-3.250235319137573242e-01
-3.447666764259338379e-01
-3.423055708408355713e-01
-3.566450178623199463e-01
-3.403880000114440918e-01
-3.527437746524810791e-01
-3.371919393539428711e-01
-3.479655981063842773e-01
-3.504563570022583008e-01
-3.486475348472595215e-01
-3.347448706626892090e-01
-3.330413401126861572e-01
-3.514603972434997559e-01
-3.467454910278320312e-01
-3.456267118453979492e-01
-3.465991914272308350e-01
-3.454718589782714844e-01
-3.357057273387908936e-01
-3.396732211112976074e-01
-3.428713381290435791e-01
-3.469919562339782715e-01
-3.370161950588226318e-01
-3.406044840812683105e-01
-3.451964855194091797e-01
-3.512343466281890869e-01
-3.607208430767059326e-01
-3.462321758270263672e-01
-3.340376615524291992e-01
-3.370023667812347412e-01
-3.503228425979614258e-01
-3.334537446498870850e-01
-3.378491103649139404e-01
-3.362840712070465088e-01
-3.550581932067871094e-01
-3.453419506549835205e-01
-3.481327295303344727e-01
-3.496628105640411377e-01
-3.479529619216918945e-01
-3.433489203453063965e-01
-3.427735865116119385e-01
-3.402647078037261963e-01
-3.417130112648010254e-01
-3.465806543827056885e-01
-3.399860858917236328e-01
-3.452187478542327881e-01
-3.529311120510101318e-01
-3.500211834907531738e-01
-3.398560583591461182e-01
-3.444328606128692627e-01
-3.434702754020690918e-01
-3.436892628669738770e-01
-3.446796536445617676e-01
-3.434970080852508545e-01
-3.447205126285552979e-01
-3.515805900096893311e-01
-3.441499769687652588e-01
-3.443436622619628906e-01
-3.376029729843139648e-01
-3.350638449192047119e-01
-3.381148576736450195e-01
-3.465389907360076904e-01
-3.499821424484252930e-01
-3.468674123287200928e-01
-3.525902628898620605e-01
-3.401502966880798340e-01
-3.539575338363647461e-01
-3.463998138904571533e-01
-3.455139100551605225e-01
-3.493549227714538574e-01
-3.439740538597106934e-01
-3.557917475700378418e-01
-3.408991098403930664e-01
-3.520728647708892822e-01
-3.487831652164459229e-01
-3.391611278057098389e-01
-3.255827128887176514e-01
-3.462368249893188477e-01
-3.504446148872375488e-01
-3.448181748390197754e-01
-3.459371626377105713e-01
-3.358616828918457031e-01
-3.418274521827697754e-01
-3.412370681762695312e-01
-3.416481018066406250e-01
-3.432874083518981934e-01
-3.458859920501708984e-01
-3.417316973209381104e-01
-3.398291766643524170e-01
-3.461866974830627441e-01
-3.305041193962097168e-01
-3.420309424400329590e-01
-3.389342129230499268e-01
-3.431095480918884277e-01
-3.393977582454681396e-01
-3.289533555507659912e-01
-3.496397733688354492e-01
-3.264743387699127197e-01
-3.425285518169403076e-01
-3.427882492542266846e-01
-3.464125990867614746e-01
-3.397161066532135010e-01
-3.433060944080352783e-01
-3.346477746963500977e-01
-3.394834101200103760e-01
-3.345932066440582275e-01
-3.383505940437316895e-01
-3.367394208908081055e-01
-3.370767831802368164e-01
-3.453174531459808350e-01
-3.464939594268798828e-01
-3.391075432300567627e-01
-3.347952961921691895e-01
-3.420908153057098389e-01
-3.440241217613220215e-01
-3.404758870601654053e-01
-3.456896841526031494e-01
-3.470916152000427246e-01
-3.332532346248626709e-01
-3.344020247459411621e-01
-3.511057198047637939e-01
-3.415082395076751709e-01
-3.364675343036651611e-01
-3.433781266212463379e-01
-3.364293873310089111e-01
-3.377812802791595459e-01
-3.393673598766326904e-01
-3.414574563503265381e-01
-3.379658162593841553e-01
-3.379396796226501465e-01
-3.452558517456054688e-01
-3.348098099231719971e-01
-3.535450398921966553e-01
-3.404333293437957764e-01
-3.374621272087097168e-01
-3.456603586673736572e-01
-3.462492823600769043e-01
-3.410324454307556152e-01
-3.379479050636291504e-01
-3.488617539405822754e-01
-3.288209736347198486e-01
-3.481302559375762939e-01
-3.227580785751342773e-01
-3.358085751533508301e-01
-3.510826230049133301e-01
-3.453243076801300049e-01
-3.428173363208770752e-01
-3.356397151947021484e-01
-3.380066156387329102e-01
-3.449704051017761230e-01
-3.395959138870239258e-01
-3.413772583007812500e-01
-3.482241630554199219e-01
-3.372019529342651367e-01
-3.372692167758941650e-01
-3.319571912288665771e-01
-3.527020215988159180e-01
-3.326258659362792969e-01
-3.383957445621490479e-01
-3.428299427032470703e-01
-3.497856259346008301e-01
-3.458477854728698730e-01
-3.402913808822631836e-01
-3.429976403713226318e-01
-3.341068923473358154e-01
-3.303138017654418945e-01
-3.336634039878845215e-01
-3.487710058689117432e-01
-3.360155224800109863e-01
-3.503806293010711670e-01
-3.400286138057708740e-01
-3.302544057369232178e-01
-3.370228409767150879e-01
-3.403262197971343994e-01
-3.558064699172973633e-01
-3.364461660385131836e-01
-3.417812287807464600e-01
-3.500655293464660645e-01
-3.404867649078369141e-01
-3.521081507205963135e-01
-3.468210697174072266e-01
-3.466583788394927979e-01
-3.335745632648468018e-01
-3.480242192745208740e-01
-3.533130288124084473e-01
-3.460787236690521240e-01
-3.400357067584991455e-01
-3.407273888587951660e-01
-3.384653329849243164e-01
-3.390748798847198486e-01
-3.315594494342803955e-01
-3.380402922630310059e-01
-3.418203294277191162e-01
-3.331200480461120605e-01
-3.465980291366577148e-01
-3.411783277988433838e-01
-3.433511853218078613e-01
-3.498907387256622314e-01
-3.424127101898193359e-01
-3.467228412628173828e-01
-3.338163495063781738e-01
-3.334252834320068359e-01
-3.456187248229980469e-01
-3.399333357810974121e-01
-3.393068909645080566e-01
-3.480276465415954590e-01
-3.419901132583618164e-01
-3.330812752246856689e-01
-3.362988233566284180e-01
-3.456032276153564453e-01
-3.393914699554443359e-01
-3.459116816520690918e-01
-3.474270105361938477e-01
-3.546532690525054932e-01
-3.462376296520233154e-01
-3.347858190536499023e-01
-3.421962857246398926e-01
-3.365786671638488770e-01
-3.508983850479125977e-01
-3.356384932994842529e-01
-3.386659324169158936e-01
-3.420728147029876709e-01
-3.469501733779907227e-01
-3.435383439064025879e-01
-3.415333926677703857e-01
-3.457915782928466797e-01
-3.429278433322906494e-01
-3.337943851947784424e-01
-3.329181373119354248e-01
-3.598009347915649414e-01
-3.413973748683929443e-01
-3.338910043239593506e-01
-3.372182846069335938e-01
-3.285416662693023682e-01
-3.395894765853881836e-01
-3.422657549381256104e-01
-3.404927849769592285e-01
-3.329545855522155762e-01
-3.602004945278167725e-01
-3.349945545196533203e-01
-3.384329676628112793e-01
-3.548240363597869873e-01
-3.531727194786071777e-01
-3.444856405258178711e-01
-3.414340019226074219e-01
-3.363436460494995117e-01
-3.412608504295349121e-01
-3.361665308475494385e-01
-3.316143453121185303e-01
-3.363955020904541016e-01
-3.551742136478424072e-01
-3.384091258049011230e-01
-3.424026370048522949e-01
-3.494145572185516357e-01
-3.342501819133758545e-01
-3.359886109828948975e-01
-3.477495908737182617e-01
-3.462437689304351807e-01
-3.428933322429656982e-01
-3.332622349262237549e-01
-3.456472754478454590e-01
-3.487390279769897461e-01
-3.445916473865509033e-01
-3.308013379573822021e-01
-3.425008654594421387e-01
-3.576457202434539795e-01
-3.368349075317382812e-01
-3.398391306400299072e-01
-3.418331444263458252e-01
-3.380648493766784668e-01
-3.487967550754547119e-01
-3.454322516918182373e-01
-3.383585810661315918e-01
-3.412734866142272949e-01
-3.297415971755981445e-01
-3.438415527343750000e-01
-3.512115478515625000e-01
-3.440803885459899902e-01
-3.364959657192230225e-01
-3.392573595046997070e-01
-3.463834822177886963e-01
-3.451663553714752197e-01
-3.238129913806915283e-01
-3.377668559551239014e-01
-3.409051299095153809e-01
-3.440675735473632812e-01
-3.388890027999877930e-01
-3.386512398719787598e-01
-3.455989360809326172e-01
-3.431107401847839355e-01
-3.476989865303039551e-01
-3.477866351604461670e-01
-3.486677110195159912e-01
-3.300040662288665771e-01
-3.322311341762542725e-01
-3.362832665443420410e-01
-3.453643023967742920e-01
-3.271668255329132080e-01
-3.270041942596435547e-01
-3.333715498447418213e-01
-3.355779349803924561e-01
-3.249540328979492188e-01
-3.430117070674896240e-01
-3.398065865039825439e-01
-3.398417234420776367e-01
-3.471259176731109619e-01
-3.479693531990051270e-01
-3.307847976684570312e-01
-3.413484692573547363e-01
-3.303867280483245850e-01
-3.427189588546752930e-01
-3.306931853294372559e-01
-3.423464894294738770e-01
-3.498352766036987305e-01
-3.383695781230926514e-01
-3.342295885086059570e-01
-3.432512581348419189e-01
-3.432219326496124268e-01
-3.382816016674041748e-01
-3.406395912170410156e-01
-3.413506448268890381e-01
-3.464311659336090088e-01
-3.475895822048187256e-01
-3.321101665496826172e-01
-3.435637354850769043e-01
-3.435590863227844238e-01
-3.415676951408386230e-01
-3.403339087963104248e-01
-3.373672366142272949e-01
-3.521194159984588623e-01
-3.432246148586273193e-01
-3.535773456096649170e-01
-3.461239039897918701e-01
-3.457483351230621338e-01
-3.615775704383850098e-01
-3.411528468132019043e-01
-3.630835711956024170e-01
-3.377652168273925781e-01
-3.419018685817718506e-01
-3.432098031044006348e-01
-3.462199568748474121e-01
-3.530021607875823975e-01
-3.425542116165161133e-01
-3.529001772403717041e-01
-3.430729210376739502e-01
-3.552676439285278320e-01
-3.493230044841766357e-01
-3.418727517127990723e-01
-3.342357873916625977e-01
-3.468034267425537109e-01
-3.390213549137115479e-01
-3.456921279430389404e-01
-3.407013416290283203e-01
-3.416533768177032471e-01
-3.314704000949859619e-01
-3.364184498786926270e-01
-3.437849879264831543e-01
-3.287962079048156738e-01
-3.351730108261108398e-01
-3.336701095104217529e-01
-3.298333287239074707e-01
-3.480246663093566895e-01
-3.486613929271697998e-01
-3.438258171081542969e-01
-3.309105634689331055e-01
-3.343233466148376465e-01
-3.475807309150695801e-01
-3.347988724708557129e-01
-3.451591432094573975e-01
-3.404351174831390381e-01
-3.472319841384887695e-01
-3.310647606849670410e-01
-3.362214863300323486e-01
-3.317307233810424805e-01
-3.342523574829101562e-01
-3.457193076610565186e-01
-3.425358831882476807e-01
-3.263501524925231934e-01
-3.395980894565582275e-01
-3.486441969871520996e-01
-3.489714860916137695e-01
-3.495953977108001709e-01
-3.387469947338104248e-01
-3.320738077163696289e-01
-3.314813971519470215e-01
-3.469795584678649902e-01
-3.419846892356872559e-01
-3.367900252342224121e-01
-3.392430841922760010e-01
-3.235548138618469238e-01
-3.390288352966308594e-01
-3.285068273544311523e-01
-3.273451626300811768e-01
-3.350079953670501709e-01
-3.409262001514434814e-01
-3.323208689689636230e-01
