-4.512927532196044922e-01
-4.524472653865814209e-01
-4.514679014682769775e-01
-4.514973461627960205e-01
-4.517223834991455078e-01
-4.527196586132049561e-01
-4.506004750728607178e-01
-4.510403573513031006e-01
-4.524106681346893311e-01
-4.519912600517272949e-01
-4.512757062911987305e-01
-4.514710009098052979e-01
-4.441168904304504395e-01
-4.512614011764526367e-01
-4.531342685222625732e-01
-4.515649378299713135e-01
-4.514818191528320312e-01
-4.524090588092803955e-01
-4.514917135238647461e-01
-4.509584307670593262e-01
-4.515191018581390381e-01
-4.519420862197875977e-01
-4.510242342948913574e-01
-4.496732354164123535e-01
-4.516146779060363770e-01
-4.506541192531585693e-01
-4.517568945884704590e-01
-4.525976479053497314e-01
-4.518167674541473389e-01
-4.515445828437805176e-01
-4.495289921760559082e-01
-4.507324695587158203e-01
-4.512836635112762451e-01
-4.531347751617431641e-01
-4.519606828689575195e-01
-4.521633982658386230e-01
-4.496002495288848877e-01
-4.518219530582427979e-01
-4.519021511077880859e-01
-4.510583579540252686e-01
-4.501039683818817139e-01
-4.536504447460174561e-01
-4.513193368911743164e-01
-4.510781168937683105e-01
-4.520033895969390869e-01
-4.507240056991577148e-01
-4.525679945945739746e-01
-4.520546197891235352e-01
-4.515105187892913818e-01
-4.507025182247161865e-01
-4.519417881965637207e-01
-4.514516890048980713e-01
-4.260694384574890137e-01
-4.334682226181030273e-01
-4.457564055919647217e-01
-4.297726154327392578e-01
-4.470901787281036377e-01
-4.470398426055908203e-01
-4.477517902851104736e-01
-4.501566290855407715e-01
-4.496689438819885254e-01
-4.500772058963775635e-01
-4.507199525833129883e-01
-4.502653777599334717e-01
-4.516053497791290283e-01
-4.490581154823303223e-01
-4.075301885604858398e-01
-4.155370891094207764e-01
-4.400405883789062500e-01
-4.415025413036346436e-01
-4.435271024703979492e-01
-4.481151103973388672e-01
-4.453253746032714844e-01
-4.485661685466766357e-01
-4.475259482860565186e-01
-4.475899636745452881e-01
-4.496189653873443604e-01
-4.491943418979644775e-01
-4.473426640033721924e-01
-4.499857723712921143e-01
-4.481543600559234619e-01
-4.468612074851989746e-01
-4.500043392181396484e-01
-4.499515593051910400e-01
-4.489105045795440674e-01
-4.496690034866333008e-01
-4.499529898166656494e-01
-4.476369619369506836e-01
-4.471929371356964111e-01
-4.476153552532196045e-01
-4.471974372863769531e-01
-4.471143186092376709e-01
-4.506007730960845947e-01
-4.517519474029541016e-01
-4.477044641971588135e-01
-4.462392032146453857e-01
-4.498619139194488525e-01
-4.517500698566436768e-01
-4.508158862590789795e-01
-4.479131698608398438e-01
-4.516003131866455078e-01
-4.511056244373321533e-01
-4.458319842815399170e-01
-4.491343498229980469e-01
-4.516034424304962158e-01
-4.499585330486297607e-01
-4.515116214752197266e-01
-4.505613446235656738e-01
-4.534969925880432129e-01
-4.494348764419555664e-01
-4.474901556968688965e-01
-4.515829384326934814e-01
-4.461127817630767822e-01
-4.486367702484130859e-01
-4.524292051792144775e-01
-4.511819183826446533e-01
-4.472920000553131104e-01
-4.508967995643615723e-01
-4.337818920612335205e-01
-4.521771371364593506e-01
-4.498799145221710205e-01
-4.496341347694396973e-01
-4.538113772869110107e-01
-4.459523856639862061e-01
-4.516902565956115723e-01
-4.502490758895874023e-01
-4.525990486145019531e-01
-4.524506628513336182e-01
-4.476029276847839355e-01
-4.520285427570343018e-01
-4.493128061294555664e-01
-4.514431655406951904e-01
-4.510444700717926025e-01
-4.492751359939575195e-01
-4.502143859863281250e-01
-4.489229619503021240e-01
-4.437114298343658447e-01
-4.460031688213348389e-01
-4.474180936813354492e-01
-4.473177790641784668e-01
-4.491730332374572754e-01
-4.510624110698699951e-01
-4.521530270576477051e-01
-4.515037834644317627e-01
-4.503797888755798340e-01
-4.499117434024810791e-01
-4.466544687747955322e-01
-4.509629309177398682e-01
-4.487348496913909912e-01
-4.514915645122528076e-01
-4.481734037399291992e-01
-4.506931900978088379e-01
-4.498131871223449707e-01
-4.318613708019256592e-01
-4.452163577079772949e-01
-4.482484161853790283e-01
-4.475179314613342285e-01
-4.485262036323547363e-01
-4.465225338935852051e-01
-4.480355381965637207e-01
-4.488877654075622559e-01
-4.450922310352325439e-01
-4.468531608581542969e-01
-4.498861730098724365e-01
-4.494466185569763184e-01
-4.488037824630737305e-01
-4.477460086345672607e-01
-4.505578577518463135e-01
-4.468677937984466553e-01
-4.475356042385101318e-01
-4.474319517612457275e-01
-4.480057060718536377e-01
-4.498890340328216553e-01
-4.484894275665283203e-01
-4.511245787143707275e-01
-4.453661739826202393e-01
-4.329926073551177979e-01
-4.421553015708923340e-01
-4.404811263084411621e-01
-4.444341361522674561e-01
-4.479224383831024170e-01
-4.449366331100463867e-01
-4.146854281425476074e-01
-4.413128793239593506e-01
-4.345446825027465820e-01
-4.462722837924957275e-01
-4.501327276229858398e-01
-4.474192559719085693e-01
-4.495513439178466797e-01
-4.494681954383850098e-01
-4.462236762046813965e-01
-4.482939839363098145e-01
-4.499388337135314941e-01
-4.502004981040954590e-01
-4.516778588294982910e-01
-4.504046738147735596e-01
-4.513801336288452148e-01
-4.496968984603881836e-01
-4.501292705535888672e-01
-4.493270218372344971e-01
-4.498174488544464111e-01
-4.484264254570007324e-01
-4.479280710220336914e-01
-4.511576592922210693e-01
-4.497324228286743164e-01
-4.513855576515197754e-01
-4.475379884243011475e-01
-4.499551951885223389e-01
-4.511770009994506836e-01
-4.493742585182189941e-01
-4.470508992671966553e-01
-4.490747749805450439e-01
-4.479101002216339111e-01
-4.517061710357666016e-01
-4.501417279243469238e-01
-4.493725597858428955e-01
-4.497590363025665283e-01
-4.487194716930389404e-01
-4.491629898548126221e-01
-4.484981596469879150e-01
-4.482508599758148193e-01
-4.523379504680633545e-01
-4.484194815158843994e-01
-4.492364525794982910e-01
-4.471960961818695068e-01
-4.503423571586608887e-01
-4.502254724502563477e-01
-4.514448344707489014e-01
-4.500858187675476074e-01
-4.479744732379913330e-01
-4.500476717948913574e-01
-4.434990882873535156e-01
-4.503318965435028076e-01
-4.479174017906188965e-01
-4.506193399429321289e-01
-4.498215913772583008e-01
-4.492659270763397217e-01
-4.500603973865509033e-01
-4.508779346942901611e-01
-4.491260349750518799e-01
-4.478493928909301758e-01
-4.512120485305786133e-01
-4.488550126552581787e-01
-4.496623575687408447e-01
-4.486720561981201172e-01
-4.503365159034729004e-01
-4.497071504592895508e-01
-4.495428502559661865e-01
-4.474490284919738770e-01
-4.488414824008941650e-01
-4.491853117942810059e-01
-4.507283270359039307e-01
-4.501945078372955322e-01
-4.132448136806488037e-01
-4.143536388874053955e-01
-4.220767915248870850e-01
-4.070498347282409668e-01
-4.230347871780395508e-01
-4.292334914207458496e-01
-4.345447719097137451e-01
-4.338758587837219238e-01
-4.370746016502380371e-01
-4.295710921287536621e-01
-4.391262233257293701e-01
-4.396036565303802490e-01
-4.336447715759277344e-01
-4.369882941246032715e-01
-4.404271245002746582e-01
-4.452610611915588379e-01
-4.412905275821685791e-01
-4.443196356296539307e-01
-4.442584216594696045e-01
-4.446782171726226807e-01
-4.395617842674255371e-01
-4.420268535614013672e-01
-4.422126412391662598e-01
-4.484257102012634277e-01
-4.461250603199005127e-01
-4.051683247089385986e-01
-4.192343652248382568e-01
-4.122086763381958008e-01
-4.089652001857757568e-01
-4.217064082622528076e-01
-4.255882799625396729e-01
-4.316962361335754395e-01
-4.295614361763000488e-01
-4.359998404979705811e-01
-4.283275902271270752e-01
-4.336602687835693359e-01
-4.398970603942871094e-01
-4.351660609245300293e-01
-4.438495337963104248e-01
-4.370125234127044678e-01
-4.444324970245361328e-01
-4.401735961437225342e-01
-4.409323036670684814e-01
-4.396895170211791992e-01
-4.419035017490386963e-01
-4.380006790161132812e-01
-4.471663832664489746e-01
-4.206570982933044434e-01
-4.201768934726715088e-01
-4.270327091217041016e-01
-4.305475056171417236e-01
-4.188129007816314697e-01
-4.165482819080352783e-01
-4.344958662986755371e-01
-4.248726069927215576e-01
-4.278782904148101807e-01
-4.400898516178131104e-01
-4.396606683731079102e-01
-4.387772381305694580e-01
-4.401908814907073975e-01
-4.425134360790252686e-01
-4.414363503456115723e-01
-4.424145221710205078e-01
-4.426586925983428955e-01
-4.448556602001190186e-01
-4.438878893852233887e-01
-4.448749423027038574e-01
-4.465705752372741699e-01
-4.488650560379028320e-01
-4.455713033676147461e-01
-4.463618695735931396e-01
-4.475555121898651123e-01
-4.491941034793853760e-01
-4.476588666439056396e-01
-4.410267472267150879e-01
-4.358267784118652344e-01
-4.437001943588256836e-01
-4.435908794403076172e-01
-4.457227587699890137e-01
-4.425520598888397217e-01
-4.469741284847259521e-01
-4.445696175098419189e-01
-4.437474906444549561e-01
-4.454781711101531982e-01
-4.447964727878570557e-01
-4.499354958534240723e-01
-4.487188756465911865e-01
-4.459439814090728760e-01
-4.481048882007598877e-01
-4.478497803211212158e-01
-4.470327794551849365e-01
-4.498493373394012451e-01
-4.460779428482055664e-01
-4.505499303340911865e-01
-4.485852420330047607e-01
-4.420188963413238525e-01
-4.443883001804351807e-01
-4.508022367954254150e-01
-4.493046104907989502e-01
-4.511353075504302979e-01
-4.446864426136016846e-01
-4.441094994544982910e-01
-4.477660059928894043e-01
-4.476312696933746338e-01
-4.463734030723571777e-01
-4.510509073734283447e-01
-4.466173052787780762e-01
-4.489614963531494141e-01
-4.468293488025665283e-01
-4.492644667625427246e-01
-4.481891989707946777e-01
-4.481555223464965820e-01
-4.483036696910858154e-01
-4.496262073516845703e-01
-4.472179710865020752e-01
-4.505373537540435791e-01
-4.493973851203918457e-01
-4.457597434520721436e-01
-4.484436511993408203e-01
-4.465082287788391113e-01
-4.466182887554168701e-01
-4.473173618316650391e-01
-4.475419819355010986e-01
-4.515875875949859619e-01
-4.444350600242614746e-01
-4.476242959499359131e-01
-4.445731937885284424e-01
-4.429071545600891113e-01
-4.491343796253204346e-01
-4.436156153678894043e-01
-4.469620585441589355e-01
-4.499268531799316406e-01
-4.518941044807434082e-01
-4.486547708511352539e-01
-4.476822018623352051e-01
-4.485416114330291748e-01
-4.475052356719970703e-01
-4.435375332832336426e-01
-4.502443969249725342e-01
-4.416681528091430664e-01
-4.501247704029083252e-01
-4.492114186286926270e-01
-4.452324211597442627e-01
-4.444959163665771484e-01
-4.415346682071685791e-01
-4.462375342845916748e-01
-4.449244439601898193e-01
-4.439820945262908936e-01
-4.379602372646331787e-01
-4.453571736812591553e-01
-4.435977339744567871e-01
-4.473522305488586426e-01
-4.455747008323669434e-01
-4.482958614826202393e-01
-4.504022598266601562e-01
-4.427509903907775879e-01
-4.510094523429870605e-01
-4.436928629875183105e-01
-4.433406889438629150e-01
-4.503228068351745605e-01
-4.489164948463439941e-01
-4.490317404270172119e-01
-4.469972550868988037e-01
-4.413974881172180176e-01
-4.447712302207946777e-01
-4.441044330596923828e-01
-4.381332695484161377e-01
-4.460019469261169434e-01
-4.516598582267761230e-01
-4.469495713710784912e-01
-4.457431137561798096e-01
-4.465100765228271484e-01
-4.481347799301147461e-01
-4.483354091644287109e-01
-4.441013634204864502e-01
-3.660952448844909668e-01
-4.445546865463256836e-01
-4.473298192024230957e-01
-4.457210302352905273e-01
-4.487795531749725342e-01
-4.448019266128540039e-01
-4.390137195587158203e-01
-4.462083876132965088e-01
-4.464703798294067383e-01
-4.458153247833251953e-01
-4.461745619773864746e-01
-4.466071128845214844e-01
-4.494533836841583252e-01
-4.459452629089355469e-01
-4.474876821041107178e-01
-4.408757388591766357e-01
-4.422051310539245605e-01
-4.438312053680419922e-01
-4.477323293685913086e-01
-4.466287791728973389e-01
-4.444615542888641357e-01
-4.451340734958648682e-01
-4.479754269123077393e-01
-4.482392370700836182e-01
-4.475075602531433105e-01
-4.460274279117584229e-01
-4.479854106903076172e-01
-4.468059837818145752e-01
-4.465285539627075195e-01
-4.493696987628936768e-01
-4.486670196056365967e-01
-4.448879361152648926e-01
-4.464530944824218750e-01
-4.453266561031341553e-01
-4.370267391204833984e-01
-4.492174386978149414e-01
-4.459243118762969971e-01
-4.493121206760406494e-01
-4.408688247203826904e-01
-4.449975192546844482e-01
-4.468761384487152100e-01
-4.411760270595550537e-01
-4.388738572597503662e-01
-4.424082040786743164e-01
-4.505355954170227051e-01
-4.480847120285034180e-01
-4.476146399974822998e-01
-4.492296576499938965e-01
-4.471657574176788330e-01
-4.459470808506011963e-01
-4.387702643871307373e-01
-4.467196166515350342e-01
-4.458367824554443359e-01
-4.446707665920257568e-01
-4.427123963832855225e-01
-3.781050741672515869e-01
-4.095234572887420654e-01
-4.054644405841827393e-01
-4.164183139801025391e-01
-4.157739877700805664e-01
-4.093079864978790283e-01
-4.302269816398620605e-01
-4.317025244235992432e-01
-4.307757914066314697e-01
-4.382616281509399414e-01
-4.403424859046936035e-01
-4.406316578388214111e-01
-4.266186952590942383e-01
-4.391118288040161133e-01
-4.363507032394409180e-01
-4.424088001251220703e-01
-4.436659216880798340e-01
-4.452867209911346436e-01
-4.443399608135223389e-01
-4.448625743389129639e-01
-4.430541992187500000e-01
-4.431312978267669678e-01
-4.375686645507812500e-01
-4.476813971996307373e-01
-4.469961225986480713e-01
-4.482156336307525635e-01
-4.508657157421112061e-01
-4.463826417922973633e-01
-4.420412778854370117e-01
-4.434246718883514404e-01
-4.470809102058410645e-01
-4.453465342521667480e-01
-4.461781680583953857e-01
-4.446429610252380371e-01
-4.487062394618988037e-01
-4.429185092449188232e-01
-4.465436637401580811e-01
-4.471311271190643311e-01
-4.431875646114349365e-01
-4.475183188915252686e-01
-4.461888670921325684e-01
-4.446744918823242188e-01
-4.404027760028839111e-01
-4.451912641525268555e-01
-4.460416138172149658e-01
-4.479898810386657715e-01
-4.486746490001678467e-01
-4.474284052848815918e-01
-4.436917603015899658e-01
-4.467287063598632812e-01
-4.482774436473846436e-01
-4.422871172428131104e-01
-4.456589818000793457e-01
-4.488870203495025635e-01
-4.485002458095550537e-01
-4.480781257152557373e-01
-4.427665770053863525e-01
-4.471057057380676270e-01
-4.435639083385467529e-01
-4.482626318931579590e-01
-4.479463100433349609e-01
-4.480030536651611328e-01
-4.480150640010833740e-01
-4.435145854949951172e-01
-4.466545283794403076e-01
-4.455852210521697998e-01
-4.444715976715087891e-01
-3.332560956478118896e-01
-3.745877742767333984e-01
-3.844686746597290039e-01
-4.015928506851196289e-01
-3.584845364093780518e-01
-3.919668495655059814e-01
-3.992062211036682129e-01
-3.886636495590209961e-01
-3.773083388805389404e-01
-4.209015369415283203e-01
-4.306237101554870605e-01
-4.326674938201904297e-01
-4.301501512527465820e-01
-4.325673282146453857e-01
-4.368582665920257568e-01
-4.274186491966247559e-01
-4.390911161899566650e-01
-4.355720877647399902e-01
-4.058098196983337402e-01
-4.197153449058532715e-01
-4.214839637279510498e-01
-4.208831787109375000e-01
-4.045325815677642822e-01
-4.165110886096954346e-01
-4.266146123409271240e-01
-4.332670271396636963e-01
-4.338629245758056641e-01
-4.359179139137268066e-01
-4.377292990684509277e-01
-4.353671371936798096e-01
-4.374965727329254150e-01
-4.354421198368072510e-01
-4.254885911941528320e-01
-4.394417703151702881e-01
-4.305534660816192627e-01
-4.287488460540771484e-01
-4.359435439109802246e-01
-4.320008158683776855e-01
-3.762692809104919434e-01
-4.082336425781250000e-01
-4.157321751117706299e-01
-4.055458307266235352e-01
-4.112466871738433838e-01
-4.082897603511810303e-01
-4.141282737255096436e-01
-4.098441898822784424e-01
-3.915731608867645264e-01
-4.219905436038970947e-01
-4.214925467967987061e-01
-4.206626415252685547e-01
-4.120826721191406250e-01
-4.250042140483856201e-01
-4.220624864101409912e-01
-4.218156933784484863e-01
-4.221752882003784180e-01
-4.215994179248809814e-01
-4.334548115730285645e-01
-4.095499813556671143e-01
-4.400051832199096680e-01
-4.343641698360443115e-01
-4.407666623592376709e-01
-4.087304472923278809e-01
-4.194238483905792236e-01
-4.150919318199157715e-01
-4.023306071758270264e-01
-4.062420725822448730e-01
-4.190059304237365723e-01
-4.095673859119415283e-01
-4.087736904621124268e-01
-4.169594049453735352e-01
-4.091636538505554199e-01
-4.122743904590606689e-01
-4.047942459583282471e-01
-4.077609479427337646e-01
-4.030153453350067139e-01
-4.263289272785186768e-01
-4.251025021076202393e-01
-4.183334112167358398e-01
-4.211642146110534668e-01
-3.949027061462402344e-01
-3.962016999721527100e-01
-4.194342792034149170e-01
-4.108116328716278076e-01
-4.079780876636505127e-01
-4.118568599224090576e-01
-4.205439090728759766e-01
-4.191122055053710938e-01
-4.203390777111053467e-01
-4.180437922477722168e-01
-4.204453527927398682e-01
-4.173614978790283203e-01
-4.189902842044830322e-01
-4.234053790569305420e-01
-4.188623428344726562e-01
-4.305086135864257812e-01
-4.221253097057342529e-01
-4.185551106929779053e-01
-4.155564308166503906e-01
-4.231055974960327148e-01
-4.202039837837219238e-01
-4.126762151718139648e-01
-4.114599525928497314e-01
-4.225854575634002686e-01
-4.224870502948760986e-01
-4.318262338638305664e-01
-4.215531349182128906e-01
-4.141986668109893799e-01
-4.136895835399627686e-01
-4.079301059246063232e-01
-4.282599389553070068e-01
-4.230172336101531982e-01
-4.153001606464385986e-01
-4.065324664115905762e-01
-3.968518674373626709e-01
-4.234890937805175781e-01
-4.241657853126525879e-01
-4.304110407829284668e-01
-4.372418224811553955e-01
-4.342997968196868896e-01
-4.295694530010223389e-01
-4.211146235466003418e-01
-4.197706878185272217e-01
-4.317346215248107910e-01
-4.251067638397216797e-01
-4.230068325996398926e-01
-4.298973977565765381e-01
-4.049446880817413330e-01
-3.840433955192565918e-01
-3.964848220348358154e-01
-3.985500931739807129e-01
-3.943844735622406006e-01
-4.109557867050170898e-01
-4.117582440376281738e-01
-4.101829230785369873e-01
-4.102422297000885010e-01
-4.027418196201324463e-01
-4.173627197742462158e-01
-3.944140672683715820e-01
-3.972844779491424561e-01
-3.872259557247161865e-01
-3.828572034835815430e-01
-3.862899541854858398e-01
-3.802065551280975342e-01
-3.565534651279449463e-01
-2.746967673301696777e-01
-2.971402704715728760e-01
-3.058182597160339355e-01
-3.239067792892456055e-01
-2.805738449096679688e-01
-3.007577061653137207e-01
-2.578530311584472656e-01
-2.604901790618896484e-01
-3.052233755588531494e-01
-3.010347783565521240e-01
-3.070002496242523193e-01
-2.962189912796020508e-01
-3.172149062156677246e-01
-2.971811592578887939e-01
-3.325048685073852539e-01
-3.296250104904174805e-01
-2.963875234127044678e-01
-3.201820254325866699e-01
-3.163762390613555908e-01
-3.252474367618560791e-01
-3.534823358058929443e-01
-3.086128532886505127e-01
-2.540066242218017578e-01
-3.361962139606475830e-01
-2.918036580085754395e-01
-3.022713959217071533e-01
-2.441378980875015259e-01
-2.593111097812652588e-01
-2.943273186683654785e-01
-2.790311276912689209e-01
-2.738778591156005859e-01
-3.148798346519470215e-01
-3.316689431667327881e-01
-3.672029674053192139e-01
-3.413729369640350342e-01
-3.626584112644195557e-01
-3.576051592826843262e-01
-3.592089712619781494e-01
-3.403846323490142822e-01
-3.868737816810607910e-01
-3.744891881942749023e-01
-3.915861845016479492e-01
-3.456084728240966797e-01
-3.804665207862854004e-01
-3.622375726699829102e-01
-3.928304910659790039e-01
-3.602094948291778564e-01
-3.636547923088073730e-01
-3.720066249370574951e-01
-3.824303448200225830e-01
-3.919750154018402100e-01
-3.637988865375518799e-01
-3.609678149223327637e-01
-3.756804168224334717e-01
-3.700846433639526367e-01
-3.625810444355010986e-01
-3.500694036483764648e-01
-3.652856349945068359e-01
-3.351497054100036621e-01
-3.595820367336273193e-01
-3.751095831394195557e-01
-3.574382066726684570e-01
-3.261156082153320312e-01
-3.331959545612335205e-01
-3.701892197132110596e-01
-3.895618915557861328e-01
-3.655423820018768311e-01
-3.761748969554901123e-01
-3.702282607555389404e-01
-3.409741222858428955e-01
-3.434054851531982422e-01
-3.724182546138763428e-01
-3.759151101112365723e-01
-3.504377603530883789e-01
-3.607871234416961670e-01
-3.596827387809753418e-01
-3.998799324035644531e-01
-3.919809162616729736e-01
-4.022186398506164551e-01
-3.626901209354400635e-01
-3.730234205722808838e-01
-3.747407793998718262e-01
-3.388071358203887939e-01
-3.628170788288116455e-01
-2.909111082553863525e-01
-3.108553588390350342e-01
-3.498578071594238281e-01
-3.393163383007049561e-01
-3.491976261138916016e-01
-3.607825934886932373e-01
-3.232056200504302979e-01
-3.312456011772155762e-01
-2.781313955783843994e-01
-3.318076431751251221e-01
-3.745642304420471191e-01
-3.558519780635833740e-01
-3.846137821674346924e-01
-3.489175736904144287e-01
-4.020842313766479492e-01
-3.657419085502624512e-01
-3.565987348556518555e-01
-3.850742280483245850e-01
-3.456234037876129150e-01
-3.659613430500030518e-01
-3.702411353588104248e-01
-3.312949240207672119e-01
-3.609091043472290039e-01
-3.960798680782318115e-01
-3.839519023895263672e-01
-3.349608778953552246e-01
-3.458074331283569336e-01
-3.271209299564361572e-01
-3.547572195529937744e-01
-3.696054816246032715e-01
-3.908690512180328369e-01
-3.593584001064300537e-01
-3.488236665725708008e-01
-3.631182909011840820e-01
-3.824485838413238525e-01
-3.131055235862731934e-01
-3.425834178924560547e-01
-3.859781324863433838e-01
-3.738038539886474609e-01
-4.014844298362731934e-01
-3.899506330490112305e-01
-3.859215676784515381e-01
-3.842739760875701904e-01
-3.933852314949035645e-01
-3.558153212070465088e-01
-3.709167540073394775e-01
-3.768248260021209717e-01
-3.882600069046020508e-01
-2.675438523292541504e-01
-3.013426959514617920e-01
-3.102971315383911133e-01
-3.284910619258880615e-01
-3.022958934307098389e-01
-3.177202045917510986e-01
-2.782700657844543457e-01
-3.120824992656707764e-01
-3.294196426868438721e-01
-3.440384566783905029e-01
-2.922632992267608643e-01
-3.226119279861450195e-01
-3.604958355426788330e-01
-3.709118366241455078e-01
-3.630961179733276367e-01
-3.615454733371734619e-01
-3.741407692432403564e-01
-3.449469804763793945e-01
-2.588567435741424561e-01
-2.938567399978637695e-01
-2.494787871837615967e-01
-2.073489278554916382e-01
-2.478381395339965820e-01
-2.943861186504364014e-01
-2.488444447517395020e-01
-2.834862172603607178e-01
-2.232069075107574463e-01
-2.720246016979217529e-01
-2.718320488929748535e-01
-2.257720530033111572e-01
-2.123864591121673584e-01
-2.670816779136657715e-01
-1.673994511365890503e-01
-2.531422972679138184e-01
-2.031548470258712769e-01
-2.624753415584564209e-01
-2.085022032260894775e-01
-2.354717403650283813e-01
-2.516450285911560059e-01
-2.378583103418350220e-01
-1.927990317344665527e-01
-2.879956364631652832e-01
-2.833687067031860352e-01
-2.528041601181030273e-01
-2.128958553075790405e-01
-1.989074349403381348e-01
-2.684447765350341797e-01
-2.632313370704650879e-01
-2.832595705986022949e-01
-2.678219079971313477e-01
-2.583867609500885010e-01
-2.935802638530731201e-01
-2.900379300117492676e-01
-2.522914707660675049e-01
-3.403789103031158447e-01
-3.076041936874389648e-01
-2.769910991191864014e-01
-2.826231718063354492e-01
-2.949661910533905029e-01
-3.339616358280181885e-01
-3.239773511886596680e-01
-3.016739487648010254e-01
-3.115171790122985840e-01
-2.884843647480010986e-01
-2.633154392242431641e-01
-2.732626199722290039e-01
-3.019180893898010254e-01
-2.872292995452880859e-01
-3.258035182952880859e-01
-3.229769766330718994e-01
-2.986190319061279297e-01
-3.141083717346191406e-01
-3.276447057723999023e-01
-2.836609482765197754e-01
-3.173238933086395264e-01
-2.411739230155944824e-01
-3.565985858440399170e-01
-2.485223412513732910e-01
-2.501805424690246582e-01
-3.332159221172332764e-01
-3.461134135723114014e-01
-3.448584675788879395e-01
-3.456599712371826172e-01
-3.026479482650756836e-01
-3.495448529720306396e-01
-3.601939082145690918e-01
-3.625551760196685791e-01
-3.220118582248687744e-01
-3.769654631614685059e-01
-3.572193980216979980e-01
-3.722029924392700195e-01
-3.709793090820312500e-01
-3.407031893730163574e-01
-3.879818618297576904e-01
-3.186619877815246582e-01
-3.558292090892791748e-01
-3.348456323146820068e-01
-3.374917507171630859e-01
-3.128528296947479248e-01
-3.583153188228607178e-01
-3.161985278129577637e-01
-3.234492540359497070e-01
-3.383505046367645264e-01
-3.055715262889862061e-01
-3.247291743755340576e-01
-3.123316764831542969e-01
-2.846060693264007568e-01
-2.564998865127563477e-01
-3.224849998950958252e-01
-3.295434713363647461e-01
-3.154402077198028564e-01
-3.365964591503143311e-01
-3.182515799999237061e-01
-3.274239003658294678e-01
-3.145558238029479980e-01
-3.477803468704223633e-01
-2.744749188423156738e-01
-3.286971151828765869e-01
-2.911400496959686279e-01
-3.235274255275726318e-01
-2.951113283634185791e-01
-3.175649344921112061e-01
-3.588470518589019775e-01
-3.188563287258148193e-01
-3.229602575302124023e-01
-2.781253159046173096e-01
-3.376424014568328857e-01
-3.097001910209655762e-01
-3.387890160083770752e-01
-3.505093753337860107e-01
-3.213785588741302490e-01
-3.226338624954223633e-01
-3.469500541687011719e-01
-2.889412343502044678e-01
-3.308904170989990234e-01
-3.187158703804016113e-01
-3.509477674961090088e-01
-3.057369589805603027e-01
-3.389713466167449951e-01
-3.273560106754302979e-01
-2.965615987777709961e-01
-3.415958881378173828e-01
-2.869434058666229248e-01
-2.959650158882141113e-01
-3.037973046302795410e-01
-3.146656751632690430e-01
-3.349367380142211914e-01
-3.229783177375793457e-01
-3.193880617618560791e-01
-3.105205297470092773e-01
-2.943616211414337158e-01
-3.198802471160888672e-01
-3.105878531932830811e-01
-3.101945817470550537e-01
-3.350002765655517578e-01
-3.231945931911468506e-01
-3.058358430862426758e-01
-2.168509513139724731e-01
-2.530496120452880859e-01
-2.759857475757598877e-01
-3.073413670063018799e-01
-2.602595090866088867e-01
-3.016332685947418213e-01
-2.556469440460205078e-01
-2.793848812580108643e-01
-2.847138047218322754e-01
-3.119506537914276123e-01
-2.898536026477813721e-01
-2.811642587184906006e-01
-2.961025536060333252e-01
-2.885913252830505371e-01
-3.061751425266265869e-01
-2.709580659866333008e-01
-2.803950011730194092e-01
