2.453372776508331299e-01
-6.762088835239410400e-02
-1.518969982862472534e-01
-1.905935406684875488e-01
-2.047597318887710571e-01
-2.183060944080352783e-01
-2.225536555051803589e-01
-2.229197621345520020e-01
-2.308043986558914185e-01
-2.283142358064651489e-01
-2.330681085586547852e-01
-2.398583590984344482e-01
-2.419449090957641602e-01
-2.408594489097595215e-01
-2.407925426959991455e-01
-2.412697076797485352e-01
-2.460873723030090332e-01
-2.502905130386352539e-01
-2.493515759706497192e-01
-2.503168880939483643e-01
-2.550691664218902588e-01
-2.575386464595794678e-01
-2.535046041011810303e-01
-2.540512382984161377e-01
-2.532005310058593750e-01
-2.540749907493591309e-01
-2.567633986473083496e-01
-2.551039159297943115e-01
-2.549723088741302490e-01
-2.611754834651947021e-01
-2.596872746944427490e-01
-2.591043710708618164e-01
-2.587192952632904053e-01
-2.582242190837860107e-01
-2.620763480663299561e-01
-2.595848441123962402e-01
-2.654820978641510010e-01
-2.637729942798614502e-01
-2.699334025382995605e-01
-2.715577483177185059e-01
-2.715294361114501953e-01
-2.711584568023681641e-01
-2.754760682582855225e-01
-2.691309452056884766e-01
-2.726413607597351074e-01
-2.750388681888580322e-01
-2.734305560588836670e-01
-2.713028788566589355e-01
-2.704686224460601807e-01
-2.750015854835510254e-01
-2.724182605743408203e-01
-2.717583179473876953e-01
-2.717340588569641113e-01
-2.767174243927001953e-01
-2.776094377040863037e-01
-2.718320786952972412e-01
-2.711708843708038330e-01
-2.737705111503601074e-01
-2.762755751609802246e-01
-2.748386859893798828e-01
-2.749869525432586670e-01
-2.755057811737060547e-01
-2.750502824783325195e-01
-2.738519012928009033e-01
-2.698002457618713379e-01
-2.748749554157257080e-01
-2.759392261505126953e-01
-2.797016501426696777e-01
-2.773663699626922607e-01
-2.774679362773895264e-01
-2.739886343479156494e-01
-2.726189792156219482e-01
-2.739433348178863525e-01
-2.769893407821655273e-01
-2.746071219444274902e-01
-2.734652161598205566e-01
-2.727753221988677979e-01
-2.766052782535552979e-01
-2.761153578758239746e-01
-2.719575464725494385e-01
-2.786284387111663818e-01
-2.747589051723480225e-01
-2.780386209487915039e-01
-2.752141654491424561e-01
-2.746991813182830811e-01
-2.760322391986846924e-01
-2.745955288410186768e-01
-2.781283557415008545e-01
-2.759528160095214844e-01
-2.819655239582061768e-01
-2.744125425815582275e-01
-2.785641252994537354e-01
-2.753106653690338135e-01
-2.784062027931213379e-01
-2.753220498561859131e-01
-2.771233618259429932e-01
-2.760884761810302734e-01
-2.737080156803131104e-01
-2.793092727661132812e-01
-2.756158411502838135e-01
-2.751328945159912109e-01
-2.774493396282196045e-01
-2.757769227027893066e-01
-2.727462053298950195e-01
-2.766529619693756104e-01
-2.768676280975341797e-01
-2.758398056030273438e-01
-2.762562930583953857e-01
-2.807577252388000488e-01
-2.777343690395355225e-01
-2.780055701732635498e-01
-2.817507088184356689e-01
-2.772746682167053223e-01
-2.744781970977783203e-01
-2.736461758613586426e-01
-2.810080647468566895e-01
-2.771683037281036377e-01
-2.769115269184112549e-01
-2.766069471836090088e-01
-2.729277610778808594e-01
-2.760424017906188965e-01
-2.792111933231353760e-01
-2.798187732696533203e-01
-2.782620787620544434e-01
-2.822656631469726562e-01
-2.738443613052368164e-01
-2.837601900100708008e-01
-2.779379487037658691e-01
-2.757747769355773926e-01
-2.810643017292022705e-01
-2.812310755252838135e-01
-2.778941690921783447e-01
-2.854323983192443848e-01
-2.767651379108428955e-01
-2.884257137775421143e-01
-2.822014689445495605e-01
-2.831964790821075439e-01
-2.784747779369354248e-01
-2.822584807872772217e-01
-2.833260893821716309e-01
-2.813990712165832520e-01
-2.858101725578308105e-01
-2.868828177452087402e-01
-2.897614240646362305e-01
-2.903434336185455322e-01
-2.896713316440582275e-01
-2.900205254554748535e-01
-2.906303703784942627e-01
-2.917393743991851807e-01
-2.921073734760284424e-01
-2.919542193412780762e-01
-2.914175093173980713e-01
-2.895946800708770752e-01
-2.913458943367004395e-01
-2.898044288158416748e-01
-2.912912070751190186e-01
-2.929778993129730225e-01
-2.912046909332275391e-01
-2.909547686576843262e-01
-2.921307086944580078e-01
-2.913531959056854248e-01
-2.908647954463958740e-01
-2.948737144470214844e-01
-2.923065125942230225e-01
-2.926594316959381104e-01
-2.967365384101867676e-01
-2.956641912460327148e-01
-2.935045063495635986e-01
-2.924703657627105713e-01
-2.880743443965911865e-01
-2.941734790802001953e-01
-2.939326167106628418e-01
-2.949136495590209961e-01
-2.938403487205505371e-01
-2.933552563190460205e-01
-2.939887642860412598e-01
-2.930283248424530029e-01
-2.920751869678497314e-01
-2.908412218093872070e-01
-2.923894226551055908e-01
-2.911419570446014404e-01
-2.918369174003601074e-01
-2.927495539188385010e-01
-2.946298718452453613e-01
-2.966131269931793213e-01
-2.982477247714996338e-01
-2.951988875865936279e-01
-2.964819371700286865e-01
-2.904241681098937988e-01
-2.935517430305480957e-01
-2.943023741245269775e-01
-2.948045730590820312e-01
-2.946467995643615723e-01
-2.928801774978637695e-01
-2.920873463153839111e-01
-2.936241626739501953e-01
-2.977525293827056885e-01
-2.980672717094421387e-01
-2.967692315578460693e-01
-2.955395579338073730e-01
-2.913040816783905029e-01
-2.980661392211914062e-01
-2.989447116851806641e-01
-2.940143346786499023e-01
-2.955508828163146973e-01
-2.952982187271118164e-01
-2.960181832313537598e-01
-2.948159575462341309e-01
-2.964614629745483398e-01
-2.943128645420074463e-01
-2.923896908760070801e-01
-2.927691638469696045e-01
-2.966738343238830566e-01
-2.924376726150512695e-01
-2.945379018783569336e-01
-2.923437058925628662e-01
-2.977868020534515381e-01
-2.958587110042572021e-01
-2.956453263759613037e-01
-2.963619530200958252e-01
-2.935297787189483643e-01
-2.950985431671142578e-01
-2.939649224281311035e-01
-2.936232089996337891e-01
-2.958046495914459229e-01
-2.940457165241241455e-01
-2.954995036125183105e-01
-2.980667054653167725e-01
-2.964823544025421143e-01
-2.954486310482025146e-01
-2.924306690692901611e-01
-2.976494133472442627e-01
-2.936789989471435547e-01
-2.982194125652313232e-01
-2.956379950046539307e-01
-2.945274710655212402e-01
-2.938713133335113525e-01
-2.953784763813018799e-01
-3.004045486450195312e-01
-3.006543517112731934e-01
-2.973400950431823730e-01
-2.977924942970275879e-01
-2.943988144397735596e-01
-2.981650531291961670e-01
-3.004284799098968506e-01
-2.970531284809112549e-01
-2.959903776645660400e-01
-2.985213696956634521e-01
-2.968903779983520508e-01
-2.957035601139068604e-01
-2.977642416954040527e-01
-2.975306212902069092e-01
-2.981590628623962402e-01
-2.946990132331848145e-01
-2.971340715885162354e-01
-2.972889542579650879e-01
-2.942897379398345947e-01
-2.969134151935577393e-01
-2.973360717296600342e-01
-2.982243597507476807e-01
-2.940226495265960693e-01
-2.991694808006286621e-01
-2.996763586997985840e-01
-2.970713376998901367e-01
-2.954046428203582764e-01
-2.946671843528747559e-01
-2.964662611484527588e-01
-2.967567741870880127e-01
-2.963114976882934570e-01
-3.008735477924346924e-01
-2.940515577793121338e-01
-2.983146607875823975e-01
-2.961975038051605225e-01
-2.990775704383850098e-01
-2.971941530704498291e-01
-2.992823421955108643e-01
-2.964364886283874512e-01
-2.955949604511260986e-01
-2.981820106506347656e-01
-2.948395013809204102e-01
-2.974992990493774414e-01
-2.968734204769134521e-01
-2.967762351036071777e-01
-2.979878485202789307e-01
-2.981328368186950684e-01
-2.984230220317840576e-01
-2.961059510707855225e-01
-2.942050993442535400e-01
-3.003350794315338135e-01
-3.000581562519073486e-01
-2.976145744323730469e-01
-2.944661080837249756e-01
-2.970387935638427734e-01
-2.976059019565582275e-01
-2.967630922794342041e-01
-2.969498336315155029e-01
-2.948944270610809326e-01
-2.979309558868408203e-01
-2.964603006839752197e-01
-2.986672222614288330e-01
-3.004835844039916992e-01
-3.011736869812011719e-01
-2.991748154163360596e-01
-2.934821844100952148e-01
-2.976409792900085449e-01
-2.967839241027832031e-01
-2.939760088920593262e-01
-2.976438105106353760e-01
-2.977303862571716309e-01
-2.958638966083526611e-01
-3.005966246128082275e-01
-2.957251667976379395e-01
-2.958959341049194336e-01
-2.995614707469940186e-01
-2.958875596523284912e-01
-2.996118664741516113e-01
-2.975546121597290039e-01
-2.985222041606903076e-01
-2.964559495449066162e-01
-2.967894971370697021e-01
-2.971582412719726562e-01
-2.943603992462158203e-01
-2.978424429893493652e-01
-2.996706366539001465e-01
-3.004759550094604492e-01
-2.983545064926147461e-01
-2.975969910621643066e-01
-2.994031906127929688e-01
-2.964611649513244629e-01
-2.984215617179870605e-01
-2.992081642150878906e-01
-3.001543581485748291e-01
-2.994968295097351074e-01
-2.997788190841674805e-01
-2.991854846477508545e-01
-2.976674735546112061e-01
-2.962609827518463135e-01
-2.958154082298278809e-01
-3.007164597511291504e-01
-2.994198799133300781e-01
-2.990627586841583252e-01
-2.934701442718505859e-01
-2.988845407962799072e-01
-2.972651422023773193e-01
-2.975052595138549805e-01
-2.969152927398681641e-01
-2.988772690296173096e-01
-2.972224652767181396e-01
-2.988623976707458496e-01
-2.992988526821136475e-01
-3.004010617733001709e-01
-2.984152734279632568e-01
-2.958720922470092773e-01
-2.979047894477844238e-01
-3.005356490612030029e-01
-3.003147840499877930e-01
-2.982104718685150146e-01
-2.991820573806762695e-01
-2.981667518615722656e-01
-2.971830368041992188e-01
-2.988093495368957520e-01
-2.965791523456573486e-01
-2.983480095863342285e-01
-2.977548837661743164e-01
-2.993977069854736328e-01
-3.009663522243499756e-01
-2.981332540512084961e-01
-2.990141212940216064e-01
-2.985403537750244141e-01
-3.017545640468597412e-01
-2.985300719738006592e-01
-2.952847182750701904e-01
-2.975339293479919434e-01
-3.005386888980865479e-01
-2.996544837951660156e-01
-2.985100448131561279e-01
-3.027781248092651367e-01
-2.963106632232666016e-01
-2.956568598747253418e-01
-2.973447740077972412e-01
-2.979420721530914307e-01
-2.968700826168060303e-01
-2.990214228630065918e-01
-2.968865931034088135e-01
-3.015111684799194336e-01
-3.003329932689666748e-01
-2.988784313201904297e-01
-2.986963391304016113e-01
-3.046122789382934570e-01
-2.982080876827239990e-01
-3.003586828708648682e-01
-3.000182509422302246e-01
-3.014837503433227539e-01
-2.965833246707916260e-01
-2.970817983150482178e-01
-2.979879677295684814e-01
-2.982651889324188232e-01
-2.958543896675109863e-01
-2.994261085987091064e-01
-2.966727614402770996e-01
-2.994938790798187256e-01
-2.991248071193695068e-01
-2.985479235649108887e-01
-2.979247868061065674e-01
-2.993430495262145996e-01
-2.985559999942779541e-01
-2.976973652839660645e-01
-3.009915351867675781e-01
-2.980093359947204590e-01
-2.961370050907135010e-01
-2.994373142719268799e-01
-2.995690405368804932e-01
-3.004444241523742676e-01
-2.985328435897827148e-01
-3.019331991672515869e-01
-3.008814752101898193e-01
-3.021046519279479980e-01
-2.980245947837829590e-01
-3.002762496471405029e-01
-2.973005473613739014e-01
-3.002828359603881836e-01
-3.039866089820861816e-01
-2.969295680522918701e-01
-3.001730442047119141e-01
-2.973515093326568604e-01
-3.044471442699432373e-01
-3.013329505920410156e-01
-3.022979795932769775e-01
-3.049150109291076660e-01
-3.021349310874938965e-01
-2.998386621475219727e-01
-3.004837334156036377e-01
-2.979514896869659424e-01
-3.016883432865142822e-01
-3.012727797031402588e-01
-3.006730377674102783e-01
-3.003084659576416016e-01
-3.001881241798400879e-01
-2.980961203575134277e-01
-3.001804947853088379e-01
-2.986742556095123291e-01
-3.008005023002624512e-01
-3.003945350646972656e-01
-3.030696809291839600e-01
-2.965022027492523193e-01
-2.995974719524383545e-01
-3.001123666763305664e-01
-2.998452484607696533e-01
-3.002713620662689209e-01
-3.002166450023651123e-01
-3.052037954330444336e-01
-2.977295219898223877e-01
-3.011673092842102051e-01
-2.971914708614349365e-01
-3.032381832599639893e-01
-2.983568608760833740e-01
-3.037141859531402588e-01
-2.994102835655212402e-01
-3.003888130187988281e-01
-3.037004470825195312e-01
-3.011141419410705566e-01
-3.000186979770660400e-01
-2.966129779815673828e-01
-3.021600842475891113e-01
-3.027061223983764648e-01
-3.000842332839965820e-01
-2.992244958877563477e-01
-2.986403405666351318e-01
-2.990464568138122559e-01
-3.016644716262817383e-01
-3.010405302047729492e-01
-3.036572635173797607e-01
-3.012339770793914795e-01
-3.020653724670410156e-01
-2.965901196002960205e-01
-3.004119098186492920e-01
-3.022793531417846680e-01
-3.006393313407897949e-01
-3.001592457294464111e-01
-3.018449842929840088e-01
-2.995268106460571289e-01
-3.016518056392669678e-01
-3.021109700202941895e-01
-2.998041510581970215e-01
-3.053725659847259521e-01
-3.011132776737213135e-01
-2.987410426139831543e-01
-3.024909198284149170e-01
-3.004283308982849121e-01
-3.062651455402374268e-01
-3.006189167499542236e-01
-2.988942265510559082e-01
-3.012451827526092529e-01
-2.984567880630493164e-01
-3.022462725639343262e-01
-3.016947209835052490e-01
-3.042618334293365479e-01
-3.033049404621124268e-01
-3.038401603698730469e-01
-3.018917441368103027e-01
-3.031705915927886963e-01
-3.011933863162994385e-01
-2.994122207164764404e-01
-3.080242872238159180e-01
-3.041062653064727783e-01
-3.039777874946594238e-01
-3.061114251613616943e-01
-3.029368221759796143e-01
-3.006942868232727051e-01
-3.017040491104125977e-01
-3.038834035396575928e-01
-3.067298531532287598e-01
-3.033850789070129395e-01
-3.051753044128417969e-01
-3.053630292415618896e-01
-3.016104698181152344e-01
-3.011590540409088135e-01
-3.039489984512329102e-01
-3.026384413242340088e-01
-3.024191856384277344e-01
-3.040638267993927002e-01
-3.064715564250946045e-01
-3.035841584205627441e-01
-3.056607246398925781e-01
-3.035951852798461914e-01
-3.044679164886474609e-01
-3.040162920951843262e-01
-3.059013485908508301e-01
-3.021396398544311523e-01
-3.055534064769744873e-01
-3.042818009853363037e-01
-3.040210604667663574e-01
-3.033432662487030029e-01
-3.060601055622100830e-01
-3.016745746135711670e-01
-3.046146929264068604e-01
-3.044350445270538330e-01
-3.045296967029571533e-01
-3.048376441001892090e-01
-3.031559586524963379e-01
-3.039746582508087158e-01
-3.091222345829010010e-01
-3.046726584434509277e-01
-3.032515347003936768e-01
-3.045460283756256104e-01
-3.020111620426177979e-01
-3.039943277835845947e-01
-3.078859150409698486e-01
-3.073180317878723145e-01
-3.059116899967193604e-01
-3.048868477344512939e-01
-3.062316775321960449e-01
-3.042284250259399414e-01
-3.041879832744598389e-01
-3.065228164196014404e-01
-3.016472160816192627e-01
-3.071075677871704102e-01
-3.076061606407165527e-01
-3.097477555274963379e-01
-3.053839504718780518e-01
-3.041419684886932373e-01
-3.068876266479492188e-01
-3.086154162883758545e-01
-3.077444732189178467e-01
-3.057388961315155029e-01
-3.077380955219268799e-01
-3.114603459835052490e-01
-3.074544072151184082e-01
-3.082836270332336426e-01
-3.065038621425628662e-01
-3.060318827629089355e-01
-3.077695071697235107e-01
-3.061076104640960693e-01
-3.045087456703186035e-01
-3.095524311065673828e-01
-3.068805634975433350e-01
-3.088439702987670898e-01
-3.112059831619262695e-01
-3.082914948463439941e-01
-3.093997240066528320e-01
-3.080950975418090820e-01
-3.090718686580657959e-01
-3.084220588207244873e-01
-3.067713677883148193e-01
-3.083402514457702637e-01
-3.070552945137023926e-01
-3.058735430240631104e-01
-3.116509318351745605e-01
-3.058035075664520264e-01
-3.067630529403686523e-01
-3.081871271133422852e-01
-3.081544041633605957e-01
-3.078939318656921387e-01
-3.073846995830535889e-01
-3.099052309989929199e-01
-3.056244552135467529e-01
-3.096277415752410889e-01
-3.059587478637695312e-01
-3.094676434993743896e-01
-3.097613453865051270e-01
-3.074728250503540039e-01
-3.084398806095123291e-01
-3.087530434131622314e-01
-3.094865083694458008e-01
-3.087987005710601807e-01
-3.088462054729461670e-01
-3.092688620090484619e-01
-3.072423040866851807e-01
-3.083031475543975830e-01
-3.091706931591033936e-01
-3.117131590843200684e-01
-3.106246888637542725e-01
-3.126491904258728027e-01
-3.107952773571014404e-01
-3.091359138488769531e-01
-3.120887875556945801e-01
-3.087294995784759521e-01
-3.070177733898162842e-01
-3.094558119773864746e-01
-3.081639111042022705e-01
-3.106632828712463379e-01
-3.087951838970184326e-01
-3.110601305961608887e-01
-3.134281337261199951e-01
-3.087296187877655029e-01
-3.106465339660644531e-01
-3.088928461074829102e-01
-3.105830550193786621e-01
-3.090486824512481689e-01
-3.109136521816253662e-01
-3.103235960006713867e-01
-3.068336844444274902e-01
-3.077878952026367188e-01
-3.099835813045501709e-01
-3.140258193016052246e-01
-3.096026480197906494e-01
-3.127940297126770020e-01
-3.099802136421203613e-01
-3.090835809707641602e-01
-3.097113072872161865e-01
-3.110174238681793213e-01
-3.098881840705871582e-01
-3.098438382148742676e-01
-3.117793500423431396e-01
-3.106239140033721924e-01
-3.067920804023742676e-01
-3.115110099315643311e-01
-3.086111545562744141e-01
-3.109247088432312012e-01
-3.117447197437286377e-01
-3.113043308258056641e-01
-3.105964064598083496e-01
-3.091042041778564453e-01
-3.076597154140472412e-01
-3.104970157146453857e-01
-3.104070425033569336e-01
-3.142622709274291992e-01
-3.101658225059509277e-01
-3.101556301116943359e-01
-3.089796900749206543e-01
-3.123305439949035645e-01
-3.086462020874023438e-01
-3.103604018688201904e-01
-3.109677731990814209e-01
-3.103298246860504150e-01
-3.092787861824035645e-01
-3.155768513679504395e-01
-3.101532459259033203e-01
-3.098958730697631836e-01
-3.130105733871459961e-01
-3.116533756256103516e-01
-3.144833445549011230e-01
-3.068657517433166504e-01
-3.089978694915771484e-01
-3.129715621471405029e-01
-3.134430646896362305e-01
-3.081489503383636475e-01
-3.134164512157440186e-01
-3.116698265075683594e-01
-3.153881430625915527e-01
-3.117952346801757812e-01
-3.109246790409088135e-01
-3.104889094829559326e-01
-3.094989061355590820e-01
-3.104764521121978760e-01
-3.101024925708770752e-01
-3.120815455913543701e-01
-3.146934807300567627e-01
-3.129254877567291260e-01
-3.122854530811309814e-01
-3.099068105220794678e-01
-3.121779263019561768e-01
-3.127654492855072021e-01
-3.115540742874145508e-01
-3.124377727508544922e-01
-3.124825358390808105e-01
-3.120028972625732422e-01
-3.118622004985809326e-01
-3.096775412559509277e-01
-3.131221234798431396e-01
-3.100065588951110840e-01
-3.120281696319580078e-01
-3.101521134376525879e-01
-3.154617547988891602e-01
-3.114533126354217529e-01
-3.118909895420074463e-01
-3.090020716190338135e-01
-3.140898942947387695e-01
-3.115014731884002686e-01
-3.110326528549194336e-01
-3.136390149593353271e-01
-3.155747950077056885e-01
-3.140186965465545654e-01
-3.107502460479736328e-01
-3.101485669612884521e-01
-3.132463097572326660e-01
-3.130914866924285889e-01
-3.119601905345916748e-01
-3.115061521530151367e-01
-3.136696815490722656e-01
-3.141576051712036133e-01
-3.104696869850158691e-01
-3.121752142906188965e-01
-3.115804195404052734e-01
-3.113048672676086426e-01
-3.123934268951416016e-01
-3.114973902702331543e-01
-3.107775747776031494e-01
-3.126458823680877686e-01
-3.136518597602844238e-01
-3.105615377426147461e-01
-3.114350438117980957e-01
-3.129594624042510986e-01
-3.133919835090637207e-01
-3.120100796222686768e-01
-3.132231533527374268e-01
-3.132202029228210449e-01
-3.128970861434936523e-01
-3.147518634796142578e-01
-3.146682977676391602e-01
-3.156678974628448486e-01
-3.151824474334716797e-01
-3.125098645687103271e-01
-3.143020570278167725e-01
-3.121650218963623047e-01
-3.135538995265960693e-01
-3.123827576637268066e-01
-3.160258829593658447e-01
-3.122814297676086426e-01
-3.124468922615051270e-01
-3.150717914104461670e-01
-3.139832019805908203e-01
-3.134373724460601807e-01
-3.130885660648345947e-01
-3.157328367233276367e-01
-3.116420507431030273e-01
-3.107093274593353271e-01
-3.126482069492340088e-01
-3.109730184078216553e-01
-3.150510489940643311e-01
-3.120228350162506104e-01
-3.161372542381286621e-01
-3.121019303798675537e-01
-3.144271373748779297e-01
-3.145747780799865723e-01
-3.152936995029449463e-01
-3.119629025459289551e-01
-3.146249353885650635e-01
-3.133638203144073486e-01
-3.122410178184509277e-01
-3.161835968494415283e-01
-3.130933940410614014e-01
-3.152960240840911865e-01
-3.138637840747833252e-01
-3.132094740867614746e-01
-3.133254349231719971e-01
-3.148101866245269775e-01
-3.136113584041595459e-01
-3.143002390861511230e-01
-3.145057260990142822e-01
-3.131702840328216553e-01
-3.124321997165679932e-01
-3.148728609085083008e-01
-3.152078390121459961e-01
-3.158572912216186523e-01
-3.141558766365051270e-01
-3.190013766288757324e-01
-3.155504465103149414e-01
-3.133508861064910889e-01
-3.161060512065887451e-01
-3.139121234416961670e-01
-3.156692981719970703e-01
-3.152747154235839844e-01
-3.170129060745239258e-01
-3.141205906867980957e-01
-3.167014718055725098e-01
-3.149295747280120850e-01
-3.143760859966278076e-01
-3.153879344463348389e-01
-3.158167302608489990e-01
-3.143886029720306396e-01
-3.110875785350799561e-01
-3.158356249332427979e-01
-3.162327408790588379e-01
-3.125089406967163086e-01
-3.111261725425720215e-01
-3.140136599540710449e-01
-3.178599774837493896e-01
-3.179280459880828857e-01
-3.126149773597717285e-01
-3.131395280361175537e-01
-3.152437210083007812e-01
-3.148452639579772949e-01
-3.133829236030578613e-01
-3.197435438632965088e-01
-3.133735060691833496e-01
-3.162343800067901611e-01
-3.144553601741790771e-01
-3.160831332206726074e-01
-3.153336644172668457e-01
-3.170953392982482910e-01
-3.177686631679534912e-01
-3.150662481784820557e-01
-3.146086335182189941e-01
-3.130366802215576172e-01
-3.129790127277374268e-01
-3.128336668014526367e-01
-3.150373399257659912e-01
-3.154170811176300049e-01
-3.150783777236938477e-01
-3.144439756870269775e-01
-3.144765198230743408e-01
-3.147494494915008545e-01
-3.150296807289123535e-01
-3.173498511314392090e-01
-3.158790767192840576e-01
-3.144350051879882812e-01
-3.177058994770050049e-01
-3.173216581344604492e-01
-3.147588968276977539e-01
-3.177201151847839355e-01
-3.138231337070465088e-01
-3.166611194610595703e-01
-3.159981667995452881e-01
-3.173082768917083740e-01
-3.168520629405975342e-01
-3.174276649951934814e-01
-3.152302801609039307e-01
-3.158843517303466797e-01
-3.181151151657104492e-01
-3.181549012660980225e-01
-3.150195181369781494e-01
-3.171883523464202881e-01
-3.139445781707763672e-01
-3.171219527721405029e-01
-3.158721029758453369e-01
-3.174134790897369385e-01
-3.148892223834991455e-01
-3.166274130344390869e-01
-3.138915896415710449e-01
-3.147678077220916748e-01
-3.135805428028106689e-01
-3.154732286930084229e-01
-3.176465928554534912e-01
-3.175355494022369385e-01
-3.174049854278564453e-01
-3.169801831245422363e-01
-3.186441361904144287e-01
-3.178238272666931152e-01
-3.182175159454345703e-01
-3.179000318050384521e-01
-3.161276280879974365e-01
-3.187668323516845703e-01
-3.179638087749481201e-01
-3.146450817584991455e-01
-3.138308227062225342e-01
-3.175061047077178955e-01
-3.174874782562255859e-01
-3.177318871021270752e-01
-3.183872699737548828e-01
-3.199995756149291992e-01
-3.173062503337860107e-01
-3.140213489532470703e-01
-3.166694343090057373e-01
-3.178067505359649658e-01
-3.161085247993469238e-01
-3.165339231491088867e-01
-3.174356818199157715e-01
-3.161542713642120361e-01
-3.155755102634429932e-01
-3.176956772804260254e-01
-3.189627826213836670e-01
-3.157592117786407471e-01
-3.140112757682800293e-01
-3.167338371276855469e-01
-3.172988891601562500e-01
-3.193745613098144531e-01
-3.144015967845916748e-01
-3.155949115753173828e-01
-3.189385235309600830e-01
-3.179563581943511963e-01
-3.135583996772766113e-01
-3.174973726272583008e-01
-3.211916983127593994e-01
-3.142089545726776123e-01
-3.170201480388641357e-01
-3.168309330940246582e-01
-3.175951242446899414e-01
-3.174732625484466553e-01
-3.147422671318054199e-01
-3.187637627124786377e-01
-3.164692521095275879e-01
-3.182643949985504150e-01
-3.185736835002899170e-01
-3.193036615848541260e-01
-3.201173543930053711e-01
-3.162514269351959229e-01
-3.179778754711151123e-01
-3.177468180656433105e-01
-3.176445960998535156e-01
-3.170435130596160889e-01
-3.177415728569030762e-01
-3.160690367221832275e-01
-3.177299201488494873e-01
-3.159589469432830811e-01
-3.145689070224761963e-01
-3.163632750511169434e-01
-3.167700171470642090e-01
-3.176179230213165283e-01
-3.200771808624267578e-01
-3.168153464794158936e-01
-3.187174797058105469e-01
-3.179017603397369385e-01
-3.193559050559997559e-01
-3.147790431976318359e-01
-3.214175999164581299e-01
-3.183151781558990479e-01
-3.170929551124572754e-01
-3.204458653926849365e-01
-3.177604973316192627e-01
-3.180160820484161377e-01
-3.180447518825531006e-01
-3.166009485721588135e-01
-3.179161548614501953e-01
-3.184671103954315186e-01
-3.188129365444183350e-01
-3.176103532314300537e-01
-3.167643845081329346e-01
-3.159087896347045898e-01
-3.194830715656280518e-01
-3.187677562236785889e-01
-3.154712915420532227e-01
-3.201844394207000732e-01
-3.183822631835937500e-01
-3.169383108615875244e-01
-3.171826601028442383e-01
-3.165918290615081787e-01
-3.204838633537292480e-01
-3.198770880699157715e-01
-3.184857666492462158e-01
-3.200659453868865967e-01
-3.184382319450378418e-01
-3.194832503795623779e-01
-3.172119855880737305e-01
-3.211106061935424805e-01
-3.189280927181243896e-01
-3.209425806999206543e-01
-3.206841945648193359e-01
-3.185936212539672852e-01
-3.172540366649627686e-01
-3.212774097919464111e-01
-3.168052434921264648e-01
-3.174133002758026123e-01
-3.224540948867797852e-01
-3.196603655815124512e-01
-3.193973898887634277e-01
-3.176514804363250732e-01
-3.148005902767181396e-01
-3.185552954673767090e-01
-3.194964528083801270e-01
-3.192188739776611328e-01
-3.205787241458892822e-01
-3.167577683925628662e-01
-3.161912262439727783e-01
-3.178353607654571533e-01
-3.165231645107269287e-01
-3.186472356319427490e-01
-3.159346878528594971e-01
-3.213819563388824463e-01
-3.164728879928588867e-01
-3.187842369079589844e-01
-3.198203146457672119e-01
-3.192728459835052490e-01
-3.181058466434478760e-01
-3.194816410541534424e-01
-3.211624920368194580e-01
-3.191246390342712402e-01
-3.194362819194793701e-01
-3.169772624969482422e-01
-3.206600248813629150e-01
-3.152864277362823486e-01
-3.160872757434844971e-01
-3.201313316822052002e-01
-3.203130960464477539e-01
-3.193682432174682617e-01
-3.178161084651947021e-01
-3.189350366592407227e-01
-3.174644112586975098e-01
-3.158764839172363281e-01
-3.187876641750335693e-01
-3.155515789985656738e-01
-3.210501074790954590e-01
-3.181572556495666504e-01
-3.221357166767120361e-01
-3.187417984008789062e-01
-3.177750110626220703e-01
-3.183449506759643555e-01
-3.199247419834136963e-01
-3.178222775459289551e-01
-3.179318308830261230e-01
-3.190396428108215332e-01
-3.224640190601348877e-01
-3.191449642181396484e-01
-3.199091851711273193e-01
-3.165826499462127686e-01
-3.185994923114776611e-01
-3.183671236038208008e-01
-3.141697943210601807e-01
-3.166244626045227051e-01
-3.190493881702423096e-01
-3.178833723068237305e-01
-3.214617371559143066e-01
-3.217364847660064697e-01
-3.199713826179504395e-01
-3.207520544528961182e-01
-3.175374865531921387e-01
-3.217333853244781494e-01
-3.197487890720367432e-01
-3.154473006725311279e-01
-3.176034092903137207e-01
-3.182881772518157959e-01
-3.173010945320129395e-01
-3.196227848529815674e-01
-3.177123367786407471e-01
-3.193421959877014160e-01
-3.197227120399475098e-01
-3.202794194221496582e-01
-3.194175362586975098e-01
-3.181531727313995361e-01
-3.191941380500793457e-01
-3.166503310203552246e-01
-3.193136453628540039e-01
-3.188292980194091797e-01
-3.175456523895263672e-01
-3.217642903327941895e-01
-3.177005052566528320e-01
-3.188141584396362305e-01
-3.195238411426544189e-01
-3.207776248455047607e-01
-3.197831511497497559e-01
-3.210040330886840820e-01
-3.211887776851654053e-01
-3.198392987251281738e-01
-3.207378089427947998e-01
-3.190743923187255859e-01
-3.194282352924346924e-01
-3.220303356647491455e-01
-3.215004205703735352e-01
-3.209097087383270264e-01
-3.214595317840576172e-01
-3.219752609729766846e-01
-3.201836347579956055e-01
-3.187111914157867432e-01
-3.201676309108734131e-01
-3.189743757247924805e-01
-3.158455193042755127e-01
-3.161844611167907715e-01
-3.210672438144683838e-01
-3.210104405879974365e-01
-3.198535144329071045e-01
-3.188884854316711426e-01
-3.194191157817840576e-01
-3.185406625270843506e-01
-3.169689774513244629e-01
-3.197967112064361572e-01
-3.171340823173522949e-01
-3.215795159339904785e-01
-3.190335929393768311e-01
-3.226881027221679688e-01
-3.204029500484466553e-01
-3.186571598052978516e-01
-3.192700743675231934e-01
-3.208366930484771729e-01
-3.199056982994079590e-01
-3.188507258892059326e-01
-3.199468851089477539e-01
-3.231671154499053955e-01
-3.199316263198852539e-01
-3.213557302951812744e-01
-3.179803490638732910e-01
-3.183880150318145752e-01
-3.198272585868835449e-01
-3.162853121757507324e-01
-3.178830444812774658e-01
-3.202995657920837402e-01
-3.192203342914581299e-01
-3.215192854404449463e-01
-3.221206367015838623e-01
-3.206145167350769043e-01
-3.221115171909332275e-01
-3.196356296539306641e-01
-3.222618401050567627e-01
-3.205707371234893799e-01
-3.165700733661651611e-01
-3.179760277271270752e-01
-3.192093372344970703e-01
-3.193128108978271484e-01
-3.206679821014404297e-01
-3.194266855716705322e-01
-3.202165961265563965e-01
-3.203947246074676514e-01
-3.197939991950988770e-01
-3.201106488704681396e-01
-3.197372853755950928e-01
-3.207666575908660889e-01
-3.176956176757812500e-01
-3.199861347675323486e-01
-3.201558887958526611e-01
-3.178983032703399658e-01
-3.224106132984161377e-01
-3.183954358100891113e-01
-3.197292387485504150e-01
-3.207762539386749268e-01
-3.224907815456390381e-01
-3.211270868778228760e-01
-3.211949169635772705e-01
-3.231049180030822754e-01
-3.197738826274871826e-01
-3.206434249877929688e-01
-3.196318149566650391e-01
-3.210350573062896729e-01
-3.236036300659179688e-01
-3.213355541229248047e-01
-3.218769431114196777e-01
-3.219898045063018799e-01
-3.225628733634948730e-01
-3.216980993747711182e-01
-3.195708990097045898e-01
-3.215018510818481445e-01
-3.193463683128356934e-01
-3.215778768062591553e-01
-3.211990296840667725e-01
-3.207859992980957031e-01
-3.221209943294525146e-01
-3.207655847072601318e-01
-3.195750713348388672e-01
-3.180610239505767822e-01
-3.206164836883544922e-01
-3.201086819171905518e-01
-3.208610713481903076e-01
-3.201942443847656250e-01
-3.165668845176696777e-01
-3.194685280323028564e-01
-3.189553916454315186e-01
-3.230907618999481201e-01
-3.200614452362060547e-01
-3.226043581962585449e-01
-3.213632702827453613e-01
-3.192920386791229248e-01
-3.196935355663299561e-01
-3.198814094066619873e-01
-3.202384710311889648e-01
-3.211234807968139648e-01
-3.228066265583038330e-01
-3.203312456607818604e-01
-3.164754509925842285e-01
-3.187147974967956543e-01
-3.202027976512908936e-01
-3.208003044128417969e-01
-3.212145268917083740e-01
-3.209331631660461426e-01
-3.191223144531250000e-01
-3.208698034286499023e-01
-3.205900490283966064e-01
-3.226787447929382324e-01
-3.206541538238525391e-01
-3.239563703536987305e-01
-3.213191628456115723e-01
-3.229974508285522461e-01
-3.209375143051147461e-01
-3.226576149463653564e-01
-3.217746615409851074e-01
-3.182965815067291260e-01
-3.227103352546691895e-01
-3.205370903015136719e-01
-3.191983997821807861e-01
-3.234657347202301025e-01
-3.210634291172027588e-01
-3.192558288574218750e-01
-3.207372725009918213e-01
-3.205085992813110352e-01
-3.251278102397918701e-01
-3.188679814338684082e-01
-3.182836771011352539e-01
-3.218232095241546631e-01
-3.249891996383666992e-01
-3.186900317668914795e-01
-3.230688273906707764e-01
-3.219577372074127197e-01
-3.236280083656311035e-01
-3.234958946704864502e-01
-3.200646936893463135e-01
-3.205809295177459717e-01
-3.205261230468750000e-01
-3.212483525276184082e-01
-3.187166750431060791e-01
-3.214366137981414795e-01
-3.240737915039062500e-01
-3.225282728672027588e-01
-3.218997120857238770e-01
-3.197633028030395508e-01
-3.217372596263885498e-01
-3.229033350944519043e-01
-3.217602372169494629e-01
-3.224699497222900391e-01
-3.226604759693145752e-01
-3.215276002883911133e-01
-3.202587962150573730e-01
-3.206300139427185059e-01
-3.221662640571594238e-01
-3.201839029788970947e-01
-3.226008415222167969e-01
-3.200477957725524902e-01
-3.236443400382995605e-01
-3.198632895946502686e-01
-3.229362666606903076e-01
-3.177405297756195068e-01
-3.220835328102111816e-01
-3.217450976371765137e-01
-3.209013342857360840e-01
-3.218388557434082031e-01
-3.218619823455810547e-01
-3.239854574203491211e-01
-3.209167718887329102e-01
-3.190488815307617188e-01
-3.226199448108673096e-01
-3.232282698154449463e-01
-3.214171230792999268e-01
-3.203130364418029785e-01
-3.211314678192138672e-01
-3.229934573173522949e-01
-3.188278675079345703e-01
-3.215394616127014160e-01
-3.204509913921356201e-01
-3.222426176071166992e-01
-3.218086063861846924e-01
-3.202374875545501709e-01
-3.200190663337707520e-01
-3.196274340152740479e-01
-3.210778832435607910e-01
-3.226384222507476807e-01
-3.208206295967102051e-01
-3.225848376750946045e-01
-3.211984634399414062e-01
-3.206036388874053955e-01
-3.239297270774841309e-01
-3.210414648056030273e-01
-3.205657005310058594e-01
-3.229703903198242188e-01
-3.228799402713775635e-01
-3.231763541698455811e-01
-3.234711885452270508e-01
-3.217422962188720703e-01
-3.228974044322967529e-01
-3.207191824913024902e-01
-3.179508149623870850e-01
-3.204693198204040527e-01
-3.234293758869171143e-01
-3.203838467597961426e-01
-3.212544023990631104e-01
-3.234362900257110596e-01
-3.222669064998626709e-01
-3.219888806343078613e-01
-3.203832805156707764e-01
-3.230463862419128418e-01
-3.204182684421539307e-01
-3.191477656364440918e-01
-3.209155797958374023e-01
-3.204437196254730225e-01
-3.229241371154785156e-01
-3.196080029010772705e-01
-3.243213891983032227e-01
-3.216560184955596924e-01
-3.219280540943145752e-01
-3.219989538192749023e-01
-3.209419250488281250e-01
-3.199703991413116455e-01
-3.214353621006011963e-01
-3.226670324802398682e-01
-3.189355432987213135e-01
-3.229370117187500000e-01
-3.208706080913543701e-01
-3.242104053497314453e-01
-3.214741945266723633e-01
-3.218744993209838867e-01
-3.225818574428558350e-01
-3.225522041320800781e-01
-3.229230344295501709e-01
-3.211252987384796143e-01
-3.210147023200988770e-01
-3.215140104293823242e-01
-3.218904435634613037e-01
-3.235705494880676270e-01
-3.249755799770355225e-01
-3.219451606273651123e-01
-3.238236010074615479e-01
-3.256550431251525879e-01
-3.222784996032714844e-01
-3.235934376716613770e-01
-3.235828578472137451e-01
-3.218856751918792725e-01
-3.231462538242340088e-01
-3.227861523628234863e-01
-3.250269591808319092e-01
-3.221030831336975098e-01
-3.215075433254241943e-01
-3.229275345802307129e-01
-3.220784366130828857e-01
-3.230820894241333008e-01
-3.254630267620086670e-01
-3.215023279190063477e-01
-3.199211359024047852e-01
-3.215992152690887451e-01
-3.236043751239776611e-01
-3.212056756019592285e-01
-3.199091255664825439e-01
-3.237347900867462158e-01
-3.239845037460327148e-01
-3.216006457805633545e-01
-3.225830793380737305e-01
-3.209866881370544434e-01
-3.216853737831115723e-01
-3.225071430206298828e-01
-3.207748830318450928e-01
-3.254863321781158447e-01
-3.206484317779541016e-01
-3.223191499710083008e-01
-3.225844800472259521e-01
-3.228628635406494141e-01
-3.210786879062652588e-01
-3.225003778934478760e-01
-3.242487311363220215e-01
-3.226799964904785156e-01
-3.228672742843627930e-01
-3.205050826072692871e-01
-3.205955326557159424e-01
-3.209403753280639648e-01
-3.228794634342193604e-01
-3.224733769893646240e-01
-3.220153748989105225e-01
-3.212088942527770996e-01
-3.213725090026855469e-01
-3.217614889144897461e-01
-3.224647939205169678e-01
-3.242081999778747559e-01
-3.214124143123626709e-01
-3.225043118000030518e-01
-3.242599964141845703e-01
-3.224173486232757568e-01
-3.239408433437347412e-01
-3.235484361648559570e-01
-3.221578598022460938e-01
-3.234867453575134277e-01
-3.217543959617614746e-01
-3.236456811428070068e-01
-3.243522942066192627e-01
-3.235440552234649658e-01
-3.244611620903015137e-01
-3.223765194416046143e-01
-3.244877457618713379e-01
-3.234428167343139648e-01
-3.211633563041687012e-01
-3.247000873088836670e-01
-3.228514194488525391e-01
-3.244941532611846924e-01
-3.248203098773956299e-01
-3.245331943035125732e-01
-3.216997385025024414e-01
-3.205536603927612305e-01
-3.205104470252990723e-01
-3.223813772201538086e-01
-3.212360441684722900e-01
-3.217506110668182373e-01
-3.225391805171966553e-01
-3.249265551567077637e-01
-3.235594034194946289e-01
-3.243874609470367432e-01
-3.216013610363006592e-01
-3.254923224449157715e-01
-3.238741755485534668e-01
-3.220222294330596924e-01
-3.226872682571411133e-01
-3.244298994541168213e-01
-3.264530599117279053e-01
-3.208239078521728516e-01
-3.214930295944213867e-01
-3.234897851943969727e-01
-3.242475390434265137e-01
-3.238016068935394287e-01
-3.232081532478332520e-01
-3.261817991733551025e-01
-3.237738013267517090e-01
-3.227776587009429932e-01
-3.252780735492706299e-01
-3.230577111244201660e-01
-3.224106132984161377e-01
-3.218037784099578857e-01
-3.236581981182098389e-01
-3.239316046237945557e-01
-3.213950693607330322e-01
-3.235860466957092285e-01
-3.247576951980590820e-01
-3.212525844573974609e-01
-3.208814561367034912e-01
-3.199446499347686768e-01
-3.226275146007537842e-01
-3.249664604663848877e-01
-3.198369145393371582e-01
-3.216701745986938477e-01
-3.239434361457824707e-01
-3.253220319747924805e-01
-3.209722340106964111e-01
-3.226785957813262939e-01
-3.279800415039062500e-01
-3.228264749050140381e-01
-3.225079178810119629e-01
-3.222485184669494629e-01
-3.237343132495880127e-01
-3.255470097064971924e-01
-3.224000930786132812e-01
-3.251566290855407715e-01
-3.227293193340301514e-01
-3.239921331405639648e-01
-3.247161507606506348e-01
-3.228564560413360596e-01
-3.258202672004699707e-01
-3.214632570743560791e-01
-3.251100480556488037e-01
-3.245197832584381104e-01
-3.245391249656677246e-01
-3.230568170547485352e-01
-3.252438306808471680e-01
-3.215995430946350098e-01
-3.249254524707794189e-01
-3.231049478054046631e-01
-3.208348453044891357e-01
-3.221685290336608887e-01
-3.236092031002044678e-01
-3.234749138355255127e-01
-3.258069455623626709e-01
-3.242614269256591797e-01
-3.239229619503021240e-01
-3.231631517410278320e-01
-3.258500993251800537e-01
-3.218164145946502686e-01
-3.277252912521362305e-01
-3.232061564922332764e-01
-3.238012790679931641e-01
-3.253846466541290283e-01
-3.235233426094055176e-01
-3.238868117332458496e-01
