3.631893634796142578e+00
2.897898912429809570e+00
2.257113456726074219e+00
1.658881545066833496e+00
1.234977006912231445e+00
8.373081088066101074e-01
5.965202450752258301e-01
3.911167085170745850e-01
2.657515704631805420e-01
1.659900695085525513e-01
1.064770072698593140e-01
5.921345576643943787e-02
3.351698443293571472e-02
1.806323975324630737e-02
6.608259864151477814e-03
-8.805120363831520081e-03
-1.530390325933694839e-02
-4.258775338530540466e-02
-5.243305489420890808e-02
-5.066724494099617004e-02
-6.379159539937973022e-02
-7.501903176307678223e-02
-8.220311254262924194e-02
-9.127353131771087646e-02
-9.983830153942108154e-02
-1.093017682433128357e-01
-1.110552623867988586e-01
-1.191472932696342468e-01
-1.273645311594009399e-01
-1.398171335458755493e-01
-1.393070667982101440e-01
-1.456295251846313477e-01
-1.520476341247558594e-01
-1.505660414695739746e-01
-1.619956940412521362e-01
-1.591318994760513306e-01
-1.719839423894882202e-01
-1.684257835149765015e-01
-1.689405590295791626e-01
-1.732145994901657104e-01
-1.740095466375350952e-01
-1.786300092935562134e-01
-1.841317415237426758e-01
-1.818913221359252930e-01
-1.838311702013015747e-01
-1.918076425790786743e-01
-1.929708272218704224e-01
-1.894262135028839111e-01
-1.936362832784652710e-01
-1.982679218053817749e-01
-1.955199092626571655e-01
-1.996417343616485596e-01
-1.952410936355590820e-01
-2.029208689928054810e-01
-2.082792669534683228e-01
-2.020417451858520508e-01
-1.991226077079772949e-01
-2.096856832504272461e-01
-2.083422839641571045e-01
-2.082465887069702148e-01
-2.101939767599105835e-01
-2.097815722227096558e-01
-2.095449864864349365e-01
-2.110523134469985962e-01
-2.061440795660018921e-01
-2.154331654310226440e-01
-2.146648168563842773e-01
-2.178373485803604126e-01
-2.176574617624282837e-01
-2.146111428737640381e-01
-2.167936563491821289e-01
-2.133326679468154907e-01
-2.160375714302062988e-01
-2.209089398384094238e-01
-2.079458385705947876e-01
-2.191977649927139282e-01
-2.147681415081024170e-01
-2.213234603404998779e-01
-2.205408513545989990e-01
-2.189407646656036377e-01
-2.194667309522628784e-01
-2.195547521114349365e-01
-2.219104766845703125e-01
-2.197875976562500000e-01
-2.226849347352981567e-01
-2.198576331138610840e-01
-2.196972370147705078e-01
-2.192035764455795288e-01
-2.220229208469390869e-01
-2.261303812265396118e-01
-2.237114161252975464e-01
-2.237901389598846436e-01
-2.219199836254119873e-01
-2.258715480566024780e-01
-2.212290465831756592e-01
-2.234487235546112061e-01
-2.213988453149795532e-01
-2.218371629714965820e-01
-2.234110832214355469e-01
-2.197787761688232422e-01
-2.211285978555679321e-01
-2.239240705966949463e-01
-2.228514105081558228e-01
-2.212219685316085815e-01
-2.248567789793014526e-01
-2.206228673458099365e-01
-2.261892408132553101e-01
-2.239409387111663818e-01
-2.234721332788467407e-01
-2.249001115560531616e-01
-2.246836870908737183e-01
-2.271770983934402466e-01
-2.258451581001281738e-01
-2.223783135414123535e-01
-2.207582294940948486e-01
-2.311849743127822876e-01
-2.253086119890213013e-01
-2.238714247941970825e-01
-2.244907468557357788e-01
-2.195747494697570801e-01
-2.229432314634323120e-01
-2.259446084499359131e-01
-2.250925600528717041e-01
-2.219872772693634033e-01
-2.264822870492935181e-01
-2.225808948278427124e-01
-2.288433462381362915e-01
-2.216375619173049927e-01
-2.226790636777877808e-01
-2.301534563302993774e-01
-2.299876064062118530e-01
-2.249672561883926392e-01
-2.313622832298278809e-01
-2.242271900177001953e-01
-2.336553931236267090e-01
-2.245648801326751709e-01
-2.266045808792114258e-01
-2.238840311765670776e-01
-2.245092242956161499e-01
-2.271758466958999634e-01
-2.248167395591735840e-01
-2.274734675884246826e-01
-2.282191663980484009e-01
-2.282449603080749512e-01
-2.272395044565200806e-01
-2.266682535409927368e-01
-2.221363484859466553e-01
-2.270895540714263916e-01
-2.311440110206604004e-01
-2.286319434642791748e-01
-2.250772714614868164e-01
-2.255978137254714966e-01
-2.243198007345199585e-01
-2.238122224807739258e-01
-2.228462845087051392e-01
-2.227109074592590332e-01
-2.287847548723220825e-01
-2.264181673526763916e-01
-2.273508608341217041e-01
-2.250976711511611938e-01
-2.245080769062042236e-01
-2.221894264221191406e-01
-2.296523004770278931e-01
-2.297572046518325806e-01
-2.248954474925994873e-01
-2.295442223548889160e-01
-2.277230173349380493e-01
-2.275242656469345093e-01
-2.240563333034515381e-01
-2.225609272718429565e-01
-2.297870516777038574e-01
-2.207773178815841675e-01
-2.271946370601654053e-01
-2.280494570732116699e-01
-2.269165366888046265e-01
-2.309062778949737549e-01
-2.248288542032241821e-01
-2.245937883853912354e-01
-2.250998169183731079e-01
-2.236369997262954712e-01
-2.307559847831726074e-01
-2.252039164304733276e-01
-2.232869863510131836e-01
-2.267902791500091553e-01
-2.295424193143844604e-01
-2.281239330768585205e-01
-2.269259393215179443e-01
-2.282332479953765869e-01
-2.254917025566101074e-01
-2.266853302717208862e-01
-2.276837825775146484e-01
-2.268278449773788452e-01
-2.253444939851760864e-01
-2.291821092367172241e-01
-2.270463705062866211e-01
-2.279334813356399536e-01
-2.300187945365905762e-01
-2.314245253801345825e-01
-2.282409816980361938e-01
-2.287808209657669067e-01
-2.267405837774276733e-01
-2.295317053794860840e-01
-2.326659262180328369e-01
-2.295186817646026611e-01
-2.308946847915649414e-01
-2.275883108377456665e-01
-2.311277836561203003e-01
-2.313699573278427124e-01
-2.313241064548492432e-01
-2.301900535821914673e-01
-2.283359318971633911e-01
-2.304929196834564209e-01
-2.334057390689849854e-01
-2.278988659381866455e-01
-2.353956997394561768e-01
-2.281981110572814941e-01
-2.300116270780563354e-01
-2.356646955013275146e-01
-2.295885682106018066e-01
-2.349730730056762695e-01
-2.326946109533309937e-01
-2.293811142444610596e-01
-2.367417216300964355e-01
-2.335380762815475464e-01
-2.342680394649505615e-01
-2.351490259170532227e-01
-2.355325371026992798e-01
-2.363312989473342896e-01
-2.378552556037902832e-01
-2.372888028621673584e-01
-2.344744056463241577e-01
-2.362052500247955322e-01
-2.364155650138854980e-01
-2.358016967773437500e-01
-2.360808402299880981e-01
-2.352481633424758911e-01
-2.337874919176101685e-01
-2.423370629549026489e-01
-2.415203452110290527e-01
-2.362139374017715454e-01
-2.403312921524047852e-01
-2.379806786775588989e-01
-2.341586798429489136e-01
-2.378226220607757568e-01
-2.396076023578643799e-01
-2.388268262147903442e-01
-2.378703057765960693e-01
-2.400539815425872803e-01
-2.385350018739700317e-01
-2.382606118917465210e-01
-2.372381091117858887e-01
-2.379775941371917725e-01
-2.401879727840423584e-01
-2.359284907579421997e-01
-2.409228980541229248e-01
-2.393997311592102051e-01
-2.339650541543960571e-01
-2.416007369756698608e-01
-2.441911548376083374e-01
-2.373014986515045166e-01
-2.344096750020980835e-01
-2.371731400489807129e-01
-2.381123751401901245e-01
-2.383008152246475220e-01
-2.387647777795791626e-01
-2.367753237485885620e-01
-2.426350712776184082e-01
-2.329944521188735962e-01
-2.376176416873931885e-01
-2.438632845878601074e-01
-2.406166642904281616e-01
-2.399696260690689087e-01
-2.364164590835571289e-01
-2.387799620628356934e-01
-2.398472428321838379e-01
-2.433580309152603149e-01
-2.378901690244674683e-01
-2.398269325494766235e-01
-2.434377074241638184e-01
-2.311686277389526367e-01
-2.376088500022888184e-01
-2.395904511213302612e-01
-2.415569722652435303e-01
-2.414755970239639282e-01
-2.399179041385650635e-01
-2.434518039226531982e-01
-2.388445138931274414e-01
-2.355599105358123779e-01
-2.378557622432708740e-01
-2.432713955640792847e-01
-2.416498661041259766e-01
-2.383249551057815552e-01
-2.393098175525665283e-01
-2.447577565908432007e-01
-2.384500354528427124e-01
-2.409297227859497070e-01
-2.384333759546279907e-01
-2.426528036594390869e-01
-2.421997934579849243e-01
-2.369388937950134277e-01
-2.502995729446411133e-01
-2.387428432703018188e-01
-2.412060797214508057e-01
-2.426867932081222534e-01
-2.397847622632980347e-01
-2.409930080175399780e-01
-2.426731288433074951e-01
-2.443058490753173828e-01
-2.401629686355590820e-01
-2.420795261859893799e-01
-2.431263923645019531e-01
-2.431107461452484131e-01
-2.398882806301116943e-01
-2.414601147174835205e-01
-2.377565652132034302e-01
-2.461981177330017090e-01
-2.413617670536041260e-01
-2.399732321500778198e-01
-2.435443401336669922e-01
-2.419798523187637329e-01
-2.426741272211074829e-01
-2.438491433858871460e-01
-2.383789718151092529e-01
-2.436407804489135742e-01
-2.466933131217956543e-01
-2.384217530488967896e-01
-2.485651671886444092e-01
-2.455926239490509033e-01
-2.444568127393722534e-01
-2.371768057346343994e-01
-2.529773414134979248e-01
-2.403280586004257202e-01
-2.470055371522903442e-01
-2.485274374485015869e-01
-2.438884824514389038e-01
-2.447396218776702881e-01
-2.462070733308792114e-01
-2.484230846166610718e-01
-2.457624822854995728e-01
-2.467363029718399048e-01
-2.469536960124969482e-01
-2.449575215578079224e-01
-2.421696335077285767e-01
-2.506747245788574219e-01
-2.487593442201614380e-01
-2.464768588542938232e-01
-2.479002326726913452e-01
-2.467336058616638184e-01
-2.469686716794967651e-01
-2.539664506912231445e-01
-2.520004808902740479e-01
-2.524594962596893311e-01
-2.433139681816101074e-01
-2.478937357664108276e-01
-2.562666535377502441e-01
-2.457400560379028320e-01
-2.500124871730804443e-01
-2.484901100397109985e-01
-2.511581182479858398e-01
-2.546705007553100586e-01
-2.488670498132705688e-01
-2.495905011892318726e-01
-2.468123435974121094e-01
-2.503339946269989014e-01
-2.499919086694717407e-01
-2.553387880325317383e-01
-2.540476322174072266e-01
-2.506179511547088623e-01
-2.526210546493530273e-01
-2.596001029014587402e-01
-2.631386816501617432e-01
-2.477777153253555298e-01
-2.560871243476867676e-01
-2.530695199966430664e-01
-2.519715130329132080e-01
-2.533978223800659180e-01
-2.522828280925750732e-01
-2.490130364894866943e-01
-2.508139908313751221e-01
-2.527627646923065186e-01
-2.484071999788284302e-01
-2.574387192726135254e-01
-2.535440921783447266e-01
-2.498185038566589355e-01
-2.565714716911315918e-01
-2.564273476600646973e-01
-2.507914006710052490e-01
-2.471125274896621704e-01
-2.546368539333343506e-01
-2.503200769424438477e-01
-2.575865983963012695e-01
-2.586909532546997070e-01
-2.571331858634948730e-01
-2.529484033584594727e-01
-2.505564093589782715e-01
-2.512733042240142822e-01
-2.518830597400665283e-01
-2.515791356563568115e-01
-2.560052871704101562e-01
-2.479663938283920288e-01
-2.504472136497497559e-01
-2.482272982597351074e-01
-2.513157725334167480e-01
-2.521509826183319092e-01
-2.544302046298980713e-01
-2.509961128234863281e-01
-2.565641105175018311e-01
-2.550727128982543945e-01
-2.503105998039245605e-01
-2.446721792221069336e-01
-2.508988976478576660e-01
-2.531477212905883789e-01
-2.613920569419860840e-01
-2.604216933250427246e-01
-2.595235109329223633e-01
-2.613933980464935303e-01
-2.539749741554260254e-01
-2.527777552604675293e-01
-2.519278824329376221e-01
-2.493959963321685791e-01
-2.554758787155151367e-01
-2.522991597652435303e-01
-2.518570125102996826e-01
-2.536046504974365234e-01
-2.498930841684341431e-01
-2.514684200286865234e-01
-2.484821230173110962e-01
-2.523859441280364990e-01
-2.581695020198822021e-01
-2.575661540031433105e-01
-2.521911263465881348e-01
-2.525868117809295654e-01
-2.573188543319702148e-01
-2.594254016876220703e-01
-2.566691339015960693e-01
-2.494175732135772705e-01
-2.563795745372772217e-01
-2.535788118839263916e-01
-2.547973096370697021e-01
-2.542023360729217529e-01
-2.559835910797119141e-01
-2.552300691604614258e-01
-2.529437541961669922e-01
-2.500632405281066895e-01
-2.417235970497131348e-01
-2.490315437316894531e-01
-2.462873607873916626e-01
-2.505232989788055420e-01
-2.552278935909271240e-01
-2.582478225231170654e-01
-2.555668354034423828e-01
-2.523744106292724609e-01
-2.524164617061614990e-01
-2.513448894023895264e-01
-2.563810050487518311e-01
-2.522737085819244385e-01
-2.526471614837646484e-01
-2.608523070812225342e-01
-2.542226910591125488e-01
-2.558240890502929688e-01
-2.531888186931610107e-01
-2.541188597679138184e-01
-2.529467344284057617e-01
-2.528891265392303467e-01
-2.576774954795837402e-01
-2.538724541664123535e-01
-2.504791617393493652e-01
-2.515650093555450439e-01
-2.484422326087951660e-01
-2.492690980434417725e-01
-2.502340972423553467e-01
-2.541312873363494873e-01
-2.519531846046447754e-01
-2.611427903175354004e-01
-2.564418911933898926e-01
-2.588714063167572021e-01
-2.540124654769897461e-01
-2.601080238819122314e-01
-2.563842535018920898e-01
-2.543338537216186523e-01
-2.532559037208557129e-01
-2.518687546253204346e-01
-2.495447397232055664e-01
-2.483233809471130371e-01
-2.492375224828720093e-01
-2.515331804752349854e-01
-2.545042634010314941e-01
-2.620974481105804443e-01
-2.589377164840698242e-01
-2.625590264797210693e-01
-2.572230696678161621e-01
-2.547894716262817383e-01
-2.547238767147064209e-01
-2.482476234436035156e-01
-2.572340965270996094e-01
-2.555610239505767822e-01
-2.558127939701080322e-01
-2.570656538009643555e-01
-2.587629258632659912e-01
-2.563060820102691650e-01
-2.547832429409027100e-01
-2.582499384880065918e-01
-2.558249831199645996e-01
-2.588603794574737549e-01
-2.597293555736541748e-01
-2.596847414970397949e-01
-2.635593712329864502e-01
-2.581545114517211914e-01
-2.583708763122558594e-01
-2.532992064952850342e-01
-2.563752532005310059e-01
-2.592210471630096436e-01
-2.561893761157989502e-01
-2.624884545803070068e-01
-2.598701715469360352e-01
-2.545462846755981445e-01
-2.590646743774414062e-01
-2.601418197154998779e-01
-2.569509744644165039e-01
-2.535897791385650635e-01
-2.544170022010803223e-01
-2.531620562076568604e-01
-2.591124176979064941e-01
-2.599560618400573730e-01
-2.610553503036499023e-01
-2.620778977870941162e-01
-2.610733211040496826e-01
-2.602846920490264893e-01
-2.538927197456359863e-01
-2.568711340427398682e-01
-2.484146058559417725e-01
-2.531557083129882812e-01
-2.578942775726318359e-01
-2.580691277980804443e-01
-2.571858465671539307e-01
-2.619552016258239746e-01
-2.567414641380310059e-01
-2.591047883033752441e-01
-2.619758248329162598e-01
-2.662231326103210449e-01
-2.603234946727752686e-01
-2.629496455192565918e-01
-2.587860226631164551e-01
-2.577168345451354980e-01
-2.608674168586730957e-01
-2.618100941181182861e-01
-2.596798837184906006e-01
-2.615976035594940186e-01
-2.563192248344421387e-01
-2.559576630592346191e-01
-2.655330300331115723e-01
-2.629276514053344727e-01
-2.624440789222717285e-01
-2.600373625755310059e-01
-2.610115408897399902e-01
-2.614235877990722656e-01
-2.624693512916564941e-01
-2.580101191997528076e-01
-2.665081620216369629e-01
-2.593486011028289795e-01
-2.629146873950958252e-01
-2.666227519512176514e-01
-2.628463804721832275e-01
-2.622797191143035889e-01
-2.572952210903167725e-01
-2.662905156612396240e-01
-2.674166858196258545e-01
-2.664509415626525879e-01
-2.697296142578125000e-01
-2.626820206642150879e-01
-2.618230879306793213e-01
-2.681021094322204590e-01
-2.624164521694183350e-01
-2.724139392375946045e-01
-2.668342888355255127e-01
-2.605873346328735352e-01
-2.688418328762054443e-01
-2.690584659576416016e-01
-2.697589695453643799e-01
-2.676705420017242432e-01
-2.616083920001983643e-01
-2.696773707866668701e-01
-2.661968171596527100e-01
-2.640510201454162598e-01
-2.641068696975708008e-01
-2.649600803852081299e-01
-2.618044912815093994e-01
-2.642355263233184814e-01
-2.595115303993225098e-01
-2.656761407852172852e-01
-2.700693905353546143e-01
-2.644412517547607422e-01
-2.673046290874481201e-01
-2.657665610313415527e-01
-2.670473158359527588e-01
-2.647137939929962158e-01
-2.724218666553497314e-01
-2.713381350040435791e-01
-2.647368311882019043e-01
-2.689523398876190186e-01
-2.619064748287200928e-01
-2.683485448360443115e-01
-2.738393545150756836e-01
-2.701849937438964844e-01
-2.710168659687042236e-01
-2.718869745731353760e-01
-2.690492868423461914e-01
-2.655966281890869141e-01
-2.681879401206970215e-01
-2.643485963344573975e-01
-2.652666866779327393e-01
-2.613923549652099609e-01
-2.683942615985870361e-01
-2.715498805046081543e-01
-2.754282951354980469e-01
-2.708487212657928467e-01
-2.696367800235748291e-01
-2.662333846092224121e-01
-2.714209556579589844e-01
-2.702349126338958740e-01
-2.726011872291564941e-01
-2.617246508598327637e-01
-2.626513838768005371e-01
-2.636383175849914551e-01
-2.704406082630157471e-01
-2.745280861854553223e-01
-2.753455936908721924e-01
-2.766833603382110596e-01
-2.760433554649353027e-01
-2.726760804653167725e-01
-2.698588669300079346e-01
-2.682875394821166992e-01
-2.735366523265838623e-01
-2.737054824829101562e-01
-2.726325392723083496e-01
-2.776384949684143066e-01
-2.706496417522430420e-01
-2.724209427833557129e-01
-2.699739038944244385e-01
-2.708242237567901611e-01
-2.702885866165161133e-01
-2.673093378543853760e-01
-2.702176570892333984e-01
-2.684214115142822266e-01
-2.697703242301940918e-01
-2.655766606330871582e-01
-2.630307674407958984e-01
-2.692902386188507080e-01
-2.720438241958618164e-01
-2.652080357074737549e-01
-2.705565989017486572e-01
-2.714656293392181396e-01
-2.711612582206726074e-01
-2.684778571128845215e-01
-2.646308541297912598e-01
-2.700070142745971680e-01
-2.713803052902221680e-01
-2.681832611560821533e-01
-2.693307399749755859e-01
-2.685880064964294434e-01
-2.643896341323852539e-01
-2.665518820285797119e-01
-2.658486366271972656e-01
-2.633664608001708984e-01
-2.577350735664367676e-01
-2.635495066642761230e-01
-2.666566967964172363e-01
-2.712210714817047119e-01
-2.691706418991088867e-01
-2.674069702625274658e-01
-2.745549678802490234e-01
-2.660266757011413574e-01
-2.667323052883148193e-01
-2.696458995342254639e-01
-2.720810174942016602e-01
-2.655908465385437012e-01
-2.664697170257568359e-01
-2.651365399360656738e-01
-2.635805606842041016e-01
-2.633572816848754883e-01
-2.661345303058624268e-01
-2.728668153285980225e-01
-2.728723585605621338e-01
-2.716559171676635742e-01
-2.703892290592193604e-01
-2.707727551460266113e-01
-2.740478217601776123e-01
-2.732291817665100098e-01
-2.734943330287933350e-01
-2.701818346977233887e-01
-2.757918834686279297e-01
-2.709822356700897217e-01
-2.682264745235443115e-01
-2.659402787685394287e-01
-2.705478966236114502e-01
-2.671906650066375732e-01
-2.675085961818695068e-01
-2.712703943252563477e-01
-2.697697877883911133e-01
-2.659326791763305664e-01
-2.634831070899963379e-01
-2.719164490699768066e-01
-2.668446004390716553e-01
-2.709968984127044678e-01
-2.658261954784393311e-01
-2.739422619342803955e-01
-2.734312117099761963e-01
-2.696658372879028320e-01
-2.685489952564239502e-01
-2.686227560043334961e-01
-2.735078036785125732e-01
-2.662361264228820801e-01
-2.763269543647766113e-01
-2.700560986995697021e-01
-2.718558907508850098e-01
-2.698196470737457275e-01
-2.671088278293609619e-01
-2.688937485218048096e-01
-2.700242102146148682e-01
-2.717024683952331543e-01
-2.661173343658447266e-01
-2.649249732494354248e-01
-2.659657597541809082e-01
-2.759692668914794922e-01
-2.784511446952819824e-01
-2.779605686664581299e-01
-2.760922312736511230e-01
-2.677156627178192139e-01
-2.696902453899383545e-01
-2.740339636802673340e-01
-2.705092728137969971e-01
-2.675392329692840576e-01
-2.700563967227935791e-01
-2.682295143604278564e-01
-2.702021896839141846e-01
-2.659726440906524658e-01
-2.728812396526336670e-01
-2.748590111732482910e-01
-2.718699574470520020e-01
-2.757588624954223633e-01
-2.693198621273040771e-01
-2.704772949218750000e-01
-2.725501060485839844e-01
-2.738413512706756592e-01
-2.727555930614471436e-01
-2.738184928894042969e-01
-2.701143920421600342e-01
-2.823419868946075439e-01
-2.781788408756256104e-01
-2.792695164680480957e-01
-2.738378942012786865e-01
-2.788856029510498047e-01
-2.736145257949829102e-01
-2.774475216865539551e-01
-2.740634977817535400e-01
-2.754003107547760010e-01
-2.747621536254882812e-01
-2.718431353569030762e-01
-2.686322331428527832e-01
-2.719103991985321045e-01
-2.756695449352264404e-01
-2.743171155452728271e-01
-2.732950150966644287e-01
-2.713168263435363770e-01
-2.707262039184570312e-01
-2.692351937294006348e-01
-2.649162709712982178e-01
-2.729420065879821777e-01
-2.721234858036041260e-01
-2.754620611667633057e-01
-2.727709412574768066e-01
-2.681774795055389404e-01
-2.667480409145355225e-01
-2.725033760070800781e-01
-2.705937922000885010e-01
-2.733283638954162598e-01
-2.671684026718139648e-01
-2.687248587608337402e-01
-2.743615210056304932e-01
-2.734946012496948242e-01
-2.696759700775146484e-01
-2.783107161521911621e-01
-2.723494470119476318e-01
-2.693680226802825928e-01
-2.691363394260406494e-01
-2.745465040206909180e-01
-2.747951745986938477e-01
-2.723716795444488525e-01
-2.682854831218719482e-01
-2.654032707214355469e-01
-2.699975073337554932e-01
-2.743245065212249756e-01
-2.739796638488769531e-01
-2.769624590873718262e-01
-2.658857405185699463e-01
-2.659919559955596924e-01
-2.736516892910003662e-01
-2.727511525154113770e-01
-2.764462232589721680e-01
-2.694721817970275879e-01
-2.703852653503417969e-01
-2.725108563899993896e-01
-2.721871435642242432e-01
-2.808110415935516357e-01
-2.636587619781494141e-01
-2.710122168064117432e-01
-2.747513949871063232e-01
-2.757774591445922852e-01
-2.760606706142425537e-01
-2.703989148139953613e-01
-2.682596445083618164e-01
-2.771281599998474121e-01
-2.773090898990631104e-01
-2.750024497509002686e-01
-2.739805281162261963e-01
-2.709767520427703857e-01
-2.759375274181365967e-01
-2.735631763935089111e-01
-2.751936614513397217e-01
-2.720199525356292725e-01
-2.757135629653930664e-01
-2.718038856983184814e-01
-2.703728675842285156e-01
-2.751662135124206543e-01
-2.729676961898803711e-01
-2.760406434535980225e-01
-2.757765650749206543e-01
-2.731859087944030762e-01
-2.681747972965240479e-01
-2.731112539768218994e-01
-2.744977772235870361e-01
-2.746471762657165527e-01
-2.740631103515625000e-01
-2.665597498416900635e-01
-2.690265774726867676e-01
-2.626644968986511230e-01
-2.686135768890380859e-01
-2.713225781917572021e-01
-2.688555121421813965e-01
-2.647034525871276855e-01
-2.671840190887451172e-01
-2.741207182407379150e-01
-2.729025185108184814e-01
-2.747884690761566162e-01
-2.717501819133758545e-01
-2.737923860549926758e-01
-2.676022946834564209e-01
-2.781968414783477783e-01
-2.755327820777893066e-01
-2.750271558761596680e-01
-2.747526764869689941e-01
-2.731349766254425049e-01
-2.749781310558319092e-01
-2.688535153865814209e-01
-2.678099274635314941e-01
-2.679753303527832031e-01
-2.694396972656250000e-01
-2.689492702484130859e-01
-2.710179686546325684e-01
-2.739810347557067871e-01
-2.699795961380004883e-01
-2.705621123313903809e-01
-2.727775871753692627e-01
-2.724517881870269775e-01
-2.733218371868133545e-01
-2.658381164073944092e-01
-2.707095742225646973e-01
-2.723299562931060791e-01
-2.692635655403137207e-01
-2.656264603137969971e-01
-2.665518820285797119e-01
-2.636612057685852051e-01
-2.715691030025482178e-01
-2.676700353622436523e-01
-2.721036970615386963e-01
-2.724916338920593262e-01
-2.750615775585174561e-01
-2.739412188529968262e-01
-2.772730588912963867e-01
-2.747877538204193115e-01
-2.733195126056671143e-01
-2.767228484153747559e-01
-2.718806564807891846e-01
-2.681845426559448242e-01
-2.696727812290191650e-01
-2.707853913307189941e-01
-2.717193067073822021e-01
-2.738413214683532715e-01
-2.707446217536926270e-01
-2.701935470104217529e-01
-2.725026309490203857e-01
-2.762692868709564209e-01
-2.721419632434844971e-01
-2.747844457626342773e-01
-2.770821154117584229e-01
-2.752270102500915527e-01
-2.754285633563995361e-01
-2.697692215442657471e-01
-2.703480422496795654e-01
-2.731834650039672852e-01
-2.749457955360412598e-01
-2.737390995025634766e-01
-2.750602364540100098e-01
-2.760501205921173096e-01
-2.747303247451782227e-01
-2.685371935367584229e-01
-2.690738141536712646e-01
-2.787375152111053467e-01
-2.751508653163909912e-01
-2.718950212001800537e-01
-2.753559052944183350e-01
-2.752254009246826172e-01
-2.760498523712158203e-01
-2.696225643157958984e-01
-2.771185934543609619e-01
-2.675412595272064209e-01
-2.693470418453216553e-01
-2.707718014717102051e-01
-2.749017477035522461e-01
-2.750841975212097168e-01
-2.807602286338806152e-01
-2.790045142173767090e-01
-2.712559103965759277e-01
-2.715987563133239746e-01
-2.712704539299011230e-01
-2.749866843223571777e-01
-2.757493853569030762e-01
-2.725656032562255859e-01
-2.707192599773406982e-01
-2.768864929676055908e-01
-2.792655229568481445e-01
-2.740826904773712158e-01
-2.707718610763549805e-01
-2.658139467239379883e-01
-2.669141292572021484e-01
-2.729133963584899902e-01
-2.732834517955780029e-01
-2.714790701866149902e-01
-2.769611477851867676e-01
-2.714447081089019775e-01
-2.714659571647644043e-01
-2.724459171295166016e-01
-2.718560993671417236e-01
-2.726109027862548828e-01
-2.712246179580688477e-01
-2.712308764457702637e-01
-2.737919092178344727e-01
-2.692592144012451172e-01
-2.689123451709747314e-01
-2.762755751609802246e-01
-2.789896130561828613e-01
-2.760449647903442383e-01
-2.759695947170257568e-01
-2.814574241638183594e-01
-2.789086699485778809e-01
-2.776727974414825439e-01
-2.748787105083465576e-01
-2.752906382083892822e-01
-2.786671817302703857e-01
-2.762086391448974609e-01
-2.762096226215362549e-01
-2.779931724071502686e-01
-2.764637172222137451e-01
-2.719946205615997314e-01
-2.680406570434570312e-01
-2.692992687225341797e-01
-2.717056274414062500e-01
-2.807244360446929932e-01
-2.762228250503540039e-01
-2.719932794570922852e-01
-2.730973362922668457e-01
-2.777884602546691895e-01
-2.764999270439147949e-01
-2.750309705734252930e-01
-2.702025175094604492e-01
-2.747375667095184326e-01
-2.781726419925689697e-01
-2.746484875679016113e-01
-2.768712937831878662e-01
-2.736384272575378418e-01
-2.734606862068176270e-01
-2.737275958061218262e-01
-2.814213931560516357e-01
-2.757519483566284180e-01
-2.667931318283081055e-01
-2.675512135028839111e-01
-2.679035663604736328e-01
-2.740432024002075195e-01
-2.771314978599548340e-01
-2.839356660842895508e-01
-2.737831473350524902e-01
-2.723505795001983643e-01
-2.698783576488494873e-01
-2.725760936737060547e-01
-2.667384147644042969e-01
-2.721172273159027100e-01
-2.741007804870605469e-01
-2.711408138275146484e-01
-2.738246321678161621e-01
-2.719802260398864746e-01
