3.655830621719360352e+00
2.950751066207885742e+00
2.333382368087768555e+00
1.715914964675903320e+00
1.262715458869934082e+00
8.221010565757751465e-01
5.299535989761352539e-01
2.983981966972351074e-01
1.514463722705841064e-01
6.676121056079864502e-02
1.867698319256305695e-02
-1.930102333426475525e-02
-4.534146934747695923e-02
-6.433729827404022217e-02
-7.820203155279159546e-02
-8.804057538509368896e-02
-1.049197837710380554e-01
-1.274299472570419312e-01
-1.376011818647384644e-01
-1.377020627260208130e-01
-1.459990292787551880e-01
-1.573020070791244507e-01
-1.594663560390472412e-01
-1.690748631954193115e-01
-1.769018918275833130e-01
-1.797487735748291016e-01
-1.835131198167800903e-01
-1.857124567031860352e-01
-1.934665292501449585e-01
-2.034760117530822754e-01
-2.048735022544860840e-01
-2.067912220954895020e-01
-2.095886319875717163e-01
-2.131162732839584351e-01
-2.171806097030639648e-01
-2.169968187808990479e-01
-2.239494919776916504e-01
-2.199884057044982910e-01
-2.219146490097045898e-01
-2.233043760061264038e-01
-2.208623588085174561e-01
-2.227526605129241943e-01
-2.290122061967849731e-01
-2.236263155937194824e-01
-2.247488349676132202e-01
-2.299728095531463623e-01
-2.285283654928207397e-01
-2.254157662391662598e-01
-2.257775813341140747e-01
-2.283926308155059814e-01
-2.275781184434890747e-01
-2.270560264587402344e-01
-2.247429937124252319e-01
-2.292221486568450928e-01
-2.312638908624649048e-01
-2.268128842115402222e-01
-2.233510762453079224e-01
-2.303887605667114258e-01
-2.290721833705902100e-01
-2.294546812772750854e-01
-2.294022589921951294e-01
-2.270163595676422119e-01
-2.270659208297729492e-01
-2.284075766801834106e-01
-2.237915396690368652e-01
-2.305722683668136597e-01
-2.300577908754348755e-01
-2.305435836315155029e-01
-2.307008802890777588e-01
-2.304262965917587280e-01
-2.301109880208969116e-01
-2.258278131484985352e-01
-2.289907038211822510e-01
-2.310988157987594604e-01
-2.231096178293228149e-01
-2.295772433280944824e-01
-2.247177362442016602e-01
-2.306094616651535034e-01
-2.321808785200119019e-01
-2.296144515275955200e-01
-2.312552779912948608e-01
-2.301864624023437500e-01
-2.315904796123504639e-01
-2.285643368959426880e-01
-2.330030798912048340e-01
-2.300422191619873047e-01
-2.294618487358093262e-01
-2.280966490507125854e-01
-2.302653789520263672e-01
-2.364051938056945801e-01
-2.325750142335891724e-01
-2.327160984277725220e-01
-2.312828153371810913e-01
-2.335616499185562134e-01
-2.342599779367446899e-01
-2.323459386825561523e-01
-2.323528379201889038e-01
-2.319051772356033325e-01
-2.334340363740921021e-01
-2.314079850912094116e-01
-2.330489754676818848e-01
-2.371517568826675415e-01
-2.323381155729293823e-01
-2.338109463453292847e-01
-2.390938252210617065e-01
-2.371563464403152466e-01
-2.387856245040893555e-01
-2.397982478141784668e-01
-2.404146641492843628e-01
-2.423578798770904541e-01
-2.384128272533416748e-01
-2.416880130767822266e-01
-2.413019090890884399e-01
-2.390180677175521851e-01
-2.380598783493041992e-01
-2.450664490461349487e-01
-2.414394468069076538e-01
-2.406126409769058228e-01
-2.401260286569595337e-01
-2.371409535408020020e-01
-2.407824993133544922e-01
-2.420901209115982056e-01
-2.429012656211853027e-01
-2.397143542766571045e-01
-2.430747449398040771e-01
-2.396628111600875854e-01
-2.467312663793563843e-01
-2.396553009748458862e-01
-2.407069653272628784e-01
-2.458080649375915527e-01
-2.472475022077560425e-01
-2.435834854841232300e-01
-2.480437457561492920e-01
-2.427147477865219116e-01
-2.502355575561523438e-01
-2.443794906139373779e-01
-2.474319189786911011e-01
-2.421373128890991211e-01
-2.459490895271301270e-01
-2.446729987859725952e-01
-2.441176772117614746e-01
-2.431033700704574585e-01
-2.470851391553878784e-01
-2.455850541591644287e-01
-2.493488788604736328e-01
-2.471827566623687744e-01
-2.439295500516891479e-01
-2.477966248989105225e-01
-2.502457797527313232e-01
-2.506406009197235107e-01
-2.492978274822235107e-01
-2.471545785665512085e-01
-2.474947720766067505e-01
-2.482815384864807129e-01
-2.472210675477981567e-01
-2.494809329509735107e-01
-2.503905296325683594e-01
-2.492670863866806030e-01
-2.511906921863555908e-01
-2.533037662506103516e-01
-2.516532838344573975e-01
-2.519209086894989014e-01
-2.550339996814727783e-01
-2.551529705524444580e-01
-2.537846863269805908e-01
-2.554453313350677490e-01
-2.541782855987548828e-01
-2.557570338249206543e-01
-2.516622245311737061e-01
-2.516431808471679688e-01
-2.558578550815582275e-01
-2.526869177818298340e-01
-2.566962242126464844e-01
-2.557816803455352783e-01
-2.536306381225585938e-01
-2.589771747589111328e-01
-2.524225413799285889e-01
-2.525815069675445557e-01
-2.547950446605682373e-01
-2.556114494800567627e-01
-2.576875090599060059e-01
-2.526111304759979248e-01
-2.550503015518188477e-01
-2.538344562053680420e-01
-2.580104470252990723e-01
-2.579556703567504883e-01
-2.547151744365692139e-01
-2.570229470729827881e-01
-2.534134984016418457e-01
-2.571893036365509033e-01
-2.565299570560455322e-01
-2.570521235466003418e-01
-2.550428509712219238e-01
-2.611243128776550293e-01
-2.543786466121673584e-01
-2.565928399562835693e-01
-2.590447664260864258e-01
-2.575893700122833252e-01
-2.573982179164886475e-01
-2.574031651020050049e-01
-2.550227046012878418e-01
-2.567519843578338623e-01
-2.597208917140960693e-01
-2.586431801319122314e-01
-2.586472332477569580e-01
-2.555702626705169678e-01
-2.554215490818023682e-01
-2.601469755172729492e-01
-2.579249143600463867e-01
-2.555665671825408936e-01
-2.590751945972442627e-01
-2.560644447803497314e-01
-2.601075470447540283e-01
-2.577349245548248291e-01
-2.585008740425109863e-01
-2.545529007911682129e-01
-2.586972415447235107e-01
-2.564731538295745850e-01
-2.565963864326477051e-01
-2.561504542827606201e-01
-2.572522461414337158e-01
-2.576607763767242432e-01
-2.563076913356781006e-01
-2.564638257026672363e-01
-2.584426999092102051e-01
-2.567122876644134521e-01
-2.570889294147491455e-01
-2.605302035808563232e-01
-2.606356143951416016e-01
-2.571435570716857910e-01
-2.545616328716278076e-01
-2.586962282657623291e-01
-2.577208280563354492e-01
-2.586173415184020996e-01
-2.578080296516418457e-01
-2.587919533252716064e-01
-2.583113312721252441e-01
-2.593655288219451904e-01
-2.634129524230957031e-01
-2.604624629020690918e-01
-2.603105306625366211e-01
-2.631361186504364014e-01
-2.582227289676666260e-01
-2.576951980590820312e-01
-2.631184458732604980e-01
-2.601115107536315918e-01
-2.606825828552246094e-01
-2.614985406398773193e-01
-2.615557014942169189e-01
-2.582268416881561279e-01
-2.589859664440155029e-01
-2.595794200897216797e-01
-2.575187385082244873e-01
-2.596344649791717529e-01
-2.616309821605682373e-01
-2.606875896453857422e-01
-2.587506771087646484e-01
-2.590868771076202393e-01
-2.633466720581054688e-01
-2.591836750507354736e-01
-2.595568895339965820e-01
-2.598643898963928223e-01
-2.605352401733398438e-01
-2.625944912433624268e-01
-2.624913156032562256e-01
-2.598527967929840088e-01
-2.617812454700469971e-01
-2.588486373424530029e-01
-2.599221467971801758e-01
-2.640821635723114014e-01
-2.614828050136566162e-01
-2.640106678009033203e-01
-2.595029771327972412e-01
-2.643877267837524414e-01
-2.644472718238830566e-01
-2.656239867210388184e-01
-2.651663124561309814e-01
-2.613383233547210693e-01
-2.646970450878143311e-01
-2.605424821376800537e-01
-2.607926428318023682e-01
-2.631932497024536133e-01
-2.633215785026550293e-01
-2.645985782146453857e-01
-2.663906216621398926e-01
-2.651754319667816162e-01
-2.627888321876525879e-01
-2.640560269355773926e-01
-2.638375163078308105e-01
-2.699152231216430664e-01
-2.650330066680908203e-01
-2.651806771755218506e-01
-2.680900692939758301e-01
-2.661743760108947754e-01
-2.684082388877868652e-01
-2.670123279094696045e-01
-2.649965286254882812e-01
-2.679145336151123047e-01
-2.676575183868408203e-01
-2.684977352619171143e-01
-2.719848453998565674e-01
-2.710568308830261230e-01
-2.701150476932525635e-01
-2.650862336158752441e-01
-2.691791951656341553e-01
-2.685941457748413086e-01
-2.681086957454681396e-01
-2.715519964694976807e-01
-2.685553431510925293e-01
-2.693713009357452393e-01
-2.721068859100341797e-01
-2.691314220428466797e-01
-2.692736983299255371e-01
-2.673093378543853760e-01
-2.678253054618835449e-01
-2.711217999458312988e-01
-2.684153616428375244e-01
-2.680775225162506104e-01
-2.672854065895080566e-01
-2.687883973121643066e-01
-2.690704464912414551e-01
-2.699360847473144531e-01
-2.693479061126708984e-01
-2.699351906776428223e-01
-2.703026831150054932e-01
-2.713412046432495117e-01
-2.711878716945648193e-01
-2.734142541885375977e-01
-2.700948715209960938e-01
-2.691916525363922119e-01
-2.727495133876800537e-01
-2.717532515525817871e-01
-2.712041139602661133e-01
-2.736597359180450439e-01
-2.727992534637451172e-01
-2.730821371078491211e-01
-2.686497867107391357e-01
-2.707831561565399170e-01
-2.731897532939910889e-01
-2.698894143104553223e-01
-2.700448632240295410e-01
-2.700734734535217285e-01
-2.711075544357299805e-01
-2.683300375938415527e-01
-2.696098089218139648e-01
-2.704797983169555664e-01
-2.744123935699462891e-01
-2.695053219795227051e-01
-2.705334126949310303e-01
-2.708739936351776123e-01
-2.720269858837127686e-01
-2.700135409832000732e-01
-2.679418921470642090e-01
-2.716666758060455322e-01
-2.720263600349426270e-01
-2.719991505146026611e-01
-2.705379128456115723e-01
-2.714129090309143066e-01
-2.721954882144927979e-01
-2.724213302135467529e-01
-2.699738740921020508e-01
-2.713002264499664307e-01
-2.708004713058471680e-01
-2.708627283573150635e-01
-2.700631618499755859e-01
-2.744370102882385254e-01
-2.726941704750061035e-01
-2.699925601482391357e-01
-2.721541225910186768e-01
-2.747443020343780518e-01
-2.720653712749481201e-01
-2.676790654659271240e-01
-2.745204567909240723e-01
-2.721081078052520752e-01
-2.728405594825744629e-01
-2.745298147201538086e-01
-2.742681503295898438e-01
-2.721874713897705078e-01
-2.700749635696411133e-01
-2.708795368671417236e-01
-2.680833637714385986e-01
-2.730895876884460449e-01
-2.701536417007446289e-01
-2.714226543903350830e-01
-2.749874293804168701e-01
-2.723077833652496338e-01
-2.707916200160980225e-01
-2.711420357227325439e-01
-2.739443480968475342e-01
-2.681484818458557129e-01
-2.726666331291198730e-01
-2.720204591751098633e-01
-2.736778259277343750e-01
-2.729998826980590820e-01
-2.714450657367706299e-01
-2.732920050621032715e-01
-2.709356248378753662e-01
-2.724888920783996582e-01
-2.721222937107086182e-01
-2.691397666931152344e-01
-2.726654708385467529e-01
-2.707456052303314209e-01
-2.715051770210266113e-01
-2.718099951744079590e-01
-2.755507230758666992e-01
-2.706356346607208252e-01
-2.722081840038299561e-01
-2.735526561737060547e-01
-2.745091617107391357e-01
-2.694230079650878906e-01
-2.727297246456146240e-01
-2.731626629829406738e-01
-2.755083143711090088e-01
-2.731965780258178711e-01
-2.733945250511169434e-01
-2.767426669597625732e-01
-2.747513949871063232e-01
-2.733195722103118896e-01
-2.730481326580047607e-01
-2.710566818714141846e-01
-2.732138633728027344e-01
-2.748891413211822510e-01
-2.726573348045349121e-01
-2.726517617702484131e-01
-2.739161252975463867e-01
-2.758695185184478760e-01
-2.745168805122375488e-01
-2.734079658985137939e-01
-2.798753380775451660e-01
-2.747358977794647217e-01
-2.715125381946563721e-01
-2.713479697704315186e-01
-2.700430154800415039e-01
-2.744535207748413086e-01
-2.749070823192596436e-01
-2.729883491992950439e-01
-2.743657529354095459e-01
-2.729941904544830322e-01
-2.725884318351745605e-01
-2.700397968292236328e-01
-2.730119526386260986e-01
-2.744764089584350586e-01
-2.740305364131927490e-01
-2.740981578826904297e-01
-2.695670127868652344e-01
-2.729984819889068604e-01
-2.707120776176452637e-01
-2.717416882514953613e-01
-2.732587456703186035e-01
-2.738923430442810059e-01
-2.766777276992797852e-01
-2.730395793914794922e-01
-2.735185325145721436e-01
-2.711834013462066650e-01
-2.740111052989959717e-01
-2.731055915355682373e-01
-2.758523523807525635e-01
-2.755939662456512451e-01
-2.720314860343933105e-01
-2.731877565383911133e-01
-2.744704484939575195e-01
-2.753742635250091553e-01
-2.729851007461547852e-01
-2.740009129047393799e-01
-2.726199924945831299e-01
-2.720671892166137695e-01
-2.708269655704498291e-01
-2.724260389804840088e-01
-2.726225554943084717e-01
-2.716377675533294678e-01
-2.722913622856140137e-01
-2.753448188304901123e-01
-2.738716006278991699e-01
-2.780258655548095703e-01
-2.710471451282501221e-01
-2.729742527008056641e-01
-2.736256122589111328e-01
-2.725219726562500000e-01
-2.736327052116394043e-01
-2.720242440700531006e-01
-2.738582193851470947e-01
-2.729169428348541260e-01
-2.711741328239440918e-01
-2.738588750362396240e-01
-2.752636075019836426e-01
-2.761301994323730469e-01
-2.717880010604858398e-01
-2.747452557086944580e-01
-2.747757434844970703e-01
-2.732181251049041748e-01
-2.752542793750762939e-01
-2.760747075080871582e-01
-2.750771343708038330e-01
-2.700754106044769287e-01
-2.766403853893280029e-01
-2.750871479511260986e-01
-2.754459083080291748e-01
-2.739370465278625488e-01
-2.737397551536560059e-01
-2.725487649440765381e-01
-2.752090990543365479e-01
-2.736772596836090088e-01
-2.714841067790985107e-01
-2.774509787559509277e-01
-2.751951813697814941e-01
-2.761851847171783447e-01
-2.758377790451049805e-01
-2.739823460578918457e-01
-2.744698226451873779e-01
-2.731825709342956543e-01
-2.751073539257049561e-01
-2.748188078403472900e-01
-2.748813927173614502e-01
-2.762385010719299316e-01
-2.760223448276519775e-01
-2.687709927558898926e-01
-2.698097825050354004e-01
-2.777895629405975342e-01
-2.723706960678100586e-01
-2.713127732276916504e-01
-2.741480171680450439e-01
-2.751629352569580078e-01
-2.733810544013977051e-01
-2.740739583969116211e-01
-2.743582129478454590e-01
-2.780939340591430664e-01
-2.746205627918243408e-01
-2.750981450080871582e-01
-2.730887532234191895e-01
-2.752783894538879395e-01
-2.741362452507019043e-01
-2.710562050342559814e-01
-2.718044817447662354e-01
-2.737652659416198730e-01
-2.704548835754394531e-01
-2.757001221179962158e-01
-2.712492644786834717e-01
-2.740692794322967529e-01
-2.737477719783782959e-01
-2.717306613922119141e-01
-2.730464637279510498e-01
-2.757166922092437744e-01
-2.750641107559204102e-01
-2.729004323482513428e-01
-2.708680331707000732e-01
-2.768312394618988037e-01
-2.774515450000762939e-01
-2.732180953025817871e-01
-2.741582095623016357e-01
-2.741331160068511963e-01
-2.740588784217834473e-01
-2.748278081417083740e-01
-2.739771604537963867e-01
-2.705143988132476807e-01
-2.759327888488769531e-01
-2.774616181850433350e-01
-2.739809453487396240e-01
-2.718401551246643066e-01
-2.703997790813446045e-01
-2.760387659072875977e-01
-2.773841023445129395e-01
-2.759352624416351318e-01
-2.721722424030303955e-01
-2.739234268665313721e-01
-2.787182033061981201e-01
-2.736525833606719971e-01
-2.764133512973785400e-01
-2.761797606945037842e-01
-2.741209864616394043e-01
-2.735861241817474365e-01
-2.727050483226776123e-01
-2.720892727375030518e-01
-2.782986462116241455e-01
-2.737683653831481934e-01
-2.733976244926452637e-01
-2.750382721424102783e-01
-2.752747833728790283e-01
-2.762825489044189453e-01
-2.744324505329132080e-01
-2.777775824069976807e-01
-2.727874517440795898e-01
-2.736068367958068848e-01
-2.741218805313110352e-01
-2.736958265304565430e-01
-2.723723649978637695e-01
-2.768371701240539551e-01
-2.726258933544158936e-01
-2.725118100643157959e-01
-2.752527892589569092e-01
-2.739802896976470947e-01
-2.756164968013763428e-01
-2.715447247028350830e-01
-2.768374085426330566e-01
-2.746497988700866699e-01
-2.705968022346496582e-01
-2.702265083789825439e-01
-2.756018638610839844e-01
-2.782491147518157959e-01
-2.728318274021148682e-01
-2.724758088588714600e-01
-2.751125395298004150e-01
-2.760155498981475830e-01
-2.768283784389495850e-01
-2.753582894802093506e-01
-2.738004624843597412e-01
-2.738270163536071777e-01
-2.745701372623443604e-01
-2.699085474014282227e-01
-2.759376764297485352e-01
-2.755854427814483643e-01
-2.760113179683685303e-01
-2.767037153244018555e-01
-2.760254442691802979e-01
-2.742106318473815918e-01
-2.722167968750000000e-01
-2.751662135124206543e-01
-2.777460217475891113e-01
-2.725803852081298828e-01
-2.738019526004791260e-01
-2.724973261356353760e-01
-2.757916152477264404e-01
-2.751964628696441650e-01
-2.726773023605346680e-01
-2.765823304653167725e-01
-2.725831866264343262e-01
-2.755939960479736328e-01
-2.735456824302673340e-01
-2.746595740318298340e-01
-2.745079100131988525e-01
-2.739253640174865723e-01
-2.751474380493164062e-01
-2.729213535785675049e-01
-2.797566950321197510e-01
-2.748160362243652344e-01
-2.770132720470428467e-01
-2.746078968048095703e-01
-2.743668854236602783e-01
-2.740695774555206299e-01
-2.751630842685699463e-01
-2.751717269420623779e-01
-2.725913226604461670e-01
-2.751620709896087646e-01
-2.731868326663970947e-01
-2.717067599296569824e-01
-2.743113636970520020e-01
-2.737411856651306152e-01
-2.714534103870391846e-01
-2.764885723590850830e-01
-2.736470997333526611e-01
-2.730452716350555420e-01
-2.742480039596557617e-01
-2.750450968742370605e-01
-2.754319906234741211e-01
-2.738254964351654053e-01
-2.764632701873779297e-01
-2.746678590774536133e-01
-2.753087878227233887e-01
-2.725104987621307373e-01
-2.760193049907684326e-01
-2.759967148303985596e-01
-2.761066854000091553e-01
-2.749407291412353516e-01
-2.692426443099975586e-01
-2.735992968082427979e-01
-2.774479687213897705e-01
-2.763461768627166748e-01
-2.733426690101623535e-01
-2.762844860553741455e-01
-2.729989588260650635e-01
-2.788200080394744873e-01
-2.704764902591705322e-01
-2.727253437042236328e-01
-2.777368128299713135e-01
-2.762191891670227051e-01
-2.745936214923858643e-01
-2.779594659805297852e-01
-2.754467129707336426e-01
-2.798715233802795410e-01
-2.746018171310424805e-01
-2.774536609649658203e-01
-2.722200155258178711e-01
-2.744716703891754150e-01
-2.742617130279541016e-01
-2.740288674831390381e-01
-2.750477790832519531e-01
-2.766861617565155029e-01
-2.751440405845642090e-01
-2.760309875011444092e-01
-2.732397019863128662e-01
-2.723857760429382324e-01
-2.762343287467956543e-01
-2.764273881912231445e-01
-2.749129235744476318e-01
-2.754758596420288086e-01
-2.744390368461608887e-01
-2.720388174057006836e-01
-2.740700542926788330e-01
-2.737974822521209717e-01
-2.740199267864227295e-01
-2.745231389999389648e-01
-2.745814323425292969e-01
-2.753639519214630127e-01
-2.749905884265899658e-01
-2.738374471664428711e-01
-2.735978662967681885e-01
-2.770142257213592529e-01
-2.752780020236968994e-01
-2.738427221775054932e-01
-2.779029905796051025e-01
-2.760452330112457275e-01
-2.776207923889160156e-01
-2.743705213069915771e-01
-2.706384658813476562e-01
-2.765968143939971924e-01
-2.733447253704071045e-01
-2.751541137695312500e-01
-2.750318944454193115e-01
-2.745078206062316895e-01
-2.794838845729827881e-01
-2.722361385822296143e-01
-2.737887799739837646e-01
-2.734359204769134521e-01
-2.755435109138488770e-01
-2.764420509338378906e-01
-2.723446190357208252e-01
-2.729680240154266357e-01
-2.747511565685272217e-01
-2.755212783813476562e-01
-2.765610814094543457e-01
-2.751636207103729248e-01
-2.761240303516387939e-01
-2.724424302577972412e-01
-2.755577862262725830e-01
-2.751847505569458008e-01
-2.740496397018432617e-01
-2.751713693141937256e-01
-2.775245606899261475e-01
-2.758868336677551270e-01
-2.734695374965667725e-01
-2.730108201503753662e-01
-2.718624770641326904e-01
-2.784380614757537842e-01
-2.777808904647827148e-01
-2.749845683574676514e-01
-2.751833498477935791e-01
-2.746312916278839111e-01
-2.746484875679016113e-01
-2.750112116336822510e-01
-2.745344340801239014e-01
-2.715508937835693359e-01
-2.762837409973144531e-01
-2.776390910148620605e-01
-2.743937373161315918e-01
-2.725568115711212158e-01
-2.708416283130645752e-01
-2.765634655952453613e-01
-2.773717939853668213e-01
-2.758598625659942627e-01
-2.720589041709899902e-01
-2.748831212520599365e-01
-2.790524959564208984e-01
-2.744412720203399658e-01
-2.772489488124847412e-01
-2.774260938167572021e-01
-2.740978002548217773e-01
-2.746312320232391357e-01
-2.739516496658325195e-01
-2.721891105175018311e-01
-2.789804637432098389e-01
-2.744805812835693359e-01
-2.745443582534790039e-01
-2.753125429153442383e-01
-2.758524715900421143e-01
-2.757676243782043457e-01
-2.751139700412750244e-01
-2.777254283428192139e-01
-2.743618786334991455e-01
-2.741530835628509521e-01
-2.742020785808563232e-01
-2.743990123271942139e-01
-2.729987204074859619e-01
-2.773554623126983643e-01
-2.733235657215118408e-01
-2.730919122695922852e-01
-2.764358818531036377e-01
-2.746905088424682617e-01
-2.764121592044830322e-01
-2.718052864074707031e-01
-2.776499688625335693e-01
-2.745183408260345459e-01
-2.717251479625701904e-01
-2.707329690456390381e-01
-2.756154835224151611e-01
-2.789475917816162109e-01
-2.731416523456573486e-01
-2.729763686656951904e-01
-2.758581638336181641e-01
-2.765401899814605713e-01
-2.778007686138153076e-01
-2.757562994956970215e-01
-2.741970121860504150e-01
-2.748311161994934082e-01
-2.751427292823791504e-01
-2.701483070850372314e-01
-2.763489186763763428e-01
-2.766851484775543213e-01
-2.764254808425903320e-01
-2.779777050018310547e-01
-2.761132121086120605e-01
-2.746068537235260010e-01
-2.725167274475097656e-01
-2.751108109951019287e-01
-2.784065604209899902e-01
-2.732760012149810791e-01
-2.741648852825164795e-01
-2.724680900573730469e-01
-2.754610776901245117e-01
-2.754513025283813477e-01
-2.739287614822387695e-01
-2.770864367485046387e-01
-2.727404236793518066e-01
-2.763213515281677246e-01
-2.742434740066528320e-01
-2.752557992935180664e-01
-2.745286524295806885e-01
-2.737061679363250732e-01
-2.754564881324768066e-01
-2.742469608783721924e-01
-2.800656855106353760e-01
-2.751860022544860840e-01
-2.772474288940429688e-01
-2.751201093196868896e-01
-2.745633423328399658e-01
-2.750811278820037842e-01
-2.751019895076751709e-01
-2.753776907920837402e-01
-2.733643651008605957e-01
-2.753808498382568359e-01
-2.733362913131713867e-01
-2.720161676406860352e-01
-2.745843529701232910e-01
-2.737782895565032959e-01
-2.722822427749633789e-01
-2.770208120346069336e-01
-2.753346562385559082e-01
-2.737275958061218262e-01
-2.751231789588928223e-01
-2.754402756690979004e-01
-2.759194970130920410e-01
-2.744088172912597656e-01
-2.769862115383148193e-01
-2.744926214218139648e-01
-2.756614387035369873e-01
-2.733309268951416016e-01
-2.766467928886413574e-01
-2.764276564121246338e-01
-2.757648527622222900e-01
-2.756486833095550537e-01
-2.703387439250946045e-01
-2.742674648761749268e-01
-2.781826853752136230e-01
-2.771560847759246826e-01
-2.734249234199523926e-01
-2.765347361564636230e-01
-2.738528549671173096e-01
-2.792252302169799805e-01
-2.707659900188446045e-01
-2.731242775917053223e-01
-2.774846255779266357e-01
-2.760029733180999756e-01
-2.751685678958892822e-01
-2.791001498699188232e-01
-2.763209939002990723e-01
-2.804521322250366211e-01
-2.748506665229797363e-01
-2.772602736949920654e-01
-2.728914022445678711e-01
-2.749375700950622559e-01
-2.742025256156921387e-01
-2.738555371761322021e-01
-2.747476696968078613e-01
-2.773897349834442139e-01
-2.755779325962066650e-01
-2.769008576869964600e-01
-2.736871242523193359e-01
-2.733571231365203857e-01
-2.767030000686645508e-01
-2.772051990032196045e-01
-2.750737667083740234e-01
-2.754739820957183838e-01
-2.753311097621917725e-01
-2.726847231388092041e-01
-2.742922306060791016e-01
-2.741513550281524658e-01
-2.745857536792755127e-01
-2.760211229324340820e-01
-2.747408747673034668e-01
-2.758171260356903076e-01
-2.747290134429931641e-01
-2.743737697601318359e-01
-2.732466459274291992e-01
-2.768194079399108887e-01
-2.755811214447021484e-01
-2.746212184429168701e-01
-2.787854969501495361e-01
-2.762334048748016357e-01
-2.772000432014465332e-01
-2.742983400821685791e-01
-2.702644765377044678e-01
-2.771025896072387695e-01
-2.729806900024414062e-01
-2.766357958316802979e-01
-2.750813066959381104e-01
-2.749640643596649170e-01
-2.797755599021911621e-01
-2.726983129978179932e-01
-2.745453417301177979e-01
-2.743582129478454590e-01
-2.757919430732727051e-01
-2.773974835872650146e-01
-2.726466655731201172e-01
-2.738344967365264893e-01
-2.752449512481689453e-01
-2.760396003723144531e-01
-2.774485349655151367e-01
-2.757479846477508545e-01
-2.762441635131835938e-01
-2.733019292354583740e-01
-2.764700949192047119e-01
-2.759547829627990723e-01
-2.742810845375061035e-01
-2.751147449016571045e-01
-2.782667279243469238e-01
-2.756167650222778320e-01
-2.735540568828582764e-01
-2.761923968791961670e-01
-2.755552530288696289e-01
-2.733620405197143555e-01
-2.762016952037811279e-01
-2.725382745265960693e-01
-2.756151258945465088e-01
-2.795183658599853516e-01
-2.771770954132080078e-01
-2.748192846775054932e-01
-2.743316590785980225e-01
-2.755976319313049316e-01
-2.775062322616577148e-01
-2.764825522899627686e-01
-2.732337713241577148e-01
-2.744580507278442383e-01
-2.727178633213043213e-01
-2.767050862312316895e-01
-2.745957672595977783e-01
-2.757421135902404785e-01
-2.722007930278778076e-01
-2.759310305118560791e-01
-2.739409804344177246e-01
-2.742713391780853271e-01
-2.738769352436065674e-01
-2.739391028881072998e-01
-2.734087407588958740e-01
-2.768049538135528564e-01
-2.750069797039031982e-01
-2.766997814178466797e-01
-2.727575004100799561e-01
-2.733394801616668701e-01
-2.774211466312408447e-01
-2.761458754539489746e-01
-2.719648182392120361e-01
-2.729223668575286865e-01
-2.770067453384399414e-01
-2.747400403022766113e-01
-2.763270735740661621e-01
-2.731103599071502686e-01
-2.759299874305725098e-01
-2.722742259502410889e-01
-2.760103046894073486e-01
-2.775702476501464844e-01
-2.772542238235473633e-01
-2.751460075378417969e-01
-2.773470580577850342e-01
-2.747165560722351074e-01
-2.758272290229797363e-01
-2.777968943119049072e-01
-2.752046585083007812e-01
-2.749191820621490479e-01
-2.791250050067901611e-01
-2.779214978218078613e-01
-2.752879858016967773e-01
-2.760167121887207031e-01
-2.727839350700378418e-01
-2.751456201076507568e-01
-2.749787569046020508e-01
-2.760215103626251221e-01
-2.751889526844024658e-01
-2.717947661876678467e-01
-2.748449742794036865e-01
-2.766883075237274170e-01
-2.766889929771423340e-01
-2.740310728549957275e-01
-2.740908265113830566e-01
-2.729259431362152100e-01
-2.794891297817230225e-01
-2.785762846469879150e-01
-2.749561071395874023e-01
-2.749399542808532715e-01
-2.754876613616943359e-01
-2.747118175029754639e-01
-2.753318846225738525e-01
-2.749949395656585693e-01
-2.717489302158355713e-01
-2.764881849288940430e-01
-2.772347331047058105e-01
-2.763177156448364258e-01
-2.730900347232818604e-01
-2.718577980995178223e-01
-2.769440412521362305e-01
-2.774496376514434814e-01
-2.764786481857299805e-01
-2.732198536396026611e-01
-2.752397358417510986e-01
-2.795422077178955078e-01
-2.743650674819946289e-01
-2.776775658130645752e-01
-2.773201167583465576e-01
-2.744146585464477539e-01
-2.749590575695037842e-01
-2.747381925582885742e-01
-2.726098597049713135e-01
-2.794152796268463135e-01
-2.751633822917938232e-01
-2.764652073383331299e-01
-2.758556604385375977e-01
-2.759988903999328613e-01
-2.767346799373626709e-01
-2.760877013206481934e-01
-2.782956957817077637e-01
-2.755846083164215088e-01
-2.745110988616943359e-01
-2.748663425445556641e-01
-2.755926549434661865e-01
-2.736815214157104492e-01
-2.777898311614990234e-01
-2.742136716842651367e-01
-2.728376388549804688e-01
-2.771923840045928955e-01
-2.753281295299530029e-01
-2.769431173801422119e-01
-2.724511623382568359e-01
-2.778126895427703857e-01
-2.754694223403930664e-01
-2.718324363231658936e-01
-2.715269029140472412e-01
-2.753407061100006104e-01
-2.792933285236358643e-01
-2.740469574928283691e-01
-2.743407189846038818e-01
-2.757916152477264404e-01
-2.770792841911315918e-01
-2.773126363754272461e-01
-2.762441933155059814e-01
-2.750233709812164307e-01
-2.753413617610931396e-01
-2.750304639339447021e-01
-2.702775895595550537e-01
-2.767846584320068359e-01
-2.769003510475158691e-01
-2.766339182853698730e-01
-2.776829004287719727e-01
-2.762887775897979736e-01
-2.748973369598388672e-01
-2.727020382881164551e-01
-2.757822275161743164e-01
-2.784168124198913574e-01
-2.734324932098388672e-01
-2.747732400894165039e-01
-2.734755277633666992e-01
-2.768873274326324463e-01
-2.761591672897338867e-01
-2.747197151184082031e-01
-2.777923643589019775e-01
-2.741707265377044678e-01
-2.766913771629333496e-01
-2.753166258335113525e-01
-2.756546437740325928e-01
-2.757996916770935059e-01
-2.749189436435699463e-01
-2.752914428710937500e-01
-2.745823264122009277e-01
-2.808210551738739014e-01
-2.755940258502960205e-01
-2.776303291320800781e-01
-2.766650319099426270e-01
-2.749155759811401367e-01
-2.756931781768798828e-01
-2.753681838512420654e-01
-2.753891050815582275e-01
-2.743549048900604248e-01
-2.761761546134948730e-01
-2.744349241256713867e-01
-2.732475996017456055e-01
-2.751248776912689209e-01
-2.731568515300750732e-01
-2.726279199123382568e-01
-2.784346342086791992e-01
-2.758763134479522705e-01
-2.746452689170837402e-01
-2.755485177040100098e-01
-2.760999798774719238e-01
-2.777405977249145508e-01
-2.744850814342498779e-01
-2.779802083969116211e-01
-2.756081819534301758e-01
-2.763940989971160889e-01
-2.738396823406219482e-01
-2.774771749973297119e-01
-2.777354419231414795e-01
-2.760671079158782959e-01
-2.759125828742980957e-01
-2.712257206439971924e-01
-2.750687301158905029e-01
-2.788993418216705322e-01
-2.783539295196533203e-01
-2.745374739170074463e-01
-2.768684029579162598e-01
-2.731499075889587402e-01
-2.796758115291595459e-01
-2.713231742382049561e-01
-2.741109728813171387e-01
-2.780560255050659180e-01
-2.769785821437835693e-01
-2.757759392261505127e-01
-2.799093425273895264e-01
-2.763545811176300049e-01
-2.811045050621032715e-01
-2.749297618865966797e-01
-2.775153517723083496e-01
-2.733374536037445068e-01
-2.753956019878387451e-01
-2.757144570350646973e-01
-2.745507955551147461e-01
-2.760066390037536621e-01
-2.783104181289672852e-01
-2.760539948940277100e-01
-2.776198685169219971e-01
-2.739992737770080566e-01
-2.741738557815551758e-01
-2.781051993370056152e-01
-2.782450318336486816e-01
-2.753489911556243896e-01
-2.760049402713775635e-01
-2.756737470626831055e-01
-2.727397382259368896e-01
-2.746185958385467529e-01
-2.751413583755493164e-01
-2.745801806449890137e-01
-2.759131491184234619e-01
-2.751275599002838135e-01
-2.756705880165100098e-01
-2.756591141223907471e-01
-2.745805680751800537e-01
-2.734792232513427734e-01
-2.775130271911621094e-01
-2.755784988403320312e-01
-2.752470076084136963e-01
-2.789168655872344971e-01
-2.770828008651733398e-01
-2.782783210277557373e-01
-2.755478024482727051e-01
-2.718892693519592285e-01
-2.772691547870635986e-01
-2.738853096961975098e-01
-2.773504257202148438e-01
-2.763785719871520996e-01
-2.753359377384185791e-01
-2.797370553016662598e-01
-2.727818489074707031e-01
-2.748931050300598145e-01
-2.749053835868835449e-01
-2.772690355777740479e-01
-2.779212892055511475e-01
-2.730289399623870850e-01
-2.748399674892425537e-01
-2.768372297286987305e-01
-2.766450047492980957e-01
-2.779944539070129395e-01
-2.763975262641906738e-01
-2.768884599208831787e-01
-2.743130028247833252e-01
-2.773874402046203613e-01
-2.753364145755767822e-01
-2.743297517299652100e-01
-2.748180627822875977e-01
-2.784677743911743164e-01
-2.764144241809844971e-01
-2.748236656188964844e-01
-2.775087654590606689e-01
-2.766155898571014404e-01
-2.747706770896911621e-01
-2.769289612770080566e-01
-2.729467749595642090e-01
-2.768462598323822021e-01
-2.795469462871551514e-01
-2.775572538375854492e-01
-2.757330834865570068e-01
-2.755796611309051514e-01
-2.757145464420318604e-01
-2.776144444942474365e-01
-2.766378223896026611e-01
-2.741822600364685059e-01
-2.748423814773559570e-01
-2.733465433120727539e-01
-2.778457701206207275e-01
-2.759534418582916260e-01
-2.771197259426116943e-01
-2.731263637542724609e-01
-2.772867977619171143e-01
-2.743099331855773926e-01
-2.747459113597869873e-01
-2.736448347568511963e-01
-2.752978503704071045e-01
-2.744290232658386230e-01
-2.765889763832092285e-01
-2.762695848941802979e-01
-2.769245803356170654e-01
-2.745114862918853760e-01
-2.747804224491119385e-01
-2.779626846313476562e-01
-2.777531743049621582e-01
-2.726771235466003418e-01
-2.741893827915191650e-01
-2.781667411327362061e-01
-2.751669585704803467e-01
-2.773050069808959961e-01
-2.744260728359222412e-01
-2.766358554363250732e-01
-2.729697823524475098e-01
-2.769068181514739990e-01
-2.789885997772216797e-01
-2.776851952075958252e-01
-2.762578725814819336e-01
-2.774582803249359131e-01
-2.754832506179809570e-01
-2.763650119304656982e-01
-2.796293199062347412e-01
-2.756259143352508545e-01
-2.759465873241424561e-01
-2.794063389301300049e-01
-2.780761122703552246e-01
-2.760677635669708252e-01
-2.758947014808654785e-01
-2.736110985279083252e-01
-2.759299874305725098e-01
-2.750834822654724121e-01
-2.767800390720367432e-01
-2.753127515316009521e-01
-2.727151811122894287e-01
-2.751354277133941650e-01
-2.780257463455200195e-01
-2.771282494068145752e-01
-2.753579020500183105e-01
-2.764358520507812500e-01
-2.750407159328460693e-01
-2.762236297130584717e-01
-2.765629887580871582e-01
-2.733964920043945312e-01
-2.785252034664154053e-01
-2.746993303298950195e-01
-2.736290991306304932e-01
-2.761178612709045410e-01
-2.749604582786560059e-01
-2.771099507808685303e-01
-2.738645672798156738e-01
-2.772745490074157715e-01
-2.774007022380828857e-01
-2.787143886089324951e-01
-2.757259905338287354e-01
-2.754050493240356445e-01
-2.782659232616424561e-01
-2.720775902271270752e-01
-2.731844782829284668e-01
-2.746648192405700684e-01
-2.771004736423492432e-01
-2.792547047138214111e-01
-2.765886783599853516e-01
-2.753955125808715820e-01
-2.734022438526153564e-01
-2.759762406349182129e-01
-2.757393717765808105e-01
-2.789171636104583740e-01
-2.780146002769470215e-01
-2.746999561786651611e-01
-2.775104343891143799e-01
-2.726731002330780029e-01
-2.790294289588928223e-01
-2.763057053089141846e-01
-2.735017836093902588e-01
-2.765220403671264648e-01
-2.764392197132110596e-01
-2.776591479778289795e-01
-2.791544795036315918e-01
-2.793443500995635986e-01
-2.762870788574218750e-01
-2.738568186759948730e-01
-2.790443003177642822e-01
-2.770881354808807373e-01
-2.751108705997467041e-01
-2.790819704532623291e-01
-2.781819105148315430e-01
-2.756942212581634521e-01
-2.793908417224884033e-01
-2.766037583351135254e-01
-2.762447595596313477e-01
-2.764730751514434814e-01
-2.755898535251617432e-01
-2.773391902446746826e-01
-2.737351655960083008e-01
-2.762926220893859863e-01
-2.753401994705200195e-01
-2.758352756500244141e-01
-2.749547660350799561e-01
-2.753704786300659180e-01
-2.768680453300476074e-01
-2.775914669036865234e-01
-2.783428430557250977e-01
-2.760914266109466553e-01
-2.772469222545623779e-01
-2.789315283298492432e-01
-2.770135402679443359e-01
-2.758293449878692627e-01
-2.774664163589477539e-01
-2.759844660758972168e-01
-2.776917815208435059e-01
-2.785527110099792480e-01
-2.770691812038421631e-01
-2.793396711349487305e-01
-2.732820510864257812e-01
-2.756553888320922852e-01
-2.796429991722106934e-01
-2.760269641876220703e-01
-2.758382558822631836e-01
-2.761662006378173828e-01
-2.751538157463073730e-01
-2.742327153682708740e-01
-2.741495668888092041e-01
-2.782015204429626465e-01
-2.795310616493225098e-01
-2.752943634986877441e-01
-2.758487164974212646e-01
-2.773361206054687500e-01
-2.786596715450286865e-01
-2.760676145553588867e-01
-2.732777595520019531e-01
-2.757234573364257812e-01
-2.780961692333221436e-01
-2.790388166904449463e-01
-2.750928997993469238e-01
-2.760487794876098633e-01
-2.787937521934509277e-01
-2.772206366062164307e-01
-2.768862843513488770e-01
-2.771781682968139648e-01
-2.767383456230163574e-01
-2.739951312541961670e-01
-2.759695053100585938e-01
-2.791369557380676270e-01
-2.785022556781768799e-01
-2.750794291496276855e-01
-2.769970595836639404e-01
-2.793156206607818604e-01
-2.765015959739685059e-01
-2.737957835197448730e-01
-2.792138755321502686e-01
-2.782228887081146240e-01
-2.768408954143524170e-01
-2.779168188571929932e-01
-2.804233431816101074e-01
-2.760845422744750977e-01
-2.746853828430175781e-01
-2.749871909618377686e-01
-2.738210558891296387e-01
-2.751410901546478271e-01
-2.748658955097198486e-01
-2.744058966636657715e-01
-2.789362668991088867e-01
-2.778701186180114746e-01
-2.757298648357391357e-01
-2.762009799480438232e-01
-2.797355949878692627e-01
-2.744985520839691162e-01
-2.776279747486114502e-01
-2.768956422805786133e-01
-2.783760130405426025e-01
-2.777198553085327148e-01
-2.766519188880920410e-01
-2.788794040679931641e-01
-2.774653136730194092e-01
-2.748675048351287842e-01
-2.772448956966400146e-01
-2.750082612037658691e-01
-2.781088352203369141e-01
-2.758728563785552979e-01
-2.739576995372772217e-01
-2.764370739459991455e-01
-2.788619995117187500e-01
-2.755482494831085205e-01
-2.753373384475708008e-01
-2.773880958557128906e-01
-2.773781120777130127e-01
-2.756105363368988037e-01
-2.772592902183532715e-01
-2.775382101535797119e-01
-2.772123217582702637e-01
-2.778566181659698486e-01
-2.775111794471740723e-01
-2.806932926177978516e-01
-2.802901566028594971e-01
-2.767673134803771973e-01
-2.771660685539245605e-01
-2.772528827190399170e-01
-2.797432243824005127e-01
-2.797208726406097412e-01
-2.757633030414581299e-01
-2.769141495227813721e-01
-2.771841287612915039e-01
-2.808930873870849609e-01
-2.792121469974517822e-01
-2.776268720626831055e-01
-2.836543023586273193e-01
-2.788439989089965820e-01
-2.753715515136718750e-01
-2.769051790237426758e-01
-2.735555469989776611e-01
-2.798652052879333496e-01
-2.802450060844421387e-01
-2.754944264888763428e-01
-2.809525728225708008e-01
-2.777459025382995605e-01
-2.760775089263916016e-01
-2.728970348834991455e-01
-2.767862081527709961e-01
-2.781629562377929688e-01
-2.773245275020599365e-01
-2.763773202896118164e-01
-2.727750241756439209e-01
-2.777404189109802246e-01
-2.741064727306365967e-01
-2.756493687629699707e-01
-2.763841450214385986e-01
-2.783893346786499023e-01
-2.809774279594421387e-01
-2.760425508022308350e-01
-2.777932882308959961e-01
-2.758428454399108887e-01
-2.796338498592376709e-01
-2.771415114402770996e-01
-2.805233299732208252e-01
-2.784264385700225830e-01
-2.762746512889862061e-01
-2.765686511993408203e-01
-2.772076129913330078e-01
-2.791319787502288818e-01
-2.772290706634521484e-01
-2.767120003700256348e-01
-2.764258980751037598e-01
-2.748415470123291016e-01
-2.731497585773468018e-01
-2.773992419242858887e-01
-2.766904234886169434e-01
-2.755002677440643311e-01
-2.753626406192779541e-01
-2.811393737792968750e-01
-2.777159512042999268e-01
-2.822477519512176514e-01
-2.740584611892700195e-01
-2.759321928024291992e-01
-2.770994901657104492e-01
-2.773143947124481201e-01
-2.761351466178894043e-01
-2.752524614334106445e-01
-2.771658897399902344e-01
-2.771478593349456787e-01
-2.748048603534698486e-01
-2.792064845561981201e-01
-2.802676856517791748e-01
-2.822662591934204102e-01
-2.739967107772827148e-01
-2.786373496055603027e-01
-2.760502398014068604e-01
-2.780465185642242432e-01
-2.793263494968414307e-01
-2.811101377010345459e-01
-2.778239846229553223e-01
-2.750758528709411621e-01
-2.805065214633941650e-01
-2.805637419223785400e-01
-2.790670692920684814e-01
-2.781866490840911865e-01
-2.762881815433502197e-01
-2.769553959369659424e-01
-2.800560891628265381e-01
-2.781917750835418701e-01
-2.766516208648681641e-01
-2.816379964351654053e-01
-2.794957160949707031e-01
-2.797744274139404297e-01
-2.796866893768310547e-01
-2.775195837020874023e-01
-2.780286073684692383e-01
-2.757299542427062988e-01
-2.796392142772674561e-01
-2.779504358768463135e-01
-2.789683341979980469e-01
-2.791581153869628906e-01
-2.776350080966949463e-01
-2.750457227230072021e-01
-2.743096351623535156e-01
-2.804068326950073242e-01
-2.771183550357818604e-01
-2.754783630371093750e-01
-2.779826521873474121e-01
-2.795052528381347656e-01
-2.742387056350708008e-01
-2.785061299800872803e-01
-2.784856557846069336e-01
-2.826823592185974121e-01
-2.777564823627471924e-01
-2.784949243068695068e-01
-2.770611047744750977e-01
-2.805695831775665283e-01
-2.771571576595306396e-01
-2.749131917953491211e-01
-2.784764468669891357e-01
-2.766827940940856934e-01
-2.762466371059417725e-01
-2.771081626415252686e-01
-2.745534777641296387e-01
-2.773515582084655762e-01
-2.784139215946197510e-01
-2.760877311229705811e-01
-2.788570523262023926e-01
-2.794522643089294434e-01
-2.786608934402465820e-01
-2.739073038101196289e-01
-2.802801728248596191e-01
-2.803191542625427246e-01
-2.753883600234985352e-01
-2.787388265132904053e-01
-2.772391140460968018e-01
-2.786778211593627930e-01
-2.793602943420410156e-01
-2.778615057468414307e-01
-2.792657613754272461e-01
-2.796290516853332520e-01
-2.791398763656616211e-01
-2.759774923324584961e-01
-2.800669372081756592e-01
-2.778183817863464355e-01
-2.811859250068664551e-01
-2.775733172893524170e-01
-2.801288366317749023e-01
-2.766446471214294434e-01
-2.758590579032897949e-01
-2.812237739562988281e-01
-2.816164493560791016e-01
-2.785858213901519775e-01
-2.767196595668792725e-01
-2.794472873210906982e-01
-2.778722047805786133e-01
-2.776814997196197510e-01
-2.773914933204650879e-01
-2.749806046485900879e-01
-2.790401279926300049e-01
-2.794573009014129639e-01
-2.792691886425018311e-01
-2.749969661235809326e-01
-2.753749787807464600e-01
-2.796295881271362305e-01
-2.794141769409179688e-01
-2.799788713455200195e-01
-2.769421935081481934e-01
-2.796441316604614258e-01
-2.842155992984771729e-01
-2.773560881614685059e-01
-2.798573970794677734e-01
-2.792155444622039795e-01
-2.775471806526184082e-01
-2.785939574241638184e-01
-2.769332826137542725e-01
-2.749924957752227783e-01
-2.810129523277282715e-01
-2.783443033695220947e-01
-2.795052826404571533e-01
-2.791711091995239258e-01
-2.787038087844848633e-01
-2.796263992786407471e-01
-2.794552743434906006e-01
-2.820157706737518311e-01
-2.769112586975097656e-01
-2.774031162261962891e-01
-2.792786955833435059e-01
-2.782656848430633545e-01
-2.800023257732391357e-01
-2.800098955631256104e-01
-2.768967449665069580e-01
-2.780013978481292725e-01
-2.815675139427185059e-01
-2.785641551017761230e-01
-2.800339460372924805e-01
-2.752499878406524658e-01
-2.814423441886901855e-01
-2.782565057277679443e-01
-2.765845954418182373e-01
-2.753652036190032959e-01
-2.799785733222961426e-01
-2.804685235023498535e-01
-2.772045433521270752e-01
-2.762786746025085449e-01
-2.803916633129119873e-01
-2.807232737541198730e-01
-2.800632119178771973e-01
-2.783779799938201904e-01
-2.774473130702972412e-01
-2.777360975742340088e-01
-2.785390019416809082e-01
-2.742737531661987305e-01
-2.794537246227264404e-01
-2.799367010593414307e-01
-2.818791568279266357e-01
-2.795962393283843994e-01
-2.792304456233978271e-01
-2.781495153903961182e-01
-2.773726284503936768e-01
-2.786208689212799072e-01
-2.827451229095458984e-01
-2.786345779895782471e-01
-2.795687317848205566e-01
-2.763394117355346680e-01
-2.811571359634399414e-01
-2.796109616756439209e-01
-2.794162034988403320e-01
-2.797414064407348633e-01
-2.771987915039062500e-01
-2.805363535881042480e-01
-2.782562673091888428e-01
-2.796494960784912109e-01
-2.794896960258483887e-01
-2.776272594928741455e-01
-2.786608934402465820e-01
-2.787253558635711670e-01
-2.833030223846435547e-01
-2.802312672138214111e-01
-2.829432487487792969e-01
-2.789785861968994141e-01
-2.793208062648773193e-01
-2.793051898479461670e-01
-2.784127891063690186e-01
-2.792665064334869385e-01
-2.793042361736297607e-01
-2.794950604438781738e-01
-2.784618735313415527e-01
-2.791424095630645752e-01
-2.791254222393035889e-01
-2.767794132232666016e-01
-2.779332995414733887e-01
-2.807193398475646973e-01
-2.777134478092193604e-01
-2.802726328372955322e-01
-2.795527279376983643e-01
-2.798945307731628418e-01
-2.811748087406158447e-01
-2.782052755355834961e-01
-2.833154201507568359e-01
-2.818255126476287842e-01
-2.796788215637207031e-01
-2.764791846275329590e-01
-2.829732596874237061e-01
-2.809712588787078857e-01
-2.790395915508270264e-01
-2.811737358570098877e-01
-2.751325666904449463e-01
-2.791371345520019531e-01
-2.825139164924621582e-01
-2.822247445583343506e-01
-2.788193523883819580e-01
-2.815588414669036865e-01
-2.782736122608184814e-01
-2.830953299999237061e-01
-2.755288779735565186e-01
-2.780430912971496582e-01
-2.822892963886260986e-01
-2.824118435382843018e-01
-2.803364098072052002e-01
-2.854127883911132812e-01
-2.793225944042205811e-01
-2.842704355716705322e-01
-2.806645035743713379e-01
-2.814058661460876465e-01
-2.778076529502868652e-01
-2.785902023315429688e-01
-2.789234519004821777e-01
-2.782477736473083496e-01
-2.820749580860137939e-01
-2.821336090564727783e-01
-2.810256481170654297e-01
-2.827327251434326172e-01
-2.810855507850646973e-01
-2.784963548183441162e-01
-2.823475599288940430e-01
-2.822258174419403076e-01
-2.815992832183837891e-01
-2.808099389076232910e-01
-2.805976271629333496e-01
-2.786799371242523193e-01
-2.782563567161560059e-01
-2.804761528968811035e-01
-2.797437012195587158e-01
-2.801289260387420654e-01
-2.798061072826385498e-01
-2.803433835506439209e-01
-2.806839048862457275e-01
-2.805735468864440918e-01
-2.785359323024749756e-01
-2.839440405368804932e-01
-2.807564437389373779e-01
-2.801698446273803711e-01
-2.831482589244842529e-01
-2.833403944969177246e-01
-2.818240821361541748e-01
-2.797503769397735596e-01
-2.773704230785369873e-01
-2.823691368103027344e-01
-2.797576189041137695e-01
-2.829924523830413818e-01
-2.801712751388549805e-01
-2.800747752189636230e-01
-2.849306762218475342e-01
-2.773697078227996826e-01
-2.792021632194519043e-01
-2.789795398712158203e-01
-2.803753614425659180e-01
-2.828691899776458740e-01
-2.793527841567993164e-01
-2.797282338142395020e-01
-2.809190154075622559e-01
-2.811092734336853027e-01
-2.842264175415039062e-01
-2.809322476387023926e-01
-2.821552753448486328e-01
-2.803199589252471924e-01
-2.812162339687347412e-01
-2.802363038063049316e-01
-2.792090177536010742e-01
-2.809920608997344971e-01
-2.819613516330718994e-01
-2.821918427944183350e-01
-2.795479893684387207e-01
-2.830392122268676758e-01
-2.812093198299407959e-01
-2.800995707511901855e-01
-2.826538681983947754e-01
-2.778360545635223389e-01
-2.823601365089416504e-01
-2.835024297237396240e-01
-2.814516127109527588e-01
-2.821189761161804199e-01
-2.809538245201110840e-01
-2.824297547340393066e-01
-2.818801105022430420e-01
-2.817820012569427490e-01
-2.799720168113708496e-01
-2.791874110698699951e-01
-2.782221734523773193e-01
-2.839038074016571045e-01
-2.808701694011688232e-01
-2.837965190410614014e-01
-2.802281975746154785e-01
-2.836322486400604248e-01
-2.812912464141845703e-01
-2.815552949905395508e-01
-2.805119752883911133e-01
-2.805199623107910156e-01
-2.803140878677368164e-01
-2.816059887409210205e-01
-2.817952334880828857e-01
-2.829230129718780518e-01
-2.798789441585540771e-01
-2.807270884513854980e-01
-2.839542031288146973e-01
-2.827488780021667480e-01
-2.792338728904724121e-01
-2.786516249179840088e-01
-2.838959395885467529e-01
-2.806772589683532715e-01
-2.838497757911682129e-01
-2.816744744777679443e-01
-2.853256165981292725e-01
-2.786443531513214111e-01
-2.821993827819824219e-01
-2.844429314136505127e-01
-2.835623919963836670e-01
-2.842465341091156006e-01
-2.827664315700531006e-01
-2.815400362014770508e-01
-2.819362878799438477e-01
-2.854997515678405762e-01
-2.814335525035858154e-01
-2.818044722080230713e-01
-2.836100757122039795e-01
-2.839389443397521973e-01
-2.808091938495635986e-01
-2.809465229511260986e-01
-2.829957604408264160e-01
-2.811828553676605225e-01
-2.809381783008575439e-01
-2.834706902503967285e-01
-2.838961184024810791e-01
-2.795915305614471436e-01
-2.810021340847015381e-01
-2.836820781230926514e-01
-2.828546762466430664e-01
-2.805616259574890137e-01
-2.828217148780822754e-01
-2.814010083675384521e-01
-2.848201096057891846e-01
-2.836485505104064941e-01
-2.796466648578643799e-01
-2.840272784233093262e-01
-2.817569077014923096e-01
-2.804495990276336670e-01
-2.843028604984283447e-01
-2.807283997535705566e-01
-2.860213518142700195e-01
-2.815128266811370850e-01
-2.838835418224334717e-01
-2.850690186023712158e-01
-2.857055068016052246e-01
-2.842532992362976074e-01
-2.825548648834228516e-01
-2.849251031875610352e-01
-2.791018784046173096e-01
-2.798908650875091553e-01
-2.805585265159606934e-01
-2.826269268989562988e-01
-2.855952680110931396e-01
-2.846270799636840820e-01
-2.820210456848144531e-01
-2.785818874835968018e-01
-2.826243638992309570e-01
-2.826565802097320557e-01
-2.864238023757934570e-01
-2.833637595176696777e-01
-2.839817702770233154e-01
-2.846633195877075195e-01
-2.801104784011840820e-01
-2.853398919105529785e-01
-2.843018770217895508e-01
-2.803546786308288574e-01
-2.866166234016418457e-01
-2.838278114795684814e-01
-2.836126387119293213e-01
-2.862640619277954102e-01
-2.863551378250122070e-01
-2.842353582382202148e-01
-2.806081473827362061e-01
-2.842207252979278564e-01
-2.843220829963684082e-01
-2.832038104534149170e-01
-2.855086028575897217e-01
-2.861909270286560059e-01
-2.833607792854309082e-01
-2.881265878677368164e-01
-2.843380272388458252e-01
-2.829869389533996582e-01
-2.819152176380157471e-01
-2.839513719081878662e-01
-2.854868173599243164e-01
-2.827276587486267090e-01
-2.836590409278869629e-01
-2.810696959495544434e-01
-2.856264710426330566e-01
-2.827654480934143066e-01
-2.860092818737030029e-01
-2.852147519588470459e-01
-2.830697596073150635e-01
-2.861108779907226562e-01
-2.835816144943237305e-01
-2.852161824703216553e-01
-2.867342531681060791e-01
-2.856018543243408203e-01
-2.837989628314971924e-01
-2.866595089435577393e-01
-2.845715880393981934e-01
-2.866200208663940430e-01
-2.877041101455688477e-01
-2.855111956596374512e-01
-2.872331440448760986e-01
-2.836785912513732910e-01
-2.838044464588165283e-01
-2.882369458675384521e-01
-2.821151614189147949e-01
-2.854593992233276367e-01
-2.845576107501983643e-01
-2.863729000091552734e-01
-2.838379740715026855e-01
-2.847751975059509277e-01
-2.901669442653656006e-01
-2.883724272251129150e-01
-2.826295197010040283e-01
-2.843281626701354980e-01
-2.854527533054351807e-01
-2.852185070514678955e-01
-2.835562825202941895e-01
-2.797323465347290039e-01
-2.863995134830474854e-01
-2.885259389877319336e-01
-2.871434986591339111e-01
-2.854844033718109131e-01
-2.873455882072448730e-01
-2.882449328899383545e-01
-2.862133979797363281e-01
-2.856177091598510742e-01
-2.861078381538391113e-01
-2.838980853557586670e-01
-2.840453684329986572e-01
-2.871073484420776367e-01
-2.881699204444885254e-01
-2.889553308486938477e-01
-2.835346460342407227e-01
-2.848453223705291748e-01
-2.877980470657348633e-01
-2.886201143264770508e-01
-2.837161123752593994e-01
-2.874309718608856201e-01
-2.893628478050231934e-01
-2.867156267166137695e-01
-2.879585027694702148e-01
-2.901995182037353516e-01
-2.872074544429779053e-01
-2.854895591735839844e-01
-2.872970104217529297e-01
-2.834464907646179199e-01
-2.873701751232147217e-01
-2.855941355228424072e-01
-2.863134145736694336e-01
-2.896823585033416748e-01
-2.881357073783874512e-01
-2.871959209442138672e-01
-2.878403961658477783e-01
-2.886444032192230225e-01
-2.851684093475341797e-01
-2.883184254169464111e-01
-2.879313826560974121e-01
-2.886953651905059814e-01
-2.881330549716949463e-01
-2.867867350578308105e-01
-2.876301407814025879e-01
-2.871563136577606201e-01
-2.851336300373077393e-01
-2.877842485904693604e-01
-2.846359312534332275e-01
-2.878101766109466553e-01
-2.885999381542205811e-01
-2.853373885154724121e-01
-2.880634069442749023e-01
-2.885011732578277588e-01
-2.869930565357208252e-01
-2.855093181133270264e-01
-2.889999747276306152e-01
-2.883642613887786865e-01
-2.847060263156890869e-01
-2.884326279163360596e-01
-2.877313196659088135e-01
-2.896201014518737793e-01
-2.891505658626556396e-01
-2.886381447315216064e-01
-2.935808300971984863e-01
-2.900281250476837158e-01
-2.874715030193328857e-01
-2.870060503482818604e-01
-2.898529469966888428e-01
-2.913879454135894775e-01
-2.904057204723358154e-01
-2.879151701927185059e-01
-2.890612185001373291e-01
-2.864697277545928955e-01
-2.925829887390136719e-01
-2.916524112224578857e-01
-2.884795963764190674e-01
-2.936892807483673096e-01
-2.908096909523010254e-01
-2.894913852214813232e-01
-2.884469032287597656e-01
-2.856380045413970947e-01
-2.906474173069000244e-01
-2.932673990726470947e-01
-2.872785627841949463e-01
-2.908117473125457764e-01
-2.874108254909515381e-01
-2.875996232032775879e-01
-2.862824201583862305e-01
-2.899404764175415039e-01
-2.895890474319458008e-01
-2.880146503448486328e-01
-2.893751263618469238e-01
-2.857442200183868408e-01
-2.880193591117858887e-01
-2.880272865295410156e-01
-2.864579260349273682e-01
-2.889627516269683838e-01
-2.893557846546173096e-01
-2.933561503887176514e-01
-2.888711690902709961e-01
-2.898974120616912842e-01
-2.882507741451263428e-01
-2.914636731147766113e-01
-2.892423570156097412e-01
-2.909350693225860596e-01
-2.893007993698120117e-01
-2.875490784645080566e-01
-2.906336784362792969e-01
-2.892120778560638428e-01
-2.900921106338500977e-01
-2.853780984878540039e-01
-2.905607819557189941e-01
-2.895284295082092285e-01
-2.901767492294311523e-01
-2.850531637668609619e-01
-2.903734743595123291e-01
-2.878579199314117432e-01
-2.888999879360198975e-01
-2.896620631217956543e-01
-2.933224439620971680e-01
-2.908039689064025879e-01
-2.921962141990661621e-01
-2.892631292343139648e-01
-2.895338237285614014e-01
-2.893106341361999512e-01
-2.909965515136718750e-01
-2.884922325611114502e-01
-2.895371615886688232e-01
-2.896265983581542969e-01
-2.893908023834228516e-01
-2.907584309577941895e-01
-2.928328812122344971e-01
-2.920921742916107178e-01
-2.923498749732971191e-01
-2.873893082141876221e-01
-2.892758846282958984e-01
-2.895833253860473633e-01
-2.893297374248504639e-01
-2.898236215114593506e-01
-2.918384373188018799e-01
-2.910477221012115479e-01
-2.875723242759704590e-01
-2.912742197513580322e-01
-2.930586338043212891e-01
-2.921349406242370605e-01
-2.919402420520782471e-01
-2.906860113143920898e-01
-2.895482778549194336e-01
-2.930715382099151611e-01
-2.927590310573577881e-01
-2.905994951725006104e-01
-2.944307923316955566e-01
-2.916071712970733643e-01
-2.941538095474243164e-01
-2.925335764884948730e-01
-2.924190163612365723e-01
-2.910956740379333496e-01
-2.904077172279357910e-01
-2.944238781929016113e-01
-2.933283746242523193e-01
-2.914104759693145752e-01
-2.932761907577514648e-01
-2.915420532226562500e-01
-2.910927534103393555e-01
-2.888864874839782715e-01
-2.916185557842254639e-01
-2.902327775955200195e-01
-2.872030735015869141e-01
-2.932372093200683594e-01
-2.906595170497894287e-01
-2.908228337764739990e-01
-2.918995320796966553e-01
-2.922914624214172363e-01
-2.927614748477935791e-01
-2.909924387931823730e-01
-2.906700372695922852e-01
-2.904603779315948486e-01
-2.912746071815490723e-01
-2.921889722347259521e-01
-2.893926203250885010e-01
-2.909635603427886963e-01
-2.928773164749145508e-01
-2.912717759609222412e-01
-2.898148596286773682e-01
-2.901328206062316895e-01
-2.907366454601287842e-01
-2.910792231559753418e-01
-2.921175658702850342e-01
-2.916741967201232910e-01
-2.965446114540100098e-01
-2.926816344261169434e-01
-2.922041714191436768e-01
-2.957979738712310791e-01
-2.961077392101287842e-01
-2.903140485286712646e-01
-2.953254580497741699e-01
-2.914372682571411133e-01
-2.950072586536407471e-01
-2.918525338172912598e-01
-2.941374778747558594e-01
-2.930930852890014648e-01
-2.934307754039764404e-01
-2.949171662330627441e-01
-2.920227646827697754e-01
-2.947069704532623291e-01
-2.922372817993164062e-01
-2.899248003959655762e-01
-2.906706929206848145e-01
-2.943910658359527588e-01
-2.954222559928894043e-01
-2.889137566089630127e-01
-2.917465269565582275e-01
-2.930761575698852539e-01
-2.932319343090057373e-01
-2.914091348648071289e-01
-2.915209531784057617e-01
-2.897993922233581543e-01
-2.933624386787414551e-01
-2.959094941616058350e-01
-2.951707243919372559e-01
-2.908067703247070312e-01
-2.920574545860290527e-01
-2.947039902210235596e-01
-2.958380877971649170e-01
-2.948497533798217773e-01
-2.921520769596099854e-01
-2.936839461326599121e-01
-2.967183291912078857e-01
-2.928889095783233643e-01
-2.938831746578216553e-01
-2.951264083385467529e-01
-2.933899462223052979e-01
-2.925337553024291992e-01
-2.914103269577026367e-01
-2.920153737068176270e-01
-2.966457605361938477e-01
-2.916725575923919678e-01
-2.958820760250091553e-01
-2.943102419376373291e-01
-2.931389212608337402e-01
-2.944774031639099121e-01
-2.937409579753875732e-01
-2.961829304695129395e-01
-2.941660881042480469e-01
-2.925881445407867432e-01
-2.946990728378295898e-01
-2.938599884510040283e-01
-2.933340072631835938e-01
-2.975507676601409912e-01
-2.947296798229217529e-01
-2.948420345783233643e-01
-2.973083555698394775e-01
-2.939198911190032959e-01
-2.956085503101348877e-01
-2.896996438503265381e-01
-2.956060767173767090e-01
-2.947595715522766113e-01
-2.931641340255737305e-01
-2.919349074363708496e-01
-2.966389656066894531e-01
-2.963858544826507568e-01
-2.900479137897491455e-01
-2.936348319053649902e-01
-2.916769385337829590e-01
-2.960609197616577148e-01
-2.952540814876556396e-01
-2.962470054626464844e-01
-2.942481637001037598e-01
-2.958690226078033447e-01
-2.930799722671508789e-01
-2.918542921543121338e-01
-2.959995865821838379e-01
-2.949843704700469971e-01
-2.949431538581848145e-01
-2.971421182155609131e-01
-2.957975864410400391e-01
-2.970242798328399658e-01
-2.959122657775878906e-01
-2.961330711841583252e-01
-2.978467941284179688e-01
-2.928823828697204590e-01
-2.951182723045349121e-01
-2.943203747272491455e-01
-2.968242764472961426e-01
-2.939698994159698486e-01
-2.943002879619598389e-01
-2.965521812438964844e-01
-2.958320975303649902e-01
-2.972800135612487793e-01
-2.966683208942413330e-01
-2.952512800693511963e-01
-2.990379333496093750e-01
-2.931382656097412109e-01
-2.964616715908050537e-01
-2.940166592597961426e-01
-2.996531128883361816e-01
-2.969238758087158203e-01
-2.981522381305694580e-01
-2.959098815917968750e-01
-2.952156066894531250e-01
-2.951288521289825439e-01
-2.942812740802764893e-01
-2.959863543510437012e-01
-2.964922785758972168e-01
-2.945697605609893799e-01
-2.956413626670837402e-01
-2.953051626682281494e-01
-2.967818081378936768e-01
-2.957252264022827148e-01
-2.955341041088104248e-01
-2.982984483242034912e-01
-2.961039543151855469e-01
-2.935789525508880615e-01
-2.977878451347351074e-01
-2.955141067504882812e-01
-2.982955276966094971e-01
-2.947644293308258057e-01
-2.981941998004913330e-01
-2.960794568061828613e-01
-2.976095080375671387e-01
-2.953975200653076172e-01
-2.996345758438110352e-01
-2.977617084980010986e-01
-2.948640882968902588e-01
-2.955856323242187500e-01
-2.944119274616241455e-01
-2.952780723571777344e-01
-2.974212765693664551e-01
-2.960372865200042725e-01
-2.942279577255249023e-01
-2.974232435226440430e-01
-2.952018380165100098e-01
-3.006591200828552246e-01
-2.938578426837921143e-01
-2.976706027984619141e-01
-2.986898720264434814e-01
-2.976369857788085938e-01
-2.953831851482391357e-01
-2.998815774917602539e-01
-2.965103387832641602e-01
-2.992989420890808105e-01
-2.942856550216674805e-01
-2.981609404087066650e-01
-2.949920892715454102e-01
-2.964814901351928711e-01
-2.947396934032440186e-01
-2.956370115280151367e-01
-2.982860505580902100e-01
-2.977636158466339111e-01
-2.995033562183380127e-01
-2.977984547615051270e-01
-2.983524799346923828e-01
-2.953515052795410156e-01
-2.973100543022155762e-01
-2.967584729194641113e-01
-2.979268133640289307e-01
-2.967686653137207031e-01
-2.958506345748901367e-01
-2.955890595912933350e-01
-2.932491004467010498e-01
-2.991239130496978760e-01
-2.959089577198028564e-01
-2.952682673931121826e-01
-2.968714237213134766e-01
-2.961001098155975342e-01
-2.959536612033843994e-01
-2.964527606964111328e-01
-2.969979345798492432e-01
-2.992614805698394775e-01
-2.992010414600372314e-01
-2.961892485618591309e-01
-2.993240356445312500e-01
-2.968786060810089111e-01
-2.971193194389343262e-01
-2.964617609977722168e-01
-2.946501374244689941e-01
-3.006779849529266357e-01
-2.989846467971801758e-01
-2.966660857200622559e-01
-2.992312610149383545e-01
-2.972872257232666016e-01
-2.984288930892944336e-01
-2.949877381324768066e-01
-2.959673404693603516e-01
-2.943876683712005615e-01
-2.977357804775238037e-01
-2.978303134441375732e-01
-2.954083383083343506e-01
-2.973794639110565186e-01
-2.965252697467803955e-01
-2.988005876541137695e-01
-3.002682924270629883e-01
-2.967724502086639404e-01
-2.990485429763793945e-01
-2.975617647171020508e-01
-2.965086102485656738e-01
-2.968215942382812500e-01
-2.949422001838684082e-01
-2.944965958595275879e-01
-2.973088324069976807e-01
-2.976141273975372314e-01
-2.977754473686218262e-01
-3.000571131706237793e-01
-3.002565801143646240e-01
-2.953287065029144287e-01
-2.969166934490203857e-01
-2.964295148849487305e-01
-2.965149283409118652e-01
-3.018892705440521240e-01
-2.974322140216827393e-01
-2.981007397174835205e-01
-2.981409430503845215e-01
-2.981394529342651367e-01
-2.987935841083526611e-01
-2.965400218963623047e-01
-2.986061275005340576e-01
-2.973240613937377930e-01
-2.954971790313720703e-01
-2.992863059043884277e-01
-2.960122227668762207e-01
-2.996152043342590332e-01
-2.947886288166046143e-01
-2.995331287384033203e-01
-2.985650002956390381e-01
-2.984526455402374268e-01
-2.966709434986114502e-01
-2.971949577331542969e-01
-2.958421111106872559e-01
-2.988446652889251709e-01
-2.983782589435577393e-01
-2.985702753067016602e-01
-2.954614758491516113e-01
-2.994866669178009033e-01
-3.008310496807098389e-01
-2.992370128631591797e-01
-2.962761819362640381e-01
-2.955956757068634033e-01
-2.991186380386352539e-01
-2.974800169467926025e-01
-2.975288033485412598e-01
-2.971981167793273926e-01
-3.006256222724914551e-01
-2.961549460887908936e-01
-2.984252870082855225e-01
-3.009643554687500000e-01
-2.991965115070343018e-01
-3.001994192600250244e-01
-3.005661368370056152e-01
-2.991917431354522705e-01
-2.989658117294311523e-01
-3.042472004890441895e-01
-2.953569293022155762e-01
-2.987549304962158203e-01
-2.978455126285552979e-01
-3.022495210170745850e-01
-2.985771894454956055e-01
-2.965385615825653076e-01
-3.005374372005462646e-01
-2.978143990039825439e-01
-2.968825101852416992e-01
-2.999292612075805664e-01
-2.992514669895172119e-01
-2.983063459396362305e-01
-2.989593446254730225e-01
-3.004872202873229980e-01
-2.974495887756347656e-01
-2.962619066238403320e-01
-2.989007830619812012e-01
-2.993258535861968994e-01
-3.017761707305908203e-01
-2.992128431797027588e-01
-2.978366315364837646e-01
-2.993204593658447266e-01
-2.974509000778198242e-01
-2.949320673942565918e-01
-3.013991713523864746e-01
-2.985493838787078857e-01
-3.004813492298126221e-01
-2.982564568519592285e-01
-2.994849681854248047e-01
-2.996339797973632812e-01
-3.023255467414855957e-01
-3.002407550811767578e-01
-2.996197044849395752e-01
-3.010548055171966553e-01
-2.976511716842651367e-01
-2.986504435539245605e-01
-2.995619773864746094e-01
-2.995123267173767090e-01
-3.020593822002410889e-01
-2.995670139789581299e-01
-3.003618121147155762e-01
-2.948389947414398193e-01
-2.981856167316436768e-01
-2.989532947540283203e-01
-3.009146749973297119e-01
-3.009554445743560791e-01
-2.983022630214691162e-01
-2.969438135623931885e-01
-2.984350621700286865e-01
-3.028644323348999023e-01
-3.002997636795043945e-01
-2.977736890316009521e-01
-2.989720404148101807e-01
-3.002556264400482178e-01
-3.002239167690277100e-01
-3.020918667316436768e-01
-3.024331033229827881e-01
-3.006998300552368164e-01
-3.010228276252746582e-01
-3.010612428188323975e-01
-3.009576201438903809e-01
-2.993052899837493896e-01
-3.006620407104492188e-01
-3.024065792560577393e-01
-2.986612617969512939e-01
-3.023843467235565186e-01
-2.976354658603668213e-01
-2.983778715133666992e-01
-2.989542782306671143e-01
-2.989710569381713867e-01
-3.005958199501037598e-01
-2.970631122589111328e-01
-2.971198260784149170e-01
-2.997718155384063721e-01
-2.988279461860656738e-01
-2.973538935184478760e-01
-3.001148104667663574e-01
-3.005688190460205078e-01
-3.007954359054565430e-01
-3.012355864048004150e-01
-3.005115091800689697e-01
-3.011801540851593018e-01
-3.024253845214843750e-01
-3.017209172248840332e-01
-3.004969954490661621e-01
-3.017091155052185059e-01
-2.983023822307586670e-01
-3.007951378822326660e-01
-3.026437461376190186e-01
-3.032315075397491455e-01
-3.005731105804443359e-01
-3.001923859119415283e-01
-3.019020259380340576e-01
-3.028581440448760986e-01
-2.977316975593566895e-01
-3.015739023685455322e-01
-2.994254529476165771e-01
-2.996067106723785400e-01
-2.984972596168518066e-01
-2.980784773826599121e-01
-3.021561801433563232e-01
-3.035981357097625732e-01
-3.000471591949462891e-01
-2.988947033882141113e-01
-3.004302978515625000e-01
-3.028780519962310791e-01
-2.992909848690032959e-01
-2.980706989765167236e-01
-3.025598227977752686e-01
-3.032805323600769043e-01
-3.012046515941619873e-01
-3.007493317127227783e-01
-3.004139959812164307e-01
-3.006125390529632568e-01
-3.000828325748443604e-01
-3.004444539546966553e-01
-3.017033040523529053e-01
-2.977825403213500977e-01
-2.976211607456207275e-01
-3.005893528461456299e-01
-3.048782348632812500e-01
-2.999755740165710449e-01
-2.987962663173675537e-01
-2.993400394916534424e-01
-3.008686900138854980e-01
-2.992958426475524902e-01
-2.977675795555114746e-01
-3.030948340892791748e-01
-3.022823035717010498e-01
-3.018942475318908691e-01
-3.012146353721618652e-01
-3.045816421508789062e-01
-3.013248145580291748e-01
-3.005462586879730225e-01
-3.011427223682403564e-01
-2.971284091472625732e-01
-2.985748946666717529e-01
-3.014470934867858887e-01
-3.002305030822753906e-01
-3.008690774440765381e-01
-3.008554577827453613e-01
-3.022607564926147461e-01
-3.004409372806549072e-01
-3.013599812984466553e-01
-2.989830374717712402e-01
-3.011623322963714600e-01
-2.994212806224822998e-01
-3.013228178024291992e-01
-2.994485795497894287e-01
-2.990698218345642090e-01
-3.022817671298980713e-01
-2.996579110622406006e-01
-3.008133172988891602e-01
-3.026123344898223877e-01
-2.993650436401367188e-01
-2.994054555892944336e-01
-2.993292510509490967e-01
-2.973947227001190186e-01
-3.012461662292480469e-01
-3.032787144184112549e-01
-3.001294136047363281e-01
-3.003669977188110352e-01
-3.013829886913299561e-01
-2.988246381282806396e-01
-2.972591221332550049e-01
-3.014908432960510254e-01
-3.000686466693878174e-01
-3.019561767578125000e-01
-2.998664677143096924e-01
-3.014923632144927979e-01
-3.021357953548431396e-01
-3.019070625305175781e-01
-2.998427748680114746e-01
-2.979274988174438477e-01
-3.011665642261505127e-01
-3.005474805831909180e-01
-3.013476133346557617e-01
-3.025556504726409912e-01
-3.017447590827941895e-01
-2.998714745044708252e-01
-3.048371672630310059e-01
-3.030662834644317627e-01
-3.012842535972595215e-01
-3.044194877147674561e-01
-3.015441000461578369e-01
-3.019650578498840332e-01
-2.992599606513977051e-01
-2.993132472038269043e-01
-3.000085353851318359e-01
-3.045648336410522461e-01
-3.001981675624847412e-01
-3.021359741687774658e-01
-3.010930120944976807e-01
-2.982676923274993896e-01
-2.987728416919708252e-01
-3.005549907684326172e-01
-2.999827563762664795e-01
-2.991406321525573730e-01
-2.996317148208618164e-01
-2.975095212459564209e-01
-3.027603626251220703e-01
-2.993132770061492920e-01
-3.003925383090972900e-01
-2.986427545547485352e-01
-3.022259473800659180e-01
-3.030595183372497559e-01
-3.014605343341827393e-01
-3.001073598861694336e-01
-3.017384707927703857e-01
-3.012943863868713379e-01
-2.994889020919799805e-01
-3.030691444873809814e-01
-3.016891777515411377e-01
-2.988570034503936768e-01
-3.019511103630065918e-01
-3.013303279876708984e-01
-3.027955293655395508e-01
-2.971944510936737061e-01
-3.001776039600372314e-01
-2.987973690032958984e-01
-2.999757528305053711e-01
-2.998992502689361572e-01
-3.035928308963775635e-01
-3.015682399272918701e-01
-3.012791275978088379e-01
-2.996198236942291260e-01
-3.012041151523590088e-01
-3.002916574478149414e-01
-3.035866022109985352e-01
-3.018258810043334961e-01
-2.997199594974517822e-01
-3.007827401161193848e-01
-3.019739389419555664e-01
-3.005909025669097900e-01
-2.989817559719085693e-01
-3.027471899986267090e-01
-2.997690439224243164e-01
-3.027633726596832275e-01
-2.995200455188751221e-01
-3.026869595050811768e-01
-3.022699654102325439e-01
-2.985747158527374268e-01
-2.985354065895080566e-01
-3.000956177711486816e-01
-3.026549220085144043e-01
-3.003922700881958008e-01
-3.027878105640411377e-01
-3.017870187759399414e-01
-2.998430132865905762e-01
-3.021086454391479492e-01
-3.026878833770751953e-01
-3.037753999233245850e-01
-3.014706969261169434e-01
-3.018381297588348389e-01
-3.017182946205139160e-01
-3.040236830711364746e-01
-3.028251826763153076e-01
-3.007938861846923828e-01
-3.019217550754547119e-01
-3.032616078853607178e-01
-3.031356036663055420e-01
-3.017916381359100342e-01
-3.030326068401336670e-01
-3.024046123027801514e-01
-3.000809848308563232e-01
-3.051989674568176270e-01
-3.026739358901977539e-01
-3.036734461784362793e-01
-3.041158914566040039e-01
-3.009335398674011230e-01
-3.025242090225219727e-01
-2.978131473064422607e-01
-3.032059073448181152e-01
-3.014940321445465088e-01
-2.985112667083740234e-01
-3.010480403900146484e-01
-3.036865890026092529e-01
-2.979899048805236816e-01
-3.013598024845123291e-01
-3.017640411853790283e-01
-3.013496100902557373e-01
-3.020646274089813232e-01
-3.012427985668182373e-01
-3.025336861610412598e-01
-3.026001751422882080e-01
-3.013462126255035400e-01
-3.000040948390960693e-01
-3.002756834030151367e-01
-3.003453910350799561e-01
-2.994417846202850342e-01
-2.988833785057067871e-01
-3.019172847270965576e-01
-3.010431826114654541e-01
-3.002173602581024170e-01
-3.008280694484710693e-01
-3.009734451770782471e-01
-3.041861057281494141e-01
-3.007740378379821777e-01
-3.011941313743591309e-01
-3.035181164741516113e-01
-3.051740229129791260e-01
-2.998803853988647461e-01
-3.028798997402191162e-01
-2.988627552986145020e-01
-3.034058213233947754e-01
-3.013097345829010010e-01
-3.009231090545654297e-01
-3.010294735431671143e-01
-3.011934459209442139e-01
-3.029376566410064697e-01
-3.017863035202026367e-01
-3.053343296051025391e-01
