-2.206257730722427368e-01
-2.303034961223602295e-01
-2.429526895284652710e-01
-2.596423327922821045e-01
-2.626583874225616455e-01
-2.654050290584564209e-01
-2.685723900794982910e-01
-2.668451070785522461e-01
-2.751731872558593750e-01
-2.746063768863677979e-01
-2.849525213241577148e-01
-2.912339568138122559e-01
-2.895626127719879150e-01
-2.890723943710327148e-01
-2.878273427486419678e-01
-2.882615327835083008e-01
-2.932926714420318604e-01
-2.971217930316925049e-01
-2.932712435722351074e-01
-2.985520660877227783e-01
-2.952702343463897705e-01
-2.962350547313690186e-01
-2.929717898368835449e-01
-2.931743860244750977e-01
-2.907766103744506836e-01
-2.929884791374206543e-01
-2.955236136913299561e-01
-2.985777854919433594e-01
-2.899539768695831299e-01
-2.938623130321502686e-01
-3.025786280632019043e-01
-2.907715439796447754e-01
-3.016754686832427979e-01
-2.959183454513549805e-01
-2.926694452762603760e-01
-2.934370040893554688e-01
-3.035431206226348877e-01
-2.999887168407440186e-01
-2.969002723693847656e-01
-3.007080554962158203e-01
-2.921376228332519531e-01
-2.892713248729705811e-01
-2.963332831859588623e-01
-2.876079082489013672e-01
-2.983095645904541016e-01
-2.981727719306945801e-01
-2.946434617042541504e-01
-2.963164150714874268e-01
-2.957406044006347656e-01
-2.976736128330230713e-01
-2.910133898258209229e-01
-2.924112677574157715e-01
-2.959526777267456055e-01
-2.945808768272399902e-01
-2.986257076263427734e-01
-2.866483628749847412e-01
-2.981445789337158203e-01
-3.008003532886505127e-01
-2.949667572975158691e-01
-3.018191456794738770e-01
-3.011675775051116943e-01
-2.993046939373016357e-01
-2.957053184509277344e-01
-2.966080605983734131e-01
-3.047756254673004150e-01
-2.988848388195037842e-01
-2.993243634700775146e-01
-3.007870614528656006e-01
-2.970311343669891357e-01
-2.958582639694213867e-01
-3.013454377651214600e-01
-3.033751845359802246e-01
-2.975365519523620605e-01
-3.031952679157257080e-01
-3.011116385459899902e-01
-2.984125316143035889e-01
-2.978475093841552734e-01
-3.004226386547088623e-01
-2.961645424365997314e-01
-3.012056648731231689e-01
-3.029642999172210693e-01
-2.926054894924163818e-01
-3.057147860527038574e-01
-2.997739315032958984e-01
-3.017692863941192627e-01
-3.036926388740539551e-01
-2.939353585243225098e-01
-3.013457059860229492e-01
-3.036401271820068359e-01
-3.093403279781341553e-01
-3.016231656074523926e-01
-3.042192757129669189e-01
-3.025637865066528320e-01
-3.017336428165435791e-01
-2.954964041709899902e-01
-2.984601855278015137e-01
-2.993875145912170410e-01
-2.972969412803649902e-01
-3.063147068023681641e-01
-2.980444431304931641e-01
-2.957556843757629395e-01
-3.000055551528930664e-01
-2.978640198707580566e-01
-3.052612841129302979e-01
-2.960830032825469971e-01
-3.029573559761047363e-01
-3.008428812026977539e-01
-2.998881936073303223e-01
-3.015596270561218262e-01
-2.986531257629394531e-01
-3.028019666671752930e-01
-3.019928634166717529e-01
-2.977187633514404297e-01
-3.005919456481933594e-01
-3.037605285644531250e-01
-3.063580393791198730e-01
-2.929955422878265381e-01
-3.018627762794494629e-01
-2.998137176036834717e-01
-3.019700944423675537e-01
-2.997230887413024902e-01
-3.037661015987396240e-01
-2.988542914390563965e-01
-2.947424948215484619e-01
-3.083404004573822021e-01
-2.993834912776947021e-01
-3.044215142726898193e-01
-3.005486726760864258e-01
-2.997877895832061768e-01
-3.056567609310150146e-01
-3.116323351860046387e-01
-3.020753860473632812e-01
-3.048666417598724365e-01
-2.945443093776702881e-01
-3.062695860862731934e-01
-2.989445924758911133e-01
-3.029350936412811279e-01
-2.976058721542358398e-01
-3.026455044746398926e-01
-2.971726655960083008e-01
-2.990751862525939941e-01
-3.067478537559509277e-01
-3.035099208354949951e-01
-3.052444458007812500e-01
-3.067370057106018066e-01
-3.067435324192047119e-01
-3.038995265960693359e-01
-3.000595569610595703e-01
-3.025794625282287598e-01
-3.078178465366363525e-01
-3.050093352794647217e-01
-3.001697957515716553e-01
-3.023349642753601074e-01
-3.035283088684082031e-01
-3.064374923706054688e-01
-3.020145893096923828e-01
-3.037925958633422852e-01
-3.076099455356597900e-01
-2.959004640579223633e-01
-3.028117716312408447e-01
-2.995066642761230469e-01
-3.068891465663909912e-01
-3.052489757537841797e-01
-3.044911623001098633e-01
-3.027368187904357910e-01
-3.092080354690551758e-01
-3.020998537540435791e-01
-3.055714964866638184e-01
-3.023383915424346924e-01
-3.001292347908020020e-01
-3.092751502990722656e-01
-3.075941801071166992e-01
-3.008902072906494141e-01
