-4.511428773403167725e-01
-4.521144926548004150e-01
-4.507347643375396729e-01
-4.515268206596374512e-01
-4.514570236206054688e-01
-4.510501921176910400e-01
-4.500937759876251221e-01
-4.502325356006622314e-01
-4.531538188457489014e-01
-4.518840909004211426e-01
-4.498006105422973633e-01
-4.511224925518035889e-01
-4.503633081912994385e-01
-4.525298476219177246e-01
-4.511003792285919189e-01
-4.500771164894104004e-01
-4.525278806686401367e-01
-4.526421427726745605e-01
-4.515262246131896973e-01
-4.516938924789428711e-01
-4.486698508262634277e-01
-4.528493583202362061e-01
-4.512324929237365723e-01
-4.508473277091979980e-01
-4.389663040637969971e-01
-4.496804177761077881e-01
-4.535029232501983643e-01
-4.522888362407684326e-01
-4.513482451438903809e-01
-4.523374736309051514e-01
-4.497522115707397461e-01
-4.492207169532775879e-01
-4.524284601211547852e-01
-4.498682022094726562e-01
-4.512576460838317871e-01
-4.515062272548675537e-01
-4.500684738159179688e-01
-4.517850875854492188e-01
-4.494670927524566650e-01
-4.534273445606231689e-01
-4.478823244571685791e-01
-4.472761452198028564e-01
-4.523114264011383057e-01
-4.503240287303924561e-01
-4.480636119842529297e-01
-4.498679637908935547e-01
-4.505729377269744873e-01
-4.508877694606781006e-01
-4.502841830253601074e-01
-4.516006708145141602e-01
-4.506117701530456543e-01
-4.511022269725799561e-01
-4.517400562763214111e-01
-4.507735669612884521e-01
-4.486358463764190674e-01
-2.181956768035888672e-01
-3.189340829849243164e-01
-3.479999601840972900e-01
-3.730393648147583008e-01
-4.131248891353607178e-01
-2.514943480491638184e-01
-3.044158220291137695e-01
-3.375570178031921387e-01
-3.785482645034790039e-01
-4.020156264305114746e-01
-4.269829392433166504e-01
-4.186519980430603027e-01
-4.381462335586547852e-01
-4.252678453922271729e-01
-4.284447133541107178e-01
-4.312886893749237061e-01
-4.414004087448120117e-01
-4.367290139198303223e-01
-4.376665055751800537e-01
-4.295463263988494873e-01
-4.440698325634002686e-01
-4.423886239528656006e-01
-4.377705156803131104e-01
-4.431059956550598145e-01
-4.400128126144409180e-01
-4.441635608673095703e-01
-4.405596554279327393e-01
-4.467402696609497070e-01
-4.354963302612304688e-01
-4.466768205165863037e-01
-4.484075903892517090e-01
-4.464467465877532959e-01
-4.455012083053588867e-01
-4.453837871551513672e-01
-4.399335980415344238e-01
-4.468218982219696045e-01
-4.454460442066192627e-01
-4.492333531379699707e-01
-4.423892498016357422e-01
-4.453677237033843994e-01
-4.423132836818695068e-01
-4.449163377285003662e-01
-4.466979503631591797e-01
-4.482019245624542236e-01
-4.511733353137969971e-01
-4.484697580337524414e-01
-4.314598441123962402e-01
-4.424941837787628174e-01
-4.436252415180206299e-01
-4.483531415462493896e-01
-4.470680058002471924e-01
-4.382884800434112549e-01
-4.505961239337921143e-01
-4.496781527996063232e-01
-4.504668712615966797e-01
-4.445117712020874023e-01
-4.500529468059539795e-01
-4.339996874332427979e-01
-4.464238882064819336e-01
-4.487740993499755859e-01
-4.505735039710998535e-01
-4.487203657627105713e-01
-4.489743113517761230e-01
-4.501021206378936768e-01
-4.503469169139862061e-01
-4.484878480434417725e-01
-4.486706554889678955e-01
-4.501411020755767822e-01
-4.489817023277282715e-01
-4.476740658283233643e-01
-4.462585151195526123e-01
-4.443027973175048828e-01
-4.507519602775573730e-01
-4.472635388374328613e-01
-4.491891860961914062e-01
-4.465684294700622559e-01
-4.467489421367645264e-01
-4.427956044673919678e-01
-4.419561624526977539e-01
-4.492488503456115723e-01
-4.384318590164184570e-01
-4.389954507350921631e-01
-4.492810070514678955e-01
-4.144246876239776611e-01
-4.383163452148437500e-01
-4.393123984336853027e-01
-4.462575018405914307e-01
-4.467206001281738281e-01
-4.486252069473266602e-01
-4.454502761363983154e-01
-4.462279677391052246e-01
-4.424946010112762451e-01
-4.475118517875671387e-01
-4.494529962539672852e-01
-4.379258453845977783e-01
-4.485327601432800293e-01
-4.476121664047241211e-01
-4.479167759418487549e-01
-4.470707476139068604e-01
-4.435850381851196289e-01
-4.479089975357055664e-01
-4.453443586826324463e-01
-4.503088295459747314e-01
-4.429599046707153320e-01
-4.491214156150817871e-01
-4.473362267017364502e-01
-4.476934075355529785e-01
-4.474946558475494385e-01
-4.488482475280761719e-01
-4.463018476963043213e-01
-4.490243792533874512e-01
-4.457600414752960205e-01
-4.494674205780029297e-01
-4.445387125015258789e-01
-4.428787231445312500e-01
-4.258712232112884521e-01
-4.418349564075469971e-01
-4.378539919853210449e-01
-4.432389438152313232e-01
-4.451669454574584961e-01
-4.331089854240417480e-01
-4.480405151844024658e-01
-4.474425613880157471e-01
-4.456318318843841553e-01
-4.477730095386505127e-01
-4.478119611740112305e-01
-4.450569450855255127e-01
-4.413296282291412354e-01
-4.434777796268463135e-01
-4.448085427284240723e-01
-4.465891122817993164e-01
-4.499455690383911133e-01
-4.452915787696838379e-01
-4.342581927776336670e-01
-4.429102540016174316e-01
-4.478586614131927490e-01
-4.437161982059478760e-01
-4.448159337043762207e-01
-4.452267289161682129e-01
-4.413565397262573242e-01
-4.467996358871459961e-01
-4.496441185474395752e-01
-4.443908631801605225e-01
-4.466176927089691162e-01
-4.435905814170837402e-01
-4.460266828536987305e-01
-4.325375854969024658e-01
-4.410229027271270752e-01
-4.462988078594207764e-01
-4.427849054336547852e-01
-4.459136426448822021e-01
-4.450822174549102783e-01
-4.460361897945404053e-01
-4.476246833801269531e-01
-4.395370483398437500e-01
-4.184121787548065186e-01
-4.382639229297637939e-01
-4.459752142429351807e-01
-4.431455135345458984e-01
-4.469718039035797119e-01
-4.364275634288787842e-01
-4.305941164493560791e-01
-4.413583874702453613e-01
-4.414402246475219727e-01
-4.372607469558715820e-01
-4.428769052028656006e-01
-4.464133381843566895e-01
-4.391252398490905762e-01
-4.304444491863250732e-01
-4.471243917942047119e-01
-3.439425826072692871e-01
-3.583502471446990967e-01
-3.111549019813537598e-01
-3.704572916030883789e-01
-3.948011994361877441e-01
-3.900072574615478516e-01
-4.089347124099731445e-01
-4.154521524906158447e-01
-4.000745117664337158e-01
-4.111723601818084717e-01
-4.280175864696502686e-01
-4.265070557594299316e-01
-4.023492634296417236e-01
-3.967009782791137695e-01
-4.249561727046966553e-01
-4.142091870307922363e-01
-4.193664789199829102e-01
-4.255344867706298828e-01
-4.375367760658264160e-01
-4.407741725444793701e-01
-4.325307607650756836e-01
-4.110196232795715332e-01
-4.292040765285491943e-01
-4.190172851085662842e-01
-4.313166439533233643e-01
-4.345324635505676270e-01
-4.280500710010528564e-01
-4.377130866050720215e-01
-4.387125968933105469e-01
-4.328886866569519043e-01
-4.086845517158508301e-01
-4.077049195766448975e-01
-4.206978082656860352e-01
-4.014762043952941895e-01
-4.277866184711456299e-01
-4.292048215866088867e-01
-4.093817174434661865e-01
-4.213586449623107910e-01
-4.346871674060821533e-01
-4.153878092765808105e-01
-3.900538980960845947e-01
-4.014703929424285889e-01
-4.019494652748107910e-01
-4.259660243988037109e-01
-4.331881105899810791e-01
-4.174842834472656250e-01
-4.255180358886718750e-01
-4.159049689769744873e-01
-4.310888648033142090e-01
-4.337256848812103271e-01
-4.273835420608520508e-01
-4.393498003482818604e-01
-4.367260634899139404e-01
-4.133248925209045410e-01
-4.238312244415283203e-01
-4.204559326171875000e-01
-4.252414405345916748e-01
-4.248035252094268799e-01
-4.179933369159698486e-01
-4.227951467037200928e-01
-4.361083507537841797e-01
-4.276410639286041260e-01
-4.227641522884368896e-01
-4.182114303112030029e-01
-4.096021354198455811e-01
-4.222052097320556641e-01
-4.247876703739166260e-01
-4.286002218723297119e-01
-4.216702878475189209e-01
-4.197247326374053955e-01
-4.310030639171600342e-01
-4.184546470642089844e-01
-4.291869699954986572e-01
-4.180099368095397949e-01
-4.222394526004791260e-01
-4.253853559494018555e-01
-4.346271455287933350e-01
-4.293030500411987305e-01
-4.353191852569580078e-01
-4.038262367248535156e-01
-4.127432703971862793e-01
-4.333958923816680908e-01
-4.200316667556762695e-01
-4.271442294120788574e-01
-4.090110063552856445e-01
-4.114845395088195801e-01
-4.083968997001647949e-01
-4.153189957141876221e-01
-4.184811115264892578e-01
-4.183419048786163330e-01
-4.284950494766235352e-01
-4.409625530242919922e-01
-4.421438872814178467e-01
-4.398922026157379150e-01
-4.317725896835327148e-01
-4.390325844287872314e-01
-4.237301647663116455e-01
-4.222720861434936523e-01
-4.292058348655700684e-01
-4.112466573715209961e-01
-4.236144721508026123e-01
-4.233690798282623291e-01
-4.222214818000793457e-01
-4.331070482730865479e-01
-4.353074431419372559e-01
-4.318982064723968506e-01
-4.355062246322631836e-01
-4.357915520668029785e-01
-4.324606359004974365e-01
-4.349361956119537354e-01
-4.338203072547912598e-01
-4.155124127864837646e-01
-4.156215190887451172e-01
-4.263425171375274658e-01
-4.221448600292205811e-01
-3.978748917579650879e-01
-4.345695078372955322e-01
-4.099611937999725342e-01
-4.244474470615386963e-01
-4.368955194950103760e-01
-4.326756000518798828e-01
-4.074647724628448486e-01
-4.156264662742614746e-01
-4.013793766498565674e-01
-3.907744288444519043e-01
-4.267629981040954590e-01
-4.085958302021026611e-01
-4.219780862331390381e-01
-4.317348003387451172e-01
-4.283445477485656738e-01
-4.263817071914672852e-01
-4.189398586750030518e-01
-4.144206941127777100e-01
-4.222893118858337402e-01
-4.283553957939147949e-01
-4.292530417442321777e-01
-4.055697619915008545e-01
-4.136872589588165283e-01
-4.005354046821594238e-01
-4.255460798740386963e-01
-4.225310087203979492e-01
-4.149588048458099365e-01
-4.163917899131774902e-01
-3.773092031478881836e-01
-3.660145401954650879e-01
-4.007693529129028320e-01
-3.946786522865295410e-01
-4.014831483364105225e-01
-4.019692242145538330e-01
-4.122536480426788330e-01
-3.752460181713104248e-01
-4.059406816959381104e-01
-4.057904183864593506e-01
-3.929277062416076660e-01
-3.980639278888702393e-01
-3.952600359916687012e-01
-4.078792035579681396e-01
-4.007154703140258789e-01
-4.066134393215179443e-01
-4.067335426807403564e-01
-4.099160134792327881e-01
-3.866988718509674072e-01
-3.907029926776885986e-01
-3.724717497825622559e-01
-3.956939876079559326e-01
-3.960341215133666992e-01
-3.989085853099822998e-01
-3.774821758270263672e-01
-3.699485361576080322e-01
-3.985665142536163330e-01
-3.928094506263732910e-01
-3.977135121822357178e-01
-4.130130112171173096e-01
-3.954284191131591797e-01
-4.155317544937133789e-01
-4.135635495185852051e-01
-4.163318574428558350e-01
-4.160357117652893066e-01
-3.867585062980651855e-01
-3.826866149902343750e-01
-3.946566581726074219e-01
-4.093839228153228760e-01
-4.145422875881195068e-01
-3.973832726478576660e-01
-4.104514122009277344e-01
-4.170410931110382080e-01
-4.286504089832305908e-01
-4.191661477088928223e-01
-4.258717000484466553e-01
-4.178249537944793701e-01
-4.201750159263610840e-01
-4.152320325374603271e-01
-4.159769415855407715e-01
-4.028768539428710938e-01
-3.984475433826446533e-01
-4.193007349967956543e-01
-4.127921164035797119e-01
-4.228560328483581543e-01
-4.100370407104492188e-01
-4.082307815551757812e-01
-4.061655402183532715e-01
-4.119671285152435303e-01
-4.074824452400207520e-01
-4.227676987648010254e-01
-3.936872184276580811e-01
-4.052268564701080322e-01
-4.060840904712677002e-01
-4.133297801017761230e-01
-4.182482659816741943e-01
-4.148701727390289307e-01
-4.192656874656677246e-01
-3.914205431938171387e-01
-4.036228656768798828e-01
-4.187709689140319824e-01
-4.123269319534301758e-01
-4.140224754810333252e-01
-4.157139658927917480e-01
-3.939544260501861572e-01
-4.035568535327911377e-01
-3.971610665321350098e-01
-3.810496926307678223e-01
-3.482947945594787598e-01
-3.903306126594543457e-01
-3.857370913028717041e-01
-3.692099750041961670e-01
-3.627097010612487793e-01
-3.972654342651367188e-01
-4.189296364784240723e-01
-3.734627068042755127e-01
-4.025000631809234619e-01
-3.952108621597290039e-01
-3.664566576480865479e-01
-3.559296131134033203e-01
-3.754900395870208740e-01
-3.583645522594451904e-01
-4.039130210876464844e-01
-4.065255522727966309e-01
-3.988183736801147461e-01
-4.046290814876556396e-01
-4.076028764247894287e-01
-4.104961752891540527e-01
-4.182053804397583008e-01
-4.019542634487152100e-01
-4.025337994098663330e-01
-4.109151363372802734e-01
-3.899861574172973633e-01
-4.007786810398101807e-01
-4.122138321399688721e-01
-4.107693433761596680e-01
-4.089909493923187256e-01
-3.960328996181488037e-01
-4.074121117591857910e-01
-4.192401468753814697e-01
-4.129912257194519043e-01
-3.902161717414855957e-01
-4.203214943408966064e-01
-4.085269570350646973e-01
-4.071301817893981934e-01
-4.032342731952667236e-01
-4.282936453819274902e-01
-4.160636961460113525e-01
-4.188982546329498291e-01
-4.220478534698486328e-01
-4.316566288471221924e-01
-4.297981262207031250e-01
-4.172759950160980225e-01
-4.268358945846557617e-01
-4.158127307891845703e-01
-4.165834784507751465e-01
-4.255914390087127686e-01
-4.122368395328521729e-01
-4.057021439075469971e-01
-4.118170738220214844e-01
-4.174416363239288330e-01
-4.239033162593841553e-01
-4.105438292026519775e-01
-4.045184850692749023e-01
-4.107407331466674805e-01
-4.182338118553161621e-01
-4.219934642314910889e-01
-4.194248020648956299e-01
-4.084218144416809082e-01
-4.018452763557434082e-01
-4.070315062999725342e-01
-4.094206690788269043e-01
-4.048960804939270020e-01
-4.061143398284912109e-01
-4.099888205528259277e-01
-4.109472930431365967e-01
-4.030478596687316895e-01
-4.104876816272735596e-01
-4.190444350242614746e-01
-3.700107038021087646e-01
-4.115727245807647705e-01
-4.145061075687408447e-01
-4.258788824081420898e-01
-4.170279204845428467e-01
-4.299070835113525391e-01
-4.110568165779113770e-01
-4.181240200996398926e-01
-3.920219242572784424e-01
-4.052177667617797852e-01
-4.036118984222412109e-01
-3.976289629936218262e-01
-4.101771414279937744e-01
-4.155303835868835449e-01
-4.001291096210479736e-01
-4.165191650390625000e-01
-3.988987505435943604e-01
-4.004758298397064209e-01
-3.967710435390472412e-01
-4.129951894283294678e-01
-4.114602208137512207e-01
-4.037621021270751953e-01
-3.923273384571075439e-01
-4.128744304180145264e-01
-4.029445946216583252e-01
-4.178827404975891113e-01
-3.994144201278686523e-01
-4.146299660205841064e-01
-3.971222341060638428e-01
-4.256004989147186279e-01
-3.965901434421539307e-01
-4.096525907516479492e-01
-4.073942303657531738e-01
-3.922024071216583252e-01
-4.146065115928649902e-01
-4.118508994579315186e-01
-4.137721359729766846e-01
-4.114534258842468262e-01
-4.097999930381774902e-01
-4.144365191459655762e-01
-4.090257883071899414e-01
-4.190460741519927979e-01
-4.232893288135528564e-01
-4.118397831916809082e-01
-4.086487293243408203e-01
-3.778300285339355469e-01
-3.828822970390319824e-01
-4.044633209705352783e-01
-3.707909584045410156e-01
-3.814481198787689209e-01
-3.484119176864624023e-01
-3.628791868686676025e-01
-3.723164498805999756e-01
-3.557398319244384766e-01
-3.932971060276031494e-01
-3.786040842533111572e-01
-3.565869331359863281e-01
-3.318572938442230225e-01
-3.550266027450561523e-01
-3.215432465076446533e-01
-3.342097103595733643e-01
-3.179760277271270752e-01
-3.160820901393890381e-01
-3.040021359920501709e-01
-2.696959972381591797e-01
-3.322786390781402588e-01
-3.415499329566955566e-01
-3.519991040229797363e-01
-3.681351542472839355e-01
-3.506455123424530029e-01
-3.609023690223693848e-01
-3.988953232765197754e-01
-3.946452736854553223e-01
-3.954009711742401123e-01
-3.819637596607208252e-01
-3.919536769390106201e-01
-3.974062502384185791e-01
-4.059290885925292969e-01
-3.813019990921020508e-01
-3.887228369712829590e-01
-4.048984348773956299e-01
-4.072244167327880859e-01
-3.842104077339172363e-01
-4.024133980274200439e-01
-4.050010442733764648e-01
-3.943759799003601074e-01
-3.675130009651184082e-01
-3.817990422248840332e-01
-3.862797319889068604e-01
-3.968486487865447998e-01
-3.924106955528259277e-01
-3.868726193904876709e-01
-3.758522272109985352e-01
-3.871197998523712158e-01
-3.903507888317108154e-01
-4.055138528347015381e-01
-3.939627408981323242e-01
-3.873638808727264404e-01
-4.009439051151275635e-01
-4.119356274604797363e-01
-3.991664350032806396e-01
-3.926436305046081543e-01
-4.007147252559661865e-01
-3.973831832408905029e-01
-3.758582472801208496e-01
-3.894166946411132812e-01
-4.051259458065032959e-01
-3.717094063758850098e-01
-4.077994525432586670e-01
-3.943047523498535156e-01
-3.810987472534179688e-01
-3.827274739742279053e-01
-4.034512937068939209e-01
-4.020306468009948730e-01
-4.074069857597351074e-01
-4.118621349334716797e-01
-3.965972959995269775e-01
-4.015066921710968018e-01
-4.119508862495422363e-01
-4.145258069038391113e-01
-4.178436994552612305e-01
-3.977009057998657227e-01
-3.920852541923522949e-01
-3.765684366226196289e-01
-3.930747807025909424e-01
-4.062069058418273926e-01
-4.180938899517059326e-01
-4.101824164390563965e-01
-3.960531055927276611e-01
-4.002626836299896240e-01
-4.058481454849243164e-01
-4.065277278423309326e-01
-3.889790177345275879e-01
-4.170728027820587158e-01
-3.786777257919311523e-01
-3.938321769237518311e-01
-3.837241828441619873e-01
-4.070125520229339600e-01
-4.055518805980682373e-01
-3.880095779895782471e-01
-3.534278571605682373e-01
-3.797258138656616211e-01
-3.858372271060943604e-01
-4.102242290973663330e-01
-4.004824161529541016e-01
-3.947013020515441895e-01
-3.787337243556976318e-01
-3.882018923759460449e-01
-2.752185761928558350e-01
-3.188837468624114990e-01
-2.832343876361846924e-01
-3.383801877498626709e-01
-3.238552212715148926e-01
-3.051334321498870850e-01
-3.547031581401824951e-01
-3.494787514209747314e-01
-2.775269150733947754e-01
-3.548026084899902344e-01
-3.464079499244689941e-01
-3.369501233100891113e-01
-3.474960327148437500e-01
-3.567755818367004395e-01
-3.632774055004119873e-01
-3.922119140625000000e-01
-3.603121936321258545e-01
-3.737714886665344238e-01
-3.486436009407043457e-01
-3.650178909301757812e-01
-3.890257179737091064e-01
-3.726450204849243164e-01
-3.855632245540618896e-01
-3.387368917465209961e-01
-3.286195695400238037e-01
-3.450984656810760498e-01
-2.993907630443572998e-01
-3.599387705326080322e-01
-3.516455888748168945e-01
-3.573634922504425049e-01
-3.856343328952789307e-01
-3.768458366394042969e-01
-3.989748060703277588e-01
-3.972711861133575439e-01
-3.758356273174285889e-01
-3.770099580287933350e-01
-3.880607783794403076e-01
-4.016164541244506836e-01
-3.965529501438140869e-01
-4.029397666454315186e-01
-4.019276499748229980e-01
-3.910987079143524170e-01
-4.033159911632537842e-01
-3.956603407859802246e-01
-4.071516096591949463e-01
-3.770790994167327881e-01
-3.928089439868927002e-01
-3.926905095577239990e-01
-3.941718637943267822e-01
-4.095323979854583740e-01
-3.742040097713470459e-01
-3.784120976924896240e-01
-3.924416601657867432e-01
-4.043825566768646240e-01
-3.927664756774902344e-01
-3.766780793666839600e-01
-3.843175172805786133e-01
-3.908995985984802246e-01
-3.642987608909606934e-01
-3.478166460990905762e-01
-3.784787654876708984e-01
-3.539929687976837158e-01
-3.890515863895416260e-01
-3.559107184410095215e-01
-2.714677155017852783e-01
-2.840500473976135254e-01
-2.983468770980834961e-01
-2.833652198314666748e-01
-3.073817789554595947e-01
-2.848761975765228271e-01
-2.831838428974151611e-01
-2.252952009439468384e-01
-2.923483848571777344e-01
-2.417577803134918213e-01
-2.963256239891052246e-01
-2.570540904998779297e-01
-2.353828102350234985e-01
-2.618455886840820312e-01
-3.105880022048950195e-01
-3.366119861602783203e-01
-3.514566719532012939e-01
-3.384175896644592285e-01
-3.792458772659301758e-01
-3.418447375297546387e-01
-3.505501747131347656e-01
-3.566942512989044189e-01
-3.680920302867889404e-01
-3.660383224487304688e-01
-3.587387204170227051e-01
-3.823700547218322754e-01
-3.850260674953460693e-01
-3.904354274272918701e-01
-3.670288920402526855e-01
-3.898587822914123535e-01
-4.041708707809448242e-01
-3.892218768596649170e-01
-4.026300013065338135e-01
-4.032273590564727783e-01
-3.851225674152374268e-01
-3.929149806499481201e-01
-4.032848477363586426e-01
-4.031701982021331787e-01
-3.919464051723480225e-01
-3.959267735481262207e-01
-3.906480669975280762e-01
-3.900355398654937744e-01
-3.919954895973205566e-01
-3.978907167911529541e-01
-3.840977251529693604e-01
-3.103734850883483887e-01
-2.568189203739166260e-01
-2.594368159770965576e-01
-3.203333020210266113e-01
-2.939252555370330811e-01
-3.119451999664306641e-01
-2.882777750492095947e-01
-2.737896442413330078e-01
-3.078115880489349365e-01
-3.240561485290527344e-01
-3.248767554759979248e-01
-3.111022710800170898e-01
-3.156991600990295410e-01
-3.173871934413909912e-01
-3.504282236099243164e-01
-3.412328362464904785e-01
-3.548971414566040039e-01
-2.941039502620697021e-01
-3.957815766334533691e-01
-3.950607180595397949e-01
-3.962585330009460449e-01
-3.870733678340911865e-01
-3.634709417819976807e-01
-2.916588783264160156e-01
-3.829457163810729980e-01
-3.827257156372070312e-01
-3.931026756763458252e-01
-4.077478647232055664e-01
-4.001871347427368164e-01
-4.008347094058990479e-01
-4.102632403373718262e-01
-4.023366570472717285e-01
-4.101721048355102539e-01
-4.150578081607818604e-01
-4.101771712303161621e-01
-4.030518531799316406e-01
-3.197113573551177979e-01
-3.471769392490386963e-01
-3.606050908565521240e-01
-3.217355012893676758e-01
-3.106928169727325439e-01
-3.615705966949462891e-01
-3.645092546939849854e-01
-3.484055697917938232e-01
-3.752453625202178955e-01
-3.560247719287872314e-01
-3.619054853916168213e-01
-3.193797171115875244e-01
-3.580354750156402588e-01
-3.555323481559753418e-01
-3.645343184471130371e-01
-3.354782164096832275e-01
-3.244377076625823975e-01
-3.290777504444122314e-01
-3.143392503261566162e-01
-3.270582854747772217e-01
-2.946871817111968994e-01
-3.378327190876007080e-01
-3.190614879131317139e-01
-3.058331608772277832e-01
-3.582017123699188232e-01
-3.523827493190765381e-01
-3.628169000148773193e-01
-3.693707287311553955e-01
-3.827013373374938965e-01
-3.989123404026031494e-01
-3.750577270984649658e-01
-3.840681016445159912e-01
-3.700469434261322021e-01
-3.993842899799346924e-01
-3.863948881626129150e-01
-3.871010839939117432e-01
-3.895002305507659912e-01
-3.935768008232116699e-01
-3.752706944942474365e-01
-3.860362768173217773e-01
-3.922712504863739014e-01
-4.016143083572387695e-01
-3.908462822437286377e-01
-3.977611362934112549e-01
-4.004690051078796387e-01
-3.874188959598541260e-01
-3.991439044475555420e-01
-4.036218822002410889e-01
-3.649718761444091797e-01
-4.088997244834899902e-01
-3.784196078777313232e-01
-4.035121798515319824e-01
-3.796454966068267822e-01
-3.977413475513458252e-01
-3.813505172729492188e-01
-3.715172111988067627e-01
-3.834911286830902100e-01
-3.952155411243438721e-01
-4.019501209259033203e-01
-3.976976871490478516e-01
-3.912041485309600830e-01
-3.858631849288940430e-01
-4.006368517875671387e-01
-4.097230136394500732e-01
-4.048031568527221680e-01
-4.145350456237792969e-01
-3.978193700313568115e-01
-3.980291187763214111e-01
-3.915208876132965088e-01
-4.031857252120971680e-01
-4.107443988323211670e-01
-4.154373705387115479e-01
-3.945198357105255127e-01
-4.054194986820220947e-01
-4.067431390285491943e-01
-3.684096038341522217e-01
-3.205686807632446289e-01
-2.918816208839416504e-01
-3.173532783985137939e-01
-3.107739388942718506e-01
-3.035851418972015381e-01
-2.738524973392486572e-01
-3.202777206897735596e-01
-2.919188439846038818e-01
-3.433166742324829102e-01
-3.352435827255249023e-01
-3.120385110378265381e-01
-3.376174271106719971e-01
-3.351658880710601807e-01
-3.357015550136566162e-01
-3.653040528297424316e-01
-3.486625552177429199e-01
-3.563763499259948730e-01
-3.173452019691467285e-01
-2.960257232189178467e-01
-3.547002673149108887e-01
-3.390617668628692627e-01
-3.590292930603027344e-01
-3.600696325302124023e-01
-3.351224362850189209e-01
-3.620565533638000488e-01
-3.648006618022918701e-01
-3.617108762264251709e-01
-3.259676694869995117e-01
-3.717887401580810547e-01
-3.480268418788909912e-01
-3.621929287910461426e-01
-3.749854862689971924e-01
-3.627573251724243164e-01
-3.733433485031127930e-01
-3.512165844440460205e-01
-3.893880546092987061e-01
-3.783108592033386230e-01
-3.925547003746032715e-01
-3.512138128280639648e-01
-3.850136697292327881e-01
-3.785185515880584717e-01
-3.515895903110504150e-01
-3.965758979320526123e-01
-3.718006014823913574e-01
-3.542665541172027588e-01
-3.541158139705657959e-01
-3.439697921276092529e-01
-3.172139823436737061e-01
-3.650633990764617920e-01
-3.816755414009094238e-01
-3.657137155532836914e-01
-3.959246575832366943e-01
-3.679988980293273926e-01
-3.831424117088317871e-01
-3.829028904438018799e-01
-4.000007808208465576e-01
-3.939509987831115723e-01
-3.977266848087310791e-01
-4.089821577072143555e-01
-4.066773056983947754e-01
-3.914356827735900879e-01
-3.969164490699768066e-01
-4.112880825996398926e-01
-3.870157897472381592e-01
-4.021739065647125244e-01
-3.998783826828002930e-01
-4.089732766151428223e-01
-3.645351231098175049e-01
-3.616217076778411865e-01
-3.856972157955169678e-01
-3.782020807266235352e-01
-3.649937510490417480e-01
-3.728718161582946777e-01
-3.443318009376525879e-01
-3.934186995029449463e-01
-3.833747804164886475e-01
-4.016740620136260986e-01
-3.801555335521697998e-01
-3.908832967281341553e-01
-3.483433127403259277e-01
-3.575244247913360596e-01
-4.059507548809051514e-01
-3.813994824886322021e-01
-3.799608051776885986e-01
-3.972694277763366699e-01
-3.951729238033294678e-01
-3.950500488281250000e-01
-3.926413059234619141e-01
-4.108313024044036865e-01
-3.965499699115753174e-01
-3.947054743766784668e-01
-3.979139924049377441e-01
-4.077053368091583252e-01
-3.979429900646209717e-01
-4.020057320594787598e-01
-4.007858932018280029e-01
-3.844557702541351318e-01
-3.845398724079132080e-01
-3.979246318340301514e-01
-4.034064412117004395e-01
-4.116457998752593994e-01
-3.875202536582946777e-01
-3.992196321487426758e-01
-3.882058262825012207e-01
-3.950880765914916992e-01
-4.005424976348876953e-01
-4.039148688316345215e-01
-4.065170586109161377e-01
-4.012777805328369141e-01
-4.079086184501647949e-01
-4.179390370845794678e-01
-4.129868447780609131e-01
-4.149763286113739014e-01
-4.149934053421020508e-01
