2.313230514526367188e+00
1.403009295463562012e+00
5.197645425796508789e-01
1.925552077591419220e-02
-6.180482357740402222e-02
-8.302764594554901123e-02
-9.327843040227890015e-02
-1.036020144820213318e-01
-1.205805242061614990e-01
-1.359953433275222778e-01
-1.449831873178482056e-01
-1.693984419107437134e-01
-1.791618317365646362e-01
-1.899113804101943970e-01
-1.951374858617782593e-01
-2.027293294668197632e-01
-2.112691402435302734e-01
-2.221748083829879761e-01
-2.229260802268981934e-01
-2.225175648927688599e-01
-2.274331599473953247e-01
-2.309301942586898804e-01
-2.266296893358230591e-01
-2.309480011463165283e-01
-2.303500920534133911e-01
-2.325540184974670410e-01
-2.345032095909118652e-01
-2.349696755409240723e-01
-2.360584586858749390e-01
-2.411009371280670166e-01
-2.404714226722717285e-01
-2.417261451482772827e-01
-2.424945533275604248e-01
-2.422943860292434692e-01
-2.443053573369979858e-01
-2.420964390039443970e-01
-2.457440495491027832e-01
-2.456571012735366821e-01
-2.458493411540985107e-01
-2.476425915956497192e-01
-2.470671683549880981e-01
-2.480247914791107178e-01
-2.530639767646789551e-01
-2.466773241758346558e-01
-2.490752786397933960e-01
-2.537815868854522705e-01
-2.526295781135559082e-01
-2.516687214374542236e-01
-2.504035234451293945e-01
-2.549830377101898193e-01
-2.550111114978790283e-01
-2.526753544807434082e-01
-2.562142014503479004e-01
-2.582024037837982178e-01
-2.569340765476226807e-01
-2.556878328323364258e-01
-2.535807490348815918e-01
-2.567559182643890381e-01
-2.572793662548065186e-01
-2.605751454830169678e-01
-2.569846212863922119e-01
-2.549388706684112549e-01
-2.570759057998657227e-01
-2.553409636020660400e-01
-2.530241012573242188e-01
-2.572378516197204590e-01
-2.615165710449218750e-01
-2.587415575981140137e-01
-2.616663575172424316e-01
-2.597387731075286865e-01
-2.595838904380798340e-01
-2.563489675521850586e-01
-2.571308314800262451e-01
-2.609420418739318848e-01
-2.544991970062255859e-01
-2.583584785461425781e-01
-2.564470767974853516e-01
-2.630790770053863525e-01
-2.631146311759948730e-01
-2.599172294139862061e-01
-2.656356692314147949e-01
-2.599998414516448975e-01
-2.625184655189514160e-01
-2.612506151199340820e-01
-2.634330093860626221e-01
-2.622096240520477295e-01
-2.637264430522918701e-01
-2.631347179412841797e-01
-2.659910917282104492e-01
-2.726384997367858887e-01
-2.697256207466125488e-01
-2.728194594383239746e-01
-2.713287174701690674e-01
-2.733718752861022949e-01
-2.719894051551818848e-01
-2.712903022766113281e-01
-2.743859291076660156e-01
-2.711159586906433105e-01
-2.747362554073333740e-01
-2.719393968582153320e-01
-2.726495862007141113e-01
-2.728853821754455566e-01
-2.715007960796356201e-01
-2.704712748527526855e-01
-2.745696902275085449e-01
-2.746675610542297363e-01
-2.721425890922546387e-01
-2.753410041332244873e-01
-2.753434479236602783e-01
-2.750750184059143066e-01
-2.721434235572814941e-01
-2.761032879352569580e-01
-2.763803899288177490e-01
-2.760042250156402588e-01
-2.722710072994232178e-01
-2.773427665233612061e-01
-2.762412428855895996e-01
-2.755472958087921143e-01
-2.756417989730834961e-01
-2.709223330020904541e-01
-2.738748490810394287e-01
-2.757407724857330322e-01
-2.769795358180999756e-01
-2.750049531459808350e-01
-2.774048447608947754e-01
-2.730174362659454346e-01
-2.798210978507995605e-01
-2.710480093955993652e-01
-2.726428806781768799e-01
-2.767350077629089355e-01
-2.777678370475769043e-01
-2.757723629474639893e-01
-2.792709469795227051e-01
-2.753941714763641357e-01
-2.812289893627166748e-01
-2.762034833431243896e-01
-2.782823443412780762e-01
-2.738235592842102051e-01
-2.763835489749908447e-01
-2.765327692031860352e-01
-2.764073312282562256e-01
-2.762684226036071777e-01
-2.786989808082580566e-01
-2.765273451805114746e-01
-2.800372838973999023e-01
-2.755139768123626709e-01
-2.736069262027740479e-01
-2.793251276016235352e-01
-2.792500853538513184e-01
-2.793356776237487793e-01
-2.762557566165924072e-01
-2.783299088478088379e-01
-2.737001478672027588e-01
-2.753951847553253174e-01
-2.763432264328002930e-01
-2.771536111831665039e-01
-2.787036597728729248e-01
-2.776674330234527588e-01
-2.764570713043212891e-01
-2.758873999118804932e-01
-2.763512730598449707e-01
-2.772895097732543945e-01
-2.792157530784606934e-01
-2.787997424602508545e-01
-2.773256897926330566e-01
-2.823412120342254639e-01
-2.775524854660034180e-01
-2.801402807235717773e-01
-2.769528925418853760e-01
-2.742479741573333740e-01
-2.801803946495056152e-01
-2.798512578010559082e-01
-2.808150649070739746e-01
-2.780642211437225342e-01
-2.784139513969421387e-01
-2.828218936920166016e-01
-2.752307057380676270e-01
-2.765736579895019531e-01
-2.762016355991363525e-01
-2.789586186408996582e-01
-2.798416912555694580e-01
-2.763620316982269287e-01
-2.772570252418518066e-01
-2.800586819648742676e-01
-2.798716127872467041e-01
-2.833254933357238770e-01
-2.793655991554260254e-01
-2.824636101722717285e-01
-2.785865962505340576e-01
-2.789583802223205566e-01
-2.795103788375854492e-01
-2.792448699474334717e-01
-2.790107727050781250e-01
-2.836214900016784668e-01
-2.801376283168792725e-01
-2.789803147315979004e-01
-2.825974225997924805e-01
-2.806054651737213135e-01
-2.799893319606781006e-01
-2.812688648700714111e-01
-2.792891561985015869e-01
-2.829674780368804932e-01
-2.862768769264221191e-01
-2.847341597080230713e-01
-2.834326922893524170e-01
-2.835224568843841553e-01
-2.843889594078063965e-01
-2.842139601707458496e-01
-2.849460244178771973e-01
-2.825287282466888428e-01
-2.840004265308380127e-01
-2.829709649085998535e-01
-2.867677509784698486e-01
-2.851679027080535889e-01
-2.885630130767822266e-01
-2.847056984901428223e-01
-2.888055443763732910e-01
-2.877669334411621094e-01
-2.879948616027832031e-01
-2.883192002773284912e-01
-2.888970673084259033e-01
-2.892434298992156982e-01
-2.899655103683471680e-01
-2.922300696372985840e-01
-2.904526591300964355e-01
-2.885277569293975830e-01
-2.922450602054595947e-01
-2.928664982318878174e-01
-2.927252948284149170e-01
-2.896771728992462158e-01
-2.900399267673492432e-01
-2.941337823867797852e-01
-2.915733158588409424e-01
-2.943065762519836426e-01
-2.906883060932159424e-01
-2.911973595619201660e-01
-2.905915379524230957e-01
-2.939010560512542725e-01
-2.956560254096984863e-01
-2.959980368614196777e-01
-2.954646050930023193e-01
-2.958093881607055664e-01
-2.937439978122711182e-01
-2.933753132820129395e-01
-2.978259325027465820e-01
-2.925543189048767090e-01
-2.939811348915100098e-01
-2.963947951793670654e-01
-2.959612905979156494e-01
-2.925429046154022217e-01
-2.941474616527557373e-01
-2.932611405849456787e-01
-2.935755550861358643e-01
-2.959089875221252441e-01
-2.934684455394744873e-01
-2.941019833087921143e-01
-2.915863692760467529e-01
-2.954523861408233643e-01
-2.968961298465728760e-01
-2.937601804733276367e-01
-2.924927175045013428e-01
-2.956796884536743164e-01
-2.969591021537780762e-01
-2.984957993030548096e-01
-2.961274087429046631e-01
-2.935729622840881348e-01
-2.971882820129394531e-01
-2.953976988792419434e-01
-2.951608300209045410e-01
-2.982968091964721680e-01
-2.954266667366027832e-01
-2.985131740570068359e-01
-2.963570058345794678e-01
-2.970753908157348633e-01
-2.970577180385589600e-01
-2.989402413368225098e-01
-2.977131605148315430e-01
-2.955732345581054688e-01
-2.983279824256896973e-01
-2.938441336154937744e-01
-2.952085435390472412e-01
-2.969221770763397217e-01
-2.987230718135833740e-01
-2.955307960510253906e-01
-2.982618212699890137e-01
-2.970950305461883545e-01
-2.951256036758422852e-01
-2.959875464439392090e-01
-2.983930706977844238e-01
-3.016113638877868652e-01
-2.970544993877410889e-01
-2.952589094638824463e-01
-2.978709638118743896e-01
-2.962597906589508057e-01
-2.991896271705627441e-01
-2.988362312316894531e-01
-2.973650395870208740e-01
-2.984393835067749023e-01
-2.984255850315093994e-01
-3.002799749374389648e-01
-2.988297641277313232e-01
-3.017973005771636963e-01
-2.998836040496826172e-01
-2.980656027793884277e-01
-2.986136972904205322e-01
-2.985972762107849121e-01
-2.958030998706817627e-01
-2.988956570625305176e-01
-2.994742989540100098e-01
-2.981729209423065186e-01
-3.016017079353332520e-01
-3.005861341953277588e-01
-2.982879579067230225e-01
-3.001467287540435791e-01
-2.988865375518798828e-01
-2.998942732810974121e-01
-2.979955971240997314e-01
-2.999521493911743164e-01
-2.976805865764617920e-01
-2.978306710720062256e-01
-2.996322512626647949e-01
-3.003456294536590576e-01
-3.000884950160980225e-01
-3.000082969665527344e-01
-3.047937154769897461e-01
-3.002993166446685791e-01
-3.005211651325225830e-01
-3.028272390365600586e-01
-2.978207468986511230e-01
-3.007887899875640869e-01
-3.015052974224090576e-01
-3.014563620090484619e-01
-3.007351160049438477e-01
-3.045233786106109619e-01
-3.018453717231750488e-01
-3.038447797298431396e-01
-3.006418049335479736e-01
-2.990812361240386963e-01
-3.027811646461486816e-01
-2.993031144142150879e-01
-3.032934963703155518e-01
-3.018945753574371338e-01
-3.027277886867523193e-01
-3.017241656780242920e-01
-2.998690307140350342e-01
-3.025565743446350098e-01
-3.041376173496246338e-01
-3.024471104145050049e-01
-3.013350963592529297e-01
-3.039798438549041748e-01
-3.024739027023315430e-01
-3.027041554450988770e-01
-3.007198572158813477e-01
-3.016902506351470947e-01
-3.035633265972137451e-01
-3.046201467514038086e-01
-3.038517534732818604e-01
-3.037161529064178467e-01
-3.065232038497924805e-01
-3.021987974643707275e-01
-3.004810810089111328e-01
-3.022637367248535156e-01
-3.039717972278594971e-01
-3.021711111068725586e-01
-3.029733300209045410e-01
-3.073900043964385986e-01
-3.043218851089477539e-01
-3.023475408554077148e-01
-3.063557147979736328e-01
-3.048097491264343262e-01
-3.043141961097717285e-01
-3.028639554977416992e-01
-3.050752580165863037e-01
-3.052377104759216309e-01
-3.044137358665466309e-01
-3.061940371990203857e-01
-3.071745038032531738e-01
-3.048562109470367432e-01
-3.025073707103729248e-01
-3.050879538059234619e-01
-3.038044273853302002e-01
-3.055256903171539307e-01
-3.060148358345031738e-01
-3.048762679100036621e-01
-3.077003061771392822e-01
-3.062892854213714600e-01
-3.057761490345001221e-01
-3.034747838973999023e-01
-3.061652183532714844e-01
-3.042383193969726562e-01
-3.100110590457916260e-01
-3.072992563247680664e-01
-3.065866827964782715e-01
-3.075095713138580322e-01
-3.062290847301483154e-01
-3.053956329822540283e-01
-3.087142407894134521e-01
-3.057667911052703857e-01
-3.077576458454132080e-01
-3.049841225147247314e-01
-3.072615265846252441e-01
-3.083208501338958740e-01
-3.074907064437866211e-01
-3.067024648189544678e-01
-3.095557689666748047e-01
-3.071324527263641357e-01
-3.072952628135681152e-01
-3.124434351921081543e-01
-3.095585405826568604e-01
-3.076732754707336426e-01
-3.090103864669799805e-01
-3.083821535110473633e-01
-3.112779557704925537e-01
-3.091861009597778320e-01
-3.088876903057098389e-01
-3.127885758876800537e-01
-3.129687607288360596e-01
-3.111085891723632812e-01
-3.110587298870086670e-01
-3.106245696544647217e-01
-3.106800317764282227e-01
-3.133622407913208008e-01
-3.095231652259826660e-01
-3.123105764389038086e-01
-3.097113668918609619e-01
-3.160882294178009033e-01
-3.134680688381195068e-01
-3.112377226352691650e-01
-3.171673715114593506e-01
-3.153574764728546143e-01
-3.135274648666381836e-01
-3.126152753829956055e-01
-3.106754422187805176e-01
-3.140656054019927979e-01
-3.157290518283843994e-01
-3.127380907535552979e-01
-3.157111108303070068e-01
-3.142220675945281982e-01
-3.124520182609558105e-01
-3.126814961433410645e-01
-3.139494657516479492e-01
-3.134970068931579590e-01
-3.155617713928222656e-01
-3.155005574226379395e-01
-3.148124516010284424e-01
-3.152850568294525146e-01
-3.153333663940429688e-01
-3.179583251476287842e-01
-3.166996240615844727e-01
-3.181334137916564941e-01
-3.196378350257873535e-01
-3.181211352348327637e-01
-3.174840211868286133e-01
-3.152405321598052979e-01
-3.204652070999145508e-01
-3.176543116569519043e-01
-3.200857937335968018e-01
-3.171233832836151123e-01
-3.173993229866027832e-01
-3.193308413028717041e-01
-3.185857236385345459e-01
-3.200019598007202148e-01
-3.163066506385803223e-01
-3.206632733345031738e-01
-3.227127790451049805e-01
-3.188706636428833008e-01
-3.192491531372070312e-01
-3.182570934295654297e-01
-3.185776472091674805e-01
-3.189891576766967773e-01
-3.198408782482147217e-01
-3.224969506263732910e-01
-3.204766213893890381e-01
-3.226698637008666992e-01
-3.186797499656677246e-01
-3.194189965724945068e-01
-3.203247785568237305e-01
-3.192551434040069580e-01
-3.225785195827484131e-01
-3.198762536048889160e-01
-3.213882744312286377e-01
-3.213265538215637207e-01
-3.208540081977844238e-01
-3.222678303718566895e-01
-3.224685490131378174e-01
-3.228099942207336426e-01
-3.204272985458374023e-01
-3.240919113159179688e-01
-3.216104209423065186e-01
-3.221142590045928955e-01
-3.204417228698730469e-01
-3.217815756797790527e-01
-3.228487968444824219e-01
-3.214011192321777344e-01
-3.257318437099456787e-01
-3.208892047405242920e-01
-3.258726894855499268e-01
-3.240181207656860352e-01
-3.252460956573486328e-01
-3.230150640010833740e-01
-3.269041180610656738e-01
-3.253498375415802002e-01
-3.233338594436645508e-01
-3.263264894485473633e-01
-3.261614441871643066e-01
-3.252233862876892090e-01
-3.255730569362640381e-01
-3.245335519313812256e-01
-3.266367316246032715e-01
-3.250511586666107178e-01
-3.257518410682678223e-01
-3.255455791950225830e-01
-3.236476480960845947e-01
-3.266883194446563721e-01
-3.261730670928955078e-01
-3.235881030559539795e-01
-3.248501121997833252e-01
-3.259365558624267578e-01
-3.248305022716522217e-01
-3.242619931697845459e-01
-3.284693360328674316e-01
-3.283580541610717773e-01
-3.253896534442901611e-01
-3.270462751388549805e-01
-3.264648914337158203e-01
-3.274997174739837646e-01
-3.280051648616790771e-01
-3.270750343799591064e-01
-3.279378712177276611e-01
-3.277608156204223633e-01
-3.262684643268585205e-01
-3.251729607582092285e-01
-3.258509933948516846e-01
-3.279765546321868896e-01
-3.298046290874481201e-01
-3.283560276031494141e-01
-3.274285793304443359e-01
-3.272126317024230957e-01
-3.272693455219268799e-01
-3.277115225791931152e-01
-3.267184793949127197e-01
-3.259224891662597656e-01
-3.292770981788635254e-01
-3.284266591072082520e-01
-3.285732567310333252e-01
-3.278485238552093506e-01
-3.283053636550903320e-01
-3.296062648296356201e-01
-3.305566012859344482e-01
-3.283885419368743896e-01
-3.293097019195556641e-01
-3.296144008636474609e-01
-3.301887214183807373e-01
-3.298279345035552979e-01
-3.294017910957336426e-01
-3.299421370029449463e-01
-3.308676779270172119e-01
-3.298776149749755859e-01
-3.300830423831939697e-01
-3.292370140552520752e-01
-3.330143988132476807e-01
-3.301785290241241455e-01
-3.321727812290191650e-01
-3.313101232051849365e-01
-3.312596678733825684e-01
-3.323335647583007812e-01
-3.325330913066864014e-01
-3.347255885601043701e-01
-3.313886225223541260e-01
-3.302624523639678955e-01
-3.294241428375244141e-01
-3.306835293769836426e-01
-3.302887678146362305e-01
-3.331019580364227295e-01
-3.308146893978118896e-01
-3.301100432872772217e-01
-3.322181403636932373e-01
-3.317083716392517090e-01
-3.334883451461791992e-01
-3.311973512172698975e-01
-3.335518836975097656e-01
-3.336262106895446777e-01
-3.325509727001190186e-01
-3.327622711658477783e-01
-3.325067758560180664e-01
-3.348359167575836182e-01
-3.345636427402496338e-01
-3.341183960437774658e-01
-3.339868783950805664e-01
-3.343246877193450928e-01
-3.331651091575622559e-01
-3.345678150653839111e-01
-3.344551920890808105e-01
-3.351774513721466064e-01
-3.345560431480407715e-01
-3.331696093082427979e-01
-3.338522911071777344e-01
-3.356863260269165039e-01
-3.363099992275238037e-01
-3.352765738964080811e-01
-3.351937830448150635e-01
-3.355580568313598633e-01
-3.348511457443237305e-01
-3.349218964576721191e-01
-3.368083834648132324e-01
-3.339861333370208740e-01
-3.378908038139343262e-01
-3.359566032886505127e-01
-3.372417092323303223e-01
-3.382739722728729248e-01
-3.352711200714111328e-01
-3.366017937660217285e-01
-3.354305922985076904e-01
-3.380638062953948975e-01
-3.377316296100616455e-01
-3.369776904582977295e-01
-3.376962840557098389e-01
-3.359660506248474121e-01
-3.374285995960235596e-01
-3.363156616687774658e-01
-3.401194512844085693e-01
-3.379947543144226074e-01
-3.403801918029785156e-01
-3.401061892509460449e-01
-3.369953632354736328e-01
-3.390579223632812500e-01
-3.377065360546112061e-01
-3.361453115940093994e-01
-3.370476961135864258e-01
-3.403808474540710449e-01
-3.398174345493316650e-01
-3.370781838893890381e-01
-3.375706970691680908e-01
-3.381610214710235596e-01
-3.393774926662445068e-01
-3.405938446521759033e-01
-3.401474356651306152e-01
-3.393493592739105225e-01
-3.405364453792572021e-01
-3.378553986549377441e-01
-3.401253521442413330e-01
-3.391883075237274170e-01
-3.404748439788818359e-01
-3.412885665893554688e-01
-3.411366045475006104e-01
-3.388496637344360352e-01
-3.425969779491424561e-01
-3.407894372940063477e-01
-3.391820192337036133e-01
-3.396769165992736816e-01
-3.413132429122924805e-01
-3.388521075248718262e-01
-3.434445858001708984e-01
-3.409188985824584961e-01
-3.406455814838409424e-01
-3.430327773094177246e-01
-3.423615097999572754e-01
-3.432374894618988037e-01
-3.409236967563629150e-01
-3.425366878509521484e-01
-3.421275317668914795e-01
-3.432534337043762207e-01
-3.413940966129302979e-01
-3.420261740684509277e-01
-3.427187502384185791e-01
-3.434887230396270752e-01
-3.429182767868041992e-01
-3.426098525524139404e-01
-3.437422811985015869e-01
-3.419079482555389404e-01
-3.427022695541381836e-01
-3.439148962497711182e-01
-3.434280157089233398e-01
-3.455084562301635742e-01
-3.450493812561035156e-01
-3.442098200321197510e-01
-3.437302708625793457e-01
-3.439545631408691406e-01
-3.445580601692199707e-01
-3.438194394111633301e-01
-3.439295589923858643e-01
-3.446687757968902588e-01
-3.434260487556457520e-01
-3.445048332214355469e-01
-3.432464003562927246e-01
-3.447745740413665771e-01
-3.436611890792846680e-01
-3.444075882434844971e-01
-3.444965183734893799e-01
-3.448621332645416260e-01
-3.435294032096862793e-01
-3.448112905025482178e-01
-3.439755737781524658e-01
-3.460953831672668457e-01
-3.450684249401092529e-01
-3.437007963657379150e-01
-3.460177481174468994e-01
-3.449689149856567383e-01
-3.463042080402374268e-01
-3.436856567859649658e-01
-3.435918390750885010e-01
-3.467927873134613037e-01
-3.462273776531219482e-01
-3.455192744731903076e-01
-3.450984358787536621e-01
-3.459605872631072998e-01
-3.461848795413970947e-01
-3.437199294567108154e-01
-3.453414440155029297e-01
-3.455421030521392822e-01
-3.465329706668853760e-01
-3.467334806919097900e-01
-3.454801142215728760e-01
-3.448660373687744141e-01
-3.457082808017730713e-01
-3.452804386615753174e-01
-3.479717075824737549e-01
-3.467198312282562256e-01
-3.465136289596557617e-01
-3.470627963542938232e-01
-3.465907573699951172e-01
-3.465712368488311768e-01
-3.448770344257354736e-01
-3.459474444389343262e-01
-3.479748666286468506e-01
-3.467087745666503906e-01
-3.476292788982391357e-01
-3.454191982746124268e-01
-3.465707898139953613e-01
-3.487481176853179932e-01
-3.465739786624908447e-01
-3.469149172306060791e-01
-3.475260734558105469e-01
-3.479295670986175537e-01
-3.480928838253021240e-01
-3.472040295600891113e-01
-3.470237553119659424e-01
-3.473594784736633301e-01
-3.476317524909973145e-01
-3.462821245193481445e-01
-3.464414775371551514e-01
-3.473779261112213135e-01
-3.486929833889007568e-01
-3.475891649723052979e-01
-3.490206599235534668e-01
-3.489563465118408203e-01
-3.476651608943939209e-01
-3.477283716201782227e-01
-3.492813110351562500e-01
-3.502522110939025879e-01
-3.478934466838836670e-01
-3.470698893070220947e-01
-3.475064933300018311e-01
-3.479776382446289062e-01
-3.472864329814910889e-01
-3.483837246894836426e-01
-3.469923734664916992e-01
-3.472061753273010254e-01
-3.506192266941070557e-01
-3.493051230907440186e-01
-3.480902612209320068e-01
-3.486268520355224609e-01
-3.490926027297973633e-01
-3.503214120864868164e-01
-3.498666882514953613e-01
-3.492152690887451172e-01
-3.489147424697875977e-01
-3.511849343776702881e-01
-3.486176431179046631e-01
-3.477785885334014893e-01
-3.492676317691802979e-01
-3.488265275955200195e-01
-3.493240177631378174e-01
-3.515025675296783447e-01
-3.494708240032196045e-01
-3.494270741939544678e-01
-3.478572666645050049e-01
-3.487488925457000732e-01
-3.482289910316467285e-01
-3.503681421279907227e-01
-3.506745100021362305e-01
-3.495775461196899414e-01
-3.501387238502502441e-01
-3.516789674758911133e-01
-3.490170538425445557e-01
-3.497124016284942627e-01
-3.520626723766326904e-01
-3.509325981140136719e-01
-3.509781658649444580e-01
-3.503724336624145508e-01
-3.517479300498962402e-01
-3.516275882720947266e-01
-3.497208952903747559e-01
-3.492734432220458984e-01
-3.491322994232177734e-01
-3.514869511127471924e-01
-3.510114550590515137e-01
-3.505870401859283447e-01
-3.509182035923004150e-01
-3.490124642848968506e-01
-3.503258824348449707e-01
-3.510928750038146973e-01
-3.515689373016357422e-01
-3.506892621517181396e-01
-3.515546917915344238e-01
-3.519446551799774170e-01
-3.490562140941619873e-01
-3.513015210628509521e-01
-3.507429063320159912e-01
-3.490114808082580566e-01
-3.502579331398010254e-01
-3.527557253837585449e-01
-3.518635332584381104e-01
-3.495444357395172119e-01
-3.501300215721130371e-01
-3.510079383850097656e-01
-3.514416515827178955e-01
-3.518688380718231201e-01
-3.519384264945983887e-01
-3.524601459503173828e-01
-3.529577553272247314e-01
-3.493131697177886963e-01
-3.527112007141113281e-01
-3.507270216941833496e-01
-3.513529598712921143e-01
-3.525478541851043701e-01
-3.523533940315246582e-01
-3.503141999244689941e-01
-3.537535071372985840e-01
-3.519847691059112549e-01
-3.512263298034667969e-01
-3.508683145046234131e-01
-3.510642051696777344e-01
-3.499999940395355225e-01
-3.532947301864624023e-01
-3.530843555927276611e-01
-3.515497148036956787e-01
-3.526775538921356201e-01
-3.515564501285552979e-01
-3.533331155776977539e-01
-3.504830300807952881e-01
-3.522681593894958496e-01
-3.520001173019409180e-01
-3.543919622898101807e-01
-3.515464365482330322e-01
-3.531745076179504395e-01
-3.528366982936859131e-01
-3.529658317565917969e-01
-3.532915711402893066e-01
-3.529307246208190918e-01
-3.531333506107330322e-01
-3.523136377334594727e-01
-3.516988456249237061e-01
-3.526185154914855957e-01
-3.518912494182586670e-01
-3.543428778648376465e-01
-3.530578613281250000e-01
-3.526839017868041992e-01
-3.534130156040191650e-01
-3.525586724281311035e-01
-3.536246120929718018e-01
-3.529543578624725342e-01
-3.529566228389739990e-01
-3.532369434833526611e-01
-3.512731194496154785e-01
-3.536094129085540771e-01
-3.507681190967559814e-01
-3.536685109138488770e-01
-3.520204424858093262e-01
-3.534329831600189209e-01
-3.533411920070648193e-01
-3.540639579296112061e-01
-3.522454798221588135e-01
-3.530938625335693359e-01
-3.518030345439910889e-01
-3.534076809883117676e-01
-3.539476990699768066e-01
-3.531402945518493652e-01
-3.536386787891387939e-01
-3.532538115978240967e-01
-3.545889258384704590e-01
-3.514684438705444336e-01
-3.524169325828552246e-01
-3.548970222473144531e-01
-3.532449007034301758e-01
-3.541094958782196045e-01
-3.536901473999023438e-01
-3.538818955421447754e-01
-3.545755147933959961e-01
-3.529917597770690918e-01
-3.525992333889007568e-01
-3.537724912166595459e-01
-3.546723723411560059e-01
-3.553001582622528076e-01
-3.526678681373596191e-01
-3.533452451229095459e-01
-3.552129864692687988e-01
-3.550095856189727783e-01
-3.528676629066467285e-01
-3.539377152919769287e-01
-3.538743853569030762e-01
-3.542309105396270752e-01
-3.531195819377899170e-01
-3.529010415077209473e-01
-3.537453114986419678e-01
-3.534387648105621338e-01
-3.549911677837371826e-01
-3.539895117282867432e-01
-3.560986816883087158e-01
-3.565420210361480713e-01
-3.543760478496551514e-01
-3.548066020011901855e-01
-3.541866540908813477e-01
-3.547637760639190674e-01
-3.546032011508941650e-01
-3.544963896274566650e-01
-3.533632159233093262e-01
-3.554349839687347412e-01
-3.553417325019836426e-01
-3.562459051609039307e-01
-3.553596735000610352e-01
-3.545672893524169922e-01
-3.549477458000183105e-01
-3.562251627445220947e-01
-3.532567024230957031e-01
-3.556760847568511963e-01
-3.545247912406921387e-01
-3.556475043296813965e-01
-3.547355830669403076e-01
-3.550115227699279785e-01
-3.558007180690765381e-01
-3.547258675098419189e-01
-3.557046651840209961e-01
-3.548051118850708008e-01
-3.565678000450134277e-01
-3.561376333236694336e-01
-3.557828962802886963e-01
-3.553342819213867188e-01
-3.547410964965820312e-01
-3.556213676929473877e-01
-3.557571172714233398e-01
-3.550398945808410645e-01
-3.556444644927978516e-01
-3.539618551731109619e-01
-3.567753732204437256e-01
-3.568145036697387695e-01
-3.560182452201843262e-01
-3.552231490612030029e-01
-3.538320064544677734e-01
-3.558996617794036865e-01
-3.554577529430389404e-01
-3.574527502059936523e-01
-3.559001088142395020e-01
-3.566654920578002930e-01
-3.571487963199615479e-01
-3.567646443843841553e-01
-3.572955429553985596e-01
-3.569326102733612061e-01
-3.557109236717224121e-01
-3.570102751255035400e-01
-3.539255857467651367e-01
-3.570818901062011719e-01
-3.564339578151702881e-01
-3.554140329360961914e-01
-3.568895757198333740e-01
-3.563466370105743408e-01
-3.557641506195068359e-01
-3.573991954326629639e-01
-3.568934798240661621e-01
-3.557943105697631836e-01
-3.549903333187103271e-01
-3.560817837715148926e-01
-3.554183244705200195e-01
-3.558054268360137939e-01
-3.568182289600372314e-01
-3.577603697776794434e-01
-3.569079339504241943e-01
-3.571144044399261475e-01
-3.562781512737274170e-01
-3.569006919860839844e-01
-3.569733500480651855e-01
-3.561477065086364746e-01
-3.583056926727294922e-01
-3.560561537742614746e-01
-3.564651012420654297e-01
-3.566733598709106445e-01
-3.574570715427398682e-01
-3.567321300506591797e-01
-3.563261628150939941e-01
-3.587814271450042725e-01
-3.562269806861877441e-01
-3.554915189743041992e-01
-3.559167981147766113e-01
-3.579585552215576172e-01
-3.562458455562591553e-01
-3.561170101165771484e-01
-3.577521443367004395e-01
-3.568382561206817627e-01
-3.562728464603424072e-01
-3.562835156917572021e-01
-3.556450903415679932e-01
-3.569844365119934082e-01
-3.571500778198242188e-01
-3.574172258377075195e-01
-3.575984239578247070e-01
-3.579811453819274902e-01
-3.568315505981445312e-01
-3.571491837501525879e-01
-3.563860952854156494e-01
-3.561271429061889648e-01
-3.568250834941864014e-01
-3.584137558937072754e-01
-3.567376434803009033e-01
-3.592177033424377441e-01
-3.560642600059509277e-01
-3.570251762866973877e-01
-3.582916855812072754e-01
-3.570078909397125244e-01
-3.568580448627471924e-01
-3.580265641212463379e-01
-3.581646680831909180e-01
-3.577652871608734131e-01
-3.575005531311035156e-01
-3.572500050067901611e-01
-3.577818572521209717e-01
-3.585027754306793213e-01
-3.568757176399230957e-01
-3.560125827789306641e-01
-3.568915426731109619e-01
-3.583619892597198486e-01
-3.580853939056396484e-01
-3.582364320755004883e-01
-3.571854233741760254e-01
-3.574170768260955811e-01
-3.581250607967376709e-01
-3.572462201118469238e-01
-3.591462373733520508e-01
-3.575887680053710938e-01
-3.559885323047637939e-01
-3.574332892894744873e-01
-3.568705618381500244e-01
-3.565945327281951904e-01
-3.576557636260986328e-01
-3.562315106391906738e-01
-3.571798801422119141e-01
-3.584330379962921143e-01
-3.573465049266815186e-01
-3.565584123134613037e-01
-3.577276468276977539e-01
-3.571203649044036865e-01
-3.577077984809875488e-01
-3.579292297363281250e-01
-3.581235706806182861e-01
-3.576240241527557373e-01
-3.594235181808471680e-01
-3.579102754592895508e-01
-3.563964068889617920e-01
-3.575249016284942627e-01
-3.580356538295745850e-01
-3.574433028697967529e-01
-3.574495017528533936e-01
-3.595187366008758545e-01
-3.581250607967376709e-01
-3.570084273815155029e-01
-3.574633896350860596e-01
-3.572931885719299316e-01
-3.576777875423431396e-01
-3.586061596870422363e-01
-3.575249910354614258e-01
-3.578399121761322021e-01
-3.593906462192535400e-01
-3.578734993934631348e-01
-3.574272990226745605e-01
-3.598816990852355957e-01
-3.593279421329498291e-01
-3.594718575477600098e-01
-3.590747117996215820e-01
-3.585169017314910889e-01
-3.592863082885742188e-01
-3.580154478549957275e-01
-3.564467728137969971e-01
-3.577107191085815430e-01
-3.598551452159881592e-01
-3.590344190597534180e-01
-3.582179546356201172e-01
-3.581858575344085693e-01
-3.564162552356719971e-01
-3.581613600254058838e-01
-3.584281206130981445e-01
-3.590437769889831543e-01
-3.583849072456359863e-01
-3.585737645626068115e-01
-3.589045405387878418e-01
-3.579663932323455811e-01
-3.573817610740661621e-01
-3.576693236827850342e-01
-3.576408028602600098e-01
-3.585998415946960449e-01
-3.600727617740631104e-01
-3.583717644214630127e-01
-3.580196499824523926e-01
-3.576537370681762695e-01
-3.586550354957580566e-01
-3.588637113571166992e-01
-3.590922653675079346e-01
-3.595010936260223389e-01
-3.579956591129302979e-01
-3.585607409477233887e-01
-3.567239642143249512e-01
-3.588284850120544434e-01
-3.564054667949676514e-01
-3.588264882564544678e-01
-3.588360548019409180e-01
-3.579507470130920410e-01
-3.568964302539825439e-01
-3.595029413700103760e-01
-3.581000566482543945e-01
-3.579799234867095947e-01
-3.572544455528259277e-01
-3.575047254562377930e-01
-3.573807477951049805e-01
-3.596099913120269775e-01
-3.600577414035797119e-01
-3.585906326770782471e-01
-3.594520986080169678e-01
-3.581645488739013672e-01
-3.591389656066894531e-01
-3.576162755489349365e-01
-3.587426841259002686e-01
-3.588546812534332275e-01
-3.595914840698242188e-01
-3.588832318782806396e-01
-3.599302470684051514e-01
-3.587240576744079590e-01
-3.578490018844604492e-01
-3.589119613170623779e-01
-3.589459657669067383e-01
-3.583955168724060059e-01
-3.584057092666625977e-01
-3.583145141601562500e-01
-3.582247197628021240e-01
-3.586764335632324219e-01
-3.595117926597595215e-01
-3.583689630031585693e-01
-3.584210276603698730e-01
-3.586881160736083984e-01
-3.579865097999572754e-01
-3.586905002593994141e-01
-3.594712018966674805e-01
-3.593069314956665039e-01
-3.592974543571472168e-01
-3.575102090835571289e-01
-3.585950136184692383e-01
-3.563900887966156006e-01
-3.587432801723480225e-01
-3.586724996566772461e-01
-3.579668104648590088e-01
-3.587895929813385010e-01
-3.594759404659271240e-01
-3.577962517738342285e-01
-3.589639365673065186e-01
-3.580315113067626953e-01
-3.591928482055664062e-01
-3.583798110485076904e-01
-3.589299917221069336e-01
-3.586994111537933350e-01
-3.584008812904357910e-01
-3.590553104877471924e-01
-3.574005663394927979e-01
-3.580171465873718262e-01
-3.598470985889434814e-01
-3.587685525417327881e-01
-3.588433861732482910e-01
-3.598845005035400391e-01
-3.591823279857635498e-01
-3.591684103012084961e-01
-3.583162426948547363e-01
-3.579060733318328857e-01
-3.585349619388580322e-01
-3.596936166286468506e-01
-3.597587943077087402e-01
-3.585110008716583252e-01
-3.580350875854492188e-01
-3.598482906818389893e-01
-3.597726225852966309e-01
-3.593085706233978271e-01
-3.579029440879821777e-01
-3.581334948539733887e-01
-3.592462241649627686e-01
-3.584446310997009277e-01
-3.590801358222961426e-01
-3.587555587291717529e-01
-3.578498363494873047e-01
-3.592108190059661865e-01
-3.591739833354949951e-01
-3.595620691776275635e-01
-3.605533540248870850e-01
-3.583248555660247803e-01
-3.593571782112121582e-01
-3.584849536418914795e-01
-3.586617410182952881e-01
-3.592618107795715332e-01
-3.593717217445373535e-01
-3.576571643352508545e-01
-3.591432571411132812e-01
-3.598675131797790527e-01
-3.593402504920959473e-01
-3.589468896389007568e-01
-3.583493232727050781e-01
-3.597600758075714111e-01
-3.593727946281433105e-01
-3.574994802474975586e-01
-3.600982129573822021e-01
-3.588689863681793213e-01
-3.597561717033386230e-01
-3.580588996410369873e-01
-3.596039414405822754e-01
-3.589815795421600342e-01
-3.586774468421936035e-01
-3.594084680080413818e-01
-3.583531975746154785e-01
-3.593702614307403564e-01
-3.593880534172058105e-01
-3.596148192882537842e-01
-3.582490980625152588e-01
-3.594528734683990479e-01
-3.592006862163543701e-01
-3.593107163906097412e-01
-3.588371574878692627e-01
-3.587927520275115967e-01
-3.576859533786773682e-01
-3.602538406848907471e-01
-3.609606027603149414e-01
-3.596734106540679932e-01
-3.584421575069427490e-01
-3.588107824325561523e-01
-3.587000072002410889e-01
-3.587033450603485107e-01
-3.602098524570465088e-01
-3.591961264610290527e-01
-3.599572777748107910e-01
-3.603951930999755859e-01
-3.595565259456634521e-01
-3.597033917903900146e-01
-3.595394194126129150e-01
-3.586907684803009033e-01
-3.607217371463775635e-01
-3.582202792167663574e-01
-3.600572645664215088e-01
-3.586481511592864990e-01
-3.585460782051086426e-01
-3.595797121524810791e-01
-3.598740398883819580e-01
-3.596767485141754150e-01
-3.603248894214630127e-01
-3.593961596488952637e-01
-3.591017723083496094e-01
-3.581483066082000732e-01
-3.604119420051574707e-01
-3.592212200164794922e-01
-3.589681386947631836e-01
-3.601474165916442871e-01
-3.609217107295989990e-01
-3.607618808746337891e-01
-3.596713244915008545e-01
-3.596889078617095947e-01
-3.596408069133758545e-01
-3.593665063381195068e-01
-3.594103455543518066e-01
-3.606229722499847412e-01
-3.586652576923370361e-01
-3.597306013107299805e-01
-3.591680228710174561e-01
-3.593089282512664795e-01
-3.588391840457916260e-01
-3.594262003898620605e-01
-3.608959317207336426e-01
-3.594305217266082764e-01
-3.588263690471649170e-01
-3.580712676048278809e-01
-3.605959415435791016e-01
-3.590480387210845947e-01
-3.581328690052032471e-01
-3.607071042060852051e-01
-3.594776690006256104e-01
-3.586171865463256836e-01
-3.589502573013305664e-01
-3.594889938831329346e-01
-3.590456545352935791e-01
-3.598413169384002686e-01
-3.597474694252014160e-01
-3.598832488059997559e-01
-3.601625859737396240e-01
-3.594282269477844238e-01
-3.585759699344635010e-01
-3.604654371738433838e-01
-3.592741787433624268e-01
-3.606026172637939453e-01
-3.595053851604461670e-01
-3.594624102115631104e-01
-3.586542606353759766e-01
-3.594891130924224854e-01
-3.595435917377471924e-01
-3.594141602516174316e-01
-3.612152934074401855e-01
-3.600563704967498779e-01
-3.589912652969360352e-01
-3.600966334342956543e-01
-3.606372773647308350e-01
-3.606510758399963379e-01
-3.601535558700561523e-01
-3.607859909534454346e-01
-3.593250513076782227e-01
-3.591007590293884277e-01
-3.596268296241760254e-01
-3.603123128414154053e-01
-3.588936924934387207e-01
-3.590649664402008057e-01
-3.598977029323577881e-01
-3.594460189342498779e-01
-3.597658872604370117e-01
-3.603956401348114014e-01
-3.596566021442413330e-01
-3.606068491935729980e-01
-3.603223860263824463e-01
-3.596995472908020020e-01
-3.593735694885253906e-01
-3.596498072147369385e-01
-3.625334501266479492e-01
-3.589333593845367432e-01
-3.587543368339538574e-01
-3.597694337368011475e-01
-3.602174818515777588e-01
-3.608786463737487793e-01
-3.609814941883087158e-01
-3.600317239761352539e-01
-3.610731065273284912e-01
-3.605112433433532715e-01
-3.597709834575653076e-01
-3.599942922592163086e-01
-3.591471612453460693e-01
-3.595299422740936279e-01
-3.608838319778442383e-01
-3.600551187992095947e-01
-3.590810894966125488e-01
-3.600642383098602295e-01
-3.604052960872650146e-01
-3.603747487068176270e-01
-3.602829575538635254e-01
-3.599333763122558594e-01
-3.601230382919311523e-01
-3.600001931190490723e-01
-3.606161475181579590e-01
-3.610601723194122314e-01
-3.600872159004211426e-01
-3.608452379703521729e-01
-3.591079115867614746e-01
-3.606007993221282959e-01
-3.599856495857238770e-01
-3.594581782817840576e-01
-3.596933186054229736e-01
-3.601382374763488770e-01
-3.603869676589965820e-01
-3.584456443786621094e-01
-3.603378534317016602e-01
-3.618287444114685059e-01
-3.597401082515716553e-01
-3.592949211597442627e-01
-3.598708808422088623e-01
-3.592250645160675049e-01
-3.606927394866943359e-01
-3.594049215316772461e-01
-3.602322936058044434e-01
-3.614683151245117188e-01
-3.597083687782287598e-01
-3.593112528324127197e-01
-3.609984219074249268e-01
-3.593397140502929688e-01
-3.613080084323883057e-01
-3.604331016540527344e-01
-3.594501316547393799e-01
-3.597497642040252686e-01
-3.603222370147705078e-01
-3.594047129154205322e-01
-3.604267239570617676e-01
-3.609951436519622803e-01
-3.607061803340911865e-01
-3.606662452220916748e-01
-3.613281548023223877e-01
-3.592230677604675293e-01
-3.603352010250091553e-01
-3.598574101924896240e-01
-3.588384687900543213e-01
-3.596226274967193604e-01
-3.603924512863159180e-01
-3.603518903255462646e-01
-3.605426251888275146e-01
-3.603182435035705566e-01
-3.590717911720275879e-01
-3.604415357112884521e-01
-3.603530526161193848e-01
-3.599482476711273193e-01
-3.605924248695373535e-01
-3.595592677593231201e-01
-3.599459528923034668e-01
-3.594269454479217529e-01
-3.597210645675659180e-01
-3.602386116981506348e-01
-3.607958555221557617e-01
-3.613993525505065918e-01
-3.606460094451904297e-01
-3.602653741836547852e-01
-3.612965643405914307e-01
-3.596074283123016357e-01
-3.603984117507934570e-01
-3.610503375530242920e-01
-3.605842888355255127e-01
-3.606285750865936279e-01
-3.590972423553466797e-01
-3.601993918418884277e-01
-3.598590493202209473e-01
-3.606489300727844238e-01
-3.599206209182739258e-01
-3.612627685070037842e-01
-3.601737320423126221e-01
-3.607676923274993896e-01
-3.610057532787322998e-01
-3.598017394542694092e-01
-3.608777225017547607e-01
-3.599831759929656982e-01
-3.596954345703125000e-01
-3.595386147499084473e-01
-3.596067130565643311e-01
-3.596641719341278076e-01
-3.606318533420562744e-01
-3.603220283985137939e-01
-3.624304533004760742e-01
-3.604892492294311523e-01
-3.600926399230957031e-01
-3.602166175842285156e-01
-3.595421016216278076e-01
-3.607398569583892822e-01
-3.607524037361145020e-01
-3.602581620216369629e-01
-3.605679571628570557e-01
-3.602820932865142822e-01
-3.615724444389343262e-01
-3.602251112461090088e-01
-3.599873185157775879e-01
-3.606461584568023682e-01
-3.600944280624389648e-01
-3.602365851402282715e-01
-3.600961267948150635e-01
-3.607331514358520508e-01
-3.608687520027160645e-01
-3.601780831813812256e-01
-3.602445423603057861e-01
-3.597921729087829590e-01
-3.602660000324249268e-01
-3.610020279884338379e-01
-3.592281043529510498e-01
-3.602851927280426025e-01
-3.601222634315490723e-01
-3.594744801521301270e-01
-3.589372634887695312e-01
-3.611297905445098877e-01
-3.606905639171600342e-01
-3.616884648799896240e-01
-3.600904941558837891e-01
-3.605093061923980713e-01
-3.606249392032623291e-01
-3.605169057846069336e-01
-3.604723513126373291e-01
-3.609838485717773438e-01
-3.597942292690277100e-01
-3.609863519668579102e-01
-3.584899902343750000e-01
-3.605554103851318359e-01
-3.602896630764007568e-01
-3.593295216560363770e-01
-3.607300519943237305e-01
-3.604885935783386230e-01
-3.590061068534851074e-01
-3.604865968227386475e-01
-3.601839840412139893e-01
-3.595350980758666992e-01
-3.600630462169647217e-01
-3.608420491218566895e-01
-3.593860268592834473e-01
-3.605698347091674805e-01
-3.594871759414672852e-01
-3.600336015224456787e-01
-3.605490624904632568e-01
-3.598888814449310303e-01
-3.600309491157531738e-01
-3.608027100563049316e-01
-3.603970706462860107e-01
-3.612284064292907715e-01
-3.603321909904479980e-01
-3.608041405677795410e-01
-3.604888916015625000e-01
-3.605802059173583984e-01
-3.606409430503845215e-01
-3.597630560398101807e-01
-3.615161776542663574e-01
-3.617841303348541260e-01
-3.609998226165771484e-01
-3.602507114410400391e-01
-3.609177172183990479e-01
-3.593254983425140381e-01
-3.603547215461730957e-01
-3.595783710479736328e-01
-3.600010275840759277e-01
-3.607177734375000000e-01
-3.604076504707336426e-01
-3.611982166767120361e-01
-3.590438961982727051e-01
-3.603512644767761230e-01
-3.595528900623321533e-01
-3.601460754871368408e-01
-3.603587746620178223e-01
-3.607261478900909424e-01
-3.603737652301788330e-01
-3.608460724353790283e-01
-3.600869178771972656e-01
-3.613539338111877441e-01
-3.606722354888916016e-01
-3.602952361106872559e-01
-3.600031733512878418e-01
-3.606899380683898926e-01
-3.613507151603698730e-01
-3.598383665084838867e-01
-3.610840141773223877e-01
-3.608242571353912354e-01
-3.607882857322692871e-01
-3.601758480072021484e-01
-3.609482347965240479e-01
-3.603982031345367432e-01
-3.613449335098266602e-01
-3.601757287979125977e-01
-3.598785400390625000e-01
-3.605216741561889648e-01
-3.616357743740081787e-01
-3.599677681922912598e-01
-3.617586195468902588e-01
-3.596434593200683594e-01
-3.600172102451324463e-01
-3.605785965919494629e-01
-3.602313697338104248e-01
-3.602269291877746582e-01
-3.613519370555877686e-01
-3.619490265846252441e-01
-3.608095645904541016e-01
-3.603574037551879883e-01
-3.607948124408721924e-01
-3.603891134262084961e-01
-3.608645498752593994e-01
-3.594500124454498291e-01
-3.593151867389678955e-01
-3.598456382751464844e-01
-3.615531623363494873e-01
-3.615147769451141357e-01
-3.614214956760406494e-01
-3.600577414035797119e-01
-3.600460886955261230e-01
-3.607770204544067383e-01
-3.611449003219604492e-01
-3.619924485683441162e-01
-3.597226142883300781e-01
-3.601105213165283203e-01
-3.598161041736602783e-01
-3.596647977828979492e-01
-3.598258495330810547e-01
-3.606402277946472168e-01
-3.594190776348114014e-01
-3.602013587951660156e-01
-3.608179986476898193e-01
-3.612110316753387451e-01
-3.594754636287689209e-01
-3.609201312065124512e-01
-3.608576655387878418e-01
-3.608039617538452148e-01
-3.606975078582763672e-01
-3.607992827892303467e-01
-3.604856431484222412e-01
-3.620176017284393311e-01
-3.605814874172210693e-01
-3.594627678394317627e-01
-3.602243661880493164e-01
-3.598530292510986328e-01
-3.604167103767395020e-01
-3.607677519321441650e-01
-3.620919287204742432e-01
-3.613357245922088623e-01
-3.602720201015472412e-01
-3.594054579734802246e-01
-3.603487908840179443e-01
-3.611653149127960205e-01
-3.603683114051818848e-01
-3.608773052692413330e-01
-3.613231778144836426e-01
-3.615454733371734619e-01
-3.609191477298736572e-01
-3.602907061576843262e-01
-3.622380793094635010e-01
-3.613568246364593506e-01
-3.613410592079162598e-01
-3.614572882652282715e-01
-3.603730499744415283e-01
-3.614532351493835449e-01
-3.605852127075195312e-01
-3.596015274524688721e-01
-3.599164187908172607e-01
-3.614656329154968262e-01
-3.610598742961883545e-01
-3.602659106254577637e-01
-3.612843751907348633e-01
-3.599174320697784424e-01
-3.611220717430114746e-01
-3.613020777702331543e-01
-3.610759973526000977e-01
-3.606234788894653320e-01
-3.613280355930328369e-01
-3.606668710708618164e-01
-3.604425489902496338e-01
-3.605390787124633789e-01
-3.597390055656433105e-01
-3.604772388935089111e-01
-3.611620664596557617e-01
-3.626391589641571045e-01
-3.607518970966339111e-01
-3.606466054916381836e-01
-3.603541851043701172e-01
-3.613274395465850830e-01
-3.610073626041412354e-01
-3.609745502471923828e-01
-3.614446520805358887e-01
-3.598887324333190918e-01
-3.613260984420776367e-01
-3.592552542686462402e-01
-3.608381450176239014e-01
-3.598041832447052002e-01
-3.604415059089660645e-01
-3.618249595165252686e-01
-3.605103790760040283e-01
-3.593638241291046143e-01
-3.615630567073822021e-01
-3.603339791297912598e-01
-3.598303794860839844e-01
-3.598459959030151367e-01
-3.594890534877777100e-01
-3.602811396121978760e-01
-3.610998988151550293e-01
-3.617440164089202881e-01
-3.604183495044708252e-01
-3.606350123882293701e-01
-3.602196872234344482e-01
-3.619423210620880127e-01
-3.597533106803894043e-01
-3.613622486591339111e-01
-3.613769710063934326e-01
-3.612512350082397461e-01
-3.606988191604614258e-01
-3.615562617778778076e-01
-3.615349829196929932e-01
-3.614524006843566895e-01
-3.610857129096984863e-01
-3.605898916721343994e-01
-3.607453703880310059e-01
-3.601795136928558350e-01
-3.610195219516754150e-01
-3.606609106063842773e-01
-3.606464862823486328e-01
-3.612277805805206299e-01
-3.611311614513397217e-01
-3.599935173988342285e-01
-3.613675534725189209e-01
-3.606799542903900146e-01
-3.610721528530120850e-01
-3.611596822738647461e-01
-3.612808287143707275e-01
-3.612114489078521729e-01
-3.600128591060638428e-01
-3.609460592269897461e-01
-3.594874739646911621e-01
-3.609323501586914062e-01
-3.610357046127319336e-01
-3.602986335754394531e-01
-3.607079088687896729e-01
-3.602977991104125977e-01
-3.610246479511260986e-01
-3.608937561511993408e-01
-3.597317636013031006e-01
-3.609685599803924561e-01
-3.611830472946166992e-01
-3.612941205501556396e-01
-3.608331382274627686e-01
-3.605554401874542236e-01
-3.615112304687500000e-01
-3.597402572631835938e-01
-3.602779805660247803e-01
-3.615633845329284668e-01
-3.609590530395507812e-01
-3.609017431735992432e-01
-3.625011146068572998e-01
-3.612688481807708740e-01
-3.612087368965148926e-01
-3.593913316726684570e-01
-3.600474298000335693e-01
-3.611683547496795654e-01
-3.613811731338500977e-01
-3.611846268177032471e-01
-3.611119091510772705e-01
-3.604971170425415039e-01
-3.613343536853790283e-01
-3.611653447151184082e-01
-3.604501485824584961e-01
-3.594674766063690186e-01
-3.606912791728973389e-01
-3.614251613616943359e-01
-3.600452840328216553e-01
-3.612858355045318604e-01
-3.603880107402801514e-01
-3.603249490261077881e-01
-3.607887029647827148e-01
-3.610531091690063477e-01
-3.619042336940765381e-01
-3.628692626953125000e-01
-3.611697256565093994e-01
-3.607329726219177246e-01
-3.615400493144989014e-01
-3.606516420841217041e-01
-3.611911237239837646e-01
-3.612698912620544434e-01
-3.599128127098083496e-01
-3.607385754585266113e-01
-3.614081740379333496e-01
-3.614500761032104492e-01
-3.606268167495727539e-01
-3.604069948196411133e-01
-3.615955114364624023e-01
-3.612099289894104004e-01
-3.589449226856231689e-01
-3.619603216648101807e-01
-3.602611124515533447e-01
-3.614860773086547852e-01
-3.604370653629302979e-01
-3.611214458942413330e-01
-3.606003224849700928e-01
-3.610406816005706787e-01
-3.613534569740295410e-01
-3.596488535404205322e-01
-3.608603477478027344e-01
-3.607881367206573486e-01
-3.619357943534851074e-01
-3.607091605663299561e-01
-3.612051904201507568e-01
-3.606462776660919189e-01
-3.620689809322357178e-01
-3.609991669654846191e-01
-3.609020411968231201e-01
-3.593230545520782471e-01
-3.610147535800933838e-01
-3.621351420879364014e-01
-3.615162670612335205e-01
-3.611148297786712646e-01
-3.610271513462066650e-01
-3.603510558605194092e-01
-3.601489961147308350e-01
-3.615072071552276611e-01
-3.617531955242156982e-01
-3.617738485336303711e-01
-3.616977035999298096e-01
-3.611008226871490479e-01
-3.622622191905975342e-01
-3.609406352043151855e-01
-3.606922626495361328e-01
-3.624485433101654053e-01
-3.601844906806945801e-01
-3.616726994514465332e-01
-3.607062995433807373e-01
-3.610379695892333984e-01
-3.613604009151458740e-01
-3.610436320304870605e-01
-3.607953488826751709e-01
-3.622299730777740479e-01
-3.615523874759674072e-01
-3.600905537605285645e-01
-3.595357537269592285e-01
-3.615357577800750732e-01
-3.606672286987304688e-01
-3.610671758651733398e-01
-3.617757260799407959e-01
-3.618546128273010254e-01
-3.618115186691284180e-01
-3.611412942409515381e-01
-3.614547848701477051e-01
-3.617015182971954346e-01
-3.614742457866668701e-01
-3.613078594207763672e-01
-3.619345724582672119e-01
-3.611433207988739014e-01
-3.609873056411743164e-01
-3.611919879913330078e-01
-3.610141575336456299e-01
-3.603826761245727539e-01
-3.606674671173095703e-01
-3.627793490886688232e-01
-3.607601821422576904e-01
-3.607696592807769775e-01
-3.599475324153900146e-01
-3.619164526462554932e-01
-3.612369298934936523e-01
-3.592535853385925293e-01
-3.623045980930328369e-01
-3.612475693225860596e-01
-3.609951734542846680e-01
-3.606838285923004150e-01
-3.605993092060089111e-01
-3.598032295703887939e-01
-3.611506223678588867e-01
-3.613605201244354248e-01
-3.613807857036590576e-01
-3.617387115955352783e-01
-3.612692058086395264e-01
-3.604356050491333008e-01
-3.613205850124359131e-01
-3.603017628192901611e-01
-3.623347580432891846e-01
-3.614767491817474365e-01
-3.601808547973632812e-01
-3.609931766986846924e-01
-3.612963259220123291e-01
-3.606360852718353271e-01
-3.606743812561035156e-01
-3.619814515113830566e-01
-3.616228103637695312e-01
-3.608076870441436768e-01
-3.619230091571807861e-01
-3.620921671390533447e-01
-3.617411255836486816e-01
-3.618281185626983643e-01
-3.619244396686553955e-01
-3.607148528099060059e-01
-3.603289723396301270e-01
-3.619312047958374023e-01
-3.613136410713195801e-01
-3.612138032913208008e-01
-3.604246973991394043e-01
-3.612848520278930664e-01
-3.610875308513641357e-01
-3.611060380935668945e-01
-3.621010184288024902e-01
-3.618113696575164795e-01
-3.614785969257354736e-01
-3.623726665973663330e-01
-3.611597716808319092e-01
-3.606354594230651855e-01
-3.610894083976745605e-01
-3.633519411087036133e-01
-3.603309094905853271e-01
-3.604142963886260986e-01
-3.614782094955444336e-01
-3.609556257724761963e-01
-3.627696633338928223e-01
-3.619491457939147949e-01
-3.606654703617095947e-01
-3.629478216171264648e-01
-3.619478940963745117e-01
-3.619071543216705322e-01
-3.616987168788909912e-01
-3.613800108432769775e-01
-3.609848022460937500e-01
-3.612595200538635254e-01
-3.609922826290130615e-01
-3.613485991954803467e-01
-3.617578148841857910e-01
-3.616248071193695068e-01
-3.611428737640380859e-01
-3.615062236785888672e-01
-3.617690205574035645e-01
-3.613651692867279053e-01
-3.612176775932312012e-01
-3.624399900436401367e-01
-3.620003461837768555e-01
-3.611881732940673828e-01
-3.624247312545776367e-01
-3.601430058479309082e-01
-3.624116778373718262e-01
-3.613977134227752686e-01
-3.605485260486602783e-01
-3.612905144691467285e-01
-3.616423010826110840e-01
-3.611715734004974365e-01
-3.601621091365814209e-01
-3.621619343757629395e-01
-3.632404208183288574e-01
-3.607667982578277588e-01
-3.600491285324096680e-01
-3.615583181381225586e-01
-3.600490093231201172e-01
-3.619599044322967529e-01
-3.610114157199859619e-01
-3.615028262138366699e-01
-3.624521195888519287e-01
-3.611796498298645020e-01
-3.607294857501983643e-01
-3.621904253959655762e-01
-3.609453737735748291e-01
-3.631453812122344971e-01
-3.608847558498382568e-01
-3.611546754837036133e-01
-3.612840175628662109e-01
-3.618431985378265381e-01
-3.609132170677185059e-01
-3.615866005420684814e-01
-3.626959919929504395e-01
-3.621247410774230957e-01
-3.626880347728729248e-01
-3.618440032005310059e-01
-3.610000014305114746e-01
-3.608501851558685303e-01
-3.619192838668823242e-01
-3.610303103923797607e-01
-3.616351187229156494e-01
-3.617837429046630859e-01
-3.619362115859985352e-01
-3.619573414325714111e-01
-3.617202341556549072e-01
-3.603608012199401855e-01
-3.613435029983520508e-01
-3.607356250286102295e-01
-3.607539236545562744e-01
-3.609560430049896240e-01
-3.603368699550628662e-01
-3.611871004104614258e-01
-3.606147766113281250e-01
-3.609818518161773682e-01
-3.615702986717224121e-01
-3.611907958984375000e-01
-3.624008893966674805e-01
-3.613457679748535156e-01
-3.614246845245361328e-01
-3.617961406707763672e-01
-3.605585396289825439e-01
-3.619151115417480469e-01
-3.621330857276916504e-01
-3.617174327373504639e-01
-3.613207936286926270e-01
-3.613712787628173828e-01
-3.616116344928741455e-01
-3.608834743499755859e-01
-3.616330027580261230e-01
-3.606154322624206543e-01
-3.625905811786651611e-01
-3.614481091499328613e-01
-3.614752888679504395e-01
-3.618414998054504395e-01
-3.609838187694549561e-01
-3.621909320354461670e-01
-3.616202771663665771e-01
-3.607281446456909180e-01
-3.613748848438262939e-01
-3.606575727462768555e-01
-3.609453737735748291e-01
-3.609361648559570312e-01
-3.613760471343994141e-01
-3.626075088977813721e-01
-3.623981177806854248e-01
-3.613010644912719727e-01
-3.612307608127593994e-01
-3.613370656967163086e-01
-3.624007999897003174e-01
-3.621628582477569580e-01
-3.611548840999603271e-01
-3.620623946189880371e-01
-3.617392778396606445e-01
-3.623624145984649658e-01
-3.610130846500396729e-01
-3.611482381820678711e-01
-3.623159527778625488e-01
-3.611788451671600342e-01
-3.612622916698455811e-01
-3.616807162761688232e-01
-3.610295951366424561e-01
-3.626371622085571289e-01
-3.611592054367065430e-01
-3.619133830070495605e-01
-3.606225252151489258e-01
-3.606911599636077881e-01
-3.623249530792236328e-01
-3.607928752899169922e-01
-3.609062135219573975e-01
-3.608507215976715088e-01
-3.602521121501922607e-01
-3.606258332729339600e-01
-3.617769181728363037e-01
-3.615062236785888672e-01
-3.625241219997406006e-01
-3.621662557125091553e-01
-3.618892133235931396e-01
-3.617965579032897949e-01
-3.618356883525848389e-01
-3.614441454410552979e-01
-3.616515100002288818e-01
-3.610803186893463135e-01
-3.617628812789916992e-01
-3.598639667034149170e-01
-3.614113032817840576e-01
-3.611783087253570557e-01
-3.605091869831085205e-01
-3.612676262855529785e-01
-3.613519370555877686e-01
-3.606644868850708008e-01
-3.623575568199157715e-01
-3.612522482872009277e-01
-3.611271083354949951e-01
-3.608471751213073730e-01
-3.618295192718505859e-01
-3.604369461536407471e-01
-3.614947795867919922e-01
-3.614975810050964355e-01
-3.613612651824951172e-01
-3.617912530899047852e-01
-3.601774275302886963e-01
-3.613802492618560791e-01
-3.618945181369781494e-01
-3.615158200263977051e-01
-3.622531592845916748e-01
-3.620367944240570068e-01
-3.618503510951995850e-01
-3.618622422218322754e-01
-3.614759445190429688e-01
-3.618026077747344971e-01
-3.615430593490600586e-01
-3.623067140579223633e-01
-3.627007603645324707e-01
-3.612227141857147217e-01
-3.608285784721374512e-01
-3.621733486652374268e-01
-3.602734506130218506e-01
-3.610753118991851807e-01
-3.605226278305053711e-01
-3.611885309219360352e-01
-3.617811799049377441e-01
-3.617355525493621826e-01
-3.625290393829345703e-01
-3.603743612766265869e-01
-3.616333007812500000e-01
-3.607693016529083252e-01
-3.615671992301940918e-01
-3.621084690093994141e-01
-3.616974651813507080e-01
-3.620492219924926758e-01
-3.616648614406585693e-01
-3.609427809715270996e-01
-3.623535335063934326e-01
-3.619891703128814697e-01
-3.614208400249481201e-01
-3.606715798377990723e-01
-3.616425395011901855e-01
-3.618681728839874268e-01
-3.604343533515930176e-01
-3.615130484104156494e-01
-3.611177504062652588e-01
-3.614630103111267090e-01
-3.612952828407287598e-01
-3.617973029613494873e-01
-3.630946576595306396e-01
-3.619546592235565186e-01
-3.622565269470214844e-01
-3.623081147670745850e-01
-3.624181747436523438e-01
-3.629209101200103760e-01
-3.606603443622589111e-01
-3.609528839588165283e-01
-3.603979349136352539e-01
-3.612827062606811523e-01
-3.618770241737365723e-01
-3.614435791969299316e-01
-3.600272834300994873e-01
-3.607671558856964111e-01
-3.614061772823333740e-01
-3.610193729400634766e-01
-3.613064587116241455e-01
-3.619277477264404297e-01
-3.606791496276855469e-01
-3.617270290851593018e-01
-3.620849251747131348e-01
-3.618264496326446533e-01
-3.618038296699523926e-01
-3.623193502426147461e-01
-3.609357178211212158e-01
-3.609121739864349365e-01
-3.613018095493316650e-01
-3.617177605628967285e-01
-3.607604503631591797e-01
-3.612491488456726074e-01
-3.618655204772949219e-01
-3.620130121707916260e-01
-3.607086837291717529e-01
-3.610296547412872314e-01
-3.612050712108612061e-01
-3.607116937637329102e-01
-3.609991371631622314e-01
-3.598965406417846680e-01
-3.604441881179809570e-01
-3.608623147010803223e-01
-3.600184023380279541e-01
-3.622949719429016113e-01
-3.611556291580200195e-01
-3.618923127651214600e-01
-3.617427349090576172e-01
-3.615878820419311523e-01
-3.622900247573852539e-01
-3.621706068515777588e-01
-3.610553443431854248e-01
-3.620196282863616943e-01
-3.605177104473114014e-01
-3.625099360942840576e-01
-3.606978058815002441e-01
-3.626422584056854248e-01
-3.619380593299865723e-01
-3.620144128799438477e-01
-3.612375557422637939e-01
-3.619133234024047852e-01
-3.626388013362884521e-01
-3.619883358478546143e-01
-3.621918261051177979e-01
-3.615876436233520508e-01
-3.617746531963348389e-01
-3.619571328163146973e-01
-3.611797392368316650e-01
-3.627863824367523193e-01
-3.617189228534698486e-01
-3.612022101879119873e-01
-3.613373637199401855e-01
-3.619109988212585449e-01
-3.613895177841186523e-01
-3.615789711475372314e-01
-3.613396584987640381e-01
-3.621850311756134033e-01
-3.616210520267486572e-01
-3.623861968517303467e-01
-3.609994649887084961e-01
-3.627026975154876709e-01
-3.622710704803466797e-01
-3.604291379451751709e-01
-3.622189462184906006e-01
-3.617800176143646240e-01
-3.600940406322479248e-01
-3.611440956592559814e-01
-3.626361191272735596e-01
-3.604744374752044678e-01
-3.610295951366424561e-01
-3.622886240482330322e-01
-3.621206283569335938e-01
-3.623487055301666260e-01
-3.612966239452362061e-01
-3.624767959117889404e-01
-3.617595136165618896e-01
-3.622418344020843506e-01
-3.615615963935852051e-01
-3.611918985843658447e-01
-3.619450032711029053e-01
-3.628425896167755127e-01
-3.609151542186737061e-01
-3.631704747676849365e-01
-3.607483804225921631e-01
-3.617051243782043457e-01
-3.616877496242523193e-01
-3.605136573314666748e-01
-3.616106510162353516e-01
-3.625203371047973633e-01
-3.626662194728851318e-01
-3.617078363895416260e-01
-3.616603910923004150e-01
-3.616581261157989502e-01
-3.617595732212066650e-01
-3.619479835033416748e-01
-3.613812029361724854e-01
-3.601453602313995361e-01
-3.610277175903320312e-01
-3.619883954524993896e-01
-3.623150885105133057e-01
-3.618415594100952148e-01
-3.610546588897705078e-01
-3.613134324550628662e-01
-3.618516623973846436e-01
-3.615711629390716553e-01
-3.625763952732086182e-01
-3.603940606117248535e-01
-3.613326549530029297e-01
-3.609315156936645508e-01
-3.609475493431091309e-01
-3.610815405845642090e-01
-3.613128960132598877e-01
-3.601967394351959229e-01
-3.611864447593688965e-01
-3.623091578483581543e-01
-3.622586727142333984e-01
-3.606525361537933350e-01
-3.624318540096282959e-01
-3.616383969783782959e-01
-3.615463078022003174e-01
-3.623114526271820068e-01
-3.615482151508331299e-01
-3.605052530765533447e-01
-3.630363345146179199e-01
-3.615097105503082275e-01
-3.609479665756225586e-01
-3.622426986694335938e-01
-3.615978956222534180e-01
-3.614326119422912598e-01
-3.617711663246154785e-01
-3.626841306686401367e-01
-3.625147640705108643e-01
-3.614713847637176514e-01
-3.603982627391815186e-01
-3.612700104713439941e-01
-3.614252209663391113e-01
-3.618988990783691406e-01
-3.617713451385498047e-01
-3.619310259819030762e-01
-3.626934885978698730e-01
-3.618944883346557617e-01
-3.618319630622863770e-01
-3.628580868244171143e-01
-3.626502454280853271e-01
-3.621785640716552734e-01
-3.618139922618865967e-01
-3.614817261695861816e-01
-3.620757758617401123e-01
-3.613159954547882080e-01
-3.606378436088562012e-01
-3.611648082733154297e-01
-3.628404140472412109e-01
-3.618425428867340088e-01
-3.608219921588897705e-01
-3.618826866149902344e-01
-3.603580594062805176e-01
-3.620553016662597656e-01
-3.623847067356109619e-01
-3.616206645965576172e-01
-3.618417978286743164e-01
-3.621203601360321045e-01
-3.613962531089782715e-01
-3.611082732677459717e-01
-3.619711399078369141e-01
-3.603789508342742920e-01
-3.612290620803833008e-01
-3.620438873767852783e-01
-3.634684979915618896e-01
-3.621570467948913574e-01
-3.613740801811218262e-01
-3.611492812633514404e-01
-3.622356951236724854e-01
-3.624718189239501953e-01
-3.619935810565948486e-01
-3.617136776447296143e-01
-3.608181774616241455e-01
-3.620294332504272461e-01
-3.604393899440765381e-01
-3.615610301494598389e-01
-3.606369495391845703e-01
-3.614103794097900391e-01
-3.623179197311401367e-01
-3.601105213165283203e-01
-3.602951765060424805e-01
-3.621014952659606934e-01
-3.613332211971282959e-01
-3.607727289199829102e-01
-3.612256646156311035e-01
-3.611452579498291016e-01
-3.603943884372711182e-01
-3.618101179599761963e-01
-3.630861341953277588e-01
-3.614915907382965088e-01
-3.618386983871459961e-01
-3.606739640235900879e-01
-3.628920912742614746e-01
-3.607246875762939453e-01
-3.622570633888244629e-01
-3.616007566452026367e-01
-3.626553416252136230e-01
-3.615051209926605225e-01
-3.629855215549468994e-01
-3.624029159545898438e-01
-3.619430065155029297e-01
-3.616114258766174316e-01
-3.612454533576965332e-01
-3.615837097167968750e-01
-3.611093163490295410e-01
-3.622227609157562256e-01
-3.609777688980102539e-01
-3.616006374359130859e-01
-3.622215092182159424e-01
-3.618552982807159424e-01
-3.610478937625885010e-01
-3.616836667060852051e-01
-3.612182736396789551e-01
-3.619696497917175293e-01
-3.620671629905700684e-01
-3.623667657375335693e-01
-3.619646728038787842e-01
-3.610181808471679688e-01
-3.616649508476257324e-01
-3.603527545928955078e-01
-3.620406389236450195e-01
-3.617848455905914307e-01
-3.608346283435821533e-01
-3.616007566452026367e-01
-3.617280125617980957e-01
-3.613873720169067383e-01
-3.619499802589416504e-01
-3.610267937183380127e-01
-3.611644208431243896e-01
-3.623599708080291748e-01
-3.617580831050872803e-01
-3.613350689411163330e-01
-3.614146113395690918e-01
-3.625778257846832275e-01
-3.607030510902404785e-01
-3.611344993114471436e-01
-3.628883659839630127e-01
-3.623172640800476074e-01
-3.613033890724182129e-01
-3.620170950889587402e-01
-3.621719479560852051e-01
-3.622797727584838867e-01
-3.604820966720581055e-01
-3.611870110034942627e-01
-3.616234958171844482e-01
-3.619427978992462158e-01
-3.623130917549133301e-01
-3.616895675659179688e-01
-3.611107766628265381e-01
-3.626614511013031006e-01
-3.623627424240112305e-01
-3.612933456897735596e-01
-3.598437905311584473e-01
-3.610737323760986328e-01
-3.622908294200897217e-01
-3.613400757312774658e-01
-3.618311882019042969e-01
-3.610613942146301270e-01
-3.611659407615661621e-01
-3.614864647388458252e-01
-3.618010878562927246e-01
-3.623499870300292969e-01
-3.636001050472259521e-01
-3.615334630012512207e-01
-3.613782227039337158e-01
-3.623785376548767090e-01
-3.617829084396362305e-01
-3.616023659706115723e-01
-3.619024157524108887e-01
-3.610977530479431152e-01
-3.615187108516693115e-01
-3.617479205131530762e-01
-3.623705804347991943e-01
-3.609308004379272461e-01
-3.607910871505737305e-01
-3.621062636375427246e-01
-3.619137704372406006e-01
-3.599791228771209717e-01
-3.627538383007049561e-01
-3.609510064125061035e-01
-3.622283339500427246e-01
-3.611390888690948486e-01
-3.613228797912597656e-01
-3.612636923789978027e-01
-3.616357147693634033e-01
-3.618537783622741699e-01
-3.605028688907623291e-01
-3.613955974578857422e-01
-3.616128563880920410e-01
-3.626488745212554932e-01
-3.612364530563354492e-01
-3.618350923061370850e-01
-3.613178431987762451e-01
-3.626388013362884521e-01
-3.612641692161560059e-01
-3.612247407436370850e-01
-3.603260517120361328e-01
-3.618479967117309570e-01
-3.626478910446166992e-01
-3.621829152107238770e-01
-3.611935973167419434e-01
-3.619334101676940918e-01
-3.613186180591583252e-01
-3.615417480468750000e-01
-3.619737029075622559e-01
-3.623119592666625977e-01
-3.620621562004089355e-01
-3.623219728469848633e-01
-3.618588447570800781e-01
-3.628105521202087402e-01
-3.612517714500427246e-01
-3.612316846847534180e-01
-3.631870746612548828e-01
-3.604843616485595703e-01
-3.623306453227996826e-01
-3.614065051078796387e-01
-3.616985380649566650e-01
-3.619421422481536865e-01
-3.614733815193176270e-01
-3.613759279251098633e-01
-3.623158037662506104e-01
-3.617080450057983398e-01
-3.609974384307861328e-01
-3.607915043830871582e-01
-3.617165088653564453e-01
-3.614569902420043945e-01
-3.620325028896331787e-01
-3.620133697986602783e-01
-3.627410829067230225e-01
-3.626296222209930420e-01
-3.622361123561859131e-01
-3.618797063827514648e-01
-3.622584342956542969e-01
-3.618572354316711426e-01
-3.618028461933135986e-01
-3.625334501266479492e-01
-3.615383505821228027e-01
-3.619714677333831787e-01
-3.608627319335937500e-01
-3.616164922714233398e-01
-3.604744374752044678e-01
-3.614106774330139160e-01
-3.627106249332427979e-01
-3.614259660243988037e-01
-3.611784577369689941e-01
-3.607520163059234619e-01
-3.625269532203674316e-01
-3.618244826793670654e-01
-3.601934015750885010e-01
-3.620432615280151367e-01
-3.615580499172210693e-01
-3.617430925369262695e-01
-3.610391318798065186e-01
-3.609774708747863770e-01
-3.605120182037353516e-01
-3.619269728660583496e-01
-3.623969852924346924e-01
-3.621542155742645264e-01
-3.622025251388549805e-01
-3.617892265319824219e-01
-3.613305687904357910e-01
-3.621070086956024170e-01
-3.608408272266387939e-01
-3.624666035175323486e-01
-3.623385429382324219e-01
-3.608771562576293945e-01
-3.614625334739685059e-01
-3.622987568378448486e-01
-3.613498210906982422e-01
-3.615678548812866211e-01
-3.627224862575531006e-01
-3.627722859382629395e-01
-3.616569340229034424e-01
-3.625802695751190186e-01
-3.624931275844573975e-01
-3.622995018959045410e-01
-3.617486655712127686e-01
-3.624648749828338623e-01
-3.608876764774322510e-01
-3.610229194164276123e-01
-3.620412051677703857e-01
-3.624625802040100098e-01
-3.619496524333953857e-01
-3.616246283054351807e-01
-3.619857728481292725e-01
-3.610662817955017090e-01
-3.616278767585754395e-01
-3.619730770587921143e-01
-3.624552488327026367e-01
-3.618766367435455322e-01
-3.635586798191070557e-01
-3.616262674331665039e-01
-3.609052002429962158e-01
-3.618522286415100098e-01
-3.628593683242797852e-01
-3.605466783046722412e-01
-3.604156374931335449e-01
-3.619243800640106201e-01
-3.608362376689910889e-01
-3.634215295314788818e-01
-3.625525534152984619e-01
-3.614200353622436523e-01
-3.633943498134613037e-01
-3.626583218574523926e-01
-3.620724976062774658e-01
-3.624070286750793457e-01
-3.617129027843475342e-01
-3.606443405151367188e-01
-3.618787527084350586e-01
-3.616203665733337402e-01
-3.619522154331207275e-01
-3.620827496051788330e-01
-3.621279895305633545e-01
-3.616178333759307861e-01
-3.618936836719512939e-01
-3.620877563953399658e-01
-3.617115616798400879e-01
-3.614442348480224609e-01
-3.632149696350097656e-01
-3.618256449699401855e-01
-3.620214760303497314e-01
-3.627205193042755127e-01
-3.609419465065002441e-01
-3.634692132472991943e-01
-3.622059226036071777e-01
-3.617179691791534424e-01
-3.618331551551818848e-01
-3.622999489307403564e-01
-3.621961772441864014e-01
-3.607661128044128418e-01
-3.625997006893157959e-01
-3.634313344955444336e-01
-3.617569804191589355e-01
-3.605781197547912598e-01
-3.616773784160614014e-01
-3.604991436004638672e-01
-3.625307083129882812e-01
-3.611732721328735352e-01
-3.617801964282989502e-01
-3.626686334609985352e-01
-3.612302243709564209e-01
-3.613845109939575195e-01
-3.626311123371124268e-01
-3.615235090255737305e-01
-3.635846078395843506e-01
-3.612639904022216797e-01
-3.621519804000854492e-01
-3.616797924041748047e-01
-3.626786768436431885e-01
-3.611293435096740723e-01
-3.624676167964935303e-01
-3.631014525890350342e-01
-3.624489307403564453e-01
-3.628999590873718262e-01
-3.629745244979858398e-01
-3.614039421081542969e-01
-3.614482581615447998e-01
-3.624368906021118164e-01
-3.614485561847686768e-01
-3.619892001152038574e-01
-3.622530698776245117e-01
-3.631940782070159912e-01
-3.626459240913391113e-01
-3.618998527526855469e-01
-3.610622584819793701e-01
-3.618115782737731934e-01
-3.614768981933593750e-01
-3.615772724151611328e-01
-3.613879680633544922e-01
-3.616555035114288330e-01
-3.617334067821502686e-01
-3.607974350452423096e-01
-3.613127470016479492e-01
-3.619615137577056885e-01
-3.622387051582336426e-01
-3.626355528831481934e-01
-3.618115782737731934e-01
-3.616055846214294434e-01
-3.620187342166900635e-01
-3.608945906162261963e-01
-3.617279827594757080e-01
-3.624703884124755859e-01
-3.617422580718994141e-01
-3.618367016315460205e-01
-3.620194792747497559e-01
-3.618306815624237061e-01
-3.614229261875152588e-01
-3.618912398815155029e-01
-3.609718382358551025e-01
-3.627547621726989746e-01
-3.622431755065917969e-01
-3.620164096355438232e-01
-3.617009818553924561e-01
-3.611046671867370605e-01
-3.624779284000396729e-01
-3.618969023227691650e-01
-3.614715635776519775e-01
-3.617739975452423096e-01
-3.613536953926086426e-01
-3.612676858901977539e-01
-3.612870275974273682e-01
-3.613970875740051270e-01
-3.627007305622100830e-01
-3.617024719715118408e-01
-3.618218898773193359e-01
-3.618707358837127686e-01
-3.615620434284210205e-01
-3.627421855926513672e-01
-3.626036643981933594e-01
-3.615299165248870850e-01
-3.622939884662628174e-01
-3.619169592857360840e-01
-3.623852431774139404e-01
-3.610590696334838867e-01
-3.610705435276031494e-01
-3.624738156795501709e-01
-3.609391450881958008e-01
-3.620554506778717041e-01
-3.624857664108276367e-01
-3.611435592174530029e-01
-3.629117906093597412e-01
-3.610872328281402588e-01
-3.621462285518646240e-01
-3.615027964115142822e-01
-3.610107898712158203e-01
-3.620201349258422852e-01
-3.614870011806488037e-01
-3.610242307186126709e-01
-3.610744774341583252e-01
-3.614110052585601807e-01
-3.606752753257751465e-01
-3.625635504722595215e-01
-3.620808124542236328e-01
-3.629845678806304932e-01
-3.627362549304962158e-01
-3.618928194046020508e-01
-3.620192408561706543e-01
-3.628214597702026367e-01
-3.618485331535339355e-01
-3.619962632656097412e-01
-3.614414632320404053e-01
-3.623005449771881104e-01
-3.596481978893280029e-01
-3.612447381019592285e-01
-3.608742952346801758e-01
-3.607004880905151367e-01
-3.618044555187225342e-01
-3.616603314876556396e-01
-3.615443408489227295e-01
-3.621481359004974365e-01
-3.616341650485992432e-01
-3.614026606082916260e-01
-3.613513112068176270e-01
-3.623864650726318359e-01
-3.610612750053405762e-01
-3.617521226406097412e-01
-3.614999949932098389e-01
-3.612866103649139404e-01
-3.619657456874847412e-01
-3.605289161205291748e-01
-3.617250919342041016e-01
-3.621693253517150879e-01
-3.618751764297485352e-01
-3.628137111663818359e-01
-3.624339103698730469e-01
-3.619683980941772461e-01
-3.624813258647918701e-01
-3.617992699146270752e-01
-3.621300756931304932e-01
-3.618785440921783447e-01
-3.620345890522003174e-01
-3.619534671306610107e-01
-3.617517650127410889e-01
-3.607073426246643066e-01
-3.624755740165710449e-01
-3.607140481472015381e-01
-3.613675832748413086e-01
-3.607968986034393311e-01
-3.616592288017272949e-01
-3.619965016841888428e-01
-3.615461587905883789e-01
-3.624588549137115479e-01
-3.607530593872070312e-01
-3.619036078453063965e-01
-3.608835935592651367e-01
-3.611732125282287598e-01
-3.621151149272918701e-01
-3.616577088832855225e-01
-3.621614575386047363e-01
-3.622167408466339111e-01
-3.611262440681457520e-01
-3.630031049251556396e-01
-3.618510961532592773e-01
-3.614914119243621826e-01
-3.611460626125335693e-01
-3.621262907981872559e-01
-3.619851469993591309e-01
-3.613151311874389648e-01
-3.614422082901000977e-01
-3.618338406085968018e-01
-3.618436753749847412e-01
-3.615072667598724365e-01
-3.623130917549133301e-01
-3.636257350444793701e-01
-3.623308837413787842e-01
-3.624473214149475098e-01
-3.623299598693847656e-01
