-2.219621075524224052e-01
-2.624821397993299943e-01
-2.840382523006863003e-01
-2.899234559800889510e-01
-3.036457697550455914e-01
-3.379358185662163505e-01
-3.607706228892008649e-01
-3.621044423845078963e-01
-3.628432220882839565e-01
-3.611259195539686662e-01
-3.604913817511664620e-01
-3.655436303880479354e-01
-3.643050458696153182e-01
-3.638943036397297992e-01
-3.633261256747775669e-01
-3.646383285522460938e-01
-3.657316366831461774e-01
-3.668974240620930805e-01
-3.624576727549235211e-01
-3.638734817504882812e-01
-3.658960925208197823e-01
-3.652573161655002232e-01
-3.656019899580214005e-01
-3.665403525034586774e-01
-3.654904630449082870e-01
-3.665987915462917690e-01
-3.642804092831081753e-01
-3.617307609981960659e-01
-3.681025505065917969e-01
-3.658427662319607143e-01
-3.645109070671929130e-01
-3.670000765058729630e-01
-3.652477264404296875e-01
-3.629353841145833148e-01
-3.647701475355360490e-01
-3.682528866661919364e-01
-3.673686716291639787e-01
-3.665596908993191128e-01
-3.673731221093071708e-01
-3.656740983327229633e-01
-3.665814929538303013e-01
-3.668278058369954242e-01
-3.676190376281738281e-01
-3.665354781680636997e-01
-3.669508298238118305e-01
-3.658420774671766740e-01
-3.651200665367974052e-01
-3.665639029608832589e-01
-3.668945365481906529e-01
-3.661028279198540458e-01
-3.661241001553005581e-01
-3.662144607967800503e-01
-3.662225405375162945e-01
-3.670219845241970424e-01
-3.675249152713351841e-01
-3.649862607320149555e-01
-3.642260233561198102e-01
-3.627354833814833146e-01
-3.638883961571587333e-01
-3.618081410725911273e-01
-3.629586696624755859e-01
-3.583022488488091239e-01
-3.604816860622829799e-01
-3.592544396718342914e-01
-3.593487474653456193e-01
-3.575787014431423549e-01
-3.617438475290934430e-01
-3.622682094573974609e-01
-3.663464122348361607e-01
-3.612291283077663784e-01
-3.672955565982394810e-01
-3.647061983744303570e-01
-3.661625650193955916e-01
-3.658593760596381417e-01
-3.623147805531819476e-01
-3.639936712053086776e-01
-3.657717439863417130e-01
-3.673812283409966239e-01
-3.646522363026936664e-01
-3.670590188768174666e-01
-3.651362260182698383e-01
-3.661320739322238560e-01
-3.657513459523518695e-01
-3.645743793911404018e-01
-3.665533330705430526e-01
-3.652502165900336495e-01
-3.694482379489474888e-01
-3.672514756520589008e-01
-3.675468497806125279e-01
-3.691753016577826729e-01
-3.684800995720757255e-01
-3.703445063696967354e-01
-3.701917065514458427e-01
-3.707787990570068359e-01
-3.705373340182834263e-01
-3.707312213049994698e-01
-3.716273042890760880e-01
-3.737416267395019531e-01
-3.713195059034559709e-01
-3.749342494540744419e-01
-3.753599060906304130e-01
-3.748730553521050224e-01
-3.734566900465223771e-01
-3.757003148396809711e-01
-3.771653175354003906e-01
-3.757181167602539062e-01
-3.759664959377712612e-01
-3.784856796264648438e-01
-3.763800991906059989e-01
-3.780729240841335659e-01
-3.770478566487630023e-01
-3.795744578043619977e-01
-3.789442645178900948e-01
-3.788075182172987443e-01
-3.788999981350368862e-01
-3.793549007839626674e-01
-3.774580160776774274e-01
-3.797241846720377789e-01
-3.798410362667507534e-01
-3.784516917334662667e-01
-3.787130779690212612e-01
-3.797399202982584820e-01
-3.791952662997775669e-01
-3.794805208841959820e-01
-3.795959154764811383e-01
-3.804998397827148438e-01
-3.800315856933593750e-01
-3.803002304501003628e-01
-3.768741819593641740e-01
-3.807266818152533761e-01
-3.796309894985622768e-01
-2.660354773203532086e-01
-2.997813489702012557e-01
-3.185312483045790177e-01
-3.361974292331271763e-01
-3.503968980577256698e-01
-3.612894482082790737e-01
-3.647885322570800781e-01
-3.623736434512668247e-01
-3.650756941901313057e-01
-3.630252944098578682e-01
-3.642652034759521484e-01
-3.663242393069797154e-01
-3.632351292504204521e-01
-3.650196923149956474e-01
-3.678052955203586216e-01
-3.678945170508490792e-01
-3.658678531646728516e-01
-3.659710354275173549e-01
-3.670685291290283203e-01
-3.668111695183647880e-01
-3.668481508890787945e-01
-3.662700653076171875e-01
-3.661977979871962052e-01
-3.652144273122151508e-01
-3.651352988349066964e-01
-3.658444616529676896e-01
-3.678018781873915177e-01
-3.667019738091362724e-01
-3.675005171034071427e-01
-3.670314682854546318e-01
-3.652887609269883651e-01
-3.662338786655002232e-01
-3.648476865556504745e-01
-3.681146038903130302e-01
-3.669640753004286271e-01
-3.676812118954128628e-01
-3.624809847937690011e-01
-3.646242088741726284e-01
-3.632828394571940289e-01
-3.655668894449869977e-01
-3.642778661515977401e-01
-3.676421907212998885e-01
-3.657742871178520927e-01
-3.678185674879286271e-01
-3.661783536275227680e-01
-3.618908988104926339e-01
-3.646812703874375838e-01
-3.625911871592203961e-01
-3.596767054663764229e-01
-3.609205616845024833e-01
-3.611904780069987164e-01
-3.619300789303249721e-01
-3.629666699303520927e-01
-3.666987684037950057e-01
-3.651130199432373047e-01
-3.645600742763943081e-01
-3.662873374091254464e-01
-3.654547002580430526e-01
-3.665700488620334263e-01
-3.670350710550944195e-01
-3.677768442365858537e-01
-3.686307271321614398e-01
-3.656204541524251117e-01
-3.704114490085178013e-01
-3.683420552147759208e-01
-3.681640625000000000e-01
-3.687841892242431641e-01
-3.722218937344021206e-01
-3.695405854119194755e-01
-3.700139787462022323e-01
-3.724809487660725726e-01
-3.722905582851833706e-01
-3.724774784511989956e-01
-3.719509442647297992e-01
-3.695819112989637834e-01
-3.738962279425727120e-01
-3.726406097412109375e-01
-3.725656933254665737e-01
-3.738438023461235771e-01
-3.722141583760579242e-01
-3.740280204349094029e-01
-3.714690473344590682e-01
-3.746436966790093193e-01
-3.748536639743381138e-01
-3.732429345448811664e-01
-3.754530217912461776e-01
-3.743534882863362445e-01
-3.773944112989637834e-01
-3.731400171915690289e-01
-3.757570054796006698e-01
-3.751491440667046318e-01
-3.783134619394938336e-01
-3.766917917463514787e-01
-3.758904669019911271e-01
-3.755786154005262834e-01
-3.749102221594916573e-01
-3.759271303812662945e-01
-3.760865529378255023e-01
-3.747325208452012557e-01
-3.749453491634792690e-01
-3.767571449279785156e-01
-3.769731521606445312e-01
-3.749192820654975167e-01
-3.759965366787380581e-01
-3.758380413055419922e-01
-3.773097462124294643e-01
-3.762232462565104352e-01
-3.761438793606228237e-01
-3.763529194725884208e-01
-3.760086430443657646e-01
-3.769850201076931362e-01
-3.775588406456841239e-01
-3.771274884541829242e-01
-3.774407704671223773e-01
-3.792519039577907924e-01
-3.764232529534233818e-01
-3.778801494174533482e-01
-3.766734600067138672e-01
-3.768075837029351005e-01
-3.769470320807563057e-01
-3.779555956522623883e-01
-3.767892519632975445e-01
-3.780751758151584263e-01
-3.772526846991645089e-01
-3.771689732869465961e-01
-3.759488264719645367e-01
-3.761326736874050503e-01
-3.787190119425455914e-01
-3.787848419613308315e-01
-3.769741853078206195e-01
-3.798054589165581474e-01
-3.759297529856364117e-01
-3.766220410664876117e-01
-3.765718936920166016e-01
-3.768113189273410435e-01
-3.740677038828532086e-01
-3.771739800771077289e-01
-3.776470290289984932e-01
-3.785600397321913224e-01
-3.774275779724121094e-01
-3.787539005279541016e-01
-3.796889252132839565e-01
-3.787267473008897323e-01
-3.785403039720323104e-01
-3.769080903795030135e-01
-3.766434457567002791e-01
-3.795283635457356586e-01
-3.788704607221815568e-01
-3.782339360978868026e-01
-3.786025842030842914e-01
-3.785561190711127511e-01
-3.779606289333767299e-01
-3.782642152574327010e-01
-3.775482972462971820e-01
-3.782993422614203682e-01
-3.778379493289523716e-01
-3.787449200948079242e-01
-3.783235285017225724e-01
-3.780341943105061664e-01
-3.781321578555636997e-01
-3.770095507303873883e-01
-3.790567451053195591e-01
-3.796216381920708427e-01
-3.792013857099745255e-01
-3.782189687093098773e-01
-3.778752485911051617e-01
-3.774122662014431362e-01
-3.775388399759928570e-01
-3.777159319983588448e-01
-3.769102626376681919e-01
-3.794589307573106307e-01
-3.795223500993516463e-01
-3.770886792076958427e-01
-3.788943025800917130e-01
-3.800069491068522320e-01
-3.775519529978434430e-01
-3.787455028957790737e-01
-3.788331084781222935e-01
-3.794062402513291854e-01
-3.791822327507866630e-01
-3.687250349256727677e-01
-3.791029188368055802e-01
-3.799010382758246651e-01
-3.792969385782877789e-01
-3.789365291595458984e-01
-3.786759906344943638e-01
-3.785818152957492466e-01
-3.786948257022433872e-01
-3.795550399356418247e-01
-3.787514103783501396e-01
-3.785096274481879464e-01
-3.785040378570556641e-01
-3.792169094085693359e-01
-3.796852959526909599e-01
-3.800678253173828125e-01
-3.800555070241292133e-01
-3.797213501400417690e-01
-3.792562484741210938e-01
-3.782235251532660714e-01
-3.783599270714653739e-01
-3.785285949707031250e-01
-3.793653912014431362e-01
-3.787166807386610490e-01
-3.812399440341525669e-01
-3.799497816297743302e-01
-3.796225653754340401e-01
-3.805701997545030135e-01
-3.779801527659098492e-01
-3.790173530578613281e-01
-3.671508365207248326e-01
-3.724460336897108537e-01
-3.743752108679877511e-01
-3.765435748630099888e-01
-3.749690585666232701e-01
-3.760376771291096820e-01
-3.760003248850504742e-01
-3.755236996544731864e-01
-3.779057131873236886e-01
-3.752192921108669643e-01
-3.753685951232910156e-01
-3.774308893415663224e-01
-3.766827848222520370e-01
-3.773255083296034318e-01
-3.770161204867892857e-01
-3.757627540164523716e-01
-3.745795355902777901e-01
-3.769942919413248883e-01
-3.791442182328965682e-01
-3.769064744313557758e-01
-3.772783279418945312e-01
-3.781153625912136440e-01
-3.771396478017171039e-01
-3.781534830729166852e-01
-3.766851954989963169e-01
-3.759951856401231307e-01
-3.785347938537597656e-01
-3.780526849958631974e-01
-3.775358200073242188e-01
-3.782788647545708427e-01
-3.779647880130344029e-01
-3.778551949395073661e-01
-3.773206604851616630e-01
-3.758097489674885883e-01
-3.632504410213894253e-01
-3.774540424346923828e-01
-3.791370391845703125e-01
-3.777940538194444198e-01
-3.780397574106852399e-01
-3.775406678517659320e-01
-3.755058182610405693e-01
-3.747108777364094867e-01
-3.792043262057834263e-01
-3.784605926937527065e-01
-3.794477250840928573e-01
-3.780723677741156807e-01
-3.784384727478027344e-01
-3.782006104787190570e-01
-3.742910756005181083e-01
-3.791741000281440011e-01
-3.572728368971083146e-01
-3.791589472028944474e-01
-3.783552646636962891e-01
-3.789953655666775112e-01
-3.792378372616238003e-01
-1.586885584725273857e-01
-2.307225598229302177e-01
-2.528919114006890068e-01
-2.653982109493679409e-01
-2.803619702657063617e-01
-2.969347370995415458e-01
-3.281771606869167690e-01
-3.439871999952528459e-01
-3.445909553103976841e-01
-3.485020796457926617e-01
-3.494729730818006974e-01
-3.514513439602321987e-01
-3.545253806644015904e-01
-3.559759192996554966e-01
-3.559457990858290177e-01
-3.601310253143310547e-01
-3.606471485561794643e-01
-3.623691134982638951e-01
-3.638578520880805245e-01
-3.620040681627061385e-01
-3.529114723205566406e-01
-3.527311219109429130e-01
-3.658360375298393974e-01
-3.616472085316975726e-01
-3.648848268720839005e-01
-2.668264971839057198e-01
-3.201687865787082310e-01
-3.304181363847520370e-01
-3.465892473856608258e-01
-3.505518701341416854e-01
-3.533754878573947544e-01
-3.576453261905246372e-01
-3.579065269894070034e-01
-3.593984444936116351e-01
-3.605371581183539620e-01
-3.584668636322021484e-01
-3.612088097466362724e-01
-3.639141718546549664e-01
-3.650349511040581474e-01
-3.654186195797390346e-01
-3.662816153632270089e-01
-3.649977842966715680e-01
-3.655253781212700614e-01
-3.644066916571723214e-01
-3.626266850365532646e-01
-3.643038272857666016e-01
-3.658439583248562221e-01
-3.641700214809841518e-01
-3.650975492265489120e-01
-3.640573554568820591e-01
-3.668158849080403461e-01
-3.634754021962483539e-01
-3.649129337734646206e-01
-3.642339971330430526e-01
-3.676163090599907646e-01
-3.653791215684678573e-01
-3.660689194997151508e-01
-3.627868758307563057e-01
-3.630154132843017578e-01
-3.667275905609130859e-01
-3.660682572258843193e-01
-3.641776243845621930e-01
-3.653552532196044922e-01
-3.661080201466878070e-01
-3.642442226409912109e-01
-3.661601278516981584e-01
-3.665988710191514510e-01
-3.651360140906440011e-01
-3.642616007063124162e-01
-3.660334216223822823e-01
-3.652616341908772601e-01
-3.662853240966796875e-01
-3.674266603257920760e-01
-3.671667310926649552e-01
-3.657509750790066128e-01
-3.648797141181098214e-01
-3.625694380866156807e-01
-3.659646246168348771e-01
-3.645638359917534599e-01
-3.659620285034179688e-01
-3.645398616790771484e-01
-3.656602170732285995e-01
-3.658607800801594867e-01
-3.670041296217176896e-01
-3.673487239413791294e-01
-3.669232527414957867e-01
-3.661775059170193081e-01
-3.667226632436116351e-01
-3.670110437605116349e-01
-3.672455416785346261e-01
-3.667207558949788226e-01
-3.656252225240071430e-01
-3.671763737996419086e-01
-3.680166668362087612e-01
-3.646556801266140346e-01
-3.654563162061903459e-01
-3.698809146881103516e-01
-3.656303087870280133e-01
-3.671346505482991351e-01
-3.651393254597981586e-01
-3.640703625149196987e-01
-3.671322133806016463e-01
-3.660834895239936104e-01
-3.697168032328287945e-01
-3.645850552452934989e-01
-3.640389442443847656e-01
-3.673914273579915180e-01
-3.657297558254665737e-01
-3.681579960717095146e-01
-3.687022527058919086e-01
-3.657963275909423828e-01
-3.671910232967800503e-01
-3.653356234232584820e-01
-3.684545358022053851e-01
-3.668588797251383649e-01
-3.678084744347466239e-01
-3.693075709872775669e-01
-3.654466470082600726e-01
-3.663886123233371372e-01
-3.646009233262803573e-01
-3.687849309709336776e-01
-3.679604530334472656e-01
-3.690116405487060547e-01
-3.658658398522270927e-01
-3.660565217336018695e-01
-3.668466673956977120e-01
-3.679312070210774555e-01
-3.654152022467719307e-01
-3.675428496466742745e-01
-3.695454067654079799e-01
-3.669558895958794364e-01
-3.662450313568115234e-01
-3.632623619503445034e-01
-3.661884996626112443e-01
-3.676442305246989117e-01
-3.646959993574354630e-01
-3.687493006388346539e-01
-3.679971694946289062e-01
-3.661946720547146206e-01
-3.648027843899196987e-01
-3.657601409488254185e-01
-3.673344718085395089e-01
-3.650413089328342076e-01
-3.646669652726914901e-01
-3.655877643161349888e-01
-3.680014080471462612e-01
-3.628200425042046318e-01
-3.663653267754448661e-01
-3.665305508507622489e-01
-3.645986451043022880e-01
-3.660775820414225445e-01
-3.666881455315483818e-01
-3.651846249898274555e-01
-3.655665715535481586e-01
-3.647861215803358537e-01
-3.657163514031304130e-01
-3.659354050954182758e-01
-3.656850655873616351e-01
-3.666621049245198383e-01
-3.637797832489013672e-01
-3.643190595838758927e-01
-3.675857649909125557e-01
-3.650423685709635602e-01
-3.632528252071804409e-01
-3.636934227413601284e-01
-3.671765062544081193e-01
-3.648577266269260044e-01
-3.656004799736870536e-01
-3.691695001390244979e-01
-3.613981140984429130e-01
-3.690442774030897599e-01
-3.664386272430419922e-01
-3.675779766506618862e-01
-3.643949031829833984e-01
-3.664128515455458146e-01
-3.685548305511474609e-01
-3.640824423895941964e-01
-3.656254874335395089e-01
-3.670477337307400112e-01
-3.685728179083930245e-01
-3.660477002461751117e-01
-3.634149763319227677e-01
-3.670611116621229630e-01
-3.683546119266086216e-01
-3.678873115115695591e-01
-3.658456537458631974e-01
-3.678742514716254464e-01
-3.643690745035807477e-01
-3.633307880825466518e-01
-3.673517439100477677e-01
-3.682896826002333146e-01
-3.642726474338107701e-01
-3.671385182274712333e-01
-3.639178011152479630e-01
-3.665972285800510044e-01
-3.669905132717556362e-01
-3.685595989227294922e-01
-3.677886856926811943e-01
-3.688914510938856584e-01
-3.683231141832139510e-01
-3.662709130181206474e-01
-3.638083669874403459e-01
-3.661643399132622489e-01
-3.681637446085612164e-01
-3.661435445149739398e-01
-3.668587207794189453e-01
-3.628668785095214844e-01
-3.617535697089301339e-01
-3.632497787475585938e-01
-3.639229138692219867e-01
-3.669981426662868862e-01
-3.667623996734619141e-01
-3.641381793551974888e-01
-3.663314448462592354e-01
-3.642496267954508649e-01
-3.663044770558674945e-01
-3.667695522308349609e-01
-3.657366964552137834e-01
-3.665375444624159318e-01
-3.650576273600260602e-01
-3.647774590386284599e-01
-3.675125969780815849e-01
-3.687062793307834263e-01
-3.665991624196370258e-01
-3.645059797498915177e-01
-3.672248257531059989e-01
-3.653713067372639789e-01
-3.707415792677137834e-01
-3.658671114179823380e-01
-3.660811848110622768e-01
-3.649133576287163505e-01
-3.669250806172688617e-01
-3.637814786699082870e-01
-3.641542593638102399e-01
-3.647030724419487724e-01
-3.642064730326334820e-01
-3.641996648576524276e-01
-3.668599658542209263e-01
-3.629599412282307758e-01
-3.641391595204671039e-01
-3.672667344411214008e-01
-3.662537998623318081e-01
-3.636488119761149274e-01
-3.639911015828450336e-01
-3.662777741750081195e-01
-3.692068258921305524e-01
-3.692625893486870536e-01
-3.629175557030571708e-01
-3.677377170986599331e-01
-3.668567604488796596e-01
-3.635481198628743305e-01
-3.654808998107910156e-01
-3.665389219919840680e-01
-3.675231403774685268e-01
-3.610538641611735211e-01
-3.682320647769504185e-01
-3.665676911671956195e-01
-3.641125890943739396e-01
-3.669691880544026508e-01
-3.661498228708903180e-01
-3.654251363542344588e-01
-3.650864760080973492e-01
-3.674662643008761997e-01
-3.667339483896891461e-01
-3.690751923455132255e-01
-3.670646084679497489e-01
-3.688976764678955078e-01
-3.657137287987602958e-01
-3.670790990193684711e-01
-3.665967517428928013e-01
-3.688616487714979630e-01
-3.650665813022189732e-01
-3.671916325887044086e-01
-3.683807584974501115e-01
-3.668017652299668807e-01
-3.675679895612928849e-01
-3.656341764662001115e-01
-3.654890590243869419e-01
-3.663518958621554966e-01
-3.633426560295952568e-01
-3.687411149342854633e-01
-3.665032121870253068e-01
-3.642165925767686385e-01
-3.636366261376274833e-01
-3.707095252143012276e-01
-3.661777443355984096e-01
-3.667934735616047992e-01
-3.656023873223198661e-01
-3.673631350199381695e-01
-3.670323424869113560e-01
-3.660276201036241073e-01
-3.680028650495741349e-01
-3.684773710038926620e-01
-3.679658571879069195e-01
-3.661317030588785992e-01
-3.660834365420871372e-01
-3.663447697957356586e-01
-3.633025222354465122e-01
-3.686661720275878906e-01
-3.663456704881455916e-01
-3.652668264177110213e-01
-3.641146024068196430e-01
-3.628625339931911831e-01
-3.678469922807481307e-01
-3.687835799323188057e-01
-3.655368222130669364e-01
-3.657669491238064174e-01
-3.679593933953179130e-01
-3.654660913679335099e-01
-3.683589299519856586e-01
-3.659027152591281529e-01
-3.645848168267143974e-01
-3.625255955590142021e-01
-3.661508295271131974e-01
-3.624206119113498326e-01
-3.675201204087998885e-01
-3.647131654951307755e-01
-3.671979109446207867e-01
-3.694956037733290177e-01
-3.708159128824869977e-01
-3.675472736358642578e-01
-3.681221273210313338e-01
-3.695323997073703404e-01
-3.685136106279160995e-01
-3.691879643334282646e-01
-3.659577369689941406e-01
-3.647687964969211216e-01
-3.676082823011610490e-01
-3.645443916320800781e-01
-3.680118719736735211e-01
-3.679532210032145367e-01
-3.662551509009467354e-01
-3.689879841274685268e-01
-3.621217939588758927e-01
-3.657167752583821430e-01
-3.661828041076660156e-01
-3.631091647677951451e-01
-3.667158285776774274e-01
-3.661489486694335938e-01
-3.656882180107964286e-01
-3.689898649851481305e-01
-3.678558137681748885e-01
-3.672939936319987164e-01
-3.658477465311686383e-01
-3.653767903645833148e-01
-3.704248269399006976e-01
-3.697022861904568081e-01
-3.685554133521186104e-01
-3.691920969221327287e-01
-3.700369464026557198e-01
-3.638099564446343193e-01
-3.618506325615776786e-01
-3.664941522810194474e-01
-3.679490089416503906e-01
-3.666278256310356864e-01
-3.688591056399875279e-01
-3.684184021419948940e-01
-3.651144239637587052e-01
-3.686456415388319474e-01
-3.657667636871337891e-01
-3.638115723927815570e-01
-3.676990667978922711e-01
-3.706484900580512276e-01
-3.644647863176133651e-01
-3.689269754621717912e-01
-3.703350226084391461e-01
-3.691195382012261161e-01
-3.672850396898057479e-01
-3.677970568339030133e-01
-3.686171902550591239e-01
-3.696329063839382534e-01
-3.694490591684977399e-01
-3.604962825775146484e-01
-3.680567741394042969e-01
-3.652524683210585099e-01
-3.679324256049262276e-01
-3.672664960225422992e-01
-3.665595319535996932e-01
-3.656647735171847935e-01
-3.676772382524278182e-01
-3.642847802903916854e-01
-3.668807082706027622e-01
-3.672193686167399274e-01
-3.715527322557237166e-01
-3.682841195000542411e-01
-3.707206249237060547e-01
-3.635461065504286271e-01
-3.642352686987982979e-01
-3.696495691935221539e-01
-3.681174649132622489e-01
-3.675277233123779297e-01
-3.632665475209553851e-01
-3.688783910539414901e-01
-3.677657975090874443e-01
-3.684736887613932477e-01
-3.701679176754421596e-01
-3.622445265452067242e-01
-3.672024408976237164e-01
-3.695187833574082870e-01
-3.638525803883870258e-01
-3.632036315070258370e-01
-3.686503834194607143e-01
-3.654823038313124162e-01
-3.626694944169785995e-01
-3.682394557529025669e-01
-3.647718694474961776e-01
-3.633282979329426898e-01
-3.683959907955593471e-01
-3.608864413367377511e-01
-3.613070646921793805e-01
-3.635086748335096818e-01
-3.674274285634358539e-01
-3.672109444936116351e-01
-3.622335063086615792e-01
-3.644998073577880859e-01
-3.680921925438774833e-01
-3.669995201958550224e-01
-3.661481539408366070e-01
-3.647756311628553849e-01
-3.615488476223415737e-01
-3.637511200375027065e-01
-3.654037581549750557e-01
-3.660251299540202008e-01
-3.633144696553547992e-01
-3.665333324008517857e-01
-3.624906804826524276e-01
-3.651776313781738281e-01
-3.660048113928900948e-01
-3.614668581220839005e-01
-3.600589964124891740e-01
-3.606844743092854633e-01
-3.593898879157172432e-01
-3.634236653645833148e-01
-3.639985985226101284e-01
-3.627785841623942242e-01
-3.647696177164713727e-01
-3.658885955810546875e-01
-3.650506602393256417e-01
-3.615927696228027344e-01
-3.591644499037001115e-01
-3.657824463314480190e-01
-3.594767517513698940e-01
-3.626234266493055802e-01
-3.597779273986816406e-01
-3.595421314239501953e-01
-3.654692967732747211e-01
-3.647967709435356864e-01
-3.586130936940510883e-01
-3.602183130052354354e-01
-3.639403184254964008e-01
-3.627565701802571430e-01
-3.602312935723198661e-01
-3.637970288594563617e-01
-3.647023571862114677e-01
-3.635634846157497768e-01
-3.618821567959255581e-01
-3.644408649868435268e-01
-3.637007872263590680e-01
-3.611570464240180245e-01
-3.640438450707329521e-01
-3.614279429117838727e-01
-3.643137878841823940e-01
-3.639760282304551620e-01
-3.646529780493842354e-01
-3.640022542741563338e-01
-3.611130184597439174e-01
-3.622235722011989956e-01
-3.643582926856147042e-01
-3.651644388834635602e-01
-3.657448291778564453e-01
-3.642178641425238839e-01
-3.641935189565022601e-01
-3.624902036454942245e-01
-3.624012470245361328e-01
-3.649264971415202008e-01
-3.633148670196533203e-01
-3.628660043080647601e-01
-3.629259268442789899e-01
-3.649754524230957031e-01
-3.650585810343424664e-01
-3.636566797892252789e-01
-3.599141703711615792e-01
-3.605956501430935268e-01
-3.577140172322590961e-01
-3.641440868377685547e-01
-3.616681893666585101e-01
-3.652101092868381138e-01
-3.634785811106364117e-01
-3.651032447814941406e-01
-3.661449220445420760e-01
-3.632017771402994977e-01
-3.645556237962510604e-01
-3.638365268707275391e-01
-3.596459229787190570e-01
-3.660600715213351841e-01
-3.625528812408447266e-01
-3.666613896687825336e-01
-3.650034798516167411e-01
-3.617885112762451172e-01
-3.668373955620659599e-01
-3.635809421539306641e-01
-3.608123461405436383e-01
-3.642586337195502511e-01
-3.629689481523301620e-01
-3.653299808502197266e-01
-3.683063454098171596e-01
-3.670752048492431641e-01
-3.656074470943874721e-01
-3.619144757588704242e-01
-3.666494952307807198e-01
-3.654689258999294643e-01
-3.650016254848904018e-01
-3.650550047556559430e-01
-3.665832148657904854e-01
-3.649873468610975724e-01
-3.670041031307644253e-01
-3.662670188479953404e-01
-3.647680282592773438e-01
-3.676697678036159878e-01
-3.639711538950602399e-01
-3.667063183254665737e-01
-3.653729756673176898e-01
-3.667710092332627791e-01
-3.615937497880723495e-01
-3.654430972205268136e-01
-3.669435183207194195e-01
-3.657289081149631138e-01
-3.678478399912516461e-01
-3.636865350935194474e-01
-3.677300347222222099e-01
-3.642458385891384487e-01
-3.687220679389106026e-01
-3.688144948747422713e-01
-3.641953998141818638e-01
-3.677293724483913784e-01
-3.685288164350721818e-01
-3.675254980723063336e-01
-3.643357753753662109e-01
-3.646982245975070591e-01
-3.686150974697536831e-01
-3.658322493235270367e-01
-3.649634255303276786e-01
-3.613994916280110492e-01
-3.652318318684895648e-01
-3.686423036787245255e-01
-3.663941754235161552e-01
-3.639202912648518695e-01
-3.656804296705458146e-01
-3.651501337687174664e-01
-3.665272924635145646e-01
-3.675066630045573102e-01
-3.660377131568061104e-01
-3.682522508833143693e-01
-3.668627474043104630e-01
-3.638620376586914062e-01
-3.672801653544108258e-01
-3.675896856519911271e-01
-3.661128150092231026e-01
-3.653912279340956193e-01
-3.639449808332655412e-01
-3.670968479580349331e-01
-3.677245510949028739e-01
-3.649248282114664899e-01
-3.671503331926133651e-01
-3.620421091715494977e-01
-3.666289912329779854e-01
-3.620940314398871651e-01
-3.676295280456542969e-01
-3.668199645148383370e-01
-3.638431496090359096e-01
-3.680537541707356586e-01
-3.660261631011962891e-01
-3.683075639936659318e-01
-3.670244216918945312e-01
-3.669674661424424666e-01
-3.677560753292507534e-01
-3.654895358615451451e-01
-3.653088675604926339e-01
-3.667294184366862164e-01
-3.656192620595296039e-01
-3.658131228552924386e-01
-3.649808300866020927e-01
-3.675230079227023716e-01
-3.667582935757107143e-01
-3.678328726026747209e-01
-3.633795844184027901e-01
-3.646836545732285995e-01
-3.652825620439317245e-01
-3.658077187008327846e-01
-3.677971098158094865e-01
-3.662677076127793807e-01
-3.653255833519829521e-01
-3.679571681552463169e-01
-3.649871349334716797e-01
-3.683600425720214844e-01
-3.683719635009765625e-01
-3.648499382866753349e-01
-3.688945770263671875e-01
-3.685696125030517578e-01
-3.659681214226616630e-01
-3.694242901272243862e-01
-3.685567643907334823e-01
-3.670748074849446430e-01
-3.674474822150336495e-01
-3.694079981909857979e-01
