1.798381593492295982e+00
1.181876288519965179e+00
6.613770590888129464e-01
2.459084192911783762e-01
-1.138793759875827288e-02
-1.321997112698025112e-01
-1.537435849507649832e-01
-1.384455892774793806e-01
-1.139799488915337472e-01
-1.098567247390747070e-01
-1.165386570824517160e-01
-1.370913320117526646e-01
-1.384790870878431501e-01
-1.445990800857543945e-01
-1.405182017220391044e-01
-1.560995313856336775e-01
-1.568185620837741490e-01
-1.611083745956420898e-01
-1.704812579684787388e-01
-1.650425725513034458e-01
-1.642523739073011579e-01
-1.715036630630493164e-01
-1.748908228344387417e-01
-1.870838536156548271e-01
-1.835761997434827986e-01
-1.886774963802761440e-01
-1.834525797102186384e-01
-1.897850169075859794e-01
-1.889081001281738281e-01
-1.991795433892143974e-01
-1.997952726152208147e-01
-1.977947023179796038e-01
-1.997005939483642578e-01
-2.039487626817491350e-01
-2.059280607435438337e-01
-2.112036281161838169e-01
-2.081823216544257393e-01
-2.069141599867078962e-01
-2.114631070031059989e-01
-2.114112112257215681e-01
-2.093281481001112165e-01
-2.084741592407226562e-01
-2.077020141813490095e-01
-2.139922777811686105e-01
-2.083631356557210379e-01
-2.076242632336086635e-01
-2.226621045006645927e-01
-2.126201391220092773e-01
-2.171797090106540318e-01
-2.181413306130303154e-01
-2.186771896150377092e-01
-2.155655357572767439e-01
-2.126223378711276646e-01
-2.200372483995225725e-01
-2.247791290283203125e-01
-2.165206273396809988e-01
-2.189769744873046875e-01
-2.234792709350585938e-01
-2.203312185075547991e-01
-2.200151416990492048e-01
-2.211472458309597378e-01
-2.223158677419026785e-01
-2.219934993320041294e-01
-2.251935270097520647e-01
-2.148618698120117188e-01
-2.225400076972113839e-01
-2.246531645456949777e-01
-2.249795860714382534e-01
-2.261343797047933035e-01
-2.274306350284152622e-01
-2.203644646538628349e-01
-2.258937093946668806e-01
-2.211543718973795480e-01
-2.294483184814453125e-01
-2.236197524600558872e-01
-2.266312970055474052e-01
-2.252709335751003628e-01
-2.266651259528266182e-01
-2.202733622656928292e-01
-2.280236615075005302e-01
-2.174364858203464146e-01
-2.301361295912000837e-01
-2.237753338283962612e-01
-2.286955250634087333e-01
-2.294830216301811943e-01
-2.285668849945068359e-01
-2.250319851769341239e-01
-2.252023220062255859e-01
-2.230392297108968191e-01
-2.303246657053629465e-01
-2.201069460974799386e-01
-2.279726399315727958e-01
-2.346496582031250000e-01
-2.275963094499376116e-01
-2.217920223871866769e-01
-2.250876426696777344e-01
-2.230740653143988839e-01
-2.288469738430446987e-01
-2.342396842108832589e-01
-2.265034251742892857e-01
-2.273506323496500559e-01
-2.211645179324679966e-01
-2.294480270809597378e-01
-2.269796795315212612e-01
-2.347337669796413784e-01
-2.277957863277859096e-01
-2.225077682071261997e-01
-2.322473526000976562e-01
-2.295724815792507534e-01
-2.290683057573106585e-01
-2.256809340582953682e-01
-2.308317025502522879e-01
-2.328860229916042690e-01
-2.279091146257188616e-01
-2.307755152384440012e-01
-2.336762746175130301e-01
-2.334600024753146763e-01
-2.285415596432155971e-01
-2.323107189602321987e-01
-2.273091740078396206e-01
-2.266704771253797712e-01
-2.311607466803656807e-01
-2.294493516286214285e-01
-2.391611999935573940e-01
-2.283803886837429409e-01
-2.395804193284776507e-01
-2.359504699707031250e-01
-2.385742664337158203e-01
-2.317418787214491072e-01
-2.336331738366020927e-01
-2.387067476908365793e-01
-2.349499331580268136e-01
-2.338746653662787667e-01
-2.362321482764350167e-01
-2.422047456105550223e-01
-2.348135842217339286e-01
-2.309761577182345982e-01
-2.404669655693901786e-01
-2.450417942470974331e-01
-2.413613531324598493e-01
-2.376169363657633371e-01
-2.433652612898084822e-01
-2.389614846971299944e-01
-2.494370672437879743e-01
-2.534514798058403739e-01
-2.442970275878906250e-01
-2.417062653435601005e-01
-2.473240428500705357e-01
-2.519270314110649833e-01
-2.402452362908257255e-01
-2.498739560445149832e-01
-2.530890835656059989e-01
-2.522934542761908761e-01
-2.534074253506130581e-01
-2.525200843811035156e-01
-2.543905046251084823e-01
-2.493920591142442522e-01
-2.606052822536892299e-01
-2.624079916212294084e-01
-2.576156987084282646e-01
-2.514698770311143416e-01
-2.516147560543484096e-01
-2.546410030788845424e-01
-2.526638507843017578e-01
-2.598958545260959263e-01
-2.604976230197482701e-01
-2.540954218970404854e-01
-2.561527887980143414e-01
-2.571532991197373885e-01
-2.572800583309597378e-01
-2.639716201358371372e-01
-2.536430093977186662e-01
-2.557523250579833984e-01
-2.525818612840440291e-01
-2.562379307217068081e-01
-2.612127198113335380e-01
-2.552539242638481864e-01
-2.592838870154486886e-01
-2.652479277716742745e-01
-2.577900356716579799e-01
-2.576657931009928570e-01
-2.539815107981364117e-01
-2.471525669097900391e-01
-2.587859630584716797e-01
-2.632822725507948380e-01
-2.639353275299072266e-01
-2.579231262207031250e-01
-2.649580107794867745e-01
-2.613326708475748883e-01
-2.624527083502875557e-01
-2.651831309000651227e-01
-2.603996594746907367e-01
-2.650728755527072544e-01
-2.623955143822563896e-01
-2.546572155422634487e-01
-2.605765395694308872e-01
-2.656492127312554130e-01
-2.677221828036838169e-01
-2.700982093811035156e-01
-2.747809886932373047e-01
-2.670036421881781807e-01
-2.661876678466796875e-01
-2.764431370629204521e-01
-2.747138076358371372e-01
-2.717030048370361328e-01
-2.710269822014702568e-01
-2.681463824378119698e-01
-2.690201865302191964e-01
-2.657865683237711774e-01
-2.575125429365370255e-01
-2.649707794189453125e-01
-2.652071317036946430e-01
-2.655853695339626674e-01
-2.572820981343587055e-01
-2.631822427113850726e-01
-2.635023858812119979e-01
-2.636483775244818917e-01
-2.651170889536539899e-01
-2.766335805257161273e-01
-2.705451382531059989e-01
-2.721150716145833148e-01
-2.720415062374538784e-01
-2.711932924058702010e-01
-2.794932789272732143e-01
-2.759715716044108258e-01
-2.706787851121690291e-01
-2.612498601277669086e-01
-2.660368548499213448e-01
-2.611465719011094588e-01
-2.619504133860270367e-01
-2.631359630160861607e-01
-2.680390146043565291e-01
-2.756478786468505859e-01
-2.648692395952012557e-01
-2.653877470228407365e-01
-2.781335247887505302e-01
-2.715658611721462612e-01
-2.690879503885905133e-01
-2.707227071126301898e-01
-2.764989270104302177e-01
-2.679643895890977401e-01
-2.622734705607096539e-01
-2.700192133585612164e-01
-2.633512285020616073e-01
-2.786890665690104352e-01
-2.720115184783935547e-01
-2.749792204962836495e-01
-2.749017609490288505e-01
-2.865176995595296039e-01
-2.857336203257243024e-01
-2.811667124430338727e-01
-2.940760718451606026e-01
-2.805345323350694198e-01
-2.836685180664062500e-01
-2.803519566853840961e-01
-2.782545619540744419e-01
-2.800914976331922990e-01
-2.835809919569227677e-01
-2.788601451449924107e-01
-2.776443163553873883e-01
-2.729210058848063336e-01
-2.781640688578287945e-01
-2.842281924353705636e-01
-2.860924402872721539e-01
-2.740930186377631417e-01
-2.741222116682264787e-01
-2.790638870663113003e-01
-2.864583068423801060e-01
-2.801606125301784878e-01
-2.922051747639973773e-01
-2.871592044830322266e-01
-2.857530117034912109e-01
-2.851592169867621651e-01
-2.805889182620578404e-01
-2.893705897861056919e-01
-2.890784475538465959e-01
-2.922804885440402622e-01
-2.911642922295464286e-01
-2.865183353424072266e-01
-2.965974807739257812e-01
-2.872900962829589844e-01
-2.789495521121554966e-01
-2.779519822862412948e-01
-2.862987783220078963e-01
-2.824820412529839286e-01
-2.904919518364800224e-01
-2.891809940338134766e-01
-2.869391441345214844e-01
-2.871134016248915177e-01
-2.878791226281059989e-01
-2.783933480580647601e-01
-2.817827065785725726e-01
-2.789782947964138393e-01
-2.785514195760090961e-01
-2.754206392500135880e-01
-2.841453022427029018e-01
-2.972982724507649555e-01
-3.032694127824571151e-01
-2.845482296413845424e-01
-2.809805340237087612e-01
-2.813540829552544364e-01
-2.816071510314941406e-01
-2.865223619672987443e-01
-2.894752025604248047e-01
-2.882055706448025112e-01
-2.836209403143988839e-01
-2.857819663153754464e-01
-2.853621641794840680e-01
-2.900537119971381417e-01
-2.860776318444145927e-01
-2.905682987636989956e-01
-2.836201985677083148e-01
-2.901612387763129464e-01
-2.879908879597981586e-01
-2.903219593895806083e-01
-2.882659435272216797e-01
-2.943346765306260604e-01
-2.894090811411539899e-01
-2.780027124616835099e-01
-2.734547985924614677e-01
-2.828356689876980190e-01
-2.854488160875108260e-01
-2.878030671013726005e-01
-2.835826873779296875e-01
-2.794835302564833146e-01
-2.876838843027750836e-01
-2.866337299346923828e-01
-2.833194202846950893e-01
-2.889654636383056641e-01
-2.815642356872558594e-01
-2.831073072221543807e-01
-2.939868238237168807e-01
-2.946359051598442802e-01
-2.991846932305229911e-01
-2.940372625986735211e-01
-2.987605200873481026e-01
-2.813305589887831193e-01
-2.864207956526014787e-01
-2.914540502760145646e-01
-2.855966356065537948e-01
-2.865057256486680526e-01
-2.887493504418267021e-01
-2.868851555718315849e-01
-2.897302839491102677e-01
-2.878873083326551896e-01
-2.843062082926432477e-01
-2.883763048383924943e-01
-2.939491536882188338e-01
-2.881360054016113281e-01
-2.910023000505235213e-01
-2.839613755544026508e-01
-2.872994475894504185e-01
-2.851269774966769810e-01
-2.858199808332655412e-01
-2.874997191958957310e-01
-2.886842091878255023e-01
-2.829277250501844865e-01
-2.907761732737223492e-01
-2.912041081322563896e-01
-2.943409548865424386e-01
-2.956027454800075893e-01
-2.936837673187255859e-01
-2.892208099365234375e-01
-2.851830058627658482e-01
-2.903676033020019531e-01
-2.926713095770941964e-01
-2.862358093261718750e-01
-2.859460777706570034e-01
-2.836346096462673549e-01
-2.827972041236029854e-01
-2.916832764943440570e-01
-2.879251109229193917e-01
-2.885274092356364117e-01
-2.841004265679253349e-01
-2.899284627702500838e-01
-2.862024307250976562e-01
-2.898925940195719586e-01
-2.944715287950303573e-01
-2.996204429202609654e-01
-2.903667555914984932e-01
-2.884343994988335380e-01
-2.815902233123779297e-01
-2.748504479726155414e-01
-2.838877042134602680e-01
-2.877591451009114398e-01
-2.887636290656195870e-01
-2.880504661136203404e-01
-2.834121916029188615e-01
-2.830799155765109654e-01
-2.771805657280815849e-01
-2.887392044067382812e-01
-2.880628373887803573e-01
-2.880905999077690849e-01
-2.962410449981689453e-01
-2.928498321109347935e-01
-2.967083983951144810e-01
-2.927847968207465401e-01
-2.952038447062174664e-01
-2.950573762257893695e-01
-2.955732610490586776e-01
-2.917479409111870536e-01
-2.901908821529812221e-01
-2.947617901696099052e-01
-2.929609086778428573e-01
-2.922597991095648995e-01
-2.921504444546169643e-01
-2.876286506652832031e-01
-2.892644670274522323e-01
-2.751327620612250557e-01
-2.770556343926323661e-01
-2.704164452022976284e-01
-2.794754770067002791e-01
-2.827814155154758091e-01
-2.847170035044352399e-01
-2.848090065850151786e-01
-2.843871116638183594e-01
-2.970800664689805526e-01
-2.948298719194200057e-01
-2.825878726111518136e-01
-2.843841711680094586e-01
-2.762240833706325893e-01
-2.802585230933295479e-01
-2.811899979909260883e-01
-2.718589835696750279e-01
-2.830612394544813615e-01
-2.895147270626491909e-01
-2.980288664499918805e-01
-2.959372202555338727e-01
-2.929461267259385604e-01
-2.939755916595458984e-01
-2.833514743381076451e-01
-2.872329552968342914e-01
-2.890199025472005023e-01
-2.910440497928195591e-01
-2.932416862911648159e-01
-2.943014568752712612e-01
-2.811050415039062500e-01
-2.820319864484999162e-01
-2.896132734086778182e-01
-2.831310696072048549e-01
-2.870603667365180245e-01
-2.818285359276665458e-01
-2.887051105499267578e-01
-2.877340051862928849e-01
-2.812430593702528459e-01
-2.854513857099745255e-01
-2.856525050269232979e-01
-2.989406585693359375e-01
-3.043556743197970982e-01
-2.955727577209472656e-01
-2.925839424133300781e-01
-2.896464135911729354e-01
-2.884771823883056641e-01
-2.925321525997585659e-01
-3.007073137495253068e-01
-2.905606693691677456e-01
-2.813373936547173271e-01
-2.917097409566243305e-01
-2.922957473331027622e-01
-2.961241669125027065e-01
-2.916373146904839286e-01
-2.930558787451850167e-01
-2.876120143466525669e-01
-2.900903754764133091e-01
-2.963212860955132255e-01
-2.911654313405354633e-01
-2.795471350351969586e-01
-2.822580867343478794e-01
-2.784296936459011440e-01
-2.740105258093940011e-01
-2.823927667405869979e-01
-2.866583135392930526e-01
-2.897753450605604630e-01
-3.006266752878825055e-01
-2.968683507707383651e-01
-2.977866596645779018e-01
-2.812219460805256976e-01
-2.898958788977729073e-01
-2.802881664699978237e-01
-2.754559516906738281e-01
-2.858143117692735213e-01
-2.911766105228000279e-01
-2.866237958272297992e-01
-2.856870757208930245e-01
-2.867811520894368305e-01
-2.834291458129882812e-01
-2.883599599202473773e-01
-2.916929986741807479e-01
-2.865201367272270927e-01
-2.927490870157877789e-01
-2.933525244394938336e-01
-2.858355045318603516e-01
-2.880762153201633091e-01
-3.017676141526963729e-01
-3.008293840620253068e-01
-2.998777495490180245e-01
-2.921324835883246651e-01
-2.872504393259684430e-01
-2.902184592352973214e-01
-2.909599410163031807e-01
-2.954085932837592354e-01
-2.949756781260172711e-01
-2.943963739607069474e-01
-2.921521663665771484e-01
-2.939960956573486328e-01
-2.888084517584906807e-01
-2.915578948126898995e-01
-2.982212437523735771e-01
-2.924082014295790177e-01
-2.872511280907524833e-01
-2.912768257988823661e-01
-2.975896994272868024e-01
-2.902483675214979630e-01
-2.879087395138210659e-01
-2.911615106794569474e-01
-2.940763632456461774e-01
-2.969846990373399276e-01
-2.988794379764133091e-01
-2.981837590535481586e-01
-3.058658705817328682e-01
-2.972826162974039899e-01
-2.991823885175917130e-01
-2.919383843739827289e-01
-2.986065281762017021e-01
-2.942830456627739677e-01
-2.990303304460313338e-01
-2.971277766757541294e-01
-2.963789569007025948e-01
-3.023216194576687221e-01
-3.023183080885145646e-01
-2.999508380889892578e-01
-2.962588204277886161e-01
-2.892560693952772599e-01
-2.887253231472439174e-01
-2.819028960333930245e-01
-2.883979479471842633e-01
-2.950855626000298271e-01
-2.983671294318305245e-01
-3.006592061784532088e-01
-2.979592482248942242e-01
-2.982824908362494698e-01
-3.031134340498182755e-01
-3.035613695780436383e-01
-2.983842160966660995e-01
-3.069233894348144531e-01
-3.078143066830105190e-01
-2.947967052459716797e-01
-2.916641765170627232e-01
-2.956596745385063896e-01
-2.948360443115234375e-01
-3.023440308041042690e-01
-2.982641590966118583e-01
-3.019192748599582310e-01
-3.003083864847819195e-01
-3.076176378462049943e-01
-3.051953315734863281e-01
-3.082044654422336216e-01
-3.008063634236653461e-01
-3.007379108005099888e-01
-2.982686890496147880e-01
-3.069218794504801617e-01
-3.032642735375298271e-01
-3.073257870144314174e-01
-3.039988676706950055e-01
-2.976104153527153739e-01
-2.997898260752360211e-01
-3.081701066758897323e-01
-3.048215177324082870e-01
-3.042725721995035992e-01
-3.073876433902316685e-01
-3.103504180908203125e-01
-3.035911983913845424e-01
-3.130444950527614956e-01
-3.030750221676296596e-01
-3.115657170613606586e-01
-3.128530714246962052e-01
-3.128731780582004185e-01
-3.078126377529568081e-01
-3.080667919582790737e-01
-3.035291035970051898e-01
-3.029784626430935268e-01
-3.071381251017252789e-01
-3.071051438649495258e-01
-3.112254142761230469e-01
-3.040120601654052734e-01
-3.096718788146972656e-01
-3.146621916029188615e-01
-3.122200700971815568e-01
-3.071105745103623885e-01
-3.065211772918701172e-01
-3.065791130065917969e-01
-3.067400720384385604e-01
-3.020561536153157367e-01
-3.015665743086073380e-01
-3.067220052083333148e-01
-3.077649275461832867e-01
-3.144429259830051060e-01
-3.056240876515706195e-01
-3.089069525400797711e-01
-3.160203562842475167e-01
-3.193203608194987164e-01
-3.133421474032931919e-01
-3.115092648400200614e-01
-3.135042985280354633e-01
-3.139115439520941964e-01
-3.159506056043837052e-01
-3.195375866360134487e-01
-3.141300413343641740e-01
-3.101629151238335380e-01
-3.129057884216308594e-01
-3.118383354610866909e-01
-3.046667046017116909e-01
-3.100464344024658203e-01
-3.024240334828694476e-01
-3.119691212972005023e-01
-3.091563648647732143e-01
-3.138031959533691406e-01
-3.119976785447862166e-01
-3.135227892133924943e-01
-3.147301144070095424e-01
-3.183692296346028461e-01
-3.176541858249240513e-01
-3.135720094045003070e-01
-3.192599349551730747e-01
-3.142583635118272323e-01
-3.143563005659315568e-01
-3.169172604878743305e-01
-3.181811968485514508e-01
-3.119803534613715401e-01
-3.207485940721299666e-01
-3.268564542134602680e-01
-3.219466474321153182e-01
-3.246470822228325614e-01
-3.110354741414387836e-01
-3.156263563368055802e-01
-3.246098094516330357e-01
-3.179918395148383370e-01
-3.190982076856825334e-01
-3.171716531117756976e-01
-3.181078433990478516e-01
-3.086696730719672432e-01
-3.193888929155137557e-01
-3.134388128916422711e-01
-3.101501994662814732e-01
-3.112178908454047432e-01
-3.106431961059570312e-01
-3.154195414649115792e-01
-3.168001969655354633e-01
-3.213901519775390625e-01
-3.264484140608046037e-01
-3.218887911902533761e-01
-3.325330416361491070e-01
-3.293004565768771763e-01
-3.151771492428249721e-01
-3.198694652981228237e-01
-3.249264823065863839e-01
-3.206639554765489120e-01
-3.242479430304633370e-01
-3.248596986134846820e-01
-3.242527643839518414e-01
-3.199192417992485771e-01
-3.249665366278754464e-01
-3.188696702321370258e-01
-3.209608925713433036e-01
-3.236749966939290180e-01
-3.230724864535861607e-01
-3.234907786051432477e-01
-3.224618434906005859e-01
-3.181997670067681083e-01
-3.172167142232258930e-01
-3.210247357686360492e-01
-3.205757935841878070e-01
-3.165225982666015625e-01
-3.210124174753825055e-01
-3.232189019521077289e-01
-3.243275218539767857e-01
-3.208407560984293805e-01
-3.240751955244276505e-01
-3.316533300611708146e-01
-3.233470122019450055e-01
-3.207050694359673271e-01
-3.249804708692762834e-01
-3.264015780554877511e-01
-3.213104142083061943e-01
-3.230659166971842633e-01
-3.224268224504258651e-01
-3.187697993384467354e-01
-3.203204207950168247e-01
-3.197413285573323383e-01
-3.234555986192491073e-01
-3.239678541819254742e-01
-3.261619408925374164e-01
-3.263695240020751953e-01
-3.206081390380859375e-01
-3.218372927771674386e-01
-3.225242561764187221e-01
-3.244594732920328961e-01
-3.264940844641791573e-01
-3.306694825490315570e-01
-3.284277386135525112e-01
-3.287593258751763114e-01
-3.232502142588297711e-01
-3.268113666110568638e-01
-3.290654288397895089e-01
-3.251735104454888114e-01
-3.219624360402424945e-01
-3.301760090721977958e-01
-3.279589547051323661e-01
-3.310092820061577568e-01
-3.365672959221733818e-01
-3.315973281860351562e-01
-3.327074580722385044e-01
-3.310728073120117188e-01
-3.332924842834472656e-01
-3.324329058329264508e-01
-3.350964122348361607e-01
-3.287656307220458984e-01
-3.340075810750325336e-01
-3.301144705878363839e-01
-3.313513067033555526e-01
-3.317954540252685547e-01
-3.315493265787760602e-01
-3.329575856526692523e-01
-3.325741026136610490e-01
-3.296713299221462612e-01
-3.364139662848578682e-01
-3.345222473144531250e-01
-3.306538528866238003e-01
-3.298880259195963727e-01
-3.381581571367051620e-01
-3.374224768744574776e-01
-3.395444552103678570e-01
-3.353420628441704521e-01
-3.372555308871799107e-01
-3.415486812591552734e-01
-3.338790204789903182e-01
-3.390492598215739117e-01
-3.298255867428249721e-01
-3.400078614552815570e-01
-3.346448209550645370e-01
-3.400167359246147880e-01
-3.413238790300157088e-01
-3.375785085890028459e-01
-3.417398664686415177e-01
-3.403526412116156807e-01
-3.427609867519802456e-01
-3.399960729810926896e-01
-3.385368453131781807e-01
-3.388732009463840122e-01
-3.418060143788655414e-01
-3.388900227016872768e-01
-3.432558642493354073e-01
-3.417880005306667690e-01
-3.408119678497314453e-01
-3.428468439314100724e-01
-3.447328408559163226e-01
-3.445724116431342354e-01
-3.457854059007432479e-01
-3.446699248419867745e-01
-3.481993940141465682e-01
-3.460688326093885880e-01
-3.483331733279758091e-01
-3.475939432779948102e-01
-3.458938333723280412e-01
-3.429374694824218750e-01
-3.414251539442274552e-01
-3.479239940643310547e-01
-3.429583973354763393e-01
-3.464452955457899552e-01
-3.464459048377143136e-01
-3.493248091803656807e-01
-3.491078482733832589e-01
-3.457983334859212055e-01
-3.496101432376437779e-01
-3.450940185123019810e-01
-3.501372602250840682e-01
-3.486389319101969586e-01
-3.489192591773139229e-01
-3.493262132008870258e-01
-3.439621395534939174e-01
-3.492614163292778739e-01
-3.462347719404432755e-01
-3.479504585266113281e-01
-3.469518820444743024e-01
-3.461842536926269531e-01
-3.473107549879286271e-01
-3.429803583357069474e-01
-3.451917966206868305e-01
-3.504796822865803851e-01
-3.493487040201823102e-01
-3.492767545912001115e-01
-3.470824294620090122e-01
-3.497855928209092635e-01
-3.477256562974717635e-01
-3.468411498599582310e-01
-3.453136814965142021e-01
-3.464888731638590680e-01
-3.453299204508463727e-01
-3.468551900651719588e-01
-3.460631635453965682e-01
-3.490280575222439174e-01
-3.482906818389892578e-01
-3.497174051072862166e-01
-3.490042951371934432e-01
-3.457897504170735492e-01
-3.468262884351942521e-01
-3.498185210757785435e-01
-3.499707116021050224e-01
-3.487245506710476284e-01
-3.495570553673638114e-01
-3.480175601111518136e-01
-3.503507243262397042e-01
-3.502109315660264510e-01
-3.488720258076985492e-01
-3.531696531507704240e-01
-3.490946557786729354e-01
-3.456836541493733539e-01
-3.473799228668212891e-01
-3.494091298845078963e-01
-3.502524428897433872e-01
-3.488951524098714008e-01
-3.490995036231147042e-01
-3.518815305497910995e-01
-3.468877739376491909e-01
-3.518037796020507812e-01
-3.520809279547797432e-01
-3.528132703569200057e-01
-3.494839403364393693e-01
-3.505016167958577289e-01
-3.534855047861735211e-01
-3.508197466532389508e-01
-3.493102126651340122e-01
-3.527669376797146206e-01
-3.455787234836154576e-01
-3.521188100179036273e-01
-3.515834543440077287e-01
-3.512299325731065291e-01
-3.508854442172580357e-01
-3.489872084723578682e-01
-3.515421549479166852e-01
-3.453839619954426898e-01
-3.532187673780653459e-01
-3.483788172403971539e-01
-3.480158646901448383e-01
-3.504735628763834820e-01
-3.501299752129448661e-01
-3.527015580071343193e-01
-3.495922088623046875e-01
-3.516601721445719586e-01
-3.511024845971001396e-01
-3.526780075497097378e-01
-3.492348459031846541e-01
-3.535334269205729352e-01
-3.513591554429795760e-01
-3.509150611029731026e-01
-3.516439861721462612e-01
-3.497390747070312500e-01
-3.505974345737033482e-01
-3.520089520348442802e-01
-3.530282974243164062e-01
-3.522993458641899833e-01
-3.505894872877333146e-01
-3.509653144412570591e-01
-3.505036565992567521e-01
-3.538236618041992188e-01
-3.528370857238769531e-01
-3.525126775105794086e-01
-3.521928787231445312e-01
-3.518781132168239956e-01
-3.528321584065755023e-01
-3.517581621805827008e-01
-3.527474138471815568e-01
-3.523734940422905693e-01
-3.524210188123915177e-01
-3.483880360921223773e-01
-3.532558017306857701e-01
-3.506560325622558594e-01
-3.529567718505859375e-01
-3.527968194749619979e-01
-3.512208726671006698e-01
-3.533769978417290458e-01
-3.543043666415744419e-01
-3.540623188018798828e-01
-3.527035713195800781e-01
-3.506577279832627791e-01
-3.529451423221164341e-01
-3.476694954766167411e-01
-3.498241106669108258e-01
-3.531604342990451451e-01
-3.510371579064263114e-01
-3.545055654313828963e-01
-3.507850435045030135e-01
-3.548751407199435826e-01
-3.543690310584174386e-01
-3.524776299794514789e-01
-3.496994442409939174e-01
-3.488596015506320591e-01
-3.521187305450439453e-01
-3.496470186445448380e-01
-3.492042223612467633e-01
-3.521169821421305524e-01
-3.541384008195664901e-01
-3.520618544684516182e-01
-3.555679851108127232e-01
-3.474778599209255581e-01
-3.512227800157334823e-01
-3.526313039991590959e-01
-3.549375534057617188e-01
-3.551873630947536831e-01
-3.539087242550320034e-01
-3.521778583526611328e-01
-3.548545042673746930e-01
-3.510297669304741630e-01
-3.517636722988552456e-01
-3.511700365278456193e-01
-3.493906921810573940e-01
-3.496083948347303849e-01
-3.535574012332492466e-01
-3.557541635301377791e-01
-3.522716363271077289e-01
-3.539521959092881698e-01
-3.513113922542995815e-01
-3.543663289811875838e-01
-3.565076457129584542e-01
-3.494643105400933036e-01
-3.561342822180854073e-01
-3.542499277326796037e-01
-3.544392850663926620e-01
-3.559457725948757534e-01
-3.523986604478623885e-01
-3.525013923645019531e-01
-3.545755015479193917e-01
-3.551731639438205357e-01
-3.531469239128960380e-01
-3.520430723826090680e-01
-3.539517455630832310e-01
-3.501765463087294084e-01
-3.531965149773491630e-01
-3.551586204104953404e-01
-3.517329163021511440e-01
-3.535597854190402622e-01
-3.552684519026014787e-01
-3.519433604346381417e-01
-3.557651307847764510e-01
-3.563977347479926339e-01
-3.556791146596272601e-01
-3.551447126600477677e-01
-3.554150793287489396e-01
-3.536760542127821427e-01
-3.576297230190700893e-01
-3.549840450286865234e-01
-3.566358089447021484e-01
-3.545128504435221539e-01
-3.546040587955051060e-01
-3.551803694831000557e-01
-3.558757570054795760e-01
-3.536915779113769531e-01
-3.538379139370388393e-01
-3.584668636322021484e-01
-3.518083890279133930e-01
-3.542117012871636161e-01
-3.530294100443522320e-01
-3.586121930016411552e-01
-3.547539710998535156e-01
-3.532349268595377789e-01
-3.546179930369059430e-01
-3.554987642500135880e-01
-3.565074602762858258e-01
-3.521463871002197266e-01
-3.574326833089192523e-01
-3.550190925598144531e-01
-3.548949029710557479e-01
-3.547108703189426060e-01
-3.578176233503553849e-01
-3.543143272399902344e-01
-3.540573649936252232e-01
-3.546051979064941406e-01
-3.558913071950276508e-01
-3.564480940500895367e-01
-3.521203994750976562e-01
-3.559848467508952008e-01
-3.566825919681125279e-01
-3.555564615461561662e-01
-3.575888209872775669e-01
-3.565098974439833146e-01
-3.586081928677029018e-01
-3.548776043785942802e-01
-3.569494883219401227e-01
-3.579178121354844588e-01
-3.549865351782904854e-01
-3.571183681488037109e-01
-3.555875619252522601e-01
-3.594993485344780693e-01
-3.564678033192952289e-01
-3.572047551472981586e-01
-3.571041160159640904e-01
-3.565641774071587333e-01
-3.581331835852729073e-01
-3.564984533521864396e-01
-3.563696278466118583e-01
