-1.224249071545071010e-01
-1.804015371534559431e-01
-2.057032320234510603e-01
-2.193841669294569197e-01
-2.205986446804470424e-01
-2.236076990763346262e-01
-2.286154429117838449e-01
-2.401447031233045759e-01
-2.477367719014485770e-01
-2.565609614054362164e-01
-2.536515659756130581e-01
-2.657849788665771484e-01
-2.586196793450249443e-01
-2.684190538194444198e-01
-2.640644709269205914e-01
-2.658661471472846261e-01
-2.686008082495795479e-01
-2.737877633836534041e-01
-2.821047306060791016e-01
-2.788797219594319476e-01
-2.818654113345676060e-01
-2.839098771413167133e-01
-2.803658379448784599e-01
-2.890122731526692523e-01
-2.911314169565836774e-01
-2.897359000311957589e-01
-2.841483222113715401e-01
-2.912379635704888114e-01
-2.893775039248996372e-01
-2.996596230400933036e-01
-3.027924696604410992e-01
-3.036926587422688617e-01
-3.063221507602267857e-01
-3.035875161488850726e-01
-3.100248972574869977e-01
-3.085339069366455078e-01
-3.114929464128282088e-01
-3.120569652981228237e-01
-3.130722840627034320e-01
-3.146667215559217912e-01
-3.101737764146592635e-01
-3.120348718431260604e-01
-3.133759233686659318e-01
-3.137478298611111049e-01
-3.140973514980739956e-01
-3.152451780107285995e-01
-3.223893112606472378e-01
-3.211103015475803013e-01
-3.168366750081380023e-01
-3.244057496388753070e-01
-3.235485818650987166e-01
-3.222743935055202846e-01
-3.202185365888807755e-01
-3.294625017378065568e-01
-3.279336823357476005e-01
-3.285779688093397599e-01
-3.274003399742974052e-01
-3.258300887213813057e-01
-3.324136204189724331e-01
-3.324204550849066964e-01
-3.348668681250678292e-01
-3.361276520623101005e-01
-3.330398135715060826e-01
-3.396242459615071430e-01
-3.358871142069498883e-01
-3.397498925526936664e-01
-3.415093421936035156e-01
-3.407611052195231305e-01
-3.413081963857014789e-01
-3.426725864410400391e-01
-3.408669630686442242e-01
-3.368599149915907365e-01
-3.461041715410020370e-01
-3.461079597473144531e-01
-3.429819477929009208e-01
-3.451429473029242745e-01
-3.455169200897216797e-01
-3.445574442545573102e-01
-3.453501065572102680e-01
-3.484458128611246930e-01
-3.446287049187554130e-01
-3.459674517313639508e-01
-3.474212487538655414e-01
-3.447689215342203961e-01
-3.472833103603786831e-01
-3.465010325113932477e-01
-3.472679720984565011e-01
-3.472511238521999721e-01
-3.464380370246039620e-01
-3.476584487491183872e-01
-3.481489817301432477e-01
-3.496395746866862164e-01
-3.533328374226887836e-01
-3.477035098605685826e-01
-3.464578522576226005e-01
-3.508559597863091239e-01
-3.518351183997260323e-01
-3.514159785376654854e-01
-3.519022464752197266e-01
-3.512270715501573104e-01
-3.533684942457411271e-01
-3.541287846035427456e-01
-3.522093560960557479e-01
-3.539190557267930526e-01
-3.531779448191325055e-01
-3.548415237002902622e-01
-3.539128038618299943e-01
-3.553270763821071987e-01
-3.555712964799668807e-01
-3.538441128200954799e-01
-3.517475393083360213e-01
-3.558180067274305802e-01
-3.560174571143256417e-01
-3.533918327755398159e-01
-3.542262183295356026e-01
-3.553295400407578963e-01
-3.570325904422336216e-01
-3.553055392371283761e-01
-3.569116857316758651e-01
-3.560276031494140625e-01
-3.550309605068630581e-01
-3.585065735710991630e-01
-3.580842283036973495e-01
-3.564705848693847656e-01
-3.593555291493733539e-01
-3.588392469618055802e-01
-3.586379157172309151e-01
-3.598263793521457310e-01
-3.578897052341037388e-01
-3.608171410030788784e-01
-3.588087028927273159e-01
-3.618375725216335659e-01
-3.584174844953749162e-01
-3.591842386457655412e-01
-3.620004389021131974e-01
-3.602351877424452287e-01
-3.600303596920437221e-01
-3.619527022043864117e-01
-3.602799574534098492e-01
-3.606149090660942802e-01
-3.572635650634765625e-01
-3.617232640584309711e-01
-3.607430458068847656e-01
-3.617526160346137276e-01
-3.604227966732448940e-01
-3.604302936130099888e-01
-3.631785710652669086e-01
-3.619962268405490513e-01
-3.627071380615234375e-01
-3.625066280364990234e-01
-3.626870049370659599e-01
-3.623808489905463448e-01
-3.605147732628716239e-01
-3.628317250145806083e-01
-3.634636402130126953e-01
-3.622251086764865513e-01
-3.618214395311143416e-01
-3.623454570770263672e-01
-3.634437719980875836e-01
-3.626531494988335380e-01
-3.608655399746364956e-01
-3.632269435458713169e-01
-3.642225530412461776e-01
-3.613770008087158203e-01
-3.649519814385308036e-01
-3.628561761644151229e-01
-3.631044228871663226e-01
-3.615164756774902344e-01
-3.625420199500190011e-01
-3.631096945868598214e-01
-3.610446188184950334e-01
-3.636060025956895370e-01
-3.636340035332573661e-01
-3.621603647867838727e-01
-3.636567062801784878e-01
-3.615358670552571430e-01
-3.619600137074788226e-01
-3.628264003329806919e-01
-3.606534798940022601e-01
-3.655346234639485492e-01
-3.631787035200331193e-01
-3.638513618045383091e-01
-3.619467682308620815e-01
-3.612761497497558594e-01
-3.640409310658772601e-01
-3.608792887793647042e-01
-3.610758516523573380e-01
-3.602728313869900112e-01
-3.617094622717963448e-01
-3.606272273593478794e-01
-3.633056746588813057e-01
-3.609390258789062500e-01
-3.606056372324625836e-01
-3.623382780287001115e-01
-3.589780860477023716e-01
-3.633595042758517857e-01
-3.628231684366862164e-01
-3.624939653608534318e-01
-3.608697785271538505e-01
-3.598799970414903182e-01
-3.613025347391764508e-01
-3.602460490332709542e-01
-3.600157366858588448e-01
-3.594550821516249162e-01
-3.617490927378336774e-01
-3.573695288764106026e-01
-3.567503293355305805e-01
-3.595528337690565568e-01
-3.582820627424452287e-01
-3.597792254553900948e-01
-3.562734921773274555e-01
-3.573018179999457589e-01
-3.562541007995605469e-01
-3.553561634487575893e-01
-3.564269807603623885e-01
-3.591677082909477958e-01
-3.569597668117946987e-01
-3.597378995683457870e-01
-3.557056056128607979e-01
-3.610840108659532088e-01
-3.570362991756863003e-01
-3.575040764278835659e-01
-3.593812783559163226e-01
-3.579924371507432479e-01
-3.576000266604953404e-01
-3.589052889082167130e-01
-3.564019733005099888e-01
-3.599515755971272601e-01
-3.598862489064534320e-01
-3.574012650383843193e-01
-3.594582875569661273e-01
-3.608360025617811662e-01
-3.589260313245985490e-01
-3.574770556555854073e-01
-3.576869699690077287e-01
-3.596101337009006138e-01
-3.611045943366156807e-01
-3.598703808254665737e-01
-3.583274682362874164e-01
-3.568442662556965961e-01
-3.609018590715196151e-01
-3.600890636444091797e-01
-3.605379263559977399e-01
-3.584969573550754185e-01
-3.600638177659776229e-01
-3.610745535956488839e-01
-3.584110207027859096e-01
-3.585184945000542411e-01
-3.611920144822862166e-01
-3.601104153527153739e-01
-3.605097664727104911e-01
-3.589367866516113281e-01
-3.601318200429280414e-01
-3.620867464277479630e-01
-3.601574103037516461e-01
-3.619041442871093750e-01
-3.606226709153916854e-01
-3.617479271358913784e-01
-3.620848920610215682e-01
-3.584211932288275948e-01
-3.615545431772868024e-01
-3.636367850833469029e-01
-3.611236148410373326e-01
-3.623882399664984932e-01
-3.602328830295138951e-01
-3.587280114491780414e-01
-3.610787126753065568e-01
-3.636679649353027344e-01
-3.629116217295328961e-01
-3.626490963829888114e-01
-3.624383078681098214e-01
-3.633794784545898438e-01
-3.625751866234673271e-01
-3.629558351304795760e-01
-3.623450597127278461e-01
-3.599510192871093750e-01
-3.633014361063639508e-01
-3.627997504340277901e-01
-3.612585067749023438e-01
-3.629355430603027344e-01
-3.637880484263102399e-01
-3.602660497029622211e-01
-3.633312914106581193e-01
-3.642146852281358260e-01
-3.630930317772759208e-01
-3.639377223120795479e-01
-3.625068399641249162e-01
-3.651172849867079240e-01
-3.626638518439398995e-01
-3.634767267439100724e-01
-3.630418247646755581e-01
-3.654757605658637276e-01
-3.630908860100640068e-01
-3.622713883717854633e-01
-3.655538294050428849e-01
-3.627182112799750557e-01
-3.651775519053141461e-01
-3.652119901445176620e-01
-3.626977072821723214e-01
-3.654609256320529576e-01
-3.647217750549316406e-01
-3.654443422953287945e-01
-3.657111061943901786e-01
-3.632407188415527344e-01
-3.650007512834336776e-01
-3.662486871083577289e-01
-3.643663989173041573e-01
-3.653212918175591239e-01
-3.656078974405924664e-01
-3.656447463565402622e-01
-3.643773396809895648e-01
-3.647490077548556919e-01
-3.642696274651421318e-01
-3.651576042175292969e-01
-3.661941952175564174e-01
-3.651603857676188336e-01
-3.679542276594374162e-01
-3.661575847201877232e-01
-3.663449552324082870e-01
-3.641950024498833427e-01
-3.671913146972656250e-01
-3.646558655632866630e-01
-3.662370310889350167e-01
-3.660810258653428573e-01
-3.691435125139024276e-01
-3.670055601331922990e-01
-3.666011227501763114e-01
-3.668917549981011161e-01
-3.669741683536105747e-01
-3.648628128899468193e-01
-3.629176351759169084e-01
-3.678322633107503070e-01
-3.670948876274956474e-01
-3.689221541086832867e-01
-3.666848871443006974e-01
-3.679579893747965680e-01
-3.674045933617485771e-01
-3.679748641120063057e-01
-3.672324551476372489e-01
-3.674908214145236607e-01
-3.656288252936469307e-01
-3.670414818657768974e-01
-3.664724561903212052e-01
-3.689234521653916854e-01
-3.674174149831135883e-01
-3.660869598388671875e-01
-3.681144449445936662e-01
-3.669155703650580636e-01
-3.679720295800102958e-01
-3.664817280239529018e-01
-3.675654199388291854e-01
-3.678539329104953404e-01
-3.690537346733940849e-01
-3.706469535827636719e-01
-3.701432810889350167e-01
-3.673897054460313338e-01
-3.668642838795979633e-01
-3.700589074028862724e-01
-3.681412272983127232e-01
-3.690349260965983258e-01
-3.683913018968369979e-01
-3.703407446543375836e-01
-3.676989078521728516e-01
-3.678368727366129742e-01
-3.688500987158881417e-01
-3.704340193006727677e-01
-3.685679435729980469e-01
-3.686346742841932755e-01
-3.685122595893012276e-01
-3.685510423448350448e-01
-3.678174283769395370e-01
-3.693003389570448380e-01
-3.684333695305718193e-01
-3.674296008216010323e-01
-3.695535659790039062e-01
-3.693074120415581474e-01
-3.700611326429579240e-01
-3.693306181165907365e-01
-3.704290919833713169e-01
-3.698635896046956195e-01
-3.675842285156250000e-01
-3.689472940233018416e-01
-3.698369926876491909e-01
-3.697214126586914062e-01
-3.714749813079833984e-01
-3.688271575503879185e-01
-3.703288237253825055e-01
-3.699203597174750557e-01
-3.702907032436794643e-01
-3.704069455464680805e-01
-3.700990676879882812e-01
-3.702932463751898995e-01
-3.700789875454372768e-01
-3.728463119930691128e-01
-3.699124389224582310e-01
-3.695385720994737166e-01
-3.710427549150254745e-01
-3.689057297176784878e-01
-3.683913283877902622e-01
-3.693892425960964565e-01
-3.690573374430338727e-01
-3.710340129004584542e-01
-3.695062266455756417e-01
-3.701139820946587333e-01
-3.716645505693223495e-01
-3.705983956654866351e-01
-3.701213995615641461e-01
-3.718185159895155412e-01
-3.703861236572265625e-01
-3.708291583591037388e-01
-3.708038859897189732e-01
-3.709898259904649276e-01
-3.708975844913058872e-01
-3.701776133643256417e-01
-3.703704939948188057e-01
-3.694563706715901508e-01
-3.713004059261745815e-01
-3.714016013675265904e-01
-3.706353505452473773e-01
-3.709911505381266461e-01
-3.696158197191026229e-01
-3.695276048448350448e-01
-3.700833320617675781e-01
-3.733483685387505302e-01
-3.696235020955403461e-01
-3.723205990261501674e-01
-3.713975217607285995e-01
-3.709711763593885880e-01
-3.729702896542019253e-01
-3.718581199645996094e-01
-3.720559544033474331e-01
-3.716737164391411552e-01
-3.718083169725205916e-01
-3.708966043260362166e-01
-3.739456335703532086e-01
-3.707625071207682477e-01
-3.713135719299316406e-01
-3.722814189063178292e-01
-3.719939125908745536e-01
-3.704565895928276786e-01
-3.707323339250352401e-01
-3.723180823855929966e-01
-3.725771109263102399e-01
-3.716568152109782086e-01
-3.710542519887288226e-01
-3.721695211198594588e-01
-3.732233047485351562e-01
-3.715735806359184989e-01
-3.726214567820231305e-01
-3.711353143056233539e-01
-3.720482985178629742e-01
-3.721306059095594865e-01
-3.734941482543945312e-01
-3.718686103820800781e-01
-3.717785411410861607e-01
-3.727141486273871651e-01
-3.711085319519042969e-01
-3.722520404391818638e-01
-3.713818920983208427e-01
-3.714049922095404854e-01
-3.715424537658691406e-01
-3.716593848334418526e-01
-3.720473183525933036e-01
-3.727889060974121094e-01
-3.728657298617892857e-01
-3.732548819647895089e-01
-3.732218477461073380e-01
-3.726313379075791854e-01
-3.732096883985731584e-01
-3.727465735541449776e-01
-3.718935648600260602e-01
-3.711776468488905412e-01
-3.710142771402994977e-01
-3.732009728749592914e-01
-3.716841803656684151e-01
-3.726936976114909039e-01
-3.729702896542019253e-01
-3.732495043012831193e-01
-3.724303775363498326e-01
-3.742849296993679409e-01
-3.730132844712998885e-01
-3.725510703192816964e-01
-3.731570243835449219e-01
-3.728455702463785992e-01
-3.724961545732285995e-01
-3.721794287363688336e-01
-3.729591369628906250e-01
-3.705228964487711774e-01
-3.745198514726426620e-01
-3.727765613132053013e-01
-3.736032909817165737e-01
-3.711223337385389787e-01
-3.734188874562581195e-01
-3.725261688232421875e-01
-3.748393853505452289e-01
-3.754992749955918807e-01
-3.735312620798746930e-01
-3.720181253221299666e-01
-3.723457124498155135e-01
-3.729954295688205357e-01
-3.737317191229926339e-01
-3.729242748684353237e-01
-3.738638030158148995e-01
-3.728685908847385044e-01
-3.737067116631401786e-01
-3.739559915330674666e-01
-3.736422591739230747e-01
-3.739331828223334542e-01
-3.732455571492512836e-01
-3.736845652262369977e-01
-3.742252720726860771e-01
-3.721147378285725726e-01
-3.727013799879286271e-01
-3.720838758680555802e-01
-3.726940949757893695e-01
-3.748016622331407088e-01
-3.724296887715657367e-01
-3.734914726681179409e-01
-3.732902738783094865e-01
-3.742754989200168247e-01
-3.731062942081027622e-01
-3.741312556796603794e-01
-3.728262318505181083e-01
-3.735114468468559989e-01
-3.728625774383544922e-01
-3.736784193250868302e-01
-3.715880711873372211e-01
-3.742893801795111886e-01
-3.726391527387831193e-01
-3.741461435953776227e-01
-3.727628654903835659e-01
-3.749292426639133091e-01
-3.725269105699327010e-01
-3.744586838616265068e-01
-3.735167185465494977e-01
-3.732212914360893974e-01
-3.750349945492214565e-01
-3.739856878916422711e-01
-3.741153875986735211e-01
-3.741741975148518695e-01
-3.730100525750054130e-01
-3.746828503078884487e-01
-3.755604955885145646e-01
-3.740108013153076172e-01
-3.739568922254774552e-01
-3.732910686069064732e-01
-3.750309944152832031e-01
-3.726773526933457870e-01
-3.741143809424506417e-01
-3.728669484456380023e-01
-3.741013209025065289e-01
-3.735232088300917130e-01
-3.741012944115532646e-01
-3.747237523396809711e-01
-3.749072816636827010e-01
-3.744651741451687221e-01
-3.744480344984266740e-01
-3.727318180931938896e-01
-3.744023376040988560e-01
-3.744759559631347656e-01
-3.755967087215847378e-01
-3.744020726945664901e-01
-3.743423885769314174e-01
-3.733907010820176620e-01
-3.752561940087212333e-01
-3.739728662702772599e-01
-3.739340835147433872e-01
-3.747198846605088729e-01
-3.729743957519531250e-01
-3.737341562906901227e-01
-3.747656875186496372e-01
-3.730144235822889787e-01
-3.739386929406059989e-01
-3.732153574625651227e-01
-3.752348423004150391e-01
-3.739193810356987724e-01
-3.734785715738932477e-01
-3.737352424197726841e-01
-3.745422098371717912e-01
-3.747668266296386719e-01
-3.742833667331271763e-01
-3.737050427330864677e-01
-3.749402099185519810e-01
-3.750428093804253349e-01
-3.754244380527072544e-01
-3.736438751220703125e-01
-3.762910630967881698e-01
-3.768535455067952289e-01
-3.732794125874837055e-01
-3.746436172061496372e-01
-3.750240008036295758e-01
-3.736499150594075336e-01
-3.739909860822889787e-01
-3.747124671936035156e-01
-3.750670750935872211e-01
-3.752907911936442242e-01
-3.730845451354980469e-01
-3.741149107615153180e-01
-3.733716275956895370e-01
-3.741074668036566964e-01
-3.738962014516194476e-01
-3.742028077443440570e-01
-3.758960300021701451e-01
-3.735091156429714565e-01
-3.749232557084825057e-01
-3.743151293860541573e-01
-3.735788928137885323e-01
-3.743933306799994698e-01
-3.752158747778998604e-01
-3.747401767306857701e-01
-3.760869767930772323e-01
-3.749837345547146206e-01
-3.759795029958089008e-01
-3.750847445593940011e-01
-3.756749100155300503e-01
-3.742345968882243024e-01
-3.735119501749674664e-01
-3.742336167229546318e-01
-3.742520809173583984e-01
-3.742934068044026508e-01
-3.751121362050374164e-01
-3.754514323340522042e-01
-3.755074342091878070e-01
-3.741812705993652344e-01
-3.740242322285969867e-01
-3.743901252746582031e-01
-3.743842707739936104e-01
-3.745691511366102677e-01
-3.745232688056098214e-01
-3.754606246948242188e-01
-3.758948644002278461e-01
-3.763062953948974609e-01
-3.736916118197970982e-01
-3.743866284688313617e-01
-3.740807374318440570e-01
-3.752057817247178573e-01
-3.752980762057834263e-01
-3.739297125074598771e-01
-3.748003376854790458e-01
-3.747953838772243862e-01
-3.731829060448540458e-01
-3.752469221750895367e-01
-3.751654095119900112e-01
-3.746738168928358537e-01
-3.744888305664062500e-01
-3.752813869052463169e-01
-3.751344680786132812e-01
-3.754003312852647323e-01
-3.766237629784477958e-01
-3.759004539913601284e-01
-3.755999935997856864e-01
-3.770166767968071708e-01
-3.753186861673991070e-01
-3.756024307674831753e-01
-3.756141927507188338e-01
-3.755722045898437500e-01
-3.758064111073811664e-01
-3.741817739274766463e-01
-3.758832348717583427e-01
-3.748122851053873883e-01
-3.732324706183539620e-01
-3.748641808827717914e-01
-3.740845256381564732e-01
-3.749054008060031529e-01
-3.746325439876980190e-01
-3.746816317240397320e-01
-3.756402068667941685e-01
-3.761547141604953404e-01
-3.757745159996880302e-01
-3.738820817735459823e-01
-3.765019575754801617e-01
-3.739630116356743583e-01
-3.751357926262749443e-01
-3.756527900695800781e-01
-3.741974300808376674e-01
-3.753610452016194476e-01
-3.735843764411078682e-01
-3.754525184631347656e-01
-3.764104048411051617e-01
-3.753333356645371932e-01
-3.764322863684760323e-01
-3.763354619344075336e-01
-3.745721711052788505e-01
-3.749357064565022601e-01
-3.742843998803032646e-01
-3.757933510674370536e-01
-3.742668628692626953e-01
-3.755813704596625557e-01
-3.743707074059380302e-01
-3.750374846988254185e-01
-3.753109243181016463e-01
-3.761511378818088169e-01
-3.757089773813883649e-01
-3.773399458991156807e-01
-3.748030662536621094e-01
-3.746905856662326451e-01
-3.764218489329020367e-01
-3.756421407063801898e-01
-3.741927676730685826e-01
-3.747179773118760604e-01
-3.751164807213677177e-01
-3.759033679962158203e-01
-3.750540680355495815e-01
-3.758303059471977958e-01
-3.761227660708957310e-01
-3.765762911902533761e-01
-3.761763837602403182e-01
-3.751546276940239677e-01
-3.750256962246364956e-01
-3.754999902513291854e-01
-3.751252757178412667e-01
-3.763567606608073102e-01
-3.739882840050591239e-01
-3.758317629496256695e-01
-3.760176234775119419e-01
-3.748088147905137557e-01
-3.762897650400797711e-01
-3.748463259802924386e-01
-3.757414023081461774e-01
-3.754979504479302177e-01
-3.759172492557101841e-01
-3.756985664367675781e-01
-3.756615850660536271e-01
-3.777728345659043807e-01
-3.750199741787380581e-01
-3.767855432298448104e-01
-3.774282667371962052e-01
-3.751976225111219865e-01
-3.741960790422227401e-01
-3.753526475694444198e-01
-3.759908146328396206e-01
-3.749470445844862443e-01
-3.758930895063612443e-01
-3.750103049808078404e-01
-3.775345219506157646e-01
-3.771880202823215122e-01
-3.753145800696479073e-01
-3.754318555196126117e-01
-3.761890464358859654e-01
-3.754683600531684151e-01
-3.779578473832871932e-01
-3.767781522538926620e-01
-3.754268222384982701e-01
-3.745129108428955078e-01
-3.752248552110459823e-01
-3.745063145955403461e-01
-3.767103883955214005e-01
-3.748450014326307755e-01
-3.758474985758463727e-01
-3.757398658328586216e-01
-3.746568626827663784e-01
-3.760964605543348771e-01
-3.769385019938151227e-01
-3.752541277143690568e-01
-3.767888810899522323e-01
-3.764078882005479354e-01
-3.769975768195258370e-01
-3.760641151004367466e-01
-3.765687412685818081e-01
-3.762461079491509208e-01
-3.747807873619927177e-01
-3.754140800899929409e-01
-3.747480445437961216e-01
-3.760236104329426898e-01
-3.763313028547499162e-01
-3.761046992407904854e-01
-3.750633398691813336e-01
-3.760924604203965682e-01
-3.756186167399088727e-01
-3.766898314158121930e-01
-3.764923413594563617e-01
-3.757203684912787667e-01
-3.754218684302436104e-01
-3.764563931359184989e-01
-3.743391036987304688e-01
-3.757860925462510604e-01
-3.758806387583414899e-01
-3.737819989522297992e-01
-3.752026293012831193e-01
-3.762440151638454799e-01
-3.759552902645534878e-01
-3.758802413940429688e-01
-3.753632439507378349e-01
-3.760023646884494419e-01
-3.755062421162922992e-01
-3.746213118235270367e-01
-3.769366476270887834e-01
-3.767272101508246651e-01
-3.746551407708061943e-01
-3.767803245120578404e-01
-3.760280609130859375e-01
-3.748027218712700614e-01
-3.778131537967258091e-01
-3.759366406334770927e-01
-3.760514789157443638e-01
-3.745768335130479354e-01
-3.758163187238905412e-01
-3.754577371809217912e-01
-3.768939442104763393e-01
-3.769790331522623883e-01
-3.765634165869818917e-01
-3.759359783596462612e-01
-3.761213090684678573e-01
-3.762253125508626117e-01
-3.766172462039523716e-01
-3.769632445441352120e-01
-3.766878181033664341e-01
-3.776201142205132255e-01
-3.767217530144585380e-01
-3.762901359134250279e-01
-3.747467464870876674e-01
-3.763683107164170760e-01
-3.776589234670003070e-01
-3.761028448740641461e-01
-3.769478533003065568e-01
-3.770964410569932479e-01
-3.757760524749755859e-01
-3.768508699205186385e-01
-3.758151531219482422e-01
-3.767026000552707310e-01
-3.749933507707383651e-01
-3.752721150716145648e-01
-3.758598168690999164e-01
-3.752368821038140068e-01
-3.759221500820583706e-01
-3.769835101233588448e-01
-3.774546782175700055e-01
-3.756532139248318081e-01
-3.761130174001057758e-01
-3.765300644768608818e-01
-3.762960698869493026e-01
-3.754419220818413505e-01
-3.761311372121174945e-01
-3.761820793151855469e-01
-3.754263718922932758e-01
-3.777559598286946430e-01
-3.761076662275526505e-01
-3.762946393754746932e-01
-3.772019545237223492e-01
-3.768027358584933872e-01
-3.753890461391872768e-01
-3.768712414635552177e-01
-3.765564759572346820e-01
-3.756553861829969865e-01
-3.755461904737684709e-01
-3.757185406155056362e-01
-3.756099541982014789e-01
-3.772522608439127789e-01
-3.755858739217122211e-01
-3.765400515662299386e-01
-3.763381640116373883e-01
-3.771585888332790737e-01
-3.761058118608262557e-01
-3.764784600999619979e-01
-3.762753804524739398e-01
-3.767286141713460101e-01
-3.766521877712673549e-01
-3.766975402832031250e-01
-3.756461143493652344e-01
-3.747700850168864117e-01
-3.772240744696723214e-01
-3.771129449208577289e-01
-3.779114617241753349e-01
-3.769251240624321708e-01
-3.757772710588243026e-01
-3.760171731313069476e-01
-3.764881557888454799e-01
-3.770181867811415177e-01
-3.770574463738335380e-01
-3.774083720313178292e-01
-3.765772713555229911e-01
-3.773200511932373047e-01
-3.753159311082627791e-01
-3.773096667395697823e-01
-3.759464422861735211e-01
-3.771355681949191685e-01
-3.761219183603922711e-01
-3.763386408487955914e-01
-3.765525817871093750e-01
-3.775367736816406250e-01
-3.756569491492377511e-01
-3.770947456359863281e-01
-3.772378497653537388e-01
-3.769094414181179409e-01
-3.762149280971950893e-01
-3.752208815680609932e-01
-3.757275475396050224e-01
-3.760769367218017578e-01
-3.773484230041503906e-01
-3.770072725084092635e-01
-3.778710895114474888e-01
-3.763030105166965122e-01
-3.774986531999375838e-01
-3.756390412648518695e-01
-3.763592773013644810e-01
-3.768539428710937500e-01
-3.767644299401177177e-01
-3.768011199103461495e-01
-3.760698901282416573e-01
-3.773042096032036552e-01
-3.784466054704453963e-01
-3.770573933919270648e-01
-3.770508236355251674e-01
-3.771074612935383930e-01
-3.759182559119330636e-01
-3.761837217542860490e-01
-3.756980366177029018e-01
-3.772124714321560268e-01
-3.759410381317138672e-01
-3.761699199676513672e-01
-3.768752945793999443e-01
-3.754498958587646484e-01
-3.772456645965576172e-01
-3.752906852298312779e-01
-3.770630359649658203e-01
-3.761076397365993862e-01
-3.771708541446261997e-01
-3.778357770707871932e-01
-3.769183423784043807e-01
-3.748732672797309151e-01
-3.748663531409369698e-01
-3.753011491563584823e-01
-3.768392668830023995e-01
-3.766072591145833148e-01
-3.754743470085991630e-01
-3.774864938524034041e-01
-3.771119912465413226e-01
-3.771691587236192245e-01
-3.773856163024902344e-01
-3.770302666558159599e-01
-3.767318990495469588e-01
-3.765867021348741073e-01
-3.775514231787787667e-01
-3.762151665157741909e-01
-3.759807215796576729e-01
-3.763470384809706193e-01
-3.767141501108805524e-01
-3.750579622056748885e-01
-3.781969282362196427e-01
-3.769991397857666016e-01
-3.769298924340142021e-01
-3.772512012057834263e-01
-3.776422076755099888e-01
-3.762457105848524552e-01
-3.768158753712971820e-01
-3.753581311967637557e-01
-3.768494394090440291e-01
-3.780574003855387555e-01
-3.763456609514024276e-01
-3.769028981526692523e-01
-3.766827318403456193e-01
-3.771929740905761719e-01
-3.768579165140787945e-01
-3.758796850840250836e-01
-3.766617774963378906e-01
-3.769375483194987164e-01
-3.763427999284532088e-01
-3.762759897443983537e-01
-3.773739073011610490e-01
-3.775337537129719867e-01
-3.772015571594238281e-01
-3.755484951866997489e-01
-3.780897458394368305e-01
-3.781289789411756974e-01
-3.777098125881618862e-01
-3.773968219757080078e-01
-3.786444928910996932e-01
-3.770837783813476562e-01
-3.771775828467475167e-01
-3.768600357903374443e-01
-3.767194218105739956e-01
-3.774445056915283203e-01
-3.755920198228623885e-01
-3.760968579186333427e-01
-3.759565088484022599e-01
-3.764459557003445034e-01
-3.771649466620551339e-01
-3.769650194380018693e-01
-3.763336870405409318e-01
-3.787350389692518693e-01
-3.771418465508354911e-01
-3.753940529293484096e-01
-3.776280615064833146e-01
-3.757192293802897320e-01
-3.772670957777235490e-01
-3.767164548238118305e-01
-3.758979373508029576e-01
-3.770280414157443638e-01
-3.769317468007405414e-01
-3.772463533613417130e-01
-3.777963320414225445e-01
-3.773548073238796596e-01
-3.777739206949869977e-01
-3.773583571116129742e-01
-3.762136035495334263e-01
-3.771172629462348214e-01
-3.766791555616590959e-01
-3.777070575290256138e-01
-3.753848075866699219e-01
-3.770209418402777901e-01
-3.763700061374240513e-01
-3.776351875729030971e-01
-3.767688804202609654e-01
-3.767790529463026505e-01
-3.773420121934678573e-01
-3.784537315368652344e-01
-3.772418498992919922e-01
-3.780338234371609096e-01
-3.762082258860270367e-01
-3.773508336808946151e-01
-3.784800900353325614e-01
-3.770884672800700055e-01
-3.773455619812011719e-01
-3.780265119340684432e-01
-3.768862088521321430e-01
-3.770161734686957589e-01
-3.779449727800157088e-01
-3.776594003041585101e-01
-3.780392275916205636e-01
-3.764833874172634487e-01
-3.763669596778022042e-01
-3.765941196017795201e-01
-3.781750731998019810e-01
-3.781962394714355469e-01
-3.772563934326171875e-01
-3.792439036899142857e-01
-3.764466179741753349e-01
-3.785250451829698104e-01
-3.782100147671169643e-01
-3.763508001963297711e-01
-3.770830896165635604e-01
-3.776367505391438617e-01
-3.773619863722059709e-01
-3.778644667731391182e-01
-3.775507873959011440e-01
-3.784202469719780693e-01
-3.771216339535183315e-01
-3.785299460093180524e-01
-3.765141169230143414e-01
-3.765073352389865513e-01
-3.778640429178873883e-01
-3.776159021589491349e-01
-3.770921760135226841e-01
-3.795614772372775669e-01
-3.766416973537868862e-01
-3.769834571414523716e-01
-3.767273690965440291e-01
-3.768381012810601005e-01
-3.780748049418131695e-01
-3.778574731614854354e-01
-3.769228723314073104e-01
-3.770042260487874164e-01
-3.787612385219997768e-01
-3.776763280232747211e-01
-3.763495551215277901e-01
-3.765317863888210659e-01
-3.770328362782796039e-01
-3.769180774688720703e-01
-3.778117762671576729e-01
-3.772435718112521763e-01
-3.769624233245849609e-01
-3.774087429046630859e-01
-3.774909443325466518e-01
-3.773335615793864117e-01
-3.777872191535102120e-01
-3.767942852444118862e-01
-3.779870669047037945e-01
-3.766506512959797992e-01
-3.781238926781548271e-01
-3.772723409864637834e-01
-3.770294984181721820e-01
-3.759624693128797990e-01
-3.776761690775553570e-01
-3.771509594387478237e-01
-3.776704735226101284e-01
-3.772011333041720982e-01
-3.783478471967909318e-01
-3.788078625996907367e-01
-3.763233820597330914e-01
-3.776640892028808594e-01
-3.782599237230088729e-01
-3.779732916090223771e-01
-3.784413602617051620e-01
-3.770301077100965959e-01
-3.777475357055664062e-01
-3.791562451256645927e-01
-3.776233726077609654e-01
-3.772991498311360492e-01
-3.785176277160644531e-01
-3.789345688290066128e-01
-3.778755664825439453e-01
-3.781896962059868583e-01
-3.787373701731364117e-01
-3.768742349412705916e-01
-3.770003318786621094e-01
-3.772920502556694755e-01
-3.773778279622395648e-01
-3.776877456241183872e-01
-3.780333995819091797e-01
-3.783506552378336774e-01
-3.772728708055284041e-01
-3.769499195946587333e-01
-3.762778441111246930e-01
-3.779760996500651227e-01
-3.783374627431233539e-01
-3.780816660987006417e-01
-3.779859542846679688e-01
-3.767699135674370536e-01
-3.781769540574815291e-01
-3.783356083763970146e-01
-3.768759303622775669e-01
-3.782442940606011161e-01
-3.787472777896457310e-01
-3.767239252726237164e-01
-3.792243798573811664e-01
-3.782082398732503070e-01
-3.773615890079074497e-01
-3.768581019507514229e-01
-3.785687287648518695e-01
-3.789940940009223214e-01
-3.765130837758381976e-01
-3.783592647976345424e-01
-3.771336873372395648e-01
-3.781702518463134766e-01
-3.770125442081027622e-01
-3.775542047288682479e-01
-3.776132530636257534e-01
-3.785187138451470146e-01
-3.777224222819010602e-01
-3.785870869954426898e-01
-3.779038058386908761e-01
-3.777353498670790177e-01
-3.765758938259548549e-01
-3.775770399305555802e-01
-3.784611225128173828e-01
-3.780888186560736886e-01
-3.787715964847140904e-01
-3.785632716284857979e-01
-3.773179319169785995e-01
-3.805488215552436104e-01
-3.779314359029133930e-01
-3.775534100002712612e-01
-3.773888746897379742e-01
-3.776525391472710380e-01
-3.773512840270996094e-01
-3.779824839697943917e-01
-3.781364758809407367e-01
-3.777089913686116351e-01
-3.767671320173475724e-01
-3.784964614444308872e-01
-3.769978417290581474e-01
-3.783066007826063615e-01
-3.776998254987928849e-01
-3.779088656107584820e-01
-3.791845109727647323e-01
-3.771744304233127232e-01
-3.773027790917290458e-01
-3.772841559516059151e-01
-3.784495459662543526e-01
-3.779723379347059709e-01
-3.781878153483073102e-01
-3.779686292012532367e-01
-3.788396517435709820e-01
-3.775585227542453404e-01
-3.774587313334147320e-01
-3.785332043965657367e-01
-3.783445093366835099e-01
-3.770694732666015625e-01
-3.777183956570095424e-01
-3.768186834123399276e-01
-3.774055904812282924e-01
-3.780610296461317521e-01
-3.776258627573649274e-01
-3.781238396962483539e-01
-3.778134187062581195e-01
-3.780057960086398716e-01
-3.784170945485432758e-01
-3.781856430901421318e-01
-3.787027994791666852e-01
-3.786656326717800503e-01
-3.784383138020833148e-01
-3.781001038021511440e-01
-3.779702981313069476e-01
-3.781007925669352399e-01
-3.773537211947970982e-01
-3.782917128668891182e-01
-3.769714567396376115e-01
-3.765063550737168807e-01
-3.773686356014675503e-01
-3.781662782033284320e-01
-3.774082130855984096e-01
-3.762644396887885323e-01
-3.776087231106228237e-01
-3.776342338985866909e-01
-3.764972421858046037e-01
-3.782878186967637557e-01
-3.777684370676676617e-01
-3.776836395263671875e-01
-3.779040177663167133e-01
-3.780316246880425224e-01
-3.773752053578694476e-01
-3.781626224517822266e-01
-3.779019514719645367e-01
-3.778602812025282365e-01
-3.781508869594997768e-01
-3.793146875169541854e-01
-3.787410789065890904e-01
-3.784702354007297154e-01
-3.773248195648193359e-01
-3.779026402367485771e-01
-3.790648248460557479e-01
-3.779870933956570034e-01
-3.787687089708116073e-01
-3.788382742140028459e-01
-3.774845335218641740e-01
-3.776222864786784039e-01
-3.783494366539849052e-01
-3.788188033633761997e-01
-3.786002000172932758e-01
-3.775047726101345424e-01
-3.767792383829752789e-01
-3.776578373379177456e-01
-3.788657453325059432e-01
-3.788128693898518695e-01
-3.784843550788031807e-01
-3.793369399176703682e-01
-3.772758907741970424e-01
-3.784810702006022320e-01
-3.787514633602566128e-01
-3.772142463260226841e-01
-3.785215483771430245e-01
-3.786345058017306919e-01
-3.779815302954779854e-01
-3.781374560462104073e-01
-3.783123493194580078e-01
-3.791382312774658203e-01
-3.773753378126356584e-01
-3.791203498840332031e-01
-3.772823810577392578e-01
-3.773901462554931641e-01
-3.783361117045084820e-01
-3.784688048892551060e-01
-3.782234456804063338e-01
-3.801045152876112443e-01
-3.773354424370659599e-01
-3.775123490227593193e-01
-3.770592477586534041e-01
-3.773922655317518693e-01
-3.791961934831407088e-01
-3.786679903666178570e-01
-3.779729737175835380e-01
-3.778309027353922711e-01
-3.792751630147297992e-01
-3.781214025285508651e-01
-3.769877486758761997e-01
-3.771190643310546875e-01
-3.777885172102186662e-01
-3.774383068084716797e-01
-3.790249559614393693e-01
-3.780290285746256695e-01
-3.779179784986708146e-01
-3.779226409064398995e-01
-3.779171837700737724e-01
-3.781154155731201172e-01
-3.787792523701985492e-01
-3.773309654659695034e-01
-3.793967564900715961e-01
-3.779457939995659599e-01
-3.790733549329969865e-01
-3.781177202860514508e-01
-3.776579168107774276e-01
-3.767188919915093193e-01
-3.783992396460639229e-01
-3.774136437310112724e-01
-3.784811761644151229e-01
-3.783373302883571987e-01
-3.789642122056748885e-01
-3.792845937940809709e-01
-3.771070374382866630e-01
-3.788019816080729352e-01
-3.794882032606337052e-01
-3.781996038224961776e-01
-3.788917064666748047e-01
-3.777444362640380859e-01
-3.779413170284695034e-01
-3.800763289133707867e-01
-3.781636555989583148e-01
-3.780691093868679409e-01
-3.794571293724907646e-01
-3.794944551255967635e-01
-3.778590626186794643e-01
-3.791686164008246651e-01
-3.793440130021836776e-01
-3.776695728302001953e-01
-3.771918879614936104e-01
-3.779373433854844588e-01
-3.783177799648708706e-01
-3.783884048461914062e-01
-3.788675202263726005e-01
-3.796282874213324776e-01
-3.782231277889675503e-01
-3.775623639424641742e-01
-3.775588936275905971e-01
-3.789668083190917969e-01
-3.791044818030463448e-01
-3.785390059153239117e-01
-3.790150218539767857e-01
-3.781136141883002511e-01
-3.795400460561116351e-01
-3.793663713667128068e-01
-3.773041566212971820e-01
-3.789564238654242745e-01
-3.790988657209608537e-01
-3.772575855255126953e-01
-3.798918194240993862e-01
-3.791176742977566128e-01
-3.779103491041395646e-01
-3.770769437154133930e-01
-3.792105780707465401e-01
-3.790082931518554688e-01
-3.770280414157443638e-01
-3.787773450215657367e-01
-3.777809672885470982e-01
-3.791984717051188336e-01
-3.781361844804551620e-01
-3.779109848870171318e-01
-3.786276181538899555e-01
-3.791105747222900391e-01
-3.781792587704128628e-01
-3.795483907063801898e-01
-3.784000078837077008e-01
-3.784756660461425781e-01
-3.773852454291449776e-01
-3.781701988644070034e-01
-3.790651692284477958e-01
-3.786406781938340682e-01
-3.793068991767035714e-01
-3.790333800845676060e-01
-3.780404196845160714e-01
-3.809623453352186662e-01
-3.783022562662760602e-01
-3.782118161519368305e-01
-3.778762022654215680e-01
-3.781700929005940570e-01
-3.778166770935058594e-01
-3.784465259975857143e-01
-3.790804545084635602e-01
-3.782046900855170479e-01
-3.772336112128363839e-01
-3.793054421742756976e-01
-3.779455290900336495e-01
-3.786615795559353237e-01
-3.782161076863606586e-01
-3.792552418178982143e-01
-3.795392248365614396e-01
-3.776303662194145927e-01
-3.775351577334933872e-01
-3.781806098090277901e-01
-3.787995444403754464e-01
-3.787418471442328682e-01
-3.785789012908935547e-01
-3.788558906979030971e-01
-3.795748551686604633e-01
-3.780130545298258649e-01
-3.781060642666286831e-01
-3.795815308888753070e-01
-3.791986306508381976e-01
-3.779378467135959263e-01
-3.779265615675184709e-01
-3.772389623853895646e-01
-3.780781163109673271e-01
-3.785093625386555805e-01
-3.782034715016682758e-01
-3.786828517913818359e-01
-3.784188164605034599e-01
-3.780213726891411552e-01
-3.788284460703532086e-01
-3.785509533352321987e-01
-3.791247208913167133e-01
-3.793607817755805245e-01
-3.785330454508463727e-01
-3.794461886088053570e-01
-3.789240784115261440e-01
-3.781443436940510883e-01
-3.773641586303710938e-01
-3.791255950927734375e-01
-3.775080309973822823e-01
-3.775477144453260880e-01
-3.783018059200710659e-01
-3.788925541771782646e-01
-3.776430553860134487e-01
-3.773259851667616349e-01
-3.784256511264377232e-01
-3.786179754469130021e-01
-3.772052658928765068e-01
-3.785210715399848214e-01
-3.783582316504584542e-01
-3.779185348086886997e-01
-3.783888816833496094e-01
-3.783128261566162109e-01
