1.381636410951614380e-01
-2.262565642595291138e-01
-1.697275936603546143e-01
-2.368693053722381592e-01
-2.322030663490295410e-01
-2.229380607604980469e-01
-2.248421311378479004e-01
-2.248789221048355103e-01
-2.270385473966598511e-01
-2.283076643943786621e-01
-2.267498672008514404e-01
-2.301780432462692261e-01
-2.387653142213821411e-01
-2.379457205533981323e-01
-2.357170134782791138e-01
-2.288234531879425049e-01
-2.443585842847824097e-01
-2.375237494707107544e-01
-2.574433088302612305e-01
-2.461991012096405029e-01
-2.524519562721252441e-01
-2.508238255977630615e-01
-2.507615089416503906e-01
-2.521980702877044678e-01
-2.533645033836364746e-01
-2.626474201679229736e-01
-2.571278214454650879e-01
-2.517171204090118408e-01
-2.445399910211563110e-01
-2.689953446388244629e-01
-2.628204226493835449e-01
-2.634735405445098877e-01
-2.650424242019653320e-01
-2.690101265907287598e-01
-2.638463079929351807e-01
-2.726079821586608887e-01
-2.726587653160095215e-01
-2.671652734279632568e-01
-2.592580318450927734e-01
-2.694675624370574951e-01
-2.696709632873535156e-01
-2.752150893211364746e-01
-2.778454124927520752e-01
-2.857834100723266602e-01
-2.864374518394470215e-01
-2.835982739925384521e-01
-2.818026840686798096e-01
-2.765444815158843994e-01
-2.716783583164215088e-01
-2.844251096248626709e-01
-2.818692624568939209e-01
-2.797338664531707764e-01
-2.674644291400909424e-01
-2.831639349460601807e-01
-2.707092761993408203e-01
-2.795231044292449951e-01
-2.982593476772308350e-01
-2.951436042785644531e-01
-2.949350774288177490e-01
-2.884851098060607910e-01
-2.987620830535888672e-01
-3.021754324436187744e-01
-3.019214868545532227e-01
-2.886869013309478760e-01
-2.909504473209381104e-01
-2.902203202247619629e-01
-2.990685999393463135e-01
-3.034856617450714111e-01
-3.049316406250000000e-01
-3.164384663105010986e-01
-3.142992258071899414e-01
-2.938747107982635498e-01
-3.108339607715606689e-01
-3.256792128086090088e-01
-3.149969577789306641e-01
-3.198552131652832031e-01
-3.139824569225311279e-01
-3.176207244396209717e-01
-3.220538496971130371e-01
-3.303138911724090576e-01
-3.154255449771881104e-01
-3.268691599369049072e-01
-3.202680647373199463e-01
-3.278178572654724121e-01
-3.252904117107391357e-01
-3.280664682388305664e-01
-3.229185938835144043e-01
-3.231193125247955322e-01
-3.215298652648925781e-01
-3.258513510227203369e-01
-3.299554884433746338e-01
-3.314577639102935791e-01
-3.278030455112457275e-01
-3.239906430244445801e-01
-3.247179090976715088e-01
-3.171746134757995605e-01
-3.165379464626312256e-01
-3.272297978401184082e-01
-3.300625681877136230e-01
-3.252004086971282959e-01
-3.231616914272308350e-01
-3.340247273445129395e-01
-3.245649337768554688e-01
-3.348625600337982178e-01
-3.275924324989318848e-01
-3.211467266082763672e-01
-3.320296704769134521e-01
-3.279342651367187500e-01
-3.325483798980712891e-01
-3.301119208335876465e-01
-3.274118602275848389e-01
-3.296912014484405518e-01
-3.334473371505737305e-01
-3.312974274158477783e-01
-3.263245820999145508e-01
-3.277513980865478516e-01
-3.350755572319030762e-01
-3.297342658042907715e-01
-3.324573636054992676e-01
-3.248844742774963379e-01
-3.300029933452606201e-01
-3.280614614486694336e-01
-3.250350654125213623e-01
-3.273076117038726807e-01
-3.343381881713867188e-01
-3.221661448478698730e-01
-3.261062502861022949e-01
-3.240700662136077881e-01
-3.282592892646789551e-01
-3.237856626510620117e-01
-3.223747611045837402e-01
-3.154592216014862061e-01
-3.240481317043304443e-01
-3.192268908023834229e-01
-3.232473731040954590e-01
-3.247603774070739746e-01
-3.296878039836883545e-01
-3.251529335975646973e-01
-3.254149854183197021e-01
-3.180429637432098389e-01
-3.257125914096832275e-01
-3.150041401386260986e-01
-3.280883729457855225e-01
-3.166250288486480713e-01
-3.214446306228637695e-01
-3.204561173915863037e-01
-3.193723857402801514e-01
-3.175466954708099365e-01
-3.170766532421112061e-01
-3.131097555160522461e-01
-3.119891881942749023e-01
-3.205267190933227539e-01
-3.203952014446258545e-01
-3.166484534740447998e-01
-3.199224770069122314e-01
-3.082307577133178711e-01
-3.237627744674682617e-01
-3.195824623107910156e-01
-3.164048790931701660e-01
-3.131565153598785400e-01
-3.060424029827117920e-01
-3.114742934703826904e-01
-3.151831030845642090e-01
-3.162382841110229492e-01
-3.131654858589172363e-01
-3.076786994934082031e-01
-3.153676688671112061e-01
-3.132554590702056885e-01
-3.028139770030975342e-01
-3.093509376049041748e-01
-3.188017606735229492e-01
-3.153163492679595947e-01
-3.079533576965332031e-01
-3.100790083408355713e-01
-3.035936653614044189e-01
-3.170378506183624268e-01
-2.985413372516632080e-01
-3.084784448146820068e-01
-3.089242577552795410e-01
-3.006214499473571777e-01
-2.996611893177032471e-01
-3.070469796657562256e-01
-3.028148710727691650e-01
-3.104809522628784180e-01
-3.132970333099365234e-01
-3.013839721679687500e-01
-3.025525510311126709e-01
-3.007345795631408691e-01
-3.053951561450958252e-01
-3.074448108673095703e-01
-2.977519035339355469e-01
-3.054271042346954346e-01
-3.042671084403991699e-01
-3.007784485816955566e-01
-2.993507385253906250e-01
-3.072406351566314697e-01
-2.940762937068939209e-01
-3.114985227584838867e-01
-3.064049184322357178e-01
-3.029208481311798096e-01
-3.237549960613250732e-01
-3.210729360580444336e-01
-3.191550374031066895e-01
-3.160014152526855469e-01
-3.283575475215911865e-01
-3.273356854915618896e-01
-3.232152462005615234e-01
-3.328530192375183105e-01
-3.293869495391845703e-01
-3.318014442920684814e-01
-3.391574025154113770e-01
-3.380798697471618652e-01
-3.363806009292602539e-01
-3.431225121021270752e-01
-3.428546786308288574e-01
-3.431011438369750977e-01
-3.466573059558868408e-01
-3.465939462184906006e-01
-3.448789715766906738e-01
-3.456721305847167969e-01
-3.484033346176147461e-01
-3.497080206871032715e-01
-3.490581810474395752e-01
-3.504624664783477783e-01
-3.531535863876342773e-01
-3.520636558532714844e-01
-3.515210747718811035e-01
-3.536021709442138672e-01
-3.530413210391998291e-01
-3.530805110931396484e-01
-3.557136952877044678e-01
-3.558090031147003174e-01
-3.547490239143371582e-01
-3.552002012729644775e-01
-3.567053079605102539e-01
-3.558981418609619141e-01
-3.569009602069854736e-01
-3.571757078170776367e-01
-3.562986850738525391e-01
-3.577027320861816406e-01
-3.579466640949249268e-01
-3.574209511280059814e-01
-3.563659191131591797e-01
-3.580406308174133301e-01
-3.580322265625000000e-01
-3.571793735027313232e-01
-3.577203452587127686e-01
-3.580200970172882080e-01
-3.591213524341583252e-01
-3.592889904975891113e-01
-3.585480451583862305e-01
-3.594670891761779785e-01
-3.605816066265106201e-01
-3.588998913764953613e-01
-3.598479330539703369e-01
-3.611238896846771240e-01
-3.594281077384948730e-01
-3.607955574989318848e-01
-3.607202172279357910e-01
-3.611090183258056641e-01
-3.612221777439117432e-01
-3.609398305416107178e-01
-3.605248928070068359e-01
-3.613428473472595215e-01
-3.604826033115386963e-01
-3.621944189071655273e-01
-3.619374632835388184e-01
-3.619310855865478516e-01
-3.613557219505310059e-01
-3.619398772716522217e-01
-3.624222874641418457e-01
-3.621293902397155762e-01
-3.620616197586059570e-01
-3.611900210380554199e-01
-3.614362776279449463e-01
-3.624041080474853516e-01
-3.625111579895019531e-01
-3.619857728481292725e-01
-3.628499805927276611e-01
-3.628903031349182129e-01
-3.632809817790985107e-01
-3.633674979209899902e-01
-3.629036545753479004e-01
-3.629336059093475342e-01
-3.637054562568664551e-01
-3.622331619262695312e-01
-3.638983070850372314e-01
-3.626187145709991455e-01
-3.629785776138305664e-01
-3.625209927558898926e-01
-3.629454672336578369e-01
-3.635392785072326660e-01
-3.636254966259002686e-01
-3.637119531631469727e-01
-3.634791970252990723e-01
-3.635426759719848633e-01
-3.638674914836883545e-01
-3.639266192913055420e-01
-3.636967241764068604e-01
-3.632548749446868896e-01
-3.642280101776123047e-01
-3.643452525138854980e-01
-3.633111715316772461e-01
-3.642650246620178223e-01
-3.638050854206085205e-01
-3.632076978683471680e-01
-3.637486398220062256e-01
-3.639016151428222656e-01
-3.645184934139251709e-01
-3.644165992736816406e-01
-3.649894893169403076e-01
-3.641472160816192627e-01
-3.638000488281250000e-01
-3.656117618083953857e-01
-3.642695248126983643e-01
-3.642671406269073486e-01
-3.650153875350952148e-01
-3.648937642574310303e-01
-3.639779388904571533e-01
-3.638790249824523926e-01
-3.650061786174774170e-01
-3.649228811264038086e-01
-3.653798699378967285e-01
-3.659837543964385986e-01
-3.646827340126037598e-01
-3.649366199970245361e-01
-3.651580810546875000e-01
-3.653400242328643799e-01
-3.649963438510894775e-01
-3.655963838100433350e-01
-3.643430769443511963e-01
-3.656408786773681641e-01
-3.655374050140380859e-01
-3.655195832252502441e-01
-3.653412461280822754e-01
-3.653316795825958252e-01
-3.664833307266235352e-01
-3.653589785099029541e-01
-3.649180531501770020e-01
-3.658749461174011230e-01
-3.659604489803314209e-01
-3.658334314823150635e-01
-3.655484020709991455e-01
-3.662413656711578369e-01
-3.658363521099090576e-01
-3.654506802558898926e-01
-3.652651309967041016e-01
-3.654837012290954590e-01
-3.658693730831146240e-01
-3.663716018199920654e-01
-3.662010431289672852e-01
-3.659034967422485352e-01
-3.649918138980865479e-01
-3.658495545387268066e-01
-3.659744262695312500e-01
-3.659084737300872803e-01
-3.664869964122772217e-01
-3.653513789176940918e-01
-3.667556047439575195e-01
-3.661014437675476074e-01
-3.661895394325256348e-01
-3.661980628967285156e-01
-3.666024804115295410e-01
-3.660285174846649170e-01
-3.669693470001220703e-01
-3.661105632781982422e-01
-3.673819601535797119e-01
-3.665502369403839111e-01
-3.664210140705108643e-01
-3.664237558841705322e-01
-3.659942448139190674e-01
-3.657662868499755859e-01
-3.661405742168426514e-01
-3.666588068008422852e-01
-3.664840161800384521e-01
-3.665741682052612305e-01
-3.664582371711730957e-01
-3.666111230850219727e-01
-3.664108216762542725e-01
-3.669943213462829590e-01
-3.664340674877166748e-01
-3.670006990432739258e-01
-3.668313622474670410e-01
-3.670054376125335693e-01
-3.663937151432037354e-01
-3.669245541095733643e-01
-3.672632575035095215e-01
-3.671692609786987305e-01
-3.661035895347595215e-01
-3.670285046100616455e-01
-3.677713572978973389e-01
-3.674791157245635986e-01
-3.661342859268188477e-01
-3.673609495162963867e-01
-3.674345612525939941e-01
-3.679959177970886230e-01
-3.667696416378021240e-01
-3.672782480716705322e-01
-3.681378066539764404e-01
-3.681554794311523438e-01
-3.673945963382720947e-01
-3.676460087299346924e-01
-3.672889173030853271e-01
-3.666251897811889648e-01
-3.670867979526519775e-01
-3.683315515518188477e-01
-3.672375977039337158e-01
-3.680446147918701172e-01
-3.675458431243896484e-01
-3.674659430980682373e-01
-3.668317794799804688e-01
-3.664247989654541016e-01
-3.670305907726287842e-01
-3.669982850551605225e-01
-3.676835298538208008e-01
-3.673884570598602295e-01
-3.683748841285705566e-01
-3.679579496383666992e-01
-3.686543703079223633e-01
-3.679314255714416504e-01
-3.671405017375946045e-01
-3.675414025783538818e-01
-3.678685426712036133e-01
-3.681034445762634277e-01
-3.673946559429168701e-01
-3.684539496898651123e-01
-3.683356046676635742e-01
-3.686698973178863525e-01
-3.683495223522186279e-01
-3.680557012557983398e-01
-3.684043586254119873e-01
-3.667491972446441650e-01
-3.677995502948760986e-01
-3.683512210845947266e-01
-3.677380979061126709e-01
-3.678557872772216797e-01
-3.680120110511779785e-01
-3.682597279548645020e-01
-3.682688176631927490e-01
-3.684611916542053223e-01
-3.689707219600677490e-01
-3.689434230327606201e-01
-3.688604533672332764e-01
-3.677122890949249268e-01
-3.674607574939727783e-01
-3.684267997741699219e-01
-3.678089380264282227e-01
-3.684822320938110352e-01
-3.689041733741760254e-01
-3.681643307209014893e-01
-3.681531250476837158e-01
-3.682688176631927490e-01
-3.681083321571350098e-01
-3.686506450176239014e-01
-3.689717948436737061e-01
-3.676098287105560303e-01
-3.681063950061798096e-01
-3.681553006172180176e-01
-3.691979348659515381e-01
-3.682850003242492676e-01
-3.676655888557434082e-01
-3.676343262195587158e-01
-3.688515722751617432e-01
-3.676869571208953857e-01
-3.679840564727783203e-01
-3.689657449722290039e-01
-3.682251274585723877e-01
-3.679984807968139648e-01
-3.683421015739440918e-01
-3.689465224742889404e-01
-3.691679239273071289e-01
-3.686719536781311035e-01
-3.686244189739227295e-01
-3.689914047718048096e-01
-3.688009083271026611e-01
-3.681579232215881348e-01
-3.681528866291046143e-01
-3.690225780010223389e-01
-3.683117330074310303e-01
-3.682805299758911133e-01
-3.685033917427062988e-01
-3.692463636398315430e-01
-3.682570457458496094e-01
-3.689102232456207275e-01
-3.694658875465393066e-01
-3.683364987373352051e-01
-3.690845072269439697e-01
-3.687260746955871582e-01
-3.674013018608093262e-01
-3.681513667106628418e-01
-3.685556352138519287e-01
-3.680174946784973145e-01
-3.689594864845275879e-01
-3.690742254257202148e-01
-3.682877123355865479e-01
-3.680806756019592285e-01
-3.692362904548645020e-01
-3.682945370674133301e-01
-3.692913949489593506e-01
-3.686634600162506104e-01
-3.699320554733276367e-01
-3.688608407974243164e-01
-3.684592247009277344e-01
-3.695200085639953613e-01
-3.686677515506744385e-01
-3.688858449459075928e-01
-3.683255612850189209e-01
-3.682973384857177734e-01
-3.691197633743286133e-01
-3.687692880630493164e-01
-3.689042031764984131e-01
-3.684451580047607422e-01
-3.685679435729980469e-01
-3.692712485790252686e-01
-3.693432509899139404e-01
-3.695789873600006104e-01
-3.692298233509063721e-01
-3.688745796680450439e-01
-3.699766993522644043e-01
-3.695549964904785156e-01
-3.685214519500732422e-01
-3.691711723804473877e-01
-3.695664107799530029e-01
-3.698558509349822998e-01
-3.693067729473114014e-01
-3.684111833572387695e-01
-3.690974116325378418e-01
-3.689845502376556396e-01
-3.691389262676239014e-01
-3.690004050731658936e-01
-3.694505989551544189e-01
-3.696506023406982422e-01
-3.687309026718139648e-01
-3.694212138652801514e-01
-3.693254888057708740e-01
-3.692008554935455322e-01
-3.693374395370483398e-01
-3.689312338829040527e-01
-3.701379895210266113e-01
-3.692246377468109131e-01
-3.695335388183593750e-01
-3.698958158493041992e-01
-3.697938919067382812e-01
-3.696005940437316895e-01
-3.690282702445983887e-01
-3.699493408203125000e-01
-3.694582581520080566e-01
-3.692218065261840820e-01
-3.686128854751586914e-01
-3.691077828407287598e-01
-3.689575195312500000e-01
-3.692021667957305908e-01
-3.694621026515960693e-01
-3.693082928657531738e-01
-3.693239986896514893e-01
-3.688836693763732910e-01
-3.679443895816802979e-01
-3.692863583564758301e-01
-3.677943944931030273e-01
-3.681179285049438477e-01
-3.687993884086608887e-01
-3.695863485336303711e-01
-3.698514699935913086e-01
-3.686590492725372314e-01
-3.695480525493621826e-01
-3.697349131107330322e-01
-3.689145445823669434e-01
-3.692851662635803223e-01
-3.696166276931762695e-01
-3.688599169254302979e-01
-3.693933784961700439e-01
-3.693605065345764160e-01
-3.686921894550323486e-01
-3.680487573146820068e-01
-3.692473173141479492e-01
-3.698170483112335205e-01
-3.691965341567993164e-01
-3.692355751991271973e-01
-3.699013292789459229e-01
-3.694409430027008057e-01
-3.693387508392333984e-01
-3.697855472564697266e-01
-3.692793548107147217e-01
-3.698451220989227295e-01
-3.694569766521453857e-01
-3.698316216468811035e-01
-3.696869313716888428e-01
-3.692067265510559082e-01
-3.694463372230529785e-01
-3.704389035701751709e-01
-3.702098429203033447e-01
-3.703713417053222656e-01
-3.698722422122955322e-01
-3.694318234920501709e-01
-3.702428638935089111e-01
-3.694331943988800049e-01
-3.701436817646026611e-01
-3.689603805541992188e-01
-3.697527945041656494e-01
-3.700059056282043457e-01
-3.698524236679077148e-01
-3.694863319396972656e-01
-3.700166046619415283e-01
-3.701894581317901611e-01
-3.697613179683685303e-01
-3.698921501636505127e-01
-3.700689077377319336e-01
-3.703017830848693848e-01
-3.698279559612274170e-01
-3.702557981014251709e-01
-3.703303933143615723e-01
-3.706570565700531006e-01
-3.703667521476745605e-01
-3.704746067523956299e-01
-3.703214228153228760e-01
-3.697133660316467285e-01
-3.696741163730621338e-01
-3.705191612243652344e-01
-3.696945905685424805e-01
-3.699843883514404297e-01
-3.700578212738037109e-01
-3.700465559959411621e-01
-3.703292608261108398e-01
-3.694406747817993164e-01
-3.709917068481445312e-01
-3.687095046043395996e-01
-3.696674108505249023e-01
-3.699333071708679199e-01
-3.698276877403259277e-01
-3.703153729438781738e-01
-3.701289892196655273e-01
-3.696988224983215332e-01
-3.702155053615570068e-01
-3.698072731494903564e-01
-3.699776828289031982e-01
-3.702154457569122314e-01
-3.700546026229858398e-01
-3.702645897865295410e-01
-3.707230687141418457e-01
-3.694754540920257568e-01
-3.695501685142517090e-01
-3.697959780693054199e-01
-3.694841265678405762e-01
-3.695181310176849365e-01
-3.694160878658294678e-01
-3.702458143234252930e-01
-3.705129921436309814e-01
-3.694517314434051514e-01
-3.693534731864929199e-01
-3.698648512363433838e-01
-3.702371716499328613e-01
-3.701612651348114014e-01
-3.698489665985107422e-01
-3.694576621055603027e-01
-3.699275255203247070e-01
-3.696680963039398193e-01
-3.705269396305084229e-01
-3.693026900291442871e-01
-3.702810108661651611e-01
-3.702794015407562256e-01
-3.698597848415374756e-01
-3.698217868804931641e-01
-3.700426518917083740e-01
-3.694753944873809814e-01
-3.699798285961151123e-01
-3.708199262619018555e-01
-3.706013262271881104e-01
-3.700468242168426514e-01
-3.703899085521697998e-01
-3.697381019592285156e-01
-3.701185286045074463e-01
-3.699298501014709473e-01
-3.693473637104034424e-01
-3.696077764034271240e-01
-3.696898818016052246e-01
-3.694168031215667725e-01
-3.698186576366424561e-01
-3.700929582118988037e-01
-3.694778084754943848e-01
-3.696624934673309326e-01
-3.698000013828277588e-01
-3.702531158924102783e-01
-3.700940012931823730e-01
-3.695752024650573730e-01
-3.704960942268371582e-01
-3.707254827022552490e-01
-3.705561757087707520e-01
-3.703834414482116699e-01
-3.699313998222351074e-01
-3.696047365665435791e-01
-3.700941205024719238e-01
-3.699869513511657715e-01
-3.699778020381927490e-01
-3.700746595859527588e-01
-3.701673448085784912e-01
-3.705525100231170654e-01
-3.706512749195098877e-01
-3.703635036945343018e-01
-3.696693181991577148e-01
-3.708385825157165527e-01
-3.700565397739410400e-01
-3.704583644866943359e-01
-3.699506521224975586e-01
-3.699348270893096924e-01
-3.706290721893310547e-01
-3.697723448276519775e-01
-3.696533143520355225e-01
-3.702725172042846680e-01
-3.705525398254394531e-01
-3.700664937496185303e-01
-3.704024851322174072e-01
-3.705725073814392090e-01
-3.701308369636535645e-01
-3.700670003890991211e-01
-3.698672652244567871e-01
-3.702276647090911865e-01
-3.696897029876708984e-01
-3.698538243770599365e-01
-3.708692193031311035e-01
-3.697240054607391357e-01
-3.693855106830596924e-01
-3.706131577491760254e-01
-3.703623116016387939e-01
-3.704323768615722656e-01
-3.701644837856292725e-01
-3.705352842807769775e-01
-3.710016608238220215e-01
-3.705377280712127686e-01
-3.708858191967010498e-01
-3.704213798046112061e-01
-3.704033792018890381e-01
-3.700540065765380859e-01
-3.701045513153076172e-01
-3.700041770935058594e-01
-3.703584074974060059e-01
-3.708443641662597656e-01
-3.702882528305053711e-01
-3.701146543025970459e-01
-3.703965544700622559e-01
-3.702620863914489746e-01
-3.700521290302276611e-01
-3.698646128177642822e-01
-3.706500232219696045e-01
-3.707461655139923096e-01
-3.703742623329162598e-01
-3.700394630432128906e-01
-3.703612685203552246e-01
-3.704659640789031982e-01
-3.704102039337158203e-01
-3.710103034973144531e-01
-3.709869384765625000e-01
-3.703319132328033447e-01
-3.704580664634704590e-01
-3.707910478115081787e-01
-3.705810308456420898e-01
-3.702168464660644531e-01
-3.698226809501647949e-01
-3.703911602497100830e-01
-3.708963394165039062e-01
-3.702200353145599365e-01
-3.702891170978546143e-01
-3.704535663127899170e-01
-3.700661361217498779e-01
-3.704623281955718994e-01
-3.702463507652282715e-01
-3.703131973743438721e-01
-3.701433837413787842e-01
-3.701935410499572754e-01
-3.702090382575988770e-01
-3.697775900363922119e-01
-3.710776269435882568e-01
-3.703309595584869385e-01
-3.706312775611877441e-01
-3.703329563140869141e-01
-3.703947961330413818e-01
-3.708679080009460449e-01
-3.703401386737823486e-01
-3.706238567829132080e-01
-3.702857792377471924e-01
-3.705398440361022949e-01
-3.707258701324462891e-01
-3.700688779354095459e-01
-3.704523444175720215e-01
-3.705219626426696777e-01
-3.703339099884033203e-01
-3.709718286991119385e-01
-3.709560632705688477e-01
-3.703939914703369141e-01
-3.703718781471252441e-01
-3.706794083118438721e-01
-3.710242211818695068e-01
-3.705792129039764404e-01
-3.707324564456939697e-01
-3.710882067680358887e-01
-3.703910410404205322e-01
-3.703384995460510254e-01
-3.708057999610900879e-01
-3.706454634666442871e-01
-3.709146082401275635e-01
-3.707478046417236328e-01
-3.707101345062255859e-01
-3.700894117355346680e-01
-3.712173998355865479e-01
-3.708527386188507080e-01
-3.710520565509796143e-01
-3.712632358074188232e-01
-3.709632754325866699e-01
-3.705274760723114014e-01
-3.698740601539611816e-01
-3.711225092411041260e-01
-3.707244098186492920e-01
-3.710117936134338379e-01
-3.714483082294464111e-01
-3.703719973564147949e-01
-3.709017932415008545e-01
-3.707521259784698486e-01
-3.711375594139099121e-01
-3.708806633949279785e-01
-3.710916042327880859e-01
-3.706659078598022461e-01
-3.707910180091857910e-01
-3.705675899982452393e-01
-3.710418641567230225e-01
-3.710094392299652100e-01
-3.705551624298095703e-01
-3.705035448074340820e-01
-3.712629377841949463e-01
-3.705626130104064941e-01
-3.709624111652374268e-01
-3.708355128765106201e-01
-3.701702952384948730e-01
-3.704857826232910156e-01
-3.704229593276977539e-01
-3.701446950435638428e-01
-3.700543344020843506e-01
-3.700053989887237549e-01
-3.702452480792999268e-01
-3.704193830490112305e-01
-3.699983656406402588e-01
-3.701235651969909668e-01
-3.708715140819549561e-01
-3.707412779331207275e-01
-3.703353703022003174e-01
-3.697982728481292725e-01
-3.702814579010009766e-01
-3.704196810722351074e-01
-3.708416819572448730e-01
-3.708271384239196777e-01
-3.710587024688720703e-01
-3.711154758930206299e-01
-3.700885176658630371e-01
-3.707917928695678711e-01
-3.702202737331390381e-01
-3.709883987903594971e-01
-3.707172870635986328e-01
-3.710443079471588135e-01
-3.712282180786132812e-01
-3.707194328308105469e-01
-3.709680140018463135e-01
-3.707453608512878418e-01
-3.708254098892211914e-01
-3.705629408359527588e-01
-3.703156113624572754e-01
-3.709682524204254150e-01
-3.704995512962341309e-01
-3.701481223106384277e-01
-3.707123398780822754e-01
-3.705737888813018799e-01
-3.705718517303466797e-01
-3.711136579513549805e-01
-3.705561459064483643e-01
-3.705079257488250732e-01
-3.708469271659851074e-01
-3.711938858032226562e-01
-3.711615502834320068e-01
-3.703370690345764160e-01
-3.710290789604187012e-01
-3.708979487419128418e-01
-3.707922995090484619e-01
-3.705949187278747559e-01
-3.711113035678863525e-01
-3.706671893596649170e-01
-3.703256845474243164e-01
-3.709405064582824707e-01
-3.705540299415588379e-01
-3.713605999946594238e-01
-3.709270954132080078e-01
-3.711204528808593750e-01
-3.695831298828125000e-01
-3.699475228786468506e-01
-3.705920279026031494e-01
-3.706142604351043701e-01
-3.697040081024169922e-01
-3.694790899753570557e-01
-3.705545663833618164e-01
-3.706177771091461182e-01
-3.698096573352813721e-01
-3.706356883049011230e-01
-3.708689510822296143e-01
-3.702324926853179932e-01
-3.698349595069885254e-01
-3.703348338603973389e-01
-3.706154823303222656e-01
-3.707122206687927246e-01
-3.705416023731231689e-01
-3.711657226085662842e-01
-3.707499206066131592e-01
-3.710328936576843262e-01
-3.710811734199523926e-01
-3.705723285675048828e-01
-3.707336783409118652e-01
-3.709696829319000244e-01
-3.706515431404113770e-01
-3.700799942016601562e-01
-3.696666955947875977e-01
-3.709281086921691895e-01
-3.707578182220458984e-01
-3.700361251831054688e-01
-3.704396486282348633e-01
-3.713018000125885010e-01
-3.710667192935943604e-01
-3.705109357833862305e-01
-3.709586858749389648e-01
-3.708645105361938477e-01
-3.702799379825592041e-01
-3.707943260669708252e-01
-3.703130483627319336e-01
-3.705793321132659912e-01
-3.711105585098266602e-01
-3.710350990295410156e-01
-3.702117204666137695e-01
-3.707081079483032227e-01
-3.706504404544830322e-01
-3.701938390731811523e-01
-3.702859580516815186e-01
-3.706956207752227783e-01
-3.708859980106353760e-01
-3.699557185173034668e-01
-3.710036575794219971e-01
-3.707143664360046387e-01
-3.708043694496154785e-01
-3.704545199871063232e-01
-3.710166513919830322e-01
-3.707609176635742188e-01
-3.702740371227264404e-01
-3.705821335315704346e-01
-3.707775771617889404e-01
-3.710254430770874023e-01
-3.714594244956970215e-01
-3.707922101020812988e-01
-3.705603480339050293e-01
-3.711072802543640137e-01
-3.706607520580291748e-01
-3.694033920764923096e-01
-3.702610433101654053e-01
-3.691755235195159912e-01
-3.692337572574615479e-01
-3.708249628543853760e-01
-3.712382316589355469e-01
-3.704348206520080566e-01
-3.703726828098297119e-01
-3.706601560115814209e-01
-3.696857392787933350e-01
-3.692567646503448486e-01
-3.695987462997436523e-01
-3.703125715255737305e-01
-3.708717823028564453e-01
-3.695679008960723877e-01
-3.706063926219940186e-01
-3.702993094921112061e-01
-3.702562153339385986e-01
-3.702611029148101807e-01
-3.711093664169311523e-01
-3.713034689426422119e-01
-3.704786896705627441e-01
-3.706741929054260254e-01
-3.702072501182556152e-01
-3.706609010696411133e-01
-3.705029785633087158e-01
-3.706536293029785156e-01
-3.709486722946166992e-01
-3.707260787487030029e-01
-3.700165450572967529e-01
-3.702923059463500977e-01
-3.714373111724853516e-01
-3.705507218837738037e-01
-3.704983592033386230e-01
-3.712220191955566406e-01
-3.706490695476531982e-01
-3.707834184169769287e-01
-3.712069392204284668e-01
-3.706419765949249268e-01
-3.707943260669708252e-01
-3.708204030990600586e-01
-3.709437251091003418e-01
-3.707889914512634277e-01
-3.710902035236358643e-01
-3.703123033046722412e-01
-3.715586066246032715e-01
-3.709259033203125000e-01
-3.708056509494781494e-01
-3.709249198436737061e-01
-3.704013228416442871e-01
-3.713493645191192627e-01
-3.710727989673614502e-01
-3.709580600261688232e-01
-3.710331916809082031e-01
-3.706648945808410645e-01
-3.712054193019866943e-01
-3.711590468883514404e-01
-3.713912367820739746e-01
-3.712925016880035400e-01
-3.713117539882659912e-01
-3.708163201808929443e-01
-3.708606362342834473e-01
-3.711988627910614014e-01
-3.710602819919586182e-01
-3.708183467388153076e-01
-3.709783852100372314e-01
-3.716759085655212402e-01
-3.709253668785095215e-01
-3.710550963878631592e-01
-3.712840080261230469e-01
-3.709100484848022461e-01
-3.715836703777313232e-01
-3.707366287708282471e-01
-3.714441359043121338e-01
-3.710714578628540039e-01
-3.708894550800323486e-01
-3.716340959072113037e-01
-3.709695637226104736e-01
-3.715065419673919678e-01
-3.708853125572204590e-01
-3.711635172367095947e-01
-3.711598217487335205e-01
-3.712650835514068604e-01
-3.706904649734497070e-01
-3.711242675781250000e-01
-3.709813356399536133e-01
-3.713134825229644775e-01
-3.713681697845458984e-01
-3.711663186550140381e-01
-3.710624873638153076e-01
-3.704124093055725098e-01
-3.710937500000000000e-01
-3.709396421909332275e-01
-3.715271651744842529e-01
-3.711530268192291260e-01
-3.711105287075042725e-01
-3.709941208362579346e-01
-3.709442913532257080e-01
-3.713701069355010986e-01
-3.712365031242370605e-01
-3.710295855998992920e-01
-3.716626465320587158e-01
-3.711940050125122070e-01
-3.710932731628417969e-01
-3.710728585720062256e-01
-3.710350394248962402e-01
-3.711331784725189209e-01
-3.712882101535797119e-01
-3.710234463214874268e-01
-3.706157803535461426e-01
-3.713717162609100342e-01
-3.711016774177551270e-01
-3.708376586437225342e-01
-3.714173436164855957e-01
-3.712917566299438477e-01
-3.707832694053649902e-01
-3.708988726139068604e-01
-3.712109625339508057e-01
-3.705726563930511475e-01
-3.714274764060974121e-01
-3.711698651313781738e-01
-3.713982403278350830e-01
-3.710714578628540039e-01
-3.711313009262084961e-01
-3.713676333427429199e-01
-3.712952435016632080e-01
-3.713352084159851074e-01
-3.712019026279449463e-01
-3.711260855197906494e-01
-3.714288473129272461e-01
-3.713599145412445068e-01
-3.709470629692077637e-01
-3.714832067489624023e-01
-3.705505430698394775e-01
-3.717266321182250977e-01
-3.714132308959960938e-01
-3.706009685993194580e-01
-3.714271187782287598e-01
-3.715949654579162598e-01
-3.712402582168579102e-01
-3.710944652557373047e-01
-3.711531162261962891e-01
-3.711645305156707764e-01
-3.706121146678924561e-01
-3.702542781829833984e-01
-3.707477152347564697e-01
-3.707956671714782715e-01
-3.706755042076110840e-01
-3.718467950820922852e-01
-3.707973062992095947e-01
-3.713370263576507568e-01
-3.714365363121032715e-01
-3.712666034698486328e-01
-3.717103898525238037e-01
-3.709579408168792725e-01
-3.711346983909606934e-01
-3.710814714431762695e-01
-3.709581196308135986e-01
-3.711797297000885010e-01
-3.710404038429260254e-01
-3.713832795619964600e-01
-3.712948858737945557e-01
-3.713740706443786621e-01
-3.710883557796478271e-01
-3.713489472866058350e-01
-3.714293837547302246e-01
-3.714691400527954102e-01
-3.708540797233581543e-01
-3.709963858127593994e-01
-3.712569177150726318e-01
-3.712499141693115234e-01
-3.711076676845550537e-01
-3.712693452835083008e-01
-3.704701662063598633e-01
-3.715248703956604004e-01
-3.706800043582916260e-01
-3.706227540969848633e-01
-3.708711564540863037e-01
-3.711338639259338379e-01
-3.714645504951477051e-01
-3.712272942066192627e-01
-3.712093532085418701e-01
-3.713871538639068604e-01
-3.711805343627929688e-01
-3.711985051631927490e-01
-3.700739741325378418e-01
-3.713627159595489502e-01
-3.704204857349395752e-01
-3.705387711524963379e-01
-3.701702058315277100e-01
-3.713141977787017822e-01
-3.710606098175048828e-01
-3.706097602844238281e-01
-3.702355325222015381e-01
-3.706430196762084961e-01
-3.709567189216613770e-01
-3.707473874092102051e-01
-3.703913986682891846e-01
-3.706001043319702148e-01
-3.704934716224670410e-01
-3.714733421802520752e-01
-3.708127439022064209e-01
-3.709825873374938965e-01
-3.717083334922790527e-01
-3.711433410644531250e-01
-3.710786402225494385e-01
-3.707622289657592773e-01
-3.705980777740478516e-01
-3.712518215179443359e-01
-3.713169991970062256e-01
-3.708914816379547119e-01
-3.705782890319824219e-01
-3.707289993762969971e-01
-3.711120188236236572e-01
-3.717156946659088135e-01
-3.708305358886718750e-01
-3.712938725948333740e-01
-3.704666495323181152e-01
-3.710396885871887207e-01
-3.714653849601745605e-01
-3.711109459400177002e-01
-3.709156215190887451e-01
-3.708575963973999023e-01
-3.710897862911224365e-01
-3.712306916713714600e-01
-3.708193004131317139e-01
-3.709710836410522461e-01
-3.713762164115905762e-01
-3.712245523929595947e-01
-3.708341121673583984e-01
-3.710927069187164307e-01
-3.711600303649902344e-01
-3.715484440326690674e-01
-3.715657889842987061e-01
-3.711824417114257812e-01
-3.716243803501129150e-01
-3.709540069103240967e-01
-3.714779019355773926e-01
-3.712251186370849609e-01
-3.709271848201751709e-01
-3.713272809982299805e-01
-3.714856803417205811e-01
-3.716573119163513184e-01
-3.712621331214904785e-01
-3.707549870014190674e-01
-3.710800409317016602e-01
-3.707111477851867676e-01
-3.714863359928131104e-01
-3.707095384597778320e-01
-3.708676695823669434e-01
-3.715113401412963867e-01
-3.713059425354003906e-01
-3.711235523223876953e-01
-3.708430826663970947e-01
-3.713211417198181152e-01
-3.706871867179870605e-01
-3.711964786052703857e-01
-3.713293969631195068e-01
-3.713262975215911865e-01
-3.711332380771636963e-01
-3.711530268192291260e-01
-3.710898458957672119e-01
-3.712405264377593994e-01
-3.710992336273193359e-01
-3.715755641460418701e-01
-3.710298836231231689e-01
-3.716236054897308350e-01
-3.709642887115478516e-01
-3.711454570293426514e-01
-3.712764382362365723e-01
-3.714030385017395020e-01
-3.713528513908386230e-01
-3.716727495193481445e-01
-3.716089129447937012e-01
-3.703213036060333252e-01
-3.712781965732574463e-01
-3.715151548385620117e-01
-3.712308704853057861e-01
-3.711009025573730469e-01
-3.711603283882141113e-01
-3.714755177497863770e-01
-3.713987171649932861e-01
-3.710018098354339600e-01
-3.708885908126831055e-01
-3.711114525794982910e-01
-3.703840374946594238e-01
-3.715670108795166016e-01
-3.709100484848022461e-01
-3.709464669227600098e-01
-3.705177009105682373e-01
-3.707283139228820801e-01
-3.713434338569641113e-01
-3.709613382816314697e-01
-3.712525963783264160e-01
-3.709090948104858398e-01
-3.706292212009429932e-01
-3.710249960422515869e-01
-3.713048696517944336e-01
-3.714826703071594238e-01
-3.718421757221221924e-01
-3.715410232543945312e-01
-3.713833391666412354e-01
-3.712221682071685791e-01
-3.713465034961700439e-01
-3.711660802364349365e-01
-3.709683120250701904e-01
-3.712500035762786865e-01
-3.706212639808654785e-01
-3.712588846683502197e-01
-3.710472583770751953e-01
-3.704743087291717529e-01
-3.709118366241455078e-01
-3.716927468776702881e-01
-3.710159361362457275e-01
-3.709039986133575439e-01
-3.715594112873077393e-01
-3.711427748203277588e-01
-3.709065020084381104e-01
-3.714344203472137451e-01
-3.715200126171112061e-01
-3.706800043582916260e-01
-3.714582622051239014e-01
-3.714387416839599609e-01
-3.706749379634857178e-01
-3.710736632347106934e-01
-3.713040649890899658e-01
-3.708908557891845703e-01
-3.707786500453948975e-01
-3.715005517005920410e-01
-3.711603879928588867e-01
-3.707357645034790039e-01
-3.713731765747070312e-01
-3.708622455596923828e-01
-3.712437450885772705e-01
-3.712977170944213867e-01
-3.709516227245330811e-01
-3.708617985248565674e-01
-3.714680373668670654e-01
-3.713615834712982178e-01
-3.715769052505493164e-01
-3.707663714885711670e-01
-3.711914718151092529e-01
-3.714863061904907227e-01
-3.710343837738037109e-01
-3.713649809360504150e-01
-3.712352812290191650e-01
-3.716742694377899170e-01
-3.715364336967468262e-01
-3.716116249561309814e-01
-3.716214597225189209e-01
-3.708426654338836670e-01
-3.713895380496978760e-01
-3.717438578605651855e-01
-3.715408444404602051e-01
-3.710223436355590820e-01
-3.713653683662414551e-01
-3.711616396903991699e-01
-3.715052902698516846e-01
-3.713397681713104248e-01
-3.705991804599761963e-01
-3.714274466037750244e-01
-3.720747828483581543e-01
-3.709200918674468994e-01
-3.713903129100799561e-01
-3.714468777179718018e-01
-3.710965514183044434e-01
-3.714976310729980469e-01
-3.710652589797973633e-01
-3.714897334575653076e-01
-3.711863756179809570e-01
-3.713530302047729492e-01
-3.710466325283050537e-01
-3.716975152492523193e-01
-3.710316717624664307e-01
-3.713612854480743408e-01
-3.709577918052673340e-01
-3.716992735862731934e-01
-3.711096942424774170e-01
-3.714576363563537598e-01
-3.717234730720520020e-01
-3.712730109691619873e-01
-3.710840940475463867e-01
-3.712175190448760986e-01
-3.707147538661956787e-01
-3.711721301078796387e-01
-3.708983063697814941e-01
-3.705891668796539307e-01
-3.712044656276702881e-01
-3.704068660736083984e-01
-3.704251646995544434e-01
-3.715876638889312744e-01
-3.711993992328643799e-01
-3.705783784389495850e-01
-3.711692094802856445e-01
-3.718662858009338379e-01
-3.706184625625610352e-01
-3.712598085403442383e-01
-3.716951608657836914e-01
-3.708851933479309082e-01
-3.714025914669036865e-01
-3.713581860065460205e-01
-3.716833591461181641e-01
-3.711235225200653076e-01
-3.715295493602752686e-01
-3.706415295600891113e-01
-3.707096576690673828e-01
-3.710621893405914307e-01
-3.704183697700500488e-01
-3.711452782154083252e-01
-3.713645637035369873e-01
-3.714035749435424805e-01
-3.704011738300323486e-01
-3.708827495574951172e-01
-3.711360394954681396e-01
-3.709894418716430664e-01
-3.707624673843383789e-01
-3.710401058197021484e-01
-3.712801039218902588e-01
-3.706250190734863281e-01
-3.711768686771392822e-01
-3.704532384872436523e-01
-3.714119493961334229e-01
-3.708261549472808838e-01
-3.708137869834899902e-01
-3.713997304439544678e-01
-3.710806369781494141e-01
-3.711251318454742432e-01
-3.711623549461364746e-01
-3.706177473068237305e-01
-3.710051178932189941e-01
-3.712335824966430664e-01
-3.712685406208038330e-01
-3.710298538208007812e-01
-3.708599805831909180e-01
-3.708494901657104492e-01
-3.711531162261962891e-01
-3.719787597656250000e-01
-3.712860047817230225e-01
-3.715015053749084473e-01
-3.716189563274383545e-01
-3.715993165969848633e-01
-3.713062107563018799e-01
-3.710674941539764404e-01
-3.711620569229125977e-01
-3.706950545310974121e-01
-3.713747560977935791e-01
-3.713125586509704590e-01
-3.716334104537963867e-01
-3.710111081600189209e-01
-3.706844747066497803e-01
-3.718246519565582275e-01
-3.711815774440765381e-01
-3.716959059238433838e-01
-3.715335130691528320e-01
-3.713803589344024658e-01
-3.710004985332489014e-01
-3.714447915554046631e-01
-3.712579905986785889e-01
-3.716997802257537842e-01
-3.712857961654663086e-01
-3.711181879043579102e-01
-3.717859089374542236e-01
-3.702493607997894287e-01
-3.712143599987030029e-01
-3.710736632347106934e-01
-3.705191016197204590e-01
-3.707463443279266357e-01
-3.706854879856109619e-01
-3.714502453804016113e-01
-3.713004291057586670e-01
-3.710856139659881592e-01
-3.711373209953308105e-01
-3.714243769645690918e-01
-3.707564175128936768e-01
-3.714741766452789307e-01
-3.711364269256591797e-01
-3.720124959945678711e-01
-3.719024062156677246e-01
-3.711084127426147461e-01
-3.711766600608825684e-01
-3.714519739151000977e-01
-3.712293207645416260e-01
-3.714148998260498047e-01
-3.714848160743713379e-01
-3.714168071746826172e-01
-3.711472153663635254e-01
-3.713158369064331055e-01
-3.715003430843353271e-01
-3.713429272174835205e-01
-3.713924288749694824e-01
-3.716740608215332031e-01
-3.712205588817596436e-01
-3.718504607677459717e-01
-3.713176846504211426e-01
-3.714581429958343506e-01
-3.710790276527404785e-01
-3.718524277210235596e-01
-3.713800311088562012e-01
-3.717880845069885254e-01
-3.717553615570068359e-01
-3.717566430568695068e-01
-3.714252710342407227e-01
-3.714424371719360352e-01
-3.715537190437316895e-01
-3.713008165359497070e-01
-3.718754947185516357e-01
-3.713668882846832275e-01
-3.714503645896911621e-01
-3.715834021568298340e-01
-3.713410198688507080e-01
-3.712067902088165283e-01
-3.713228106498718262e-01
-3.716413676738739014e-01
-3.716043531894683838e-01
-3.718879222869873047e-01
-3.716480731964111328e-01
-3.716575801372528076e-01
-3.708990514278411865e-01
-3.715261518955230713e-01
-3.712220489978790283e-01
-3.712734282016754150e-01
-3.712826669216156006e-01
-3.710369169712066650e-01
-3.715485036373138428e-01
-3.713491857051849365e-01
-3.716726005077362061e-01
-3.711825013160705566e-01
-3.713778555393218994e-01
-3.721658587455749512e-01
-3.709910809993743896e-01
-3.714410364627838135e-01
-3.711578845977783203e-01
-3.714387118816375732e-01
-3.712989985942840576e-01
-3.715077042579650879e-01
-3.705132603645324707e-01
-3.713185489177703857e-01
-3.714956045150756836e-01
-3.716255724430084229e-01
-3.715778589248657227e-01
-3.714635670185089111e-01
-3.713972270488739014e-01
-3.711372017860412598e-01
-3.716773688793182373e-01
-3.714916706085205078e-01
-3.713513910770416260e-01
-3.719576001167297363e-01
-3.719305992126464844e-01
-3.717084527015686035e-01
-3.717358708381652832e-01
-3.720214366912841797e-01
-3.712990880012512207e-01
-3.717337548732757568e-01
-3.714708983898162842e-01
-3.714456260204315186e-01
-3.712802231311798096e-01
-3.716585338115692139e-01
-3.713848888874053955e-01
-3.712091147899627686e-01
-3.719115555286407471e-01
-3.715264201164245605e-01
-3.714663386344909668e-01
-3.719023466110229492e-01
-3.716024160385131836e-01
-3.718524873256683350e-01
-3.716937303543090820e-01
-3.717346787452697754e-01
-3.714486062526702881e-01
-3.712745010852813721e-01
-3.714263141155242920e-01
-3.713443279266357422e-01
-3.716672360897064209e-01
-3.713884055614471436e-01
-3.717463612556457520e-01
-3.716919422149658203e-01
-3.715037703514099121e-01
-3.717004954814910889e-01
-3.713858723640441895e-01
-3.713573515415191650e-01
-3.718983530998229980e-01
-3.716320097446441650e-01
-3.715612590312957764e-01
-3.711267709732055664e-01
-3.713475465774536133e-01
-3.720526099205017090e-01
-3.717265725135803223e-01
-3.716531991958618164e-01
-3.719455003738403320e-01
-3.714439570903778076e-01
-3.716228604316711426e-01
-3.717655539512634277e-01
-3.714040517807006836e-01
-3.711448907852172852e-01
-3.716755211353302002e-01
-3.715948462486267090e-01
-3.715197443962097168e-01
-3.715852797031402588e-01
-3.715963363647460938e-01
-3.715402483940124512e-01
-3.712512254714965820e-01
-3.719013631343841553e-01
-3.715059757232666016e-01
-3.715505301952362061e-01
-3.714839518070220947e-01
-3.717446327209472656e-01
-3.718076944351196289e-01
-3.712911903858184814e-01
-3.713204860687255859e-01
-3.717917501926422119e-01
-3.715283572673797607e-01
-3.712247014045715332e-01
-3.716608583927154541e-01
-3.712193667888641357e-01
-3.715330064296722412e-01
-3.712844252586364746e-01
-3.709813952445983887e-01
-3.713189065456390381e-01
-3.715296089649200439e-01
-3.718086481094360352e-01
-3.719023466110229492e-01
-3.713143169879913330e-01
-3.714703917503356934e-01
-3.719744980335235596e-01
-3.721367120742797852e-01
-3.717577159404754639e-01
-3.718491196632385254e-01
-3.713517487049102783e-01
-3.713247179985046387e-01
-3.717116415500640869e-01
-3.714817464351654053e-01
-3.717508912086486816e-01
-3.720004856586456299e-01
-3.716519773006439209e-01
-3.718615770339965820e-01
-3.718504011631011963e-01
-3.715368211269378662e-01
-3.716802299022674561e-01
-3.715764582157135010e-01
-3.717620372772216797e-01
-3.719762563705444336e-01
-3.715487718582153320e-01
-3.718323111534118652e-01
-3.711103498935699463e-01
-3.711168766021728516e-01
-3.712270557880401611e-01
-3.712569475173950195e-01
-3.715587854385375977e-01
-3.718119561672210693e-01
-3.717835545539855957e-01
-3.714123666286468506e-01
-3.711425364017486572e-01
-3.711632788181304932e-01
-3.709767460823059082e-01
-3.718433976173400879e-01
-3.714598417282104492e-01
-3.714451789855957031e-01
-3.715690970420837402e-01
-3.715718984603881836e-01
-3.718342781066894531e-01
-3.713222742080688477e-01
-3.716025054454803467e-01
-3.717806041240692139e-01
-3.713555335998535156e-01
-3.716121315956115723e-01
-3.717150986194610596e-01
-3.715058565139770508e-01
-3.715335428714752197e-01
-3.715482056140899658e-01
-3.717086613178253174e-01
-3.714585006237030029e-01
-3.713982105255126953e-01
-3.716071248054504395e-01
-3.719845116138458252e-01
-3.713934421539306641e-01
-3.716497123241424561e-01
-3.715514838695526123e-01
-3.719901144504547119e-01
-3.714294731616973877e-01
-3.717150688171386719e-01
-3.706660866737365723e-01
-3.713521063327789307e-01
-3.718444705009460449e-01
-3.713749945163726807e-01
-3.720113933086395264e-01
-3.720110356807708740e-01
-3.718674182891845703e-01
-3.717798292636871338e-01
-3.718076348304748535e-01
-3.713189661502838135e-01
-3.717705011367797852e-01
-3.718655407428741455e-01
-3.715673089027404785e-01
-3.718696236610412598e-01
-3.722721040248870850e-01
-3.720313608646392822e-01
-3.716203570365905762e-01
-3.716533780097961426e-01
-3.719884157180786133e-01
-3.718328773975372314e-01
-3.723281621932983398e-01
-3.713636398315429688e-01
-3.716731369495391846e-01
-3.713587224483489990e-01
-3.717952072620391846e-01
-3.715525567531585693e-01
-3.718034327030181885e-01
-3.715020716190338135e-01
-3.718816339969635010e-01
-3.717957139015197754e-01
-3.713742792606353760e-01
-3.718599379062652588e-01
-3.712067306041717529e-01
-3.714691102504730225e-01
-3.719129264354705811e-01
-3.717459738254547119e-01
-3.715839982032775879e-01
-3.717821240425109863e-01
-3.712782859802246094e-01
-3.718389868736267090e-01
-3.715164065361022949e-01
-3.721677958965301514e-01
-3.714165389537811279e-01
-3.717335462570190430e-01
-3.715583980083465576e-01
-3.715313076972961426e-01
-3.721076548099517822e-01
-3.721966445446014404e-01
-3.712877333164215088e-01
-3.714600801467895508e-01
-3.716762661933898926e-01
-3.715222775936126709e-01
-3.716847002506256104e-01
-3.719770312309265137e-01
-3.721831142902374268e-01
-3.716753721237182617e-01
-3.717701435089111328e-01
-3.714815080165863037e-01
-3.716652095317840576e-01
-3.717630505561828613e-01
-3.721629679203033447e-01
-3.714241087436676025e-01
-3.713514506816864014e-01
-3.721801638603210449e-01
-3.715302944183349609e-01
-3.722663521766662598e-01
-3.719456493854522705e-01
-3.713861703872680664e-01
-3.718982636928558350e-01
-3.710233867168426514e-01
-3.716468513011932373e-01
-3.715520501136779785e-01
-3.715817332267761230e-01
-3.715803623199462891e-01
-3.714229166507720947e-01
-3.713329434394836426e-01
-3.713621795177459717e-01
-3.719033598899841309e-01
-3.714298605918884277e-01
-3.708497881889343262e-01
-3.718225359916687012e-01
-3.718034029006958008e-01
-3.717425465583801270e-01
-3.711167275905609131e-01
-3.715994656085968018e-01
-3.715708851814270020e-01
-3.717593252658843994e-01
-3.715372383594512939e-01
-3.712703287601470947e-01
-3.714627623558044434e-01
-3.716433644294738770e-01
-3.714779913425445557e-01
-3.712448179721832275e-01
-3.716516196727752686e-01
-3.711694478988647461e-01
-3.708545565605163574e-01
-3.715031743049621582e-01
-3.715862035751342773e-01
-3.711944520473480225e-01
-3.718730211257934570e-01
-3.715250194072723389e-01
-3.717046082019805908e-01
-3.716270029544830322e-01
-3.710130453109741211e-01
-3.717411160469055176e-01
-3.718908131122589111e-01
-3.712297081947326660e-01
-3.711940348148345947e-01
-3.717834949493408203e-01
-3.720617592334747314e-01
-3.718589246273040771e-01
-3.718923926353454590e-01
-3.713183403015136719e-01
-3.717690408229827881e-01
-3.718345463275909424e-01
-3.712733089923858643e-01
-3.711701631546020508e-01
-3.706891536712646484e-01
-3.717714548110961914e-01
-3.709733784198760986e-01
-3.716872930526733398e-01
-3.710278868675231934e-01
-3.713748753070831299e-01
-3.715170919895172119e-01
-3.709714114665985107e-01
-3.712474703788757324e-01
-3.714140057563781738e-01
-3.712083697319030762e-01
-3.715722262859344482e-01
-3.719113171100616455e-01
-3.716214001178741455e-01
-3.710252642631530762e-01
-3.719364404678344727e-01
-3.709354996681213379e-01
-3.718706071376800537e-01
-3.718377053737640381e-01
-3.717816472053527832e-01
-3.713886737823486328e-01
-3.716553449630737305e-01
-3.721127808094024658e-01
-3.715484142303466797e-01
-3.718602955341339111e-01
-3.715316951274871826e-01
-3.715180158615112305e-01
-3.721043467521667480e-01
-3.717229068279266357e-01
-3.713971376419067383e-01
-3.713192641735076904e-01
-3.712080121040344238e-01
-3.716560006141662598e-01
-3.721534907817840576e-01
-3.714952170848846436e-01
-3.716932237148284912e-01
-3.713781833648681641e-01
-3.718259334564208984e-01
-3.716180920600891113e-01
-3.711914718151092529e-01
-3.712189793586730957e-01
-3.710474371910095215e-01
-3.714625537395477295e-01
-3.716664314270019531e-01
-3.711585402488708496e-01
-3.716432452201843262e-01
-3.716284036636352539e-01
-3.717961311340332031e-01
-3.711350262165069580e-01
-3.717600107192993164e-01
-3.717027008533477783e-01
-3.711020648479461670e-01
-3.718827962875366211e-01
-3.715946674346923828e-01
-3.713488280773162842e-01
-3.714192509651184082e-01
-3.721417784690856934e-01
-3.720349371433258057e-01
-3.721552491188049316e-01
-3.716806769371032715e-01
-3.713773190975189209e-01
-3.715421557426452637e-01
-3.717829585075378418e-01
-3.716437518596649170e-01
-3.716063499450683594e-01
-3.718003630638122559e-01
-3.715201318264007568e-01
-3.715920746326446533e-01
-3.710013926029205322e-01
-3.717043101787567139e-01
-3.720562160015106201e-01
-3.716450333595275879e-01
-3.719005882740020752e-01
-3.715803325176239014e-01
-3.718475103378295898e-01
-3.720818459987640381e-01
-3.720775842666625977e-01
-3.722606599330902100e-01
-3.715183138847351074e-01
-3.716229200363159180e-01
-3.716270625591278076e-01
-3.713488876819610596e-01
-3.721617460250854492e-01
-3.711148798465728760e-01
-3.715408444404602051e-01
-3.722462654113769531e-01
-3.712829053401947021e-01
-3.717153370380401611e-01
-3.717131316661834717e-01
-3.715905249118804932e-01
-3.715934157371520996e-01
-3.716034591197967529e-01
-3.714930713176727295e-01
-3.714652061462402344e-01
-3.713096380233764648e-01
-3.719517588615417480e-01
-3.721143901348114014e-01
-3.721384406089782715e-01
-3.717510402202606201e-01
-3.718915879726409912e-01
-3.713037669658660889e-01
-3.718129992485046387e-01
-3.719760179519653320e-01
-3.717374205589294434e-01
-3.717850446701049805e-01
-3.724448978900909424e-01
-3.715673089027404785e-01
-3.720265030860900879e-01
-3.720453679561614990e-01
-3.716948628425598145e-01
-3.712843358516693115e-01
-3.720155358314514160e-01
-3.721583187580108643e-01
-3.717781901359558105e-01
-3.723943531513214111e-01
-3.714307546615600586e-01
-3.721348345279693604e-01
-3.721926808357238770e-01
-3.722385764122009277e-01
-3.717018961906433105e-01
-3.718131184577941895e-01
-3.717579245567321777e-01
-3.720344603061676025e-01
-3.720104396343231201e-01
-3.719467818737030029e-01
-3.720168173313140869e-01
-3.718667626380920410e-01
-3.718964755535125732e-01
-3.719105124473571777e-01
-3.719179928302764893e-01
-3.713587224483489990e-01
-3.718389272689819336e-01
-3.719091415405273438e-01
-3.716062605381011963e-01
-3.714488744735717773e-01
-3.720783293247222900e-01
-3.719939589500427246e-01
-3.715464174747467041e-01
-3.717036247253417969e-01
-3.719755411148071289e-01
-3.720878660678863525e-01
-3.722096681594848633e-01
-3.714042901992797852e-01
-3.718641996383666992e-01
-3.712508380413055420e-01
-3.720956444740295410e-01
-3.714922666549682617e-01
-3.720099627971649170e-01
-3.720376491546630859e-01
-3.721043467521667480e-01
-3.719917237758636475e-01
-3.713811039924621582e-01
-3.717890977859497070e-01
-3.717654943466186523e-01
-3.714514374732971191e-01
-3.718785941600799561e-01
-3.718315660953521729e-01
-3.715865910053253174e-01
-3.717965483665466309e-01
-3.722567856311798096e-01
-3.715800642967224121e-01
-3.713715374469757080e-01
-3.719096183776855469e-01
-3.719267547130584717e-01
-3.716135919094085693e-01
-3.723927140235900879e-01
-3.720178604125976562e-01
-3.717187643051147461e-01
-3.720638155937194824e-01
-3.720719814300537109e-01
-3.714737296104431152e-01
-3.719862997531890869e-01
-3.727393746376037598e-01
-3.724380135536193848e-01
-3.720761239528656006e-01
-3.718212246894836426e-01
-3.720040321350097656e-01
-3.725354671478271484e-01
-3.720242083072662354e-01
-3.719655275344848633e-01
-3.717272877693176270e-01
-3.721506893634796143e-01
-3.716629147529602051e-01
-3.721248805522918701e-01
-3.719744086265563965e-01
-3.720945417881011963e-01
-3.716487586498260498e-01
-3.716228306293487549e-01
-3.716627061367034912e-01
-3.717401623725891113e-01
-3.718726933002471924e-01
-3.710983693599700928e-01
-3.720811903476715088e-01
-3.716079592704772949e-01
-3.721334040164947510e-01
-3.716798126697540283e-01
-3.723595440387725830e-01
-3.714378178119659424e-01
-3.718877434730529785e-01
-3.716487288475036621e-01
-3.716669380664825439e-01
-3.718312978744506836e-01
-3.715461790561676025e-01
-3.716591298580169678e-01
-3.715822100639343262e-01
-3.724404871463775635e-01
-3.714149594306945801e-01
-3.716911375522613525e-01
-3.719568550586700439e-01
-3.719232678413391113e-01
-3.720328509807586670e-01
-3.721146285533905029e-01
-3.712314963340759277e-01
-3.722679615020751953e-01
-3.721777796745300293e-01
-3.715451657772064209e-01
-3.722621798515319824e-01
-3.723902702331542969e-01
-3.718155920505523682e-01
-3.719142079353332520e-01
-3.720998466014862061e-01
-3.721882402896881104e-01
-3.720957636833190918e-01
-3.720725774765014648e-01
-3.716115653514862061e-01
-3.719347417354583740e-01
-3.720582723617553711e-01
-3.721174001693725586e-01
-3.720307350158691406e-01
-3.722308874130249023e-01
-3.714005053043365479e-01
-3.720777034759521484e-01
-3.726455569267272949e-01
-3.714391887187957764e-01
-3.718308806419372559e-01
-3.719637393951416016e-01
-3.715340495109558105e-01
-3.717699348926544189e-01
-3.713333010673522949e-01
-3.718330860137939453e-01
-3.707832396030426025e-01
-3.719004988670349121e-01
-3.709298670291900635e-01
-3.718295395374298096e-01
-3.708121478557586670e-01
-3.719695508480072021e-01
-3.712183237075805664e-01
-3.708288371562957764e-01
-3.714763522148132324e-01
-3.710220754146575928e-01
-3.717664778232574463e-01
-3.715714514255523682e-01
-3.718635141849517822e-01
-3.720767796039581299e-01
-3.712076246738433838e-01
-3.716792464256286621e-01
-3.708188533782958984e-01
-3.712209165096282959e-01
-3.715167939662933350e-01
-3.711785674095153809e-01
-3.713073134422302246e-01
-3.713757991790771484e-01
-3.713113665580749512e-01
-3.721649050712585449e-01
-3.704395890235900879e-01
-3.718630969524383545e-01
-3.713897168636322021e-01
-3.716897964477539062e-01
-3.718644976615905762e-01
-3.718267083168029785e-01
-3.717689812183380127e-01
-3.717454969882965088e-01
-3.713881969451904297e-01
-3.715103566646575928e-01
-3.720324635505676270e-01
-3.714769780635833740e-01
-3.714785575866699219e-01
-3.720405399799346924e-01
-3.710849285125732422e-01
-3.722817003726959229e-01
-3.708620667457580566e-01
-3.718881309032440186e-01
-3.713454306125640869e-01
-3.719563186168670654e-01
-3.717444241046905518e-01
-3.710595071315765381e-01
-3.713508844375610352e-01
-3.714784681797027588e-01
-3.717463910579681396e-01
-3.717436492443084717e-01
-3.716723620891571045e-01
-3.721284866333007812e-01
-3.719001412391662598e-01
-3.714755177497863770e-01
-3.719560503959655762e-01
-3.718723952770233154e-01
-3.719665408134460449e-01
-3.722929060459136963e-01
-3.717706203460693359e-01
-3.717636764049530029e-01
-3.720331490039825439e-01
-3.722526431083679199e-01
-3.721493482589721680e-01
-3.720382452011108398e-01
-3.720115423202514648e-01
-3.719021081924438477e-01
-3.718861043453216553e-01
-3.720920085906982422e-01
-3.714843988418579102e-01
-3.727067112922668457e-01
-3.718448281288146973e-01
-3.718784153461456299e-01
-3.722274899482727051e-01
-3.718578219413757324e-01
-3.721482157707214355e-01
-3.720989823341369629e-01
-3.720837831497192383e-01
-3.723213672637939453e-01
-3.722360432147979736e-01
-3.720800876617431641e-01
-3.721851706504821777e-01
-3.722626268863677979e-01
-3.723035156726837158e-01
-3.716825544834136963e-01
-3.723311126232147217e-01
-3.720282912254333496e-01
-3.721569180488586426e-01
-3.716515302658081055e-01
-3.722520172595977783e-01
-3.723332583904266357e-01
-3.719193637371063232e-01
-3.722307085990905762e-01
-3.719987273216247559e-01
-3.720013499259948730e-01
-3.725787401199340820e-01
-3.725997507572174072e-01
-3.721871674060821533e-01
-3.722941279411315918e-01
-3.724009990692138672e-01
-3.716284036636352539e-01
-3.724093139171600342e-01
-3.716318309307098389e-01
-3.714325428009033203e-01
-3.715706765651702881e-01
-3.715546727180480957e-01
-3.721097707748413086e-01
-3.712726831436157227e-01
-3.723572194576263428e-01
-3.718585669994354248e-01
-3.718632757663726807e-01
-3.718251287937164307e-01
-3.717221319675445557e-01
-3.719802796840667725e-01
-3.718123137950897217e-01
-3.719279468059539795e-01
-3.720668852329254150e-01
-3.717647492885589600e-01
-3.720280528068542480e-01
-3.713916540145874023e-01
-3.715100884437561035e-01
-3.717858791351318359e-01
-3.716062009334564209e-01
-3.711728751659393311e-01
-3.712675571441650391e-01
-3.716897070407867432e-01
-3.714347481727600098e-01
-3.718810677528381348e-01
-3.716372251510620117e-01
-3.707718551158905029e-01
-3.721731603145599365e-01
-3.717084527015686035e-01
-3.721502125263214111e-01
-3.717258870601654053e-01
-3.723947703838348389e-01
-3.723841905593872070e-01
-3.720872104167938232e-01
-3.721285462379455566e-01
-3.692426681518554688e-01
-3.709744215011596680e-01
-3.704608678817749023e-01
-3.704703450202941895e-01
-3.703926801681518555e-01
-3.713729977607727051e-01
-3.706992864608764648e-01
-3.702253401279449463e-01
-3.707397282123565674e-01
-3.711692392826080322e-01
-3.706727921962738037e-01
-3.701560795307159424e-01
-3.712848424911499023e-01
-3.708832561969757080e-01
-3.708068132400512695e-01
-3.710608482360839844e-01
-3.711060881614685059e-01
-3.708704710006713867e-01
-3.713879883289337158e-01
-3.709294497966766357e-01
-3.711511194705963135e-01
-3.714859485626220703e-01
-3.715974688529968262e-01
-3.715137243270874023e-01
-3.710854649543762207e-01
-3.714716732501983643e-01
-3.712119758129119873e-01
-3.713850975036621094e-01
-3.720543682575225830e-01
-3.715598881244659424e-01
-3.719287514686584473e-01
-3.722453713417053223e-01
-3.720189034938812256e-01
-3.721985518932342529e-01
-3.715332448482513428e-01
-3.718901872634887695e-01
-3.715848028659820557e-01
-3.720163702964782715e-01
-3.718028068542480469e-01
-3.716796338558197021e-01
-3.717625737190246582e-01
-3.721130490303039551e-01
-3.720720708370208740e-01
-3.716868460178375244e-01
-3.726343810558319092e-01
-3.719965815544128418e-01
-3.721234202384948730e-01
-3.716867864131927490e-01
-3.718601763248443604e-01
-3.716605305671691895e-01
-3.717533051967620850e-01
-3.725227117538452148e-01
-3.721549212932586670e-01
-3.723340928554534912e-01
-3.725422322750091553e-01
-3.718152344226837158e-01
-3.719507455825805664e-01
-3.717565238475799561e-01
-3.722800314426422119e-01
-3.717055916786193848e-01
-3.723030686378479004e-01
-3.713747859001159668e-01
-3.713644444942474365e-01
-3.714216351509094238e-01
-3.711907863616943359e-01
-3.717808127403259277e-01
-3.715602457523345947e-01
-3.717765510082244873e-01
-3.717382848262786865e-01
-3.712914586067199707e-01
-3.717543780803680420e-01
-3.719934821128845215e-01
-3.719789981842041016e-01
-3.716554939746856689e-01
-3.716528117656707764e-01
-3.720979988574981689e-01
-3.716071248054504395e-01
-3.721877932548522949e-01
-3.724514842033386230e-01
-3.721763789653778076e-01
-3.720347583293914795e-01
-3.721303045749664307e-01
-3.717010617256164551e-01
-3.721839487552642822e-01
-3.721389174461364746e-01
-3.720054328441619873e-01
-3.718223273754119873e-01
-3.726416528224945068e-01
-3.718874752521514893e-01
-3.722381591796875000e-01
-3.720727562904357910e-01
-3.712777495384216309e-01
-3.725068867206573486e-01
-3.722340464591979980e-01
-3.721361756324768066e-01
-3.722352385520935059e-01
-3.725264966487884521e-01
-3.723619282245635986e-01
-3.721823692321777344e-01
-3.717725872993469238e-01
-3.727025091648101807e-01
-3.723349571228027344e-01
-3.722863197326660156e-01
-3.722552955150604248e-01
-3.719485998153686523e-01
-3.725763261318206787e-01
-3.721530139446258545e-01
-3.727423846721649170e-01
-3.722054362297058105e-01
-3.725822865962982178e-01
-3.721664547920227051e-01
-3.725013136863708496e-01
-3.723160326480865479e-01
-3.726039528846740723e-01
-3.728767633438110352e-01
-3.720676302909851074e-01
-3.723480999469757080e-01
-3.723526895046234131e-01
-3.723576664924621582e-01
-3.723749518394470215e-01
-3.718150556087493896e-01
-3.727718591690063477e-01
-3.726705908775329590e-01
-3.723789751529693604e-01
-3.717496991157531738e-01
-3.726866543292999268e-01
-3.723134994506835938e-01
-3.716294467449188232e-01
-3.718561232089996338e-01
-3.714512884616851807e-01
-3.713379502296447754e-01
-3.717681169509887695e-01
-3.713444173336029053e-01
-3.717288076877593994e-01
-3.717611730098724365e-01
-3.716088235378265381e-01
-3.719159662723541260e-01
-3.718028664588928223e-01
-3.715059161186218262e-01
-3.720354735851287842e-01
-3.717117309570312500e-01
-3.721814751625061035e-01
-3.718271851539611816e-01
-3.725233376026153564e-01
-3.720093369483947754e-01
-3.719995021820068359e-01
-3.724984526634216309e-01
-3.724390268325805664e-01
-3.723149895668029785e-01
-3.726584315299987793e-01
-3.720129430294036865e-01
-3.731521070003509521e-01
-3.717945218086242676e-01
-3.720081746578216553e-01
-3.715897202491760254e-01
-3.723491132259368896e-01
-3.720156252384185791e-01
-3.719715178012847900e-01
-3.725972771644592285e-01
-3.724858164787292480e-01
-3.722027540206909180e-01
-3.719938397407531738e-01
-3.720083534717559814e-01
-3.725565671920776367e-01
-3.722979128360748291e-01
-3.722721934318542480e-01
-3.723823130130767822e-01
-3.722189962863922119e-01
-3.724746704101562500e-01
-3.718117773532867432e-01
-3.716313540935516357e-01
-3.722924292087554932e-01
-3.717071413993835449e-01
-3.718242943286895752e-01
-3.722800314426422119e-01
-3.724525868892669678e-01
-3.725435733795166016e-01
-3.719437420368194580e-01
-3.725777566432952881e-01
-3.720271587371826172e-01
-3.720993101596832275e-01
-3.719141185283660889e-01
-3.723651766777038574e-01
-3.720442652702331543e-01
-3.717876076698303223e-01
-3.711550831794738770e-01
-3.713292181491851807e-01
-3.709579706192016602e-01
-3.709380626678466797e-01
-3.717658817768096924e-01
-3.711285591125488281e-01
-3.713238537311553955e-01
-3.717536032199859619e-01
-3.712620735168457031e-01
-3.709729015827178955e-01
-3.715136051177978516e-01
-3.717769980430603027e-01
-3.708917796611785889e-01
-3.711335659027099609e-01
-3.717667460441589355e-01
-3.708020150661468506e-01
-3.713951706886291504e-01
-3.714206516742706299e-01
-3.712747097015380859e-01
-3.713145852088928223e-01
-3.718563318252563477e-01
-3.710316717624664307e-01
-3.714436590671539307e-01
-3.718848526477813721e-01
-3.719195127487182617e-01
-3.716275990009307861e-01
-3.720258772373199463e-01
-3.721318542957305908e-01
-3.720570504665374756e-01
-3.724985122680664062e-01
-3.723409175872802734e-01
-3.722755610942840576e-01
-3.722555041313171387e-01
-3.722944557666778564e-01
-3.720734417438507080e-01
-3.716954290866851807e-01
-3.720295429229736328e-01
-3.712652921676635742e-01
-3.720770776271820068e-01
-3.727629184722900391e-01
-3.721404969692230225e-01
-3.718464076519012451e-01
-3.722953796386718750e-01
-3.723729252815246582e-01
-3.720799386501312256e-01
-3.725838065147399902e-01
-3.720134496688842773e-01
-3.716408014297485352e-01
-3.719548881053924561e-01
-3.716197013854980469e-01
-3.722618818283081055e-01
-3.711953759193420410e-01
-3.725022971630096436e-01
-3.715762794017791748e-01
-3.724644184112548828e-01
-3.720949590206146240e-01
-3.725740909576416016e-01
-3.720258176326751709e-01
-3.721074163913726807e-01
-3.717869222164154053e-01
-3.723759651184082031e-01
-3.728216588497161865e-01
-3.720969259738922119e-01
-3.720065951347351074e-01
-3.724996447563171387e-01
-3.713419139385223389e-01
-3.722343742847442627e-01
-3.716419041156768799e-01
-3.715209364891052246e-01
-3.713740110397338867e-01
-3.718681931495666504e-01
-3.727753460407257080e-01
-3.723396956920623779e-01
