-1.293868571519851685e-01
-1.894042789936065674e-01
-2.205871343612670898e-01
-2.406358122825622559e-01
-2.423843741416931152e-01
-2.451739460229873657e-01
-2.597598731517791748e-01
-2.569163739681243896e-01
-2.629615962505340576e-01
-2.673715353012084961e-01
-2.717224657535552979e-01
-2.765826582908630371e-01
-2.791850268840789795e-01
-2.796915769577026367e-01
-2.746791541576385498e-01
-2.864450812339782715e-01
-2.919000983238220215e-01
-2.929872572422027588e-01
-2.924765646457672119e-01
-2.963711023330688477e-01
-2.998449504375457764e-01
-3.002709448337554932e-01
-2.985027730464935303e-01
-2.979748547077178955e-01
-3.029974997043609619e-01
-3.049243688583374023e-01
-3.076433539390563965e-01
-3.116126060485839844e-01
-3.117459714412689209e-01
-3.123275637626647949e-01
-3.158055841922760010e-01
-3.209556937217712402e-01
-3.213440477848052979e-01
-3.210378885269165039e-01
-3.236815333366394043e-01
-3.237527608871459961e-01
-3.265425860881805420e-01
-3.259921669960021973e-01
-3.288388550281524658e-01
-3.267868161201477051e-01
-3.301705718040466309e-01
-3.315621912479400635e-01
-3.338933289051055908e-01
-3.350075483322143555e-01
-3.382284343242645264e-01
-3.448380827903747559e-01
-3.442519605159759521e-01
-3.460540771484375000e-01
-3.493253886699676514e-01
-3.507229089736938477e-01
-3.514641225337982178e-01
-3.522942662239074707e-01
-3.546876609325408936e-01
-3.549343347549438477e-01
-3.558655381202697754e-01
-3.551443517208099365e-01
-3.553469479084014893e-01
-3.563064038753509521e-01
-3.574815690517425537e-01
-3.578541874885559082e-01
-3.582740426063537598e-01
-3.594014346599578857e-01
-3.582303524017333984e-01
-3.580115437507629395e-01
-3.577519953250885010e-01
-3.591659665107727051e-01
-3.589875102043151855e-01
-3.606794476509094238e-01
-3.598339259624481201e-01
-3.592155873775482178e-01
-3.607167899608612061e-01
-3.597566485404968262e-01
-3.598356246948242188e-01
-3.618728518486022949e-01
-3.609580695629119873e-01
-3.608569204807281494e-01
-3.601925671100616455e-01
-3.604228198528289795e-01
-3.601594567298889160e-01
-3.595445454120635986e-01
-3.600064814090728760e-01
-3.600913584232330322e-01
-3.618133664131164551e-01
-3.617248535156250000e-01
-3.593045175075531006e-01
-3.616025149822235107e-01
-3.607017695903778076e-01
-3.604124188423156738e-01
-3.614602386951446533e-01
-3.619099557399749756e-01
-3.614931106567382812e-01
-3.618514537811279297e-01
-3.614256978034973145e-01
-3.625451028347015381e-01
-3.612030148506164551e-01
-3.614224195480346680e-01
-3.620870113372802734e-01
-3.616418540477752686e-01
-3.640300035476684570e-01
-3.612980246543884277e-01
-3.615805506706237793e-01
-3.617207109928131104e-01
-3.628565073013305664e-01
-3.637583255767822266e-01
-3.621207177639007568e-01
-3.620305061340332031e-01
-3.608904480934143066e-01
-3.626683354377746582e-01
-3.619148433208465576e-01
-3.612258136272430420e-01
-3.619951903820037842e-01
-3.626186549663543701e-01
-3.626830577850341797e-01
-3.606439530849456787e-01
-3.609931766986846924e-01
-3.633707165718078613e-01
-3.630543649196624756e-01
-3.608916103839874268e-01
-3.616349995136260986e-01
-3.625220954418182373e-01
-3.630309998989105225e-01
-3.632209300994873047e-01
-3.630224168300628662e-01
-3.624390363693237305e-01
-3.630188405513763428e-01
-3.618744015693664551e-01
-3.633527755737304688e-01
-3.614391386508941650e-01
-3.622926473617553711e-01
-3.632162511348724365e-01
-3.638678193092346191e-01
-3.626821637153625488e-01
-3.629991710186004639e-01
-3.617770969867706299e-01
-3.635697066783905029e-01
-3.628883659839630127e-01
-3.631973862648010254e-01
-3.631914258003234863e-01
-3.618444800376892090e-01
-3.627948462963104248e-01
-3.620156943798065186e-01
-3.631799221038818359e-01
-3.630315959453582764e-01
-3.624785244464874268e-01
-3.631986081600189209e-01
-3.635937571525573730e-01
-3.632228970527648926e-01
-3.629371821880340576e-01
-3.628676533699035645e-01
-3.640140295028686523e-01
-3.629735112190246582e-01
-3.626904785633087158e-01
-3.629522025585174561e-01
-3.632107675075531006e-01
-3.630045354366302490e-01
-3.639037013053894043e-01
-3.622454404830932617e-01
-3.624045848846435547e-01
-3.639719784259796143e-01
-3.628636300563812256e-01
-3.634235560894012451e-01
-3.625932037830352783e-01
-3.634346127510070801e-01
-3.640255630016326904e-01
-3.627709746360778809e-01
-3.635247051715850830e-01
-3.635102510452270508e-01
-3.641133904457092285e-01
-3.615515530109405518e-01
-3.623308241367340088e-01
-3.634725809097290039e-01
-3.634765744209289551e-01
-3.622732162475585938e-01
-3.638250231742858887e-01
-3.637409806251525879e-01
-3.637279570102691650e-01
-3.619733154773712158e-01
-3.626510500907897949e-01
-3.601847290992736816e-01
-3.607792854309082031e-01
-3.617528080940246582e-01
-3.624051213264465332e-01
-3.606539964675903320e-01
-3.619337081909179688e-01
-3.625093400478363037e-01
-3.624432384967803955e-01
-3.591763973236083984e-01
-3.633909821510314941e-01
-3.632413148880004883e-01
-3.609109520912170410e-01
-3.621591925621032715e-01
-3.616566061973571777e-01
-3.622185587882995605e-01
-3.626965880393981934e-01
-3.627077639102935791e-01
-3.621770143508911133e-01
-3.628351092338562012e-01
-3.618731200695037842e-01
-3.633891940116882324e-01
-3.629830479621887207e-01
-3.636725246906280518e-01
-3.633708357810974121e-01
-3.637275993824005127e-01
-3.636959791183471680e-01
-3.638827204704284668e-01
-3.644790649414062500e-01
-3.644426763057708740e-01
-3.648383319377899170e-01
-3.626325428485870361e-01
-3.635058104991912842e-01
-3.655801415443420410e-01
-3.649456799030303955e-01
-3.665303289890289307e-01
-3.644947707653045654e-01
-3.659027814865112305e-01
-3.651711642742156982e-01
-3.652817010879516602e-01
-3.661797344684600830e-01
-3.662973940372467041e-01
-3.657218217849731445e-01
-3.667786717414855957e-01
-3.671488165855407715e-01
-3.676872849464416504e-01
-3.672047555446624756e-01
-3.683015406131744385e-01
-3.669301867485046387e-01
-3.673107922077178955e-01
-3.673100769519805908e-01
-3.678879439830780029e-01
-3.692441880702972412e-01
-3.690254986286163330e-01
-3.687816858291625977e-01
-3.691340088844299316e-01
-3.682081997394561768e-01
-3.690794706344604492e-01
-3.691760003566741943e-01
-3.693172037601470947e-01
-3.684208095073699951e-01
-3.691532313823699951e-01
-3.696345686912536621e-01
-3.686426281929016113e-01
-3.695945441722869873e-01
-3.711410462856292725e-01
-3.694070577621459961e-01
-3.710205554962158203e-01
-3.706675469875335693e-01
-3.702515959739685059e-01
-3.696341812610626221e-01
-3.707316219806671143e-01
-3.719142377376556396e-01
-3.704046905040740967e-01
-3.702272474765777588e-01
-3.709459900856018066e-01
-3.707175552845001221e-01
-3.704380691051483154e-01
-3.709517121315002441e-01
-3.715036511421203613e-01
-3.708541393280029297e-01
-3.712738752365112305e-01
-3.699325621128082275e-01
-3.719389438629150391e-01
-3.716421127319335938e-01
-3.722774684429168701e-01
-3.712971210479736328e-01
-3.719700872898101807e-01
-3.707494735717773438e-01
-3.720085322856903076e-01
-3.732950091361999512e-01
-3.711532950401306152e-01
-3.728467524051666260e-01
-3.728159666061401367e-01
-3.714760839939117432e-01
-3.712913095951080322e-01
-3.718356192111968994e-01
-3.717198669910430908e-01
-3.723096847534179688e-01
-3.713707923889160156e-01
-3.718786537647247314e-01
-3.725404143333435059e-01
-3.712655305862426758e-01
-3.720843195915222168e-01
-3.720370531082153320e-01
-3.726803064346313477e-01
-3.723104596138000488e-01
-3.728130161762237549e-01
-3.728094995021820068e-01
-3.727518320083618164e-01
-3.717149794101715088e-01
-3.718172013759613037e-01
-3.725192844867706299e-01
-3.720909655094146729e-01
-3.730124533176422119e-01
-3.721388578414916992e-01
-3.727335929870605469e-01
-3.732258975505828857e-01
-3.734167218208312988e-01
-3.721821904182434082e-01
-3.725215494632720947e-01
-3.726960420608520508e-01
-3.727162480354309082e-01
-3.728789985179901123e-01
-3.731884658336639404e-01
-3.735249638557434082e-01
-3.733507692813873291e-01
-3.729124367237091064e-01
-3.729246854782104492e-01
-3.729407191276550293e-01
-3.733923435211181641e-01
-3.731281459331512451e-01
-3.736026287078857422e-01
-3.748871684074401855e-01
-3.724744915962219238e-01
-3.727602362632751465e-01
-3.729774951934814453e-01
-3.736771941184997559e-01
-3.736346364021301270e-01
-3.732854127883911133e-01
-3.730131089687347412e-01
-3.732022941112518311e-01
-3.727887570858001709e-01
-3.737525045871734619e-01
-3.741723001003265381e-01
-3.733504116535186768e-01
-3.728126883506774902e-01
-3.737284243106842041e-01
-3.733414709568023682e-01
-3.733347952365875244e-01
-3.736603856086730957e-01
-3.744327425956726074e-01
-3.738809227943420410e-01
-3.742648959159851074e-01
-3.744322657585144043e-01
-3.743396699428558350e-01
-3.746622204780578613e-01
-3.735839128494262695e-01
-3.737246096134185791e-01
-3.732571303844451904e-01
-3.753679990768432617e-01
-3.735245764255523682e-01
-3.739064335823059082e-01
-3.736429214477539062e-01
-3.737707138061523438e-01
-3.741250038146972656e-01
-3.743998408317565918e-01
-3.739270567893981934e-01
-3.738955855369567871e-01
-3.744319379329681396e-01
-3.741429448127746582e-01
-3.738596737384796143e-01
-3.741166889667510986e-01
-3.735746443271636963e-01
-3.749957084655761719e-01
-3.739441037178039551e-01
-3.746050596237182617e-01
-3.737959265708923340e-01
-3.744034171104431152e-01
-3.740735948085784912e-01
-3.739525973796844482e-01
-3.734740018844604492e-01
-3.750343918800354004e-01
-3.744679093360900879e-01
-3.743789196014404297e-01
-3.744494020938873291e-01
-3.738491237163543701e-01
-3.751050531864166260e-01
-3.743049800395965576e-01
-3.741137087345123291e-01
-3.743308782577514648e-01
-3.749063611030578613e-01
-3.731510639190673828e-01
-3.744186460971832275e-01
-3.733334839344024658e-01
-3.743511736392974854e-01
-3.746330440044403076e-01
-3.741803467273712158e-01
-3.741985857486724854e-01
-3.733061552047729492e-01
-3.739669919013977051e-01
-3.748776912689208984e-01
-3.738828301429748535e-01
-3.741868734359741211e-01
-3.746286630630493164e-01
-3.735070228576660156e-01
-3.744657039642333984e-01
-3.744423687458038330e-01
-3.750164806842803955e-01
-3.748178780078887939e-01
-3.749412596225738525e-01
-3.747232258319854736e-01
-3.741908669471740723e-01
-3.747797310352325439e-01
-3.745391666889190674e-01
-3.750578761100769043e-01
-3.744362592697143555e-01
-3.746747374534606934e-01
-3.746388256549835205e-01
-3.747976124286651611e-01
-3.742710053920745850e-01
-3.746086359024047852e-01
-3.745346069335937500e-01
-3.752009272575378418e-01
-3.750518858432769775e-01
-3.750776350498199463e-01
-3.752325773239135742e-01
-3.749426305294036865e-01
-3.747902810573577881e-01
-3.745905756950378418e-01
-3.743359446525573730e-01
-3.747181296348571777e-01
-3.750323951244354248e-01
-3.749687373638153076e-01
-3.743507266044616699e-01
-3.743811547756195068e-01
-3.743689060211181641e-01
-3.745423555374145508e-01
-3.748530149459838867e-01
-3.745820224285125732e-01
-3.743335008621215820e-01
-3.748923540115356445e-01
-3.750771284103393555e-01
-3.749364018440246582e-01
-3.754711449146270752e-01
-3.745272457599639893e-01
-3.746421337127685547e-01
-3.743730485439300537e-01
-3.744539916515350342e-01
-3.742899596691131592e-01
-3.748606443405151367e-01
-3.755842447280883789e-01
-3.748487234115600586e-01
-3.748512864112854004e-01
-3.750841319561004639e-01
-3.745648860931396484e-01
-3.752902448177337646e-01
-3.745335340499877930e-01
-3.749384284019470215e-01
-3.750784397125244141e-01
-3.749194443225860596e-01
-3.750103116035461426e-01
-3.752191066741943359e-01
-3.743751347064971924e-01
-3.748474121093750000e-01
-3.755504786968231201e-01
-3.748669922351837158e-01
-3.755623996257781982e-01
-3.748759627342224121e-01
-3.754675388336181641e-01
-3.744294345378875732e-01
-3.747939467430114746e-01
-3.751413226127624512e-01
-3.749553263187408447e-01
-3.742814362049102783e-01
-3.756815791130065918e-01
-3.752005100250244141e-01
-3.755884468555450439e-01
-3.755836188793182373e-01
-3.754000961780548096e-01
-3.751257956027984619e-01
-3.748697936534881592e-01
-3.750194013118743896e-01
-3.752619028091430664e-01
-3.750585317611694336e-01
-3.746892213821411133e-01
-3.757579922676086426e-01
-3.742858171463012695e-01
-3.753043115139007568e-01
-3.750033080577850342e-01
-3.754938244819641113e-01
-3.746379911899566650e-01
-3.757453560829162598e-01
-3.751721084117889404e-01
-3.755347132682800293e-01
-3.752966225147247314e-01
-3.747900128364562988e-01
-3.757679462432861328e-01
-3.753022551536560059e-01
-3.753249049186706543e-01
-3.745812177658081055e-01
-3.754031360149383545e-01
-3.750340044498443604e-01
-3.758308589458465576e-01
-3.749542236328125000e-01
-3.756248056888580322e-01
-3.748044073581695557e-01
-3.748775720596313477e-01
-3.753264248371124268e-01
-3.748178780078887939e-01
-3.749130368232727051e-01
-3.758142590522766113e-01
-3.752985298633575439e-01
-3.756001293659210205e-01
-3.752698898315429688e-01
-3.753768205642700195e-01
-3.747764527797698975e-01
-3.757511675357818604e-01
-3.752462267875671387e-01
-3.754705786705017090e-01
-3.755333721637725830e-01
-3.750581741333007812e-01
-3.753542900085449219e-01
-3.757193386554718018e-01
-3.759364485740661621e-01
-3.753411769866943359e-01
-3.750213980674743652e-01
-3.747467398643493652e-01
-3.750869333744049072e-01
-3.750280737876892090e-01
-3.756372034549713135e-01
-3.759403824806213379e-01
-3.757781982421875000e-01
-3.750579357147216797e-01
-3.756040632724761963e-01
-3.755570650100708008e-01
-3.755545914173126221e-01
-3.748312890529632568e-01
-3.754027783870697021e-01
-3.754934668540954590e-01
-3.748565614223480225e-01
-3.756075501441955566e-01
-3.762055039405822754e-01
-3.756318390369415283e-01
-3.750965297222137451e-01
-3.759662508964538574e-01
-3.757484853267669678e-01
-3.757530450820922852e-01
-3.759973347187042236e-01
-3.750951588153839111e-01
-3.753839433193206787e-01
-3.757250905036926270e-01
-3.757639825344085693e-01
-3.757753372192382812e-01
-3.758078217506408691e-01
-3.751219213008880615e-01
-3.757336735725402832e-01
-3.755695223808288574e-01
-3.754624426364898682e-01
-3.760789930820465088e-01
-3.758522868156433105e-01
-3.765589296817779541e-01
-3.752226233482360840e-01
-3.755917251110076904e-01
-3.756557703018188477e-01
-3.757664859294891357e-01
-3.753453493118286133e-01
-3.757387697696685791e-01
-3.752861320972442627e-01
-3.754011988639831543e-01
-3.760234415531158447e-01
-3.753841519355773926e-01
-3.750909566879272461e-01
-3.759058117866516113e-01
-3.760314583778381348e-01
-3.756480813026428223e-01
-3.758379518985748291e-01
-3.759487569332122803e-01
-3.754811286926269531e-01
-3.756069540977478027e-01
-3.753831088542938232e-01
-3.760752081871032715e-01
-3.755922019481658936e-01
-3.756867051124572754e-01
-3.754710555076599121e-01
-3.754140436649322510e-01
-3.760448098182678223e-01
-3.755991160869598389e-01
-3.757609128952026367e-01
-3.756696879863739014e-01
-3.761469721794128418e-01
-3.758772313594818115e-01
-3.753811717033386230e-01
-3.756513595581054688e-01
-3.761350810527801514e-01
-3.760378658771514893e-01
-3.761671185493469238e-01
-3.755788505077362061e-01
-3.758112490177154541e-01
-3.756586015224456787e-01
-3.763432502746582031e-01
-3.765724599361419678e-01
-3.755909204483032227e-01
-3.753654658794403076e-01
-3.752234578132629395e-01
-3.759083747863769531e-01
-3.763096332550048828e-01
-3.762038648128509521e-01
-3.760969936847686768e-01
-3.763150870800018311e-01
-3.762297332286834717e-01
-3.755879402160644531e-01
-3.762226700782775879e-01
-3.760198354721069336e-01
-3.756184875965118408e-01
-3.754868209362030029e-01
-3.758002817630767822e-01
-3.759267926216125488e-01
-3.756968379020690918e-01
-3.762697577476501465e-01
-3.758432865142822266e-01
-3.756853938102722168e-01
-3.757575452327728271e-01
-3.758886158466339111e-01
-3.760944306850433350e-01
-3.761199712753295898e-01
-3.760459125041961670e-01
-3.757820129394531250e-01
-3.759286105632781982e-01
-3.763305246829986572e-01
-3.762239515781402588e-01
-3.757117688655853271e-01
-3.760048449039459229e-01
-3.758998513221740723e-01
-3.755802214145660400e-01
-3.759093582630157471e-01
-3.757509589195251465e-01
-3.601573705673217773e-01
-3.756216466426849365e-01
-3.756864070892333984e-01
-3.762370645999908447e-01
-3.753012716770172119e-01
-3.761961162090301514e-01
-3.754257261753082275e-01
-3.767877817153930664e-01
-3.760498762130737305e-01
-3.764157891273498535e-01
-3.764480948448181152e-01
-3.762143850326538086e-01
-3.762487173080444336e-01
-3.761980235576629639e-01
-3.756798207759857178e-01
-3.764999806880950928e-01
-3.749508857727050781e-01
-3.754204213619232178e-01
-3.761495351791381836e-01
-3.759086132049560547e-01
-3.759051263332366943e-01
-3.757951557636260986e-01
-3.766698539257049561e-01
-3.768691420555114746e-01
-3.756830990314483643e-01
-3.761469125747680664e-01
-3.760819733142852783e-01
-3.751991391181945801e-01
-3.758879899978637695e-01
-3.756964206695556641e-01
-3.758457601070404053e-01
-3.763452172279357910e-01
-3.759286999702453613e-01
-3.760240375995635986e-01
-3.756664395332336426e-01
-3.752629458904266357e-01
-3.760327994823455811e-01
-3.760578036308288574e-01
-3.759855926036834717e-01
-3.760043382644653320e-01
-3.755225837230682373e-01
-3.758074641227722168e-01
-3.756095468997955322e-01
-3.765390515327453613e-01
-3.761530518531799316e-01
-3.763567507266998291e-01
-3.760852217674255371e-01
-3.754529058933258057e-01
-3.762997388839721680e-01
-3.765156567096710205e-01
-3.760612010955810547e-01
-3.761126399040222168e-01
-3.758199214935302734e-01
-3.754870295524597168e-01
-3.760847747325897217e-01
-3.765250444412231445e-01
-3.755894005298614502e-01
-3.765182793140411377e-01
-3.757951557636260986e-01
-3.762579858303070068e-01
-3.752260804176330566e-01
-3.766754865646362305e-01
-3.759105801582336426e-01
-3.756041526794433594e-01
-3.756906688213348389e-01
-3.758178651332855225e-01
-3.764325678348541260e-01
-3.762216269969940186e-01
-3.760873973369598389e-01
-3.759023249149322510e-01
