2.412803173065185547e+00
1.069072961807250977e+00
8.223785459995269775e-02
-1.040546447038650513e-01
-1.074251607060432434e-01
-1.207732558250427246e-01
-1.252744346857070923e-01
-1.372697353363037109e-01
-1.536127030849456787e-01
-1.645925641059875488e-01
-1.742183864116668701e-01
-1.973175704479217529e-01
-2.051697522401809692e-01
-2.096055299043655396e-01
-2.141175270080566406e-01
-2.198736965656280518e-01
-2.289453595876693726e-01
-2.363262623548507690e-01
-2.375171631574630737e-01
-2.377376705408096313e-01
-2.406516969203948975e-01
-2.438029199838638306e-01
-2.389902025461196899e-01
-2.435042709112167358e-01
-2.439762502908706665e-01
-2.468593120574951172e-01
-2.502332329750061035e-01
-2.479801326990127563e-01
-2.494251579046249390e-01
-2.560500204563140869e-01
-2.544248700141906738e-01
-2.546887099742889404e-01
-2.543611228466033936e-01
-2.557079792022705078e-01
-2.570758759975433350e-01
-2.550717294216156006e-01
-2.582488656044006348e-01
-2.554577887058258057e-01
-2.572350502014160156e-01
-2.572554647922515869e-01
-2.552070021629333496e-01
-2.571191191673278809e-01
-2.612105011940002441e-01
-2.545382976531982422e-01
-2.561962306499481201e-01
-2.623593509197235107e-01
-2.589407861232757568e-01
-2.596385478973388672e-01
-2.556112408638000488e-01
-2.603196501731872559e-01
-2.580475807189941406e-01
-2.581309378147125244e-01
-2.598700523376464844e-01
-2.604579031467437744e-01
-2.594263851642608643e-01
-2.596867084503173828e-01
-2.549830973148345947e-01
-2.592428028583526611e-01
-2.598166465759277344e-01
-2.634886503219604492e-01
-2.596190273761749268e-01
-2.595980763435363770e-01
-2.612099647521972656e-01
-2.577985823154449463e-01
-2.551533281803131104e-01
-2.612819373607635498e-01
-2.640617489814758301e-01
-2.617830634117126465e-01
-2.646674513816833496e-01
-2.620476782321929932e-01
-2.625552415847778320e-01
-2.605243623256683350e-01
-2.615932226181030273e-01
-2.669065296649932861e-01
-2.596220076084136963e-01
-2.648094892501831055e-01
-2.636347711086273193e-01
-2.721831202507019043e-01
-2.707376480102539062e-01
-2.694632709026336670e-01
-2.737173140048980713e-01
-2.715803980827331543e-01
-2.746548950672149658e-01
-2.717250287532806396e-01
-2.738423347473144531e-01
-2.732497453689575195e-01
-2.720721662044525146e-01
-2.741204202175140381e-01
-2.725231349468231201e-01
-2.780675888061523438e-01
-2.736522853374481201e-01
-2.772349715232849121e-01
-2.746682763099670410e-01
-2.754640281200408936e-01
-2.742439508438110352e-01
-2.732982933521270752e-01
-2.758199572563171387e-01
-2.723433375358581543e-01
-2.773943245410919189e-01
-2.735899686813354492e-01
-2.735739648342132568e-01
-2.748793661594390869e-01
-2.720306515693664551e-01
-2.717449963092803955e-01
-2.750088870525360107e-01
-2.743051946163177490e-01
-2.738415896892547607e-01
-2.770022451877593994e-01
-2.755853235721588135e-01
-2.769175469875335693e-01
-2.740275859832763672e-01
-2.774713039398193359e-01
-2.768257260322570801e-01
-2.749653458595275879e-01
-2.725982666015625000e-01
-2.777828574180603027e-01
-2.774251103401184082e-01
-2.766897976398468018e-01
-2.769257128238677979e-01
-2.710552513599395752e-01
-2.746639847755432129e-01
-2.774559855461120605e-01
-2.778886854648590088e-01
-2.774228453636169434e-01
-2.778195142745971680e-01
-2.736279964447021484e-01
-2.806053459644317627e-01
-2.727485299110412598e-01
-2.735544443130493164e-01
-2.785250842571258545e-01
-2.790578901767730713e-01
-2.780735492706298828e-01
-2.803860008716583252e-01
-2.759739160537719727e-01
-2.814939916133880615e-01
-2.754326760768890381e-01
-2.788262367248535156e-01
-2.756100296974182129e-01
-2.758646309375762939e-01
-2.773607373237609863e-01
-2.759747207164764404e-01
-2.789316475391387939e-01
-2.795047461986541748e-01
-2.774294018745422363e-01
-2.813259363174438477e-01
-2.773261368274688721e-01
-2.766008377075195312e-01
-2.811855077743530273e-01
-2.799971699714660645e-01
-2.808037698268890381e-01
-2.775644063949584961e-01
-2.804529070854187012e-01
-2.760425806045532227e-01
-2.760866880416870117e-01
-2.777328491210937500e-01
-2.775948345661163330e-01
-2.804453074932098389e-01
-2.781868577003479004e-01
-2.769771218299865723e-01
-2.774410545825958252e-01
-2.787728607654571533e-01
-2.781741321086883545e-01
-2.795646786689758301e-01
-2.801854312419891357e-01
-2.794213294982910156e-01
-2.818193733692169189e-01
-2.801077961921691895e-01
-2.806102931499481201e-01
-2.783772051334381104e-01
-2.747052609920501709e-01
-2.808939814567565918e-01
-2.809892594814300537e-01
-2.830488979816436768e-01
-2.804648578166961670e-01
-2.828460037708282471e-01
-2.847833037376403809e-01
-2.776158154010772705e-01
-2.803150713443756104e-01
-2.774735093116760254e-01
-2.810359597206115723e-01
-2.811922729015350342e-01
-2.804307341575622559e-01
-2.793023288249969482e-01
-2.835488319396972656e-01
-2.832172214984893799e-01
-2.863927483558654785e-01
-2.815204262733459473e-01
-2.856241464614868164e-01
-2.813310325145721436e-01
-2.829810976982116699e-01
-2.826792001724243164e-01
-2.836405932903289795e-01
-2.828730940818786621e-01
-2.860522270202636719e-01
-2.848450243473052979e-01
-2.839708328247070312e-01
