-2.523036599159240723e-01
-2.790386378765106201e-01
-3.020488023757934570e-01
-3.144347667694091797e-01
-3.307780623435974121e-01
-3.489590585231781006e-01
-3.547941446304321289e-01
-3.576367795467376709e-01
-3.592172861099243164e-01
-3.599724173545837402e-01
-3.582701086997985840e-01
-3.609599471092224121e-01
-3.592728674411773682e-01
-3.632549941539764404e-01
-3.610840439796447754e-01
-3.606478273868560791e-01
-3.617168962955474854e-01
-3.617140948772430420e-01
-3.627771437168121338e-01
-3.651395142078399658e-01
-3.646480143070220947e-01
-3.634851872920989990e-01
-3.649104237556457520e-01
-3.650794029235839844e-01
-3.655164837837219238e-01
-3.650958240032196045e-01
-3.660364747047424316e-01
-3.645344376564025879e-01
-3.633893132209777832e-01
-3.641501367092132568e-01
-3.672545850276947021e-01
-3.634878396987915039e-01
-3.651297092437744141e-01
-3.613053560256958008e-01
-2.358237206935882568e-01
-2.402249723672866821e-01
-2.582817375659942627e-01
-2.625580132007598877e-01
-2.849124073982238770e-01
-2.927985787391662598e-01
-2.909670472145080566e-01
-2.968778908252716064e-01
-3.088892102241516113e-01
-3.103523254394531250e-01
-3.151234388351440430e-01
-3.234143555164337158e-01
-3.605814874172210693e-01
-3.630952835083007812e-01
-3.651883304119110107e-01
-3.641462028026580811e-01
-3.623983860015869141e-01
-3.651407957077026367e-01
-3.652722239494323730e-01
-3.649350106716156006e-01
-3.653903305530548096e-01
-3.624047040939331055e-01
-2.425638735294342041e-01
-2.501948475837707520e-01
-2.475803494453430176e-01
-2.662937045097351074e-01
-2.772770524024963379e-01
-2.950153946876525879e-01
-2.959963679313659668e-01
-3.105675876140594482e-01
-3.124631345272064209e-01
-3.251143991947174072e-01
-3.313134014606475830e-01
-3.455841541290283203e-01
-3.476094305515289307e-01
-3.506325185298919678e-01
-3.570008575916290283e-01
-3.539406657218933105e-01
-3.580109775066375732e-01
-3.630166649818420410e-01
-3.630556166172027588e-01
-3.649600148200988770e-01
-3.635920286178588867e-01
-3.623975515365600586e-01
-3.651756346225738525e-01
-3.631009161472320557e-01
-3.638943731784820557e-01
-3.652547001838684082e-01
-3.664774596691131592e-01
-3.652521371841430664e-01
-3.657990097999572754e-01
-3.644413352012634277e-01
-3.645480275154113770e-01
-3.655538260936737061e-01
-3.637643456459045410e-01
-3.664485216140747070e-01
-3.644104599952697754e-01
-3.649945259094238281e-01
-3.646486699581146240e-01
-3.667795062065124512e-01
-3.632556200027465820e-01
-3.648059666156768799e-01
-3.647283315658569336e-01
-3.646485507488250732e-01
-3.658075034618377686e-01
-3.630324602127075195e-01
-3.640888929367065430e-01
-3.646384179592132568e-01
-3.646384775638580322e-01
-3.655063509941101074e-01
-3.647461533546447754e-01
-3.612423241138458252e-01
-3.626852631568908691e-01
-3.625668287277221680e-01
-3.624288141727447510e-01
-3.628612756729125977e-01
-3.661391139030456543e-01
-3.666602671146392822e-01
-3.679991066455841064e-01
-3.690501749515533447e-01
-3.717572093009948730e-01
-3.706676661968231201e-01
-3.714528977870941162e-01
-3.722343742847442627e-01
-3.738845586776733398e-01
-3.745335638523101807e-01
-3.727075755596160889e-01
-3.745668828487396240e-01
-3.736013174057006836e-01
-3.728712797164916992e-01
-3.753864169120788574e-01
-3.758589625358581543e-01
-3.749492168426513672e-01
-3.749849796295166016e-01
-3.752296268939971924e-01
-3.765508532524108887e-01
-3.768366575241088867e-01
-3.768689632415771484e-01
-3.746598362922668457e-01
-3.767567873001098633e-01
-3.754847645759582520e-01
-3.756092488765716553e-01
-3.759574592113494873e-01
-3.769246041774749756e-01
-3.770272731781005859e-01
-3.772139847278594971e-01
-3.754487335681915283e-01
-3.769656717777252197e-01
-3.766349256038665771e-01
-3.771959543228149414e-01
-3.771160244941711426e-01
-3.767251074314117432e-01
-3.753728568553924561e-01
-3.773527741432189941e-01
-3.778370320796966553e-01
-3.753047287464141846e-01
-3.775073289871215820e-01
-3.770727813243865967e-01
-3.771187067031860352e-01
-3.739833235740661621e-01
-3.775537312030792236e-01
-3.773257732391357422e-01
-3.763503432273864746e-01
-3.763862848281860352e-01
-3.768122494220733643e-01
-3.770504295825958252e-01
-3.764011859893798828e-01
-3.777609765529632568e-01
-3.782458603382110596e-01
-3.753103315830230713e-01
