5.512237548828125000e-01
1.190496012568473816e-01
-1.229905113577842712e-01
-2.387885153293609619e-01
-2.517476677894592285e-01
-2.346313446760177612e-01
-2.103907018899917603e-01
-2.044751048088073730e-01
-2.181074470281600952e-01
-2.177233248949050903e-01
-2.245324105024337769e-01
-2.396536767482757568e-01
-2.585319280624389648e-01
-2.662277221679687500e-01
-2.907697260379791260e-01
-2.888270914554595947e-01
-2.968722581863403320e-01
-3.034842610359191895e-01
-2.860306501388549805e-01
-2.932158112525939941e-01
-2.814270257949829102e-01
-2.966004312038421631e-01
-3.038862943649291992e-01
-3.095750212669372559e-01
-3.103195726871490479e-01
-3.092286288738250732e-01
-3.049784898757934570e-01
-3.120051622390747070e-01
-3.152480423450469971e-01
-3.152545094490051270e-01
-3.040103614330291748e-01
-3.047312498092651367e-01
-3.161267638206481934e-01
-3.195566534996032715e-01
-3.201599419116973877e-01
-3.238837420940399170e-01
-3.214906752109527588e-01
-3.295130133628845215e-01
-3.230638206005096436e-01
-3.269781470298767090e-01
-3.203102946281433105e-01
-3.239016532897949219e-01
-3.311612606048583984e-01
-3.293836414813995361e-01
-3.175405859947204590e-01
-3.343233466148376465e-01
-3.445507287979125977e-01
-3.368543684482574463e-01
-3.277006447315216064e-01
-3.338199853897094727e-01
-3.404238224029541016e-01
-3.336125016212463379e-01
-3.348588645458221436e-01
-3.372166156768798828e-01
-3.330081403255462646e-01
-3.326867222785949707e-01
-3.379141986370086670e-01
-3.415965437889099121e-01
-3.461028039455413818e-01
-3.469403088092803955e-01
-3.414010703563690186e-01
-3.375461101531982422e-01
-3.463242053985595703e-01
-3.437480330467224121e-01
-3.425579369068145752e-01
-3.523925542831420898e-01
-3.428714871406555176e-01
-3.400564193725585938e-01
-3.445946276187896729e-01
-3.424161970615386963e-01
-3.551668822765350342e-01
-3.524616062641143799e-01
-3.448580801486968994e-01
-3.588240444660186768e-01
-3.460054099559783936e-01
-3.415864706039428711e-01
-3.544653654098510742e-01
-3.467113077640533447e-01
-3.515715897083282471e-01
-3.587287068367004395e-01
-3.630811274051666260e-01
-3.568759262561798096e-01
-3.635081052780151367e-01
-3.641670644283294678e-01
-3.659722805023193359e-01
-3.750105500221252441e-01
-3.749991059303283691e-01
-3.742798864841461182e-01
-3.802195489406585693e-01
-3.812550008296966553e-01
-3.915242254734039307e-01
-3.919934332370758057e-01
-3.961252570152282715e-01
-3.928460180759429932e-01
-3.899977803230285645e-01
-3.952396512031555176e-01
-3.925091624259948730e-01
-3.979675173759460449e-01
-3.970592617988586426e-01
-4.013535082340240479e-01
-3.951734006404876709e-01
-4.056488573551177979e-01
-4.078201949596405029e-01
-4.086943864822387695e-01
-4.105294048786163330e-01
-4.129824340343475342e-01
-4.094833731651306152e-01
-4.116296172142028809e-01
-4.121202528476715088e-01
-4.123750925064086914e-01
-4.161527156829833984e-01
-4.141409099102020264e-01
-4.164538979530334473e-01
-4.153628051280975342e-01
-4.142124652862548828e-01
-4.158700108528137207e-01
-4.222365319728851318e-01
-4.179545044898986816e-01
-4.207811653614044189e-01
-4.130388200283050537e-01
-4.158104956150054932e-01
-4.175521135330200195e-01
-4.209967553615570068e-01
-4.204063713550567627e-01
-4.185240864753723145e-01
-4.237749576568603516e-01
-4.170531630516052246e-01
-4.187836349010467529e-01
-4.204643666744232178e-01
-4.202642738819122314e-01
-4.232938289642333984e-01
-4.215263128280639648e-01
-4.211125969886779785e-01
-4.207817912101745605e-01
-4.214210212230682373e-01
-4.262253940105438232e-01
-4.234502017498016357e-01
-4.212367534637451172e-01
-4.202172756195068359e-01
-4.228114783763885498e-01
-4.217138290405273438e-01
-4.220526814460754395e-01
-4.201409816741943359e-01
-4.199079573154449463e-01
-4.239503443241119385e-01
-4.229540824890136719e-01
-4.208526015281677246e-01
-4.253308176994323730e-01
-4.235306382179260254e-01
-4.232072234153747559e-01
-4.265363216400146484e-01
-4.238126873970031738e-01
-4.226949810981750488e-01
-4.255544543266296387e-01
-4.256078004837036133e-01
-4.246685802936553955e-01
-4.285076558589935303e-01
-4.257100820541381836e-01
-4.251924753189086914e-01
-4.259337782859802246e-01
-4.274682104587554932e-01
-4.243286848068237305e-01
-4.269277453422546387e-01
-4.261198937892913818e-01
-4.246394634246826172e-01
-4.274923801422119141e-01
-4.273853003978729248e-01
-4.271600246429443359e-01
-4.271458685398101807e-01
-4.289990067481994629e-01
-4.295120239257812500e-01
-4.298269152641296387e-01
-4.273567497730255127e-01
-4.254882633686065674e-01
-4.297127127647399902e-01
-4.297392964363098145e-01
-4.245957136154174805e-01
-4.254351258277893066e-01
-4.297993481159210205e-01
-4.289837777614593506e-01
-4.276354908943176270e-01
-4.255642592906951904e-01
-4.296124875545501709e-01
-4.278237819671630859e-01
-4.256723523139953613e-01
-4.269639253616333008e-01
-4.294003546237945557e-01
-4.322194159030914307e-01
-4.312143623828887939e-01
-4.302791059017181396e-01
-4.309031367301940918e-01
-4.278773665428161621e-01
-4.295075237751007080e-01
-4.345801770687103271e-01
-4.291865229606628418e-01
-4.273721873760223389e-01
-4.297424256801605225e-01
-4.324591755867004395e-01
-4.298861026763916016e-01
-4.294269979000091553e-01
-4.279291927814483643e-01
-4.318265318870544434e-01
-4.247905910015106201e-01
-4.290656149387359619e-01
-4.295629560947418213e-01
-4.333903193473815918e-01
-4.293474256992340088e-01
-4.313750267028808594e-01
-4.297326803207397461e-01
-4.287852942943572998e-01
-4.332630634307861328e-01
-4.304119348526000977e-01
-4.307029545307159424e-01
-4.312283396720886230e-01
-4.291353523731231689e-01
-4.302608668804168701e-01
-4.288665652275085449e-01
-4.298283755779266357e-01
-4.271076023578643799e-01
-4.319542944431304932e-01
-4.310960769653320312e-01
-4.306697249412536621e-01
-4.315141737461090088e-01
-4.295242130756378174e-01
-4.354112148284912109e-01
-4.332308173179626465e-01
-4.310685694217681885e-01
-4.364412128925323486e-01
-4.312458932399749756e-01
-4.303931891918182373e-01
-4.323731660842895508e-01
-4.311541616916656494e-01
-4.300198256969451904e-01
-4.302811622619628906e-01
-4.314333498477935791e-01
-4.316673278808593750e-01
-4.319066703319549561e-01
-4.321788251399993896e-01
-4.307629168033599854e-01
-4.322907030582427979e-01
-4.306100904941558838e-01
-4.298878908157348633e-01
-4.311718344688415527e-01
-4.328959882259368896e-01
-4.311214387416839600e-01
-4.314639270305633545e-01
-4.316024184226989746e-01
-4.302754402160644531e-01
-4.297972917556762695e-01
-4.309059381484985352e-01
-4.265759289264678955e-01
-4.294337332248687744e-01
-4.310931265354156494e-01
-4.309650957584381104e-01
-4.325518906116485596e-01
-4.318743944168090820e-01
-4.346525073051452637e-01
-4.329733848571777344e-01
-4.311376810073852539e-01
-4.299290776252746582e-01
-4.329497218132019043e-01
-4.325680136680603027e-01
-4.304917454719543457e-01
-4.285477697849273682e-01
-4.328429698944091797e-01
-4.314883351325988770e-01
-4.293949902057647705e-01
-4.328322112560272217e-01
-4.351577758789062500e-01
-4.310171604156494141e-01
-4.299489855766296387e-01
-4.324265718460083008e-01
-4.339202642440795898e-01
-4.312989115715026855e-01
-4.301343858242034912e-01
-4.329510629177093506e-01
-4.316611289978027344e-01
-4.339032769203186035e-01
-4.331502616405487061e-01
-4.311049878597259521e-01
-4.309179186820983887e-01
-4.322700202465057373e-01
-4.315095841884613037e-01
-4.313869774341583252e-01
-4.332121610641479492e-01
-4.300448596477508545e-01
-4.302623867988586426e-01
-4.317466020584106445e-01
-4.330506026744842529e-01
-4.309391975402832031e-01
-4.335774183273315430e-01
-4.320238828659057617e-01
-4.337554275989532471e-01
-4.309577643871307373e-01
-4.325268566608428955e-01
-4.330199658870697021e-01
-4.316316843032836914e-01
-4.351748228073120117e-01
-4.347406327724456787e-01
-4.321548938751220703e-01
-4.337883889675140381e-01
-4.334591329097747803e-01
-4.345224499702453613e-01
-4.320342540740966797e-01
-4.334119558334350586e-01
-4.317864477634429932e-01
-4.307609796524047852e-01
-4.296574592590332031e-01
-4.324511885643005371e-01
-4.350202083587646484e-01
-4.342318475246429443e-01
-4.313555359840393066e-01
-4.346400499343872070e-01
-4.342263042926788330e-01
-4.310607314109802246e-01
-4.332788884639739990e-01
-4.304642975330352783e-01
-4.308195114135742188e-01
-4.308253824710845947e-01
-4.330254197120666504e-01
-4.316101670265197754e-01
-4.339095354080200195e-01
-4.322274327278137207e-01
-4.303098320960998535e-01
-4.336218237876892090e-01
-4.314498901367187500e-01
-4.334021210670471191e-01
-4.345135092735290527e-01
-4.325564205646514893e-01
-4.363264739513397217e-01
-4.332814216613769531e-01
-4.312917888164520264e-01
-4.325307607650756836e-01
-4.304689168930053711e-01
-4.345223903656005859e-01
-4.328193962574005127e-01
-4.328168630599975586e-01
-4.357964396476745605e-01
-4.325022995471954346e-01
-4.288547337055206299e-01
-4.317121505737304688e-01
-4.348525702953338623e-01
-4.338900148868560791e-01
-4.332415759563446045e-01
-4.305465817451477051e-01
-4.338295161724090576e-01
-4.328364133834838867e-01
-4.305743277072906494e-01
-4.339672029018402100e-01
-4.303901791572570801e-01
-4.294686913490295410e-01
-4.319538474082946777e-01
-4.326006472110748291e-01
-4.340931773185729980e-01
-4.313128590583801270e-01
-4.332112371921539307e-01
-4.305270910263061523e-01
-4.311893880367279053e-01
-4.337450563907623291e-01
-4.351800084114074707e-01
-4.330421686172485352e-01
-4.308602213859558105e-01
-4.380429089069366455e-01
-4.320608079433441162e-01
-4.311002492904663086e-01
-4.320816099643707275e-01
-4.317393302917480469e-01
-4.318804144859313965e-01
-4.325675666332244873e-01
-4.335928857326507568e-01
-4.332741200923919678e-01
-4.330050647258758545e-01
-4.325505197048187256e-01
-4.344982206821441650e-01
-4.348678886890411377e-01
-4.379922747611999512e-01
-4.327099025249481201e-01
-4.317246079444885254e-01
-4.321966767311096191e-01
-4.357665479183197021e-01
-4.344044923782348633e-01
-4.340638518333435059e-01
-4.339822530746459961e-01
-4.339409172534942627e-01
-4.314518868923187256e-01
-4.322392344474792480e-01
-4.338593780994415283e-01
-4.344131946563720703e-01
-4.328940510749816895e-01
-4.354234039783477783e-01
-4.330251514911651611e-01
-4.370592236518859863e-01
-4.364354908466339111e-01
-4.338099360466003418e-01
-4.355999231338500977e-01
-4.364373087882995605e-01
-4.345770776271820068e-01
-4.344414174556732178e-01
-4.352451264858245850e-01
-4.339323341846466064e-01
-4.364413917064666748e-01
-4.380257129669189453e-01
-4.352399408817291260e-01
-4.366961717605590820e-01
-4.374979436397552490e-01
-4.326554536819458008e-01
-4.324143528938293457e-01
-4.311820566654205322e-01
-4.339030086994171143e-01
-4.310543239116668701e-01
-4.324508309364318848e-01
-4.348690807819366455e-01
-4.353445470333099365e-01
-4.336321949958801270e-01
-4.322470128536224365e-01
-4.332447946071624756e-01
-4.360780417919158936e-01
-4.360922574996948242e-01
-4.332473576068878174e-01
-4.365103244781494141e-01
-4.369156360626220703e-01
-4.372294843196868896e-01
-4.350080490112304688e-01
-4.344947338104248047e-01
-4.360945820808410645e-01
-4.338588416576385498e-01
-4.356497228145599365e-01
-4.342603683471679688e-01
-4.349780082702636719e-01
-4.374792575836181641e-01
-4.357617795467376709e-01
-4.318488836288452148e-01
-4.350667595863342285e-01
-4.365309178829193115e-01
-4.335979819297790527e-01
-4.347435534000396729e-01
-4.323018491268157959e-01
-4.358085691928863525e-01
-4.375437200069427490e-01
-4.353314936161041260e-01
-4.344326257705688477e-01
-4.361423254013061523e-01
-4.364902079105377197e-01
-4.356868863105773926e-01
-4.368480145931243896e-01
-4.364175498485565186e-01
-4.357174038887023926e-01
-4.361512959003448486e-01
-4.358068406581878662e-01
-4.357089102268218994e-01
-4.347451329231262207e-01
-4.338636398315429688e-01
-4.339809119701385498e-01
-4.352391958236694336e-01
-4.334248602390289307e-01
-4.315420985221862793e-01
-4.352148473262786865e-01
-4.334253668785095215e-01
-4.363584518432617188e-01
-4.361491203308105469e-01
-4.338988661766052246e-01
-4.353487193584442139e-01
-4.343507289886474609e-01
-4.324108958244323730e-01
-4.352231323719024658e-01
-4.362900853157043457e-01
-4.342236220836639404e-01
-4.362572729587554932e-01
-4.344335794448852539e-01
-4.350770115852355957e-01
-4.353285431861877441e-01
-4.376160800457000732e-01
-4.366530776023864746e-01
-4.310704171657562256e-01
-4.371926188468933105e-01
-4.359903037548065186e-01
-4.377272129058837891e-01
-4.364384114742279053e-01
-4.344247579574584961e-01
-4.360482096672058105e-01
-4.355938732624053955e-01
-4.367556571960449219e-01
-4.339490234851837158e-01
-4.361973404884338379e-01
-4.342041015625000000e-01
-4.337383508682250977e-01
-4.354354143142700195e-01
-4.350680708885192871e-01
-4.357604086399078369e-01
-4.370307028293609619e-01
-4.363763630390167236e-01
-4.338162243366241455e-01
-4.330111742019653320e-01
-4.362429976463317871e-01
-4.341562688350677490e-01
-4.350410401821136475e-01
-4.345856904983520508e-01
-4.372000098228454590e-01
-4.369684457778930664e-01
-4.346170723438262939e-01
-4.348188340663909912e-01
-4.339160621166229248e-01
-4.348120093345642090e-01
-4.373379349708557129e-01
-4.350523352622985840e-01
-4.361675083637237549e-01
-4.359542131423950195e-01
-4.341609776020050049e-01
-4.362775981426239014e-01
-4.332821071147918701e-01
-4.350471794605255127e-01
-4.377830326557159424e-01
-4.378294646739959717e-01
-4.369092285633087158e-01
-4.350496828556060791e-01
-4.362276494503021240e-01
-4.335131347179412842e-01
-4.371027052402496338e-01
-4.359032809734344482e-01
-4.376390576362609863e-01
-4.387121498584747314e-01
-4.378000497817993164e-01
-4.372216165065765381e-01
-4.373678863048553467e-01
-4.384015500545501709e-01
-4.333169758319854736e-01
-4.400318861007690430e-01
-4.349744915962219238e-01
-4.391610324382781982e-01
-4.365821778774261475e-01
-4.368180334568023682e-01
-4.416696727275848389e-01
-4.366997182369232178e-01
-4.368140995502471924e-01
-4.373999834060668945e-01
-4.346580803394317627e-01
-4.389962852001190186e-01
-4.349815249443054199e-01
-4.358089864253997803e-01
-4.407413899898529053e-01
-4.373663961887359619e-01
-4.350719153881072998e-01
-4.345614016056060791e-01
-4.362167716026306152e-01
-4.362271726131439209e-01
-4.387628734111785889e-01
-4.358219504356384277e-01
-4.388078749179840088e-01
-4.386975169181823730e-01
-4.366403222084045410e-01
-4.392446279525756836e-01
-4.355423152446746826e-01
-4.374303519725799561e-01
-4.362300336360931396e-01
-4.379633665084838867e-01
-4.363102912902832031e-01
-4.370096921920776367e-01
-4.364536702632904053e-01
-4.370709657669067383e-01
-4.405205547809600830e-01
-4.368262887001037598e-01
-4.380295276641845703e-01
-4.372224509716033936e-01
-4.386418461799621582e-01
-4.391296505928039551e-01
-4.352419376373291016e-01
-4.361977577209472656e-01
-4.360981285572052002e-01
-4.360287487506866455e-01
-4.375818967819213867e-01
-4.392921626567840576e-01
-4.349041581153869629e-01
-4.369184076786041260e-01
-4.361060857772827148e-01
-4.386618733406066895e-01
-4.386926591396331787e-01
-4.379126727581024170e-01
-4.408226311206817627e-01
-4.379647076129913330e-01
-4.388249814510345459e-01
-4.399219453334808350e-01
-4.394175410270690918e-01
-4.377416372299194336e-01
-4.357264935970306396e-01
-4.385316669940948486e-01
-4.367400407791137695e-01
-4.392447769641876221e-01
-4.401538670063018799e-01
-4.375630617141723633e-01
-4.375645220279693604e-01
-4.385989308357238770e-01
-4.370128214359283447e-01
-4.399412870407104492e-01
-4.378047585487365723e-01
-4.370510578155517578e-01
-4.381802976131439209e-01
-4.376710951328277588e-01
-4.367916285991668701e-01
-4.388535022735595703e-01
-4.394300282001495361e-01
-4.381110370159149170e-01
-4.392822086811065674e-01
-4.374600946903228760e-01
-4.394199550151824951e-01
-4.395743310451507568e-01
-4.391376972198486328e-01
-4.422072768211364746e-01
-4.381519258022308350e-01
-4.380664527416229248e-01
-4.388676285743713379e-01
-4.381071031093597412e-01
-4.421133399009704590e-01
-4.375697374343872070e-01
-4.397249817848205566e-01
-4.396849274635314941e-01
-4.406513273715972900e-01
-4.377915561199188232e-01
-4.403303861618041992e-01
-4.378886818885803223e-01
-4.384642243385314941e-01
-4.394395351409912109e-01
-4.395277202129364014e-01
-4.395526051521301270e-01
-4.413461983203887939e-01
-4.408894777297973633e-01
-4.386334419250488281e-01
-4.389292299747467041e-01
-4.417094886302947998e-01
-4.404788315296173096e-01
-4.384348392486572266e-01
-4.388496577739715576e-01
-4.357361495494842529e-01
-4.410520493984222412e-01
-4.386732876300811768e-01
-4.442115426063537598e-01
-4.385638535022735596e-01
-4.413935542106628418e-01
-4.393951296806335449e-01
-4.415500760078430176e-01
-4.395749866962432861e-01
-4.392196536064147949e-01
-4.405981004238128662e-01
-4.372878372669219971e-01
-4.392251074314117432e-01
-4.398956298828125000e-01
-4.403648376464843750e-01
-4.395167231559753418e-01
-4.404356181621551514e-01
-4.406148791313171387e-01
-4.413545429706573486e-01
-4.397639036178588867e-01
-4.391108453273773193e-01
-4.384499788284301758e-01
-4.421682059764862061e-01
-4.400851428508758545e-01
-4.412418007850646973e-01
-4.418885707855224609e-01
-4.424872994422912598e-01
-4.382031857967376709e-01
-4.400737583637237549e-01
-4.389282763004302979e-01
-4.409160315990447998e-01
-4.382013082504272461e-01
-4.403855502605438232e-01
-4.389488697052001953e-01
-4.430817365646362305e-01
-4.386995136737823486e-01
-4.386270046234130859e-01
-4.407299757003784180e-01
-4.412695765495300293e-01
-4.416613280773162842e-01
-4.399632215499877930e-01
-4.409651756286621094e-01
-4.394568800926208496e-01
-4.404268264770507812e-01
-4.412955939769744873e-01
-4.412703812122344971e-01
-4.391200542449951172e-01
-4.411405026912689209e-01
-4.425306320190429688e-01
-4.405267834663391113e-01
-4.400853812694549561e-01
-4.424186944961547852e-01
-4.400153160095214844e-01
-4.446928203105926514e-01
-4.420610964298248291e-01
-4.434170126914978027e-01
-4.408362209796905518e-01
-4.425332844257354736e-01
-4.421449303627014160e-01
-4.408278465270996094e-01
-4.409518837928771973e-01
-4.415603578090667725e-01
-4.421355426311492920e-01
-4.428710043430328369e-01
-4.398500919342041016e-01
-4.433147609233856201e-01
-4.430833160877227783e-01
-4.400862455368041992e-01
-4.418028593063354492e-01
-4.436948299407958984e-01
-4.409038424491882324e-01
-4.410058557987213135e-01
-4.422576129436492920e-01
-4.438436329364776611e-01
-4.433852434158325195e-01
-4.434804618358612061e-01
-4.420660138130187988e-01
-4.415993988513946533e-01
-4.419546425342559814e-01
-4.419983923435211182e-01
-4.415887594223022461e-01
-4.415686726570129395e-01
-4.410614967346191406e-01
-4.409058094024658203e-01
-4.417225420475006104e-01
-4.427638053894042969e-01
-4.426142871379852295e-01
-4.420870840549468994e-01
-4.442310631275177002e-01
-4.444834589958190918e-01
-4.411315917968750000e-01
-4.435755014419555664e-01
-4.438573718070983887e-01
-4.437327384948730469e-01
-4.428069293498992920e-01
-4.453601241111755371e-01
-4.443284571170806885e-01
-4.432071447372436523e-01
-4.416808187961578369e-01
-4.446576237678527832e-01
-4.442926049232482910e-01
-4.441491961479187012e-01
-4.422496557235717773e-01
-4.450938105583190918e-01
-4.463498592376708984e-01
-4.467328488826751709e-01
-4.441610574722290039e-01
-4.464160203933715820e-01
-4.433973729610443115e-01
-4.454718530178070068e-01
-4.469593465328216553e-01
-4.453330934047698975e-01
-4.428957998752593994e-01
-4.439940750598907471e-01
-4.449841380119323730e-01
-4.454043805599212646e-01
-4.441184103488922119e-01
-4.438541531562805176e-01
-4.435467422008514404e-01
-4.470593929290771484e-01
-4.421645104885101318e-01
-4.456402957439422607e-01
-4.487288296222686768e-01
-4.460630118846893311e-01
-4.437826573848724365e-01
-4.436182975769042969e-01
-4.450676441192626953e-01
-4.458104372024536133e-01
-4.453338682651519775e-01
-4.447664916515350342e-01
-4.440250098705291748e-01
-4.460166692733764648e-01
-4.463503658771514893e-01
-4.444688856601715088e-01
-4.472746551036834717e-01
-4.447708129882812500e-01
-4.458472430706024170e-01
-4.445260167121887207e-01
-4.448723196983337402e-01
-4.449451267719268799e-01
-4.459051787853240967e-01
-4.476421475410461426e-01
-4.453854262828826904e-01
-4.485834240913391113e-01
-4.467879533767700195e-01
-4.480123817920684814e-01
-4.475484490394592285e-01
-4.473853707313537598e-01
-4.447149634361267090e-01
-4.480053186416625977e-01
-4.474681615829467773e-01
-4.452936053276062012e-01
-4.479866027832031250e-01
-4.456547796726226807e-01
-4.453435540199279785e-01
-4.458009302616119385e-01
-4.473332762718200684e-01
-4.467079937458038330e-01
-4.475596547126770020e-01
-4.491660296916961670e-01
-4.461133778095245361e-01
-4.455899596214294434e-01
-4.471693634986877441e-01
-4.474531114101409912e-01
-4.453324675559997559e-01
-4.470978081226348877e-01
-4.479721784591674805e-01
-4.456250667572021484e-01
-4.457210898399353027e-01
-4.471561312675476074e-01
-4.452041387557983398e-01
-4.467873871326446533e-01
-4.478471577167510986e-01
-4.489299952983856201e-01
-4.485754668712615967e-01
-4.483957886695861816e-01
-4.469155371189117432e-01
-4.467414021492004395e-01
-4.512156248092651367e-01
-4.460677504539489746e-01
-4.506088197231292725e-01
-4.466657936573028564e-01
-4.487808644771575928e-01
-4.479500353336334229e-01
-4.512184560298919678e-01
-4.475501179695129395e-01
-4.487655758857727051e-01
-4.482322931289672852e-01
-4.455543160438537598e-01
-4.489157199859619141e-01
-4.464715719223022461e-01
-4.472952783107757568e-01
-4.466914534568786621e-01
-4.490800201892852783e-01
-4.485574364662170410e-01
-4.463397860527038574e-01
-4.503849446773529053e-01
-4.506606459617614746e-01
-4.483279287815093994e-01
-4.480906426906585693e-01
-4.472539126873016357e-01
-4.447003006935119629e-01
-4.466430544853210449e-01
-4.468386471271514893e-01
-4.489362537860870361e-01
-4.466468393802642822e-01
-4.464316368103027344e-01
-4.501776099205017090e-01
-4.492368102073669434e-01
-4.486406147480010986e-01
-4.491059482097625732e-01
-4.461160600185394287e-01
-4.467758238315582275e-01
-4.467755556106567383e-01
-4.486156105995178223e-01
-4.499583840370178223e-01
-4.477306306362152100e-01
-4.476801156997680664e-01
-4.495706856250762939e-01
-4.503846168518066406e-01
-4.476736187934875488e-01
-4.508864283561706543e-01
-4.473895132541656494e-01
-4.485675096511840820e-01
-4.471383988857269287e-01
-4.485217034816741943e-01
-4.499695897102355957e-01
-4.481715559959411621e-01
-4.489391446113586426e-01
-4.468005597591400146e-01
-4.494880735874176025e-01
-4.487704932689666748e-01
-4.484467208385467529e-01
-4.482484161853790283e-01
-4.492905437946319580e-01
-4.505812525749206543e-01
-4.491910934448242188e-01
-4.500756263732910156e-01
-4.503632485866546631e-01
-4.481524527072906494e-01
-4.497237503528594971e-01
-4.499738216400146484e-01
-4.500908255577087402e-01
-4.512055516242980957e-01
-4.501307308673858643e-01
-4.494456052780151367e-01
-4.503442347049713135e-01
-4.512155055999755859e-01
-4.494898617267608643e-01
-4.494663178920745850e-01
-4.506646990776062012e-01
-4.509412944316864014e-01
-4.504975676536560059e-01
-4.489499330520629883e-01
-4.467913806438446045e-01
-4.474569559097290039e-01
-4.497907757759094238e-01
-4.491604566574096680e-01
-4.501453936100006104e-01
-4.512362778186798096e-01
-4.510572552680969238e-01
-4.507288336753845215e-01
-4.524113237857818604e-01
-4.487982392311096191e-01
-4.501240849494934082e-01
-4.514665901660919189e-01
-4.497230350971221924e-01
-4.496256411075592041e-01
-4.483826756477355957e-01
-4.491621255874633789e-01
-4.511878788471221924e-01
-4.483906030654907227e-01
-4.491133987903594971e-01
-4.497171044349670410e-01
-4.482223987579345703e-01
-4.490826427936553955e-01
-4.497945308685302734e-01
-4.504920840263366699e-01
-4.483032822608947754e-01
-4.501536190509796143e-01
-4.494185447692871094e-01
-4.443540573120117188e-01
-4.493646323680877686e-01
-4.481856226921081543e-01
-4.479641616344451904e-01
-4.492676854133605957e-01
-4.474316537380218506e-01
-4.493729770183563232e-01
-4.501990377902984619e-01
-4.498845934867858887e-01
-4.519736766815185547e-01
-4.484094381332397461e-01
-4.491201341152191162e-01
-4.487867355346679688e-01
-4.506830573081970215e-01
-4.504688382148742676e-01
-4.516313374042510986e-01
-4.519453644752502441e-01
-4.496746361255645752e-01
-4.500328302383422852e-01
-4.497811496257781982e-01
-4.489559531211853027e-01
-4.508055746555328369e-01
-4.507629275321960449e-01
-4.504270553588867188e-01
-4.497695565223693848e-01
-4.503543674945831299e-01
-4.512416124343872070e-01
-4.510979652404785156e-01
-4.516068100929260254e-01
-4.506377279758453369e-01
-4.513942003250122070e-01
-4.491883516311645508e-01
-4.501644968986511230e-01
-4.513959586620330811e-01
-4.507268965244293213e-01
-4.519101977348327637e-01
-4.502654969692230225e-01
-4.511491358280181885e-01
-4.512638747692108154e-01
-4.496109485626220703e-01
-4.499019086360931396e-01
-4.497777819633483887e-01
-4.509747326374053955e-01
-4.492634832859039307e-01
-4.513464868068695068e-01
-4.515324234962463379e-01
-4.504886865615844727e-01
-4.505460560321807861e-01
-4.506433010101318359e-01
-4.494687020778656006e-01
-4.503614604473114014e-01
-4.505861699581146240e-01
-4.492444097995758057e-01
-4.497271776199340820e-01
-4.525361657142639160e-01
-4.509731531143188477e-01
-4.506343007087707520e-01
-4.497289955615997314e-01
-4.515254795551300049e-01
-4.512100219726562500e-01
-4.526618421077728271e-01
-4.509511291980743408e-01
-4.500941634178161621e-01
-4.499784409999847412e-01
-4.496174752712249756e-01
-4.507903456687927246e-01
-4.512450397014617920e-01
-4.498907029628753662e-01
-4.516569972038269043e-01
-4.517418742179870605e-01
-4.502169191837310791e-01
-4.517226517200469971e-01
-4.492656588554382324e-01
-4.511501789093017578e-01
-4.512782692909240723e-01
-4.508084654808044434e-01
-4.498727619647979736e-01
-4.524295628070831299e-01
-4.524371922016143799e-01
-4.502519369125366211e-01
-4.507620930671691895e-01
-4.509617984294891357e-01
-4.504202902317047119e-01
-4.507360160350799561e-01
-4.507467746734619141e-01
-4.520033001899719238e-01
-4.517900943756103516e-01
-4.510059058666229248e-01
