2.362378438313802176e-01
-4.802312122450934362e-02
-1.927499506208631697e-01
-2.477037111918131418e-01
-2.520700295766194476e-01
-2.367885907491048270e-01
-2.151205274793836775e-01
-2.036028570599026088e-01
-1.923435793982611886e-01
-1.869489616817898159e-01
-1.845949490865071707e-01
-1.892484294043647042e-01
-1.904904180102878208e-01
-1.974178155263265066e-01
-2.079361942079332171e-01
-2.182313998540242606e-01
-2.301041285196940012e-01
-2.381269931793212891e-01
-2.475724220275878906e-01
-2.549573580423991070e-01
-2.613898648156059989e-01
-2.631536059909396763e-01
-2.600431707170274276e-01
-2.622526486714680805e-01
-2.564747598436143416e-01
-2.570843961503770370e-01
-2.630469799041748047e-01
-2.590597205691867466e-01
-2.642261187235514508e-01
-2.680567370520697823e-01
-2.691200574239094867e-01
-2.716396384769015904e-01
-2.732624212900797711e-01
-2.724364598592122211e-01
-2.771316104465060826e-01
-2.707310252719455357e-01
-2.733651796976725445e-01
-2.764457861582438336e-01
-2.771558496687147599e-01
-2.770026524861653461e-01
-2.806949350568983537e-01
-2.802595032585991630e-01
-2.793102264404296875e-01
-2.808665169609917411e-01
-2.827619446648491630e-01
-2.829719384511311664e-01
-2.846020592583550224e-01
-2.827006975809733258e-01
-2.865727212693955916e-01
-2.855417993333604354e-01
-2.856098281012641182e-01
-2.875348991817898159e-01
-2.874808576371934432e-01
-2.887325551774766463e-01
-2.916144794887966518e-01
-2.886426713731553573e-01
-2.907594574822319755e-01
-2.930868466695149555e-01
-2.923434310489230747e-01
-2.925042576260036831e-01
-2.923684914906819476e-01
-2.928266525268554688e-01
-2.923475371466742745e-01
-2.975418832567002791e-01
-2.944013012780083427e-01
-2.949330012003580914e-01
-2.923020256890190849e-01
-2.963054709964328404e-01
-2.939126491546630859e-01
-2.920320034027099609e-01
-2.941171063317192802e-01
-2.940831714206271763e-01
-2.948251300387912388e-01
-2.952652507358127232e-01
-2.959438429938422432e-01
-2.948113282521565570e-01
-2.979763878716362724e-01
-2.940239641401503068e-01
-2.950358920627170201e-01
-2.950735357072618026e-01
-2.969947920905219307e-01
-2.966259585486518136e-01
-2.998451921674940568e-01
-2.936196592119004745e-01
-2.921117146809895648e-01
-2.970683574676513672e-01
-2.943383587731255302e-01
-2.971342139773898716e-01
-2.967891958024766463e-01
-2.958164479997422713e-01
-2.939879099527994977e-01
-2.949897978040907365e-01
-2.959004508124457589e-01
-2.967083983951144810e-01
-2.928205860985649833e-01
-2.995858722262912388e-01
-2.987027963002522601e-01
-2.999380694495307198e-01
-2.968925370110405693e-01
-3.000787099202473773e-01
-2.941259808010525112e-01
-2.969948715633816128e-01
-2.988052633073594588e-01
-2.973382737901475448e-01
-2.972412904103596820e-01
-2.938823699951171875e-01
-2.941713598039414901e-01
-3.000188403659396763e-01
-2.989346716139051896e-01
-2.972013950347900391e-01
-2.958478662702772599e-01
-2.999034722646077289e-01
-3.010896311865912667e-01
-2.990432845221625557e-01
-2.977315584818522320e-01
-3.005712297227647323e-01
-2.982748879326714286e-01
-2.973024315304226284e-01
-2.988483111063639508e-01
-2.987368901570637836e-01
-2.971623473697238560e-01
-2.945892281002468471e-01
-2.940646012624104633e-01
-3.007742298973931083e-01
-2.991618845197889787e-01
-3.010456562042236328e-01
-2.973161273532443638e-01
-2.975982030232747211e-01
-2.987843884362114677e-01
-2.983649571736653461e-01
-3.006096416049533482e-01
-3.006495104895697823e-01
-2.962486479017469865e-01
-2.990837097167968750e-01
-3.003403875562880021e-01
-2.983846399519178849e-01
-2.964548004998101005e-01
-2.974077860514323102e-01
-2.966940138075087052e-01
-3.006135622660319195e-01
-3.005712827046712055e-01
-2.988877031538221818e-01
-3.041251235538058872e-01
-3.012131849924723492e-01
-3.023405604892306919e-01
-2.999597390492756976e-01
-2.984372509850395927e-01
-2.976114484998915177e-01
-3.024622864193386440e-01
-3.032089339362250557e-01
-3.013485272725422992e-01
-3.015212217966715680e-01
-3.020577430725097656e-01
-3.021050559149848214e-01
-2.982833120557997209e-01
-2.982634438408745536e-01
-2.979873021443684711e-01
-2.997028562757704240e-01
-3.000286950005425224e-01
-3.016244305504692802e-01
-3.000651995340983258e-01
-2.990265687306721820e-01
-3.016505771213107701e-01
-3.023193677266438617e-01
-3.029014004601372489e-01
-2.994766235351562500e-01
-3.000548945532904854e-01
-3.014959229363335380e-01
-3.015627066294352399e-01
-2.984097798665364398e-01
-3.000812795427110213e-01
-3.048581812116835099e-01
-2.995380825466579799e-01
-3.012099530961778182e-01
-3.052479690975613003e-01
-3.053323957655165177e-01
-3.036250538296169643e-01
-2.998591528998481026e-01
-3.033692571851942521e-01
-3.053806887732611886e-01
-3.042602274152967912e-01
-2.992690139346652622e-01
-3.031562699211968193e-01
-3.034936587015787945e-01
-3.006272315979003906e-01
-3.025055991278754464e-01
-2.996854782104492188e-01
-3.017784754435221539e-01
-3.048115306430392857e-01
-3.008389208051893693e-01
-3.010465304056803570e-01
-3.020884460873073940e-01
-3.028656641642252789e-01
-3.024882210625542411e-01
-3.027278582255045758e-01
-3.017330699496799107e-01
-3.047087192535400391e-01
-3.005422221289740792e-01
-3.015682167477077846e-01
-3.049403826395670758e-01
-3.045822514428032646e-01
-3.032778104146321430e-01
-3.042314052581787109e-01
-3.012967109680175781e-01
-3.052035967508952008e-01
-3.026835918426513672e-01
-3.030578560299343471e-01
-3.021942774454752789e-01
-3.026601208580864677e-01
-3.047618336147732143e-01
-3.047601117028130302e-01
-3.070003456539577846e-01
-3.060064050886366349e-01
-3.058684931861029854e-01
-3.047680589887831193e-01
-3.061403168572319755e-01
-3.056850698259141463e-01
-3.066575792100694198e-01
-3.044625918070475445e-01
-3.072535461849636440e-01
-3.083605766296386719e-01
-3.082254992591010323e-01
-3.043313821156819476e-01
-3.105612595876057758e-01
-3.082452350192599888e-01
-3.074878056844075336e-01
-3.070457246568467635e-01
-3.107977443271213169e-01
-3.106173409356011161e-01
-3.087651199764675503e-01
-3.083108001285129185e-01
-3.108147515190972099e-01
-3.112665547264946708e-01
-3.104065259297688617e-01
-3.123089207543267021e-01
-3.134882715013291854e-01
-3.098128901587592354e-01
-3.133190737830268136e-01
-3.123222721947563896e-01
-3.147896130879719867e-01
-3.145982954237196427e-01
-3.131435447269015904e-01
-3.100904093848334542e-01
-3.080987400478786831e-01
-3.174748155805799943e-01
-3.088854418860541573e-01
-3.121662404802110213e-01
-3.151963551839192523e-01
-3.149255116780598773e-01
-3.166349463992648716e-01
-3.158973587883843193e-01
-3.167050149705674666e-01
-3.178763124677870255e-01
-3.176380263434516182e-01
-3.177930514017741070e-01
-3.178607092963324776e-01
-3.170951737297905693e-01
-3.166319529215494977e-01
-3.157658841874864120e-01
-3.202111985948350448e-01
-3.167668448554145089e-01
-3.214424981011284599e-01
-3.182062043084038505e-01
-3.190536499023437500e-01
-3.210224045647515068e-01
-3.194572925567626953e-01
-3.187441031138102399e-01
-3.215854432847764510e-01
-3.173739645216200334e-01
-3.191605408986409320e-01
-3.194598091973198661e-01
-3.204100926717122211e-01
-3.202020857069227677e-01
-3.229602972666422711e-01
-3.201300568050808315e-01
-3.184356424543592912e-01
-3.195825682746039620e-01
-3.195271227094862443e-01
-3.214812808566623326e-01
-3.224670092264811383e-01
-3.197510507371690291e-01
-3.233735826280381698e-01
-3.202941682603623885e-01
-3.220415115356445312e-01
-3.228266768985324497e-01
-3.217828803592258091e-01
-3.182642724778916854e-01
-3.211645285288493024e-01
-3.240928120083279018e-01
-3.223570982615153180e-01
-3.219143284691704521e-01
-3.235944112141926898e-01
-3.244417243533664341e-01
-3.232849703894721261e-01
-3.213262293073866349e-01
-3.233087592654758091e-01
-3.238371213277180805e-01
-3.226049211290147323e-01
-3.231632974412705916e-01
-3.245955043368869419e-01
-3.211242887708876115e-01
-3.231124877929687500e-01
-3.230863412221272601e-01
-3.231425815158420201e-01
-3.224697113037109375e-01
-3.207281695471869698e-01
-3.222265508439805526e-01
-3.234438366360134487e-01
-3.224684132470024833e-01
-3.229673968421088448e-01
-3.243633641137017021e-01
-3.262121412489149552e-01
-3.235178523593478794e-01
-3.248435921139187221e-01
-3.236018286810981026e-01
-3.228380415174696427e-01
-3.229614893595377789e-01
-3.247991667853461495e-01
-3.225990666283501396e-01
-3.253124025132920760e-01
-3.249012364281548271e-01
-3.243152830335829240e-01
-3.240625593397352677e-01
-3.250527646806504745e-01
-3.234230412377251396e-01
-3.251530064476860771e-01
-3.248627450731065291e-01
-3.251820670233832589e-01
-3.241993321312798271e-01
-3.266937732696533203e-01
-3.260143333011203404e-01
-3.236744668748643416e-01
-3.252296447753906250e-01
-3.242109881507025948e-01
-3.230714533064100724e-01
-3.261443244086371651e-01
-3.224491543240017299e-01
-3.253437413109673271e-01
-3.233340051439073104e-01
-3.245798481835259208e-01
-3.258492946624755859e-01
-3.261483510335286273e-01
-3.229803509182400112e-01
-3.231896824306911831e-01
-3.276259104410807477e-01
-3.252545992533366070e-01
-3.249614238739013672e-01
-3.223151630825466518e-01
-3.260052204132080078e-01
-3.252292209201388951e-01
-3.245405885908339005e-01
-3.244221475389268416e-01
-3.262791633605957031e-01
-3.250973224639892578e-01
-3.237628936767578125e-01
-3.235486083560519810e-01
-3.238365915086534041e-01
-3.260670502980549945e-01
-3.259437878926594867e-01
-3.233640193939208984e-01
-3.236348628997802734e-01
-3.244333797030978794e-01
-3.266507784525553570e-01
-3.243835767110188617e-01
-3.269143104553222656e-01
-3.257002035776774274e-01
-3.229601118299696427e-01
-3.238261540730794086e-01
-3.239587677849663505e-01
-3.259624110327826729e-01
-3.258307245042588729e-01
-3.238245116339789620e-01
-3.263806502024332867e-01
-3.266934023963080636e-01
-3.266594939761691685e-01
-3.265142175886366349e-01
-3.247445424397786273e-01
-3.244797123803032646e-01
-3.255977100796169643e-01
-3.260832362704806919e-01
-3.259593645731608258e-01
-3.260679244995117188e-01
-3.250119686126708984e-01
-3.287171257866753349e-01
-3.271981610192192802e-01
-3.285962475670708427e-01
-3.241417143079969865e-01
-3.272963364919026508e-01
-3.249375025431315289e-01
-3.237105210622151508e-01
-3.258014520009358539e-01
-3.272921244303385602e-01
-3.268718719482421875e-01
-3.273115158081054688e-01
-3.260215123494465961e-01
-3.267306221856011161e-01
-3.261320326063368302e-01
-3.237541251712375279e-01
-3.226747247907850724e-01
-3.277737034691704521e-01
-3.264023992750380021e-01
-3.238409360249837055e-01
-3.267392052544487724e-01
-3.259375095367431641e-01
-3.282926347520616073e-01
-3.274987803565131417e-01
-3.266352547539604911e-01
-3.265957037607828961e-01
-3.288951979743109932e-01
-3.264065848456488839e-01
-3.270875347985161552e-01
-3.263165685865614396e-01
-3.249558872646755581e-01
-3.269932534959580916e-01
-3.284308910369873047e-01
-3.265808688269721261e-01
-3.261954784393310547e-01
-3.285714785257975445e-01
-3.265481524997287388e-01
-3.256983757019042969e-01
-3.279191123114691964e-01
-3.263441721598307477e-01
-3.272902435726589565e-01
-3.291634718577067242e-01
-3.266652690039740792e-01
-3.287165164947509766e-01
-3.243830204010009766e-01
-3.300615681542290458e-01
-3.276188108656141740e-01
-3.258872561984592076e-01
-3.312423229217529297e-01
-3.249185085296630859e-01
-3.264803621504042130e-01
-3.281778759426540737e-01
-3.309247758653428573e-01
-3.291661739349365234e-01
-3.277859157986111049e-01
-3.301742606692844029e-01
-3.289073043399386997e-01
-3.293166160583496094e-01
-3.302962250179714565e-01
-3.296045462290446149e-01
-3.279935518900553570e-01
-3.287879890865749721e-01
-3.295936319563124162e-01
-3.284198178185356864e-01
-3.295300006866455078e-01
-3.290215333302815570e-01
-3.282745679219563617e-01
-3.294716146257188338e-01
-3.265781932406955357e-01
-3.302503161960178013e-01
-3.293316629197862166e-01
-3.278273741404215680e-01
-3.289802074432373047e-01
-3.311579757266574497e-01
-3.291542265150282365e-01
-3.308514489067925224e-01
-3.302019437154133930e-01
-3.293355570899115792e-01
-3.302387131585015068e-01
-3.307112322913275948e-01
-3.309756914774577008e-01
-3.293076356252034320e-01
-3.291796843210856305e-01
-3.291393650902642021e-01
-3.294125133090549107e-01
-3.291456699371337891e-01
-3.313465913136799945e-01
-3.282595475514729633e-01
-3.324916892581515904e-01
-3.289088937971327287e-01
-3.273369736141628628e-01
-3.298925293816460380e-01
-3.317355314890543805e-01
-3.291107548607720146e-01
-3.307791815863715401e-01
-3.314279715220133649e-01
-3.312342166900634766e-01
-3.317297829522026786e-01
-3.301698631710476284e-01
-3.324338595072428570e-01
-3.310489919450547713e-01
-3.319584528605143414e-01
-3.308854103088378906e-01
-3.316693305969238281e-01
-3.315796057383219586e-01
-3.323049545288085938e-01
-3.316483762529160995e-01
-3.305562602149115792e-01
-3.308928012847900391e-01
-3.320920732286241073e-01
-3.329824871487087612e-01
-3.316848542955186385e-01
-3.329477045271131974e-01
-3.335413932800292969e-01
-3.311406241522895089e-01
-3.330461184183756695e-01
-3.293229473961724052e-01
-3.332342041863335380e-01
-3.331854873233371372e-01
-3.304340044657389508e-01
-3.344964716169569474e-01
-3.339990509880913505e-01
-3.337660365634494419e-01
-3.309399286905924664e-01
-3.326687812805175781e-01
-3.326594034830729352e-01
-3.314634958902994977e-01
-3.341501288943820591e-01
-3.347373803456624164e-01
-3.315486113230387555e-01
-3.326938682132297154e-01
-3.307892216576470146e-01
-3.336525493197970982e-01
-3.308158715565999164e-01
-3.326787153879801617e-01
-3.348340988159179688e-01
-3.319843875037299386e-01
-3.345775074428982143e-01
-3.331447972191704521e-01
-3.352938493092854633e-01
-3.352771335177951451e-01
-3.347258302900526505e-01
-3.342105017768012276e-01
-3.353003395928276786e-01
-3.359236187405056362e-01
-3.349477979871962052e-01
-3.349685404035780412e-01
-3.338081041971842633e-01
-3.336003621419270648e-01
-3.366677496168348771e-01
-3.325567510392930526e-01
-3.323228624131944198e-01
-3.356813589731852399e-01
-3.335934744940863839e-01
-3.364852004581027622e-01
-3.356386290656195870e-01
-3.356398476494683036e-01
-3.373290962643093471e-01
-3.360177940792507534e-01
-3.376829094356960659e-01
-3.367990652720133649e-01
-3.391418721940782088e-01
-3.365714285108778459e-01
-3.359508779313828963e-01
-3.365395334031846541e-01
-3.369683159722222099e-01
-3.363683753543429966e-01
-3.382579220665825614e-01
-3.360827763875325336e-01
-3.378684255811903459e-01
-3.397759861416286831e-01
-3.365836408403184432e-01
-3.356387880113389510e-01
-3.400313059488932477e-01
-3.377818001641167411e-01
-3.382758299509684430e-01
-3.384826448228623885e-01
-3.390602270762125836e-01
-3.372849888271755581e-01
-3.384168148040771484e-01
-3.372626569535996932e-01
-3.358347151014540177e-01
-3.387901518079969865e-01
-3.397228717803955078e-01
-3.381735483805338727e-01
-3.380522727966308594e-01
-3.382294442918565291e-01
-3.396896786159939174e-01
-3.384106953938801898e-01
-3.387405077616373883e-01
-3.400306966569688338e-01
-3.393586211734347935e-01
-3.374915122985839844e-01
-3.370686372121174945e-01
-3.371051947275797711e-01
-3.375518586900498885e-01
-3.385846349928114396e-01
-3.390609158409966239e-01
-3.397581577301025391e-01
-3.385634687211778182e-01
-3.380016485850016461e-01
-3.388069735633002511e-01
-3.389600382910834542e-01
-3.375493155585395089e-01
-3.401467005411784039e-01
-3.396151065826416016e-01
-3.391301102108425503e-01
-3.390024503072102680e-01
-3.401319980621337891e-01
-3.399949603610568638e-01
-3.390725188785129185e-01
-3.387589984469943638e-01
-3.384603394402397880e-01
-3.401457733578152065e-01
-3.409191237555609932e-01
-3.408976925743950614e-01
-3.408609231313069476e-01
-3.399613963233100167e-01
-3.411405616336398716e-01
-3.389443291558159599e-01
-3.399556742774115792e-01
-3.412415451473659878e-01
-3.417576154073079242e-01
-3.420080608791775112e-01
-3.389464484320746651e-01
-3.411697016821967354e-01
-3.418254322475857143e-01
-3.422041469150119419e-01
-3.423097663455539341e-01
-3.413890997568766461e-01
-3.399957021077473773e-01
-3.418101734585232143e-01
-3.423943254682753068e-01
-3.409638404846191406e-01
-3.424260616302490234e-01
-3.412875069512261161e-01
-3.402242925431993026e-01
-3.439017401801215401e-01
-3.421021567450629464e-01
-3.441786236233181362e-01
-3.415603637695312500e-01
-3.407475948333740234e-01
-3.424357308281792411e-01
-3.418467309739854354e-01
-3.427704440222846261e-01
-3.405559327867295760e-01
-3.421228991614447823e-01
-3.424044450124104633e-01
-3.413436942630344029e-01
-3.414813677469889508e-01
-3.434143331315782088e-01
-3.428083525763617745e-01
-3.413303958045111886e-01
-3.428825537363688336e-01
-3.395838737487792969e-01
-3.432137701246473771e-01
-3.413185808393690568e-01
-3.435667885674370536e-01
-3.417119185129801617e-01
-3.424370023939344865e-01
-3.446284400092231026e-01
-3.428978390163845424e-01
-3.406407568189833146e-01
-3.434738318125407086e-01
-3.440844217936198102e-01
-3.416125774383544922e-01
-3.413075870937771206e-01
-3.427709738413493024e-01
-3.415978484683566685e-01
-3.404951360490586776e-01
-3.433851401011149274e-01
-3.439736366271972656e-01
-3.418668111165364398e-01
-3.431114885542128068e-01
-3.422548770904541016e-01
-3.441492981380886440e-01
-3.446132342020670758e-01
-3.415948284996880302e-01
-3.434366650051540737e-01
-3.413811789618598214e-01
-3.441915776994493026e-01
-3.431785106658935547e-01
-3.428309493594699497e-01
-3.456115192837185268e-01
-3.454874356587727680e-01
-3.432775073581271763e-01
-3.432552814483642578e-01
-3.446818457709418526e-01
-3.436205387115478516e-01
-3.426627053154839286e-01
-3.445447815789116630e-01
-3.429076671600341797e-01
-3.432413736979166852e-01
-3.433910475836859932e-01
-3.428325653076171875e-01
-3.438627984788682479e-01
-3.435959286159939174e-01
-3.428014384375678292e-01
-3.453434308369954242e-01
-3.450616465674506417e-01
-3.441110452016194476e-01
-3.456085258060031529e-01
-3.444432417551676617e-01
-3.458457258012559432e-01
-3.439574241638183594e-01
-3.441807164086235771e-01
-3.454615804884169084e-01
-3.453837500678168526e-01
-3.449392053816053849e-01
-3.454176319970024833e-01
-3.467470275031195870e-01
-3.461862405141194476e-01
-3.444425000084770927e-01
-3.450144396887885323e-01
-3.451757695939805526e-01
-3.437068992190890904e-01
-3.457159731123182755e-01
-3.445425033569335938e-01
-3.440590434604220982e-01
-3.452373875512017021e-01
-3.439899020724826451e-01
-3.455982208251953125e-01
-3.465405835045708427e-01
-3.458688259124755859e-01
-3.470377657148573380e-01
-3.470933437347412109e-01
-3.441045019361708146e-01
-3.451149728563096541e-01
-3.461130195193820591e-01
-3.446269830067952289e-01
-3.448763688405354633e-01
-3.436859183841281529e-01
-3.451579411824544086e-01
-3.472608990139431362e-01
-3.464876545800102958e-01
-3.458006381988525391e-01
-3.450328244103325614e-01
-3.440998925103081474e-01
-3.474344412485758649e-01
-3.453590869903564453e-01
-3.463208410474989396e-01
-3.464336130354139787e-01
-3.463508288065592633e-01
-3.429503440856933594e-01
-3.467846711476643695e-01
-3.472971386379665737e-01
-3.458841111924912948e-01
-3.483042452070448380e-01
-3.462483088175455914e-01
-3.464678393469916573e-01
-3.458026250203450336e-01
-3.484205140007866630e-01
-3.476230038536919364e-01
-3.473579618665907365e-01
-3.475684589809841518e-01
-3.462474611070420760e-01
-3.464307785034179688e-01
-3.471982744004991073e-01
-3.455532391866047992e-01
-3.456029362148708706e-01
-3.465755250718858260e-01
-3.481819629669189453e-01
-3.483537567986382255e-01
-3.458660708533393136e-01
-3.473630746205647601e-01
-3.475663397047255021e-01
-3.487557040320502511e-01
-3.479678365919325334e-01
-3.480296929677327289e-01
-3.475820223490397320e-01
-3.465079201592339286e-01
-3.463041517469618302e-01
-3.464809523688422432e-01
-3.482343090905083427e-01
-3.484009106953938617e-01
-3.474070760938856584e-01
-3.478107717302110213e-01
-3.490883244408501396e-01
-3.476037449306911831e-01
-3.497421476576063615e-01
-3.478627469804551620e-01
-3.486049175262451172e-01
-3.482085598839653739e-01
-3.509961499108208427e-01
-3.498058054182264787e-01
-3.498115804460313338e-01
-3.489639229244655971e-01
-3.495097690158420201e-01
-3.473071787092421037e-01
-3.508099450005425224e-01
-3.495863278706868305e-01
-3.495069874657524833e-01
-3.484107388390434989e-01
-3.492257330152723771e-01
-3.521589438120524274e-01
-3.504626221126980190e-01
-3.487772146860758649e-01
-3.488663832346598492e-01
-3.511061403486464005e-01
-3.499881691402859096e-01
-3.515025509728325614e-01
-3.517083591885036831e-01
-3.495501147376166573e-01
-3.497078418731689453e-01
-3.499108155568440570e-01
-3.512458271450466518e-01
-3.502602577209472656e-01
-3.494481775495741349e-01
-3.486351966857910156e-01
-3.505698045094807758e-01
-3.490975432925754185e-01
-3.512217468685573940e-01
-3.500129646725124721e-01
-3.495385646820068359e-01
-3.512066205342610492e-01
-3.503425121307373047e-01
-3.507246706220839005e-01
-3.522671858469645367e-01
-3.508661058213975448e-01
-3.517661624484592076e-01
-3.495784600575764789e-01
-3.497989442613389510e-01
-3.503328959147135602e-01
-3.511949380238850726e-01
-3.494448661804199219e-01
-3.509441746605767021e-01
-3.498958216773139229e-01
-3.522711065080430526e-01
-3.497717380523681641e-01
-3.491614129808213729e-01
-3.495375845167372209e-01
-3.506490919325087052e-01
-3.517433537377251396e-01
-3.513707319895426617e-01
-3.502787484063042411e-01
-3.508391910129123326e-01
-3.507252799140082589e-01
-3.545473681555854073e-01
-3.523357974158393136e-01
-3.530743387010362166e-01
-3.528093761867946987e-01
-3.520799212985568638e-01
-3.509986665513780135e-01
-3.513486385345458984e-01
-3.519130547841389789e-01
-3.521379364861382255e-01
-3.521882692972819195e-01
-3.543417188856337052e-01
-3.520229392581515904e-01
-3.533279101053873883e-01
-3.537176715003119698e-01
-3.511120478312174664e-01
-3.522538608974880581e-01
-3.516881201002333146e-01
-3.522273699442545758e-01
-3.535883691575791854e-01
-3.508436150021023159e-01
-3.528372976515028459e-01
-3.529203732808430805e-01
-3.533328904045952568e-01
-3.524025016360812779e-01
-3.530937565697563896e-01
-3.534718619452582589e-01
-3.523966471354166852e-01
-3.544127676222059709e-01
-3.546507358551025391e-01
-3.522310256958007812e-01
-3.534545898437500000e-01
-3.537966410319010602e-01
-3.540945582919650669e-01
-3.531233734554714565e-01
-3.520527415805392857e-01
-3.519400490654839286e-01
-3.536682393815782088e-01
-3.546163770887587052e-01
-3.536821736229790458e-01
-3.528549141354030971e-01
-3.535952568054199219e-01
-3.526675966050889510e-01
-3.528512583838568917e-01
-3.535913891262478237e-01
-3.527955744001600724e-01
-3.537764284345839005e-01
-3.533352745903862724e-01
-3.535434669918484096e-01
-3.540875116984049664e-01
-3.541945616404215680e-01
-3.540652592976887836e-01
-3.542558352152506695e-01
-3.524056010776095982e-01
-3.544147014617919922e-01
-3.542654249403212052e-01
-3.536166879865858537e-01
-3.532818158467610492e-01
-3.512609004974365234e-01
-3.538043234083387834e-01
-3.544844786326090680e-01
-3.547875881195068359e-01
-3.539722495608859654e-01
-3.537540700700547713e-01
-3.547932306925455914e-01
-3.530631330278184432e-01
-3.517938454945881976e-01
-3.536068863338894253e-01
-3.564363850487602958e-01
-3.540925449795193081e-01
-3.545930385589599609e-01
-3.541731834411621094e-01
-3.553527990976969586e-01
-3.536355230543348771e-01
-3.550743791792128068e-01
-3.559105926089816685e-01
-3.550707764095730190e-01
-3.550740083058674945e-01
-3.556838300493028182e-01
-3.550653457641601562e-01
-3.549637794494628906e-01
-3.565523624420166016e-01
-3.564761744605170479e-01
-3.554571204715304966e-01
-3.557378186119927177e-01
-3.553797668880886440e-01
-3.557369709014892578e-01
-3.550306161244710101e-01
-3.564053376515706195e-01
-3.557135528988308315e-01
-3.555916680230034599e-01
-3.549032476213243026e-01
-3.546895980834960938e-01
-3.561624421013726005e-01
-3.557631174723307477e-01
-3.535609245300292969e-01
-3.552866776784260883e-01
-3.553877936469184151e-01
-3.575915230645073661e-01
-3.569845358530680524e-01
-3.551719188690185547e-01
-3.553716076744927177e-01
-3.556487825181748885e-01
-3.555609914991590959e-01
-3.542271190219455357e-01
-3.554037147098117466e-01
-3.558260069953070870e-01
-3.569332228766547432e-01
-3.583360513051350726e-01
-3.545169565412733537e-01
-3.555218908521864396e-01
-3.552326626247829799e-01
-3.551769786410861607e-01
-3.574337694380018693e-01
-3.568051656087239398e-01
-3.556578954060872211e-01
-3.562071853213840122e-01
-3.552800549401177177e-01
-3.579668203989664899e-01
-3.555542098151313057e-01
-3.556203842163085938e-01
-3.562104966905381698e-01
-3.574468824598524552e-01
-3.573467996385362166e-01
-3.572121461232503070e-01
-3.571425808800591239e-01
-3.560654322306315289e-01
-3.558229605356852399e-01
-3.574940893385145646e-01
-3.570270803239610213e-01
-3.569260438283284320e-01
-3.567943837907578963e-01
-3.568237622578938617e-01
-3.571477995978461495e-01
-3.563514285617404576e-01
-3.571590582529703961e-01
-3.579039838578965682e-01
-3.555286195543077010e-01
-3.563274277581108818e-01
-3.563968605465359096e-01
-3.565469847785102120e-01
-3.571390575832790737e-01
-3.557629585266113281e-01
-3.576254579755995255e-01
-3.571500778198242188e-01
-3.575739860534667969e-01
-3.568764792548285714e-01
-3.572726514604356307e-01
-3.576669428083631974e-01
-3.559234672122531529e-01
-3.571015199025471820e-01
-3.592665460374619979e-01
-3.587443033854166852e-01
-3.566241794162326451e-01
-3.571410708957248326e-01
-3.580701086256239396e-01
-3.576378027598063336e-01
-3.567938539716932755e-01
-3.582628038194444198e-01
-3.567491107516818638e-01
-3.586648040347629185e-01
-3.574648433261447544e-01
-3.579423162672255021e-01
-3.578706847296820870e-01
-3.571844630771213169e-01
-3.575839466518825893e-01
-3.578404055701361886e-01
-3.585305213928222656e-01
-3.572825060950385323e-01
-3.574624061584472656e-01
-3.591527144114176617e-01
-3.584548102484809151e-01
-3.577481110890706195e-01
-3.562393718295627232e-01
-3.600195513831244698e-01
-3.597306940290663224e-01
-3.585110240512424107e-01
-3.595534960428873883e-01
-3.567802641126844865e-01
-3.564828766716851005e-01
-3.585200309753417969e-01
-3.567436006334092635e-01
