-3.999526798725128174e-01
-4.290282726287841797e-01
-4.405688643455505371e-01
-4.490564167499542236e-01
-4.481628537178039551e-01
-4.496853053569793701e-01
-4.498473107814788818e-01
-4.500477910041809082e-01
-4.524744451045989990e-01
-4.508174359798431396e-01
-4.547938108444213867e-01
-4.520815312862396240e-01
-4.500319659709930420e-01
-4.524452686309814453e-01
-4.520021677017211914e-01
-4.525571465492248535e-01
-4.521837234497070312e-01
-4.533366858959197998e-01
-4.535911977291107178e-01
-4.515062272548675537e-01
-4.515718519687652588e-01
-4.552560448646545410e-01
-4.515661001205444336e-01
-4.512464404106140137e-01
-4.533134400844573975e-01
-4.525802731513977051e-01
-4.520588517189025879e-01
-4.520773291587829590e-01
-4.509927332401275635e-01
-4.536084830760955811e-01
-4.524970650672912598e-01
-4.522000551223754883e-01
-4.527427554130554199e-01
-4.540327191352844238e-01
-4.523551762104034424e-01
-4.518705308437347412e-01
-4.514702260494232178e-01
-4.528868496417999268e-01
-4.520727396011352539e-01
-4.516727030277252197e-01
-4.513538479804992676e-01
-4.533005356788635254e-01
-4.522084891796112061e-01
-4.524472653865814209e-01
-4.514033198356628418e-01
-4.525294601917266846e-01
-4.532006978988647461e-01
-4.516347050666809082e-01
-4.526239335536956787e-01
-4.518786966800689697e-01
-4.529823958873748779e-01
-4.529031515121459961e-01
-4.527254104614257812e-01
-4.519839584827423096e-01
-4.522742927074432373e-01
-4.530388116836547852e-01
-4.516442120075225830e-01
-4.517532587051391602e-01
-4.530268013477325439e-01
-4.532343149185180664e-01
-4.518187940120697021e-01
-4.517615437507629395e-01
-4.504551291465759277e-01
-4.519132077693939209e-01
-4.524542689323425293e-01
-4.518691897392272949e-01
-4.524003863334655762e-01
-4.525999724864959717e-01
-4.522820711135864258e-01
-4.521070420742034912e-01
-4.520513117313385010e-01
-4.521875083446502686e-01
-4.534221887588500977e-01
-4.517579972743988037e-01
-4.525698423385620117e-01
-4.524273574352264404e-01
-4.524895548820495605e-01
-4.524686932563781738e-01
-4.522885680198669434e-01
-4.533737599849700928e-01
-4.519161581993103027e-01
-4.520118534564971924e-01
-4.530482292175292969e-01
-4.530775845050811768e-01
-4.523831307888031006e-01
-4.536203145980834961e-01
-4.526638686656951904e-01
-4.514506459236145020e-01
-4.518769383430480957e-01
-4.518936872482299805e-01
-4.521205127239227295e-01
-4.513148069381713867e-01
-4.530300199985504150e-01
-4.524789452552795410e-01
-4.532025754451751709e-01
-4.524960815906524658e-01
-4.516939222812652588e-01
-4.540856182575225830e-01
-4.522017836570739746e-01
-4.526525139808654785e-01
-4.535023868083953857e-01
-4.538891911506652832e-01
-4.517988264560699463e-01
-4.532836675643920898e-01
-4.522184431552886963e-01
-4.513447284698486328e-01
-4.522671997547149658e-01
-4.528000950813293457e-01
-4.521339237689971924e-01
-4.513190984725952148e-01
-4.512028098106384277e-01
-4.514747262001037598e-01
-4.514264762401580811e-01
-4.512395560741424561e-01
-4.518065452575683594e-01
-4.528851807117462158e-01
-4.539432823657989502e-01
-4.536745846271514893e-01
-4.527380466461181641e-01
-4.523899853229522705e-01
-4.533232748508453369e-01
-4.528117775917053223e-01
-4.543484449386596680e-01
-4.521384537220001221e-01
-4.520567059516906738e-01
-4.532944858074188232e-01
-4.513784348964691162e-01
-4.515816867351531982e-01
-4.524660706520080566e-01
-4.518765211105346680e-01
-4.520665109157562256e-01
-4.522297978401184082e-01
-4.533271789550781250e-01
-4.532482922077178955e-01
-4.531365334987640381e-01
-4.522414803504943848e-01
-4.511286318302154541e-01
-4.522576034069061279e-01
-4.512623250484466553e-01
-4.522538781166076660e-01
-4.528396427631378174e-01
-4.516971409320831299e-01
-4.532393813133239746e-01
-4.535270333290100098e-01
-4.520781636238098145e-01
-4.519990980625152588e-01
-4.503133594989776611e-01
-4.535145163536071777e-01
-4.527038037776947021e-01
-4.520655572414398193e-01
-4.524722993373870850e-01
-4.528472423553466797e-01
-4.524319469928741455e-01
-4.512160718441009521e-01
-4.523901343345642090e-01
-4.526233375072479248e-01
-4.506342709064483643e-01
-4.514266848564147949e-01
-4.512153565883636475e-01
-4.502711892127990723e-01
-4.527107477188110352e-01
-4.515713453292846680e-01
-4.506484866142272949e-01
-4.532507359981536865e-01
-4.520930051803588867e-01
-4.532576799392700195e-01
-4.520253837108612061e-01
-4.526741802692413330e-01
-4.517604410648345947e-01
-4.531398415565490723e-01
-4.522236287593841553e-01
-4.520650506019592285e-01
-4.524834156036376953e-01
-4.525288939476013184e-01
-4.524865746498107910e-01
-4.527645707130432129e-01
-4.524624049663543701e-01
-4.512040913105010986e-01
-4.525844156742095947e-01
-4.532007575035095215e-01
-4.525856971740722656e-01
-4.520615339279174805e-01
-4.515206217765808105e-01
-4.530103802680969238e-01
-4.517900347709655762e-01
-4.516826868057250977e-01
-4.516621232032775879e-01
-4.528380036354064941e-01
-4.523537456989288330e-01
-4.533083140850067139e-01
-4.525279402732849121e-01
-4.530397355556488037e-01
-4.530755579471588135e-01
-4.507962465286254883e-01
-4.522550106048583984e-01
-4.536615610122680664e-01
-4.529014825820922852e-01
-4.522750973701477051e-01
-4.521402120590209961e-01
-4.510151147842407227e-01
-4.534623920917510986e-01
-4.511699378490447998e-01
-4.529056251049041748e-01
-4.526184201240539551e-01
-4.530289471149444580e-01
-4.523206353187561035e-01
-4.542760252952575684e-01
-4.518564343452453613e-01
-4.509747922420501709e-01
-4.516062140464782715e-01
-4.524298608303070068e-01
-4.523328244686126709e-01
-4.516251087188720703e-01
-4.536211788654327393e-01
-4.518766105175018311e-01
-4.520565867424011230e-01
-4.533884227275848389e-01
-4.517207741737365723e-01
-4.514611959457397461e-01
-4.529570043087005615e-01
-4.518715143203735352e-01
-4.519199132919311523e-01
-4.515442848205566406e-01
-4.538561701774597168e-01
-4.528774321079254150e-01
-4.528194069862365723e-01
-4.523361027240753174e-01
-4.532374739646911621e-01
-4.533762931823730469e-01
-4.517851471900939941e-01
-4.523408412933349609e-01
-4.522966146469116211e-01
-4.536244273185729980e-01
-4.523800313472747803e-01
-4.511686265468597412e-01
-4.522963166236877441e-01
-4.533314108848571777e-01
-4.519628882408142090e-01
-4.511694908142089844e-01
-4.530832469463348389e-01
-4.512336850166320801e-01
-4.524479508399963379e-01
-4.505960643291473389e-01
-4.536207318305969238e-01
-4.518238008022308350e-01
-4.506275653839111328e-01
-4.512821137905120850e-01
-4.522334933280944824e-01
-4.524181485176086426e-01
-4.521008729934692383e-01
-4.534125626087188721e-01
-4.528436958789825439e-01
-4.540656805038452148e-01
-4.517759978771209717e-01
-4.512422978878021240e-01
-4.514392316341400146e-01
-4.503922760486602783e-01
-4.511273801326751709e-01
-4.508100450038909912e-01
-4.503516256809234619e-01
-4.534756541252136230e-01
-4.513029754161834717e-01
-4.524451792240142822e-01
-4.538029134273529053e-01
-4.527488946914672852e-01
-4.508934617042541504e-01
-4.520533978939056396e-01
-4.514600336551666260e-01
-4.521935582160949707e-01
-4.524821937084197998e-01
-4.525752663612365723e-01
-4.510286152362823486e-01
-4.512325525283813477e-01
-4.534108340740203857e-01
-4.520814120769500732e-01
-4.511445164680480957e-01
-4.506433010101318359e-01
-4.520128667354583740e-01
-4.537998139858245850e-01
-4.532971978187561035e-01
-4.524992704391479492e-01
-4.511503279209136963e-01
-4.512966275215148926e-01
-4.522287547588348389e-01
-4.524239897727966309e-01
-4.512624144554138184e-01
-4.495075643062591553e-01
-4.525888562202453613e-01
-4.527053236961364746e-01
-4.494627118110656738e-01
-4.537531733512878418e-01
-4.514548778533935547e-01
-4.513969719409942627e-01
-4.527411758899688721e-01
-4.517417848110198975e-01
-4.531253874301910400e-01
-4.505765736103057861e-01
-4.514602124691009521e-01
-4.524767100811004639e-01
-4.515023529529571533e-01
-4.531165063381195068e-01
-4.506074190139770508e-01
-4.519436657428741455e-01
-4.517062902450561523e-01
-4.523259401321411133e-01
-4.496003389358520508e-01
-4.507417082786560059e-01
-4.510750472545623779e-01
-4.513872861862182617e-01
-4.527793526649475098e-01
-4.517239332199096680e-01
-4.541209638118743896e-01
-4.501526355743408203e-01
-4.502001106739044189e-01
-4.541814625263214111e-01
-4.507246613502502441e-01
-4.513290524482727051e-01
-4.506134688854217529e-01
-4.498278200626373291e-01
-4.526885449886322021e-01
-4.514432251453399658e-01
-4.530208706855773926e-01
-4.538981020450592041e-01
-4.528321325778961182e-01
-4.515413343906402588e-01
-4.503875076770782471e-01
-4.507469236850738525e-01
-4.510543644428253174e-01
-4.502275288105010986e-01
-4.516105353832244873e-01
-4.512494504451751709e-01
-4.506277441978454590e-01
-4.519144296646118164e-01
-4.524763226509094238e-01
-4.525913596153259277e-01
-4.502339363098144531e-01
-4.508582651615142822e-01
-4.504043757915496826e-01
-4.510187506675720215e-01
-4.508114755153656006e-01
-4.511126577854156494e-01
-4.491187632083892822e-01
-4.506707191467285156e-01
-4.537083804607391357e-01
-4.524283409118652344e-01
-4.513328373432159424e-01
-4.514011740684509277e-01
-4.518851339817047119e-01
-4.525919258594512939e-01
-4.501678943634033203e-01
-4.516715705394744873e-01
-4.505895376205444336e-01
-4.505379498004913330e-01
-4.517420828342437744e-01
-4.491119682788848877e-01
-4.515798985958099365e-01
-4.528302252292633057e-01
-4.522349536418914795e-01
-4.523939192295074463e-01
-4.511304795742034912e-01
-4.514956772327423096e-01
-4.505235552787780762e-01
-4.512360095977783203e-01
-4.515890479087829590e-01
-4.479467272758483887e-01
-4.506898224353790283e-01
-4.523648619651794434e-01
-4.510883688926696777e-01
-4.529293775558471680e-01
-4.534738659858703613e-01
-4.489886164665222168e-01
-4.511231482028961182e-01
-4.525847434997558594e-01
-4.522416591644287109e-01
-4.513132870197296143e-01
-4.544707238674163818e-01
-4.525707960128784180e-01
-4.495491087436676025e-01
-4.504758715629577637e-01
-4.521967172622680664e-01
-4.515331983566284180e-01
-4.517266154289245605e-01
-4.503530859947204590e-01
-4.504514038562774658e-01
-4.520407915115356445e-01
-4.517574608325958252e-01
-4.510892629623413086e-01
-4.511575996875762939e-01
-4.507482945919036865e-01
-4.506107270717620850e-01
-4.513593912124633789e-01
-4.517075717449188232e-01
-4.505989253520965576e-01
-4.512369036674499512e-01
-4.539839625358581543e-01
-4.498749375343322754e-01
-4.523554742336273193e-01
-4.500406682491302490e-01
-4.516350626945495605e-01
-4.498205780982971191e-01
-4.510626196861267090e-01
-4.526178240776062012e-01
-4.507841169834136963e-01
-4.515062272548675537e-01
-4.523838460445404053e-01
-4.517075121402740479e-01
-4.506817758083343506e-01
-4.513134658336639404e-01
-4.506609141826629639e-01
-4.506670236587524414e-01
-4.496239721775054932e-01
-4.529430866241455078e-01
-4.514544010162353516e-01
-4.519265890121459961e-01
-4.539671242237091064e-01
-4.520688354969024658e-01
-4.521013200283050537e-01
-4.509059488773345947e-01
-4.538030326366424561e-01
-4.493954479694366455e-01
-4.520317018032073975e-01
-4.504473507404327393e-01
-4.505616426467895508e-01
-4.503636062145233154e-01
-4.507258236408233643e-01
-4.509167969226837158e-01
-4.533242881298065186e-01
-4.476045966148376465e-01
-4.487958550453186035e-01
-4.526214599609375000e-01
-4.514555633068084717e-01
-4.513063728809356689e-01
-4.534763693809509277e-01
-4.514037370681762695e-01
-4.506131708621978760e-01
-4.530817568302154541e-01
-4.515724480152130127e-01
-4.521623551845550537e-01
-4.504346847534179688e-01
-4.517905414104461670e-01
-4.513766765594482422e-01
-4.512058496475219727e-01
-4.497012495994567871e-01
-4.523381292819976807e-01
-4.512728750705718994e-01
-4.503557085990905762e-01
-4.507409036159515381e-01
-4.510982036590576172e-01
-4.522553384304046631e-01
-4.511346817016601562e-01
-4.569583833217620850e-01
-4.507600367069244385e-01
-4.511856138706207275e-01
-4.560072422027587891e-01
-4.511761963367462158e-01
-4.486846923828125000e-01
-4.478744566440582275e-01
-4.511134624481201172e-01
-4.505188763141632080e-01
-4.515473246574401855e-01
-4.494271278381347656e-01
-4.516670405864715576e-01
-4.526709616184234619e-01
-4.513342082500457764e-01
-4.526004493236541748e-01
-4.508569836616516113e-01
-4.504705667495727539e-01
-4.504500031471252441e-01
-4.482122361660003662e-01
-4.517613649368286133e-01
-4.545957148075103760e-01
-4.507968127727508545e-01
-4.490337669849395752e-01
-4.517544507980346680e-01
-4.501645565032958984e-01
-4.512363672256469727e-01
-4.508983790874481201e-01
-4.511053562164306641e-01
-4.490534365177154541e-01
-4.493906795978546143e-01
-4.516426324844360352e-01
-4.514570236206054688e-01
-4.508465528488159180e-01
-4.511245191097259521e-01
-4.516349136829376221e-01
-4.505040943622589111e-01
-4.501829445362091064e-01
-4.501068592071533203e-01
-4.516733884811401367e-01
-4.509880244731903076e-01
-4.523772597312927246e-01
-4.498266875743865967e-01
-4.520345926284790039e-01
-4.491931796073913574e-01
-4.521589279174804688e-01
-4.486561417579650879e-01
-4.490188956260681152e-01
-4.520317018032073975e-01
-4.499979317188262939e-01
-4.507388770580291748e-01
-4.501757621765136719e-01
-4.498570561408996582e-01
-4.500695168972015381e-01
-4.515144824981689453e-01
-4.484317302703857422e-01
-4.488720595836639404e-01
-4.500469863414764404e-01
-4.501426219940185547e-01
-4.525670111179351807e-01
-4.505790770053863525e-01
-4.521368443965911865e-01
-4.518000483512878418e-01
-4.504391252994537354e-01
-4.515591263771057129e-01
-4.529272317886352539e-01
-4.522410333156585693e-01
-4.539357423782348633e-01
-4.535474181175231934e-01
-4.529726505279541016e-01
-4.508798718452453613e-01
-4.525330662727355957e-01
-4.517217874526977539e-01
-4.511077702045440674e-01
-4.504370093345642090e-01
-4.495454132556915283e-01
-4.512451887130737305e-01
-4.486773014068603516e-01
-4.506078958511352539e-01
-4.499909281730651855e-01
-4.518031477928161621e-01
-4.522365033626556396e-01
-4.507220387458801270e-01
-4.519480168819427490e-01
-4.517047405242919922e-01
-4.501235187053680420e-01
-4.497710466384887695e-01
-4.522398412227630615e-01
-4.503364562988281250e-01
-4.512010514736175537e-01
-4.504319429397583008e-01
-4.512331485748291016e-01
-4.505738317966461182e-01
-4.510544836521148682e-01
-4.532276391983032227e-01
-4.507872760295867920e-01
-4.520518183708190918e-01
-4.510055482387542725e-01
-4.494501948356628418e-01
-4.483858048915863037e-01
-4.515140354633331299e-01
-4.501645267009735107e-01
-4.487546980381011963e-01
-4.539967775344848633e-01
-4.530163109302520752e-01
-4.521214067935943604e-01
-4.538277089595794678e-01
-4.526168704032897949e-01
-4.491141438484191895e-01
-4.503864645957946777e-01
-4.523363709449768066e-01
-4.489636421203613281e-01
-4.484867751598358154e-01
-4.498617053031921387e-01
-4.501214027404785156e-01
-4.503064453601837158e-01
-4.531061947345733643e-01
-4.515921771526336670e-01
-4.517286717891693115e-01
-4.496409893035888672e-01
-4.509532749652862549e-01
-4.511903524398803711e-01
-4.505375325679779053e-01
-4.515395164489746094e-01
-4.503011405467987061e-01
-4.514237046241760254e-01
-4.484301805496215820e-01
-4.517448842525482178e-01
-4.524995982646942139e-01
-4.507369399070739746e-01
-4.514301121234893799e-01
-4.498052895069122314e-01
-4.523330628871917725e-01
-4.518314599990844727e-01
-4.515138268470764160e-01
-4.518991708755493164e-01
-4.508575797080993652e-01
-4.510851502418518066e-01
-4.492346048355102539e-01
-4.502252340316772461e-01
-4.504423141479492188e-01
-4.532129168510437012e-01
-4.491466581821441650e-01
-4.518325328826904297e-01
-4.509733915328979492e-01
-4.515179991722106934e-01
-4.507989287376403809e-01
-4.514813721179962158e-01
-4.530631899833679199e-01
-4.504244029521942139e-01
-4.503660202026367188e-01
-4.517941176891326904e-01
-4.524539113044738770e-01
-4.506680369377136230e-01
-4.530623555183410645e-01
-4.507034122943878174e-01
-4.509103596210479736e-01
-4.515349268913269043e-01
-4.507900476455688477e-01
-4.505957067012786865e-01
-4.501973986625671387e-01
-4.515890479087829590e-01
-4.515405893325805664e-01
-4.493854641914367676e-01
-4.518965482711791992e-01
-4.494224190711975098e-01
-4.513101875782012939e-01
-4.521367251873016357e-01
-4.522207975387573242e-01
-4.497026503086090088e-01
-4.507320523262023926e-01
-4.511444568634033203e-01
-4.517939388751983643e-01
-4.498225748538970947e-01
-4.515225291252136230e-01
-4.512766003608703613e-01
-4.477851092815399170e-01
-4.508549273014068604e-01
-4.493799209594726562e-01
-4.499091804027557373e-01
-4.498903155326843262e-01
-4.499271214008331299e-01
-4.499738812446594238e-01
-4.510464966297149658e-01
-4.519694745540618896e-01
-4.519006013870239258e-01
-4.489054083824157715e-01
-4.503593742847442627e-01
-4.506885409355163574e-01
-4.489171802997589111e-01
-4.483211040496826172e-01
-4.510127902030944824e-01
-4.499773085117340088e-01
-4.519430994987487793e-01
-4.505055546760559082e-01
-4.508843421936035156e-01
-4.505972862243652344e-01
-4.524400532245635986e-01
-4.504018425941467285e-01
-4.507505297660827637e-01
-4.476226270198822021e-01
-4.494535923004150391e-01
-4.525332450866699219e-01
-4.520362019538879395e-01
-4.522816836833953857e-01
-4.521081149578094482e-01
-4.495169520378112793e-01
-4.522535502910614014e-01
-4.516138136386871338e-01
-4.511023759841918945e-01
-4.521525800228118896e-01
-4.510137438774108887e-01
-4.524796009063720703e-01
-4.532836973667144775e-01
-4.509639143943786621e-01
-4.481917619705200195e-01
-4.505774974822998047e-01
-4.520471096038818359e-01
-4.499575197696685791e-01
-4.519035518169403076e-01
-4.512413740158081055e-01
-4.511954486370086670e-01
-4.504642188549041748e-01
-4.505888819694519043e-01
-4.537557959556579590e-01
-4.485384523868560791e-01
-4.503560960292816162e-01
-4.519470334053039551e-01
-4.517053961753845215e-01
-4.520328938961029053e-01
-4.503108561038970947e-01
-4.493088126182556152e-01
-4.493610858917236328e-01
-4.508118927478790283e-01
-4.503324329853057861e-01
-4.512835741043090820e-01
-4.520203769207000732e-01
-4.514263868331909180e-01
-4.514229297637939453e-01
-4.491727054119110107e-01
-4.523792862892150879e-01
-4.501298069953918457e-01
-4.495646357536315918e-01
-4.484325349330902100e-01
-4.490850865840911865e-01
-4.526495337486267090e-01
-4.498352110385894775e-01
-4.479171633720397949e-01
-4.503979086875915527e-01
-4.507675766944885254e-01
-4.489522576332092285e-01
-4.489796757698059082e-01
-4.464296996593475342e-01
-4.491525292396545410e-01
-4.506157934665679932e-01
-4.496164023876190186e-01
-4.495856165885925293e-01
-4.496221840381622314e-01
-4.518344402313232422e-01
-4.501787126064300537e-01
-4.499959647655487061e-01
-4.523119032382965088e-01
-4.470289349555969238e-01
-4.502864181995391846e-01
-4.513055384159088135e-01
-4.518124163150787354e-01
-4.503357708454132080e-01
-4.525416195392608643e-01
-4.517342150211334229e-01
-4.503505229949951172e-01
-4.499171078205108643e-01
-4.499462544918060303e-01
-4.524409770965576172e-01
-4.506160914897918701e-01
-4.503407478332519531e-01
-4.514539539813995361e-01
-4.505421817302703857e-01
-4.514572322368621826e-01
-4.513052999973297119e-01
-4.492384791374206543e-01
-4.524944722652435303e-01
-4.516599774360656738e-01
-4.516527652740478516e-01
-4.512950778007507324e-01
-4.499324560165405273e-01
-4.506408870220184326e-01
-4.497507810592651367e-01
-4.521216452121734619e-01
-4.510252177715301514e-01
-4.515598118305206299e-01
-4.512015879154205322e-01
-4.503808617591857910e-01
-4.514617919921875000e-01
-4.521346986293792725e-01
-4.500646889209747314e-01
-4.513503015041351318e-01
-4.511695504188537598e-01
-4.509376287460327148e-01
-4.494744241237640381e-01
-4.487712979316711426e-01
-4.508465826511383057e-01
-4.501243233680725098e-01
-4.534096717834472656e-01
-4.494182169437408447e-01
-4.499973058700561523e-01
-4.493373334407806396e-01
-4.525531828403472900e-01
-4.539992511272430420e-01
-4.492851197719573975e-01
-4.502469003200531006e-01
-4.524306952953338623e-01
-4.504361450672149658e-01
-4.510668218135833740e-01
-4.498974382877349854e-01
-4.505161046981811523e-01
-4.509155154228210449e-01
-4.547127783298492432e-01
-4.500436484813690186e-01
-4.501958489418029785e-01
-4.530106484889984131e-01
-4.502446353435516357e-01
-4.500745832920074463e-01
-4.501427710056304932e-01
-4.507824182510375977e-01
-4.501522779464721680e-01
-4.494198262691497803e-01
-4.508479535579681396e-01
-4.491820633411407471e-01
-4.483052492141723633e-01
-4.489589035511016846e-01
-4.514683187007904053e-01
-4.494674205780029297e-01
-4.483509659767150879e-01
-4.497030675411224365e-01
-4.513930678367614746e-01
-4.486091732978820801e-01
-4.500208497047424316e-01
-4.514200985431671143e-01
-4.530930817127227783e-01
-4.520147144794464111e-01
-4.512157738208770752e-01
-4.506612420082092285e-01
-4.499107301235198975e-01
-4.517218768596649170e-01
-4.504622519016265869e-01
-4.516103267669677734e-01
-4.513855874538421631e-01
-4.530357718467712402e-01
-4.509645402431488037e-01
-4.500656127929687500e-01
-4.492213726043701172e-01
-4.490758180618286133e-01
-4.506843388080596924e-01
-4.492928683757781982e-01
-4.503402709960937500e-01
-4.466238319873809814e-01
-4.523235559463500977e-01
-4.515401124954223633e-01
-4.487442672252655029e-01
-4.505351185798645020e-01
-4.538643360137939453e-01
-4.493486285209655762e-01
-4.492858052253723145e-01
-4.508041739463806152e-01
-4.503296613693237305e-01
-4.505480229854583740e-01
-4.522787034511566162e-01
-4.506562352180480957e-01
-4.499528110027313232e-01
-4.506378769874572754e-01
-4.519748091697692871e-01
-4.507510960102081299e-01
-4.524172544479370117e-01
-4.496847391128540039e-01
-4.530007839202880859e-01
-4.523397684097290039e-01
-4.499558806419372559e-01
-4.512430727481842041e-01
-4.528266787528991699e-01
-4.503898024559020996e-01
-4.515283107757568359e-01
-4.509324431419372559e-01
-4.499798715114593506e-01
-4.497323930263519287e-01
-4.505459666252136230e-01
-4.501881897449493408e-01
-4.519483745098114014e-01
-4.534748196601867676e-01
-4.481505751609802246e-01
-4.514045119285583496e-01
-4.520464837551116943e-01
-4.510275721549987793e-01
-4.491946995258331299e-01
-4.509824216365814209e-01
-4.501200020313262939e-01
-4.510980248451232910e-01
-4.521207809448242188e-01
-4.529480040073394775e-01
-4.505454599857330322e-01
-4.487546980381011963e-01
-4.489359259605407715e-01
-4.508724510669708252e-01
-4.500005543231964111e-01
-4.503315389156341553e-01
-4.500966966152191162e-01
-4.508344829082489014e-01
-4.501679539680480957e-01
-4.512323141098022461e-01
-4.506911933422088623e-01
-4.500300288200378418e-01
-4.515354037284851074e-01
-4.468433856964111328e-01
-4.503986239433288574e-01
-4.510818421840667725e-01
-4.514056146144866943e-01
-4.521324038505554199e-01
-4.510049521923065186e-01
-4.509391486644744873e-01
-4.525450468063354492e-01
-4.493640065193176270e-01
-4.513716399669647217e-01
-4.505081474781036377e-01
-4.502803981304168701e-01
-4.535319209098815918e-01
-4.505914449691772461e-01
-4.492048919200897217e-01
-4.515894055366516113e-01
-4.521588981151580811e-01
-4.527047872543334961e-01
-4.502880871295928955e-01
-4.502064585685729980e-01
-4.505228698253631592e-01
-4.503870904445648193e-01
-4.498323202133178711e-01
-4.494241476058959961e-01
-4.509007334709167480e-01
-4.515308737754821777e-01
-4.488764703273773193e-01
-4.523055255413055420e-01
-4.497303664684295654e-01
-4.512787461280822754e-01
-4.528483450412750244e-01
-4.511036872863769531e-01
-4.525909721851348877e-01
-4.488320648670196533e-01
-4.517207145690917969e-01
-4.525021612644195557e-01
-4.510080218315124512e-01
-4.524979591369628906e-01
-4.529335796833038330e-01
-4.497570097446441650e-01
-4.528607726097106934e-01
-4.481839537620544434e-01
-4.494129717350006104e-01
-4.496046006679534912e-01
-4.516251683235168457e-01
-4.497408866882324219e-01
-4.513199627399444580e-01
-4.496322572231292725e-01
-4.470646679401397705e-01
-4.488548338413238525e-01
-4.476367831230163574e-01
-4.508403837680816650e-01
-4.527949690818786621e-01
-4.508385658264160156e-01
-4.494206905364990234e-01
-4.521624147891998291e-01
-4.524241387844085693e-01
-4.524556398391723633e-01
-4.507640302181243896e-01
-4.506513476371765137e-01
-4.495303630828857422e-01
-4.506368041038513184e-01
-4.527622759342193604e-01
-4.505600035190582275e-01
-4.499616026878356934e-01
-4.509877860546112061e-01
-4.515960216522216797e-01
-4.526835381984710693e-01
-4.485380947589874268e-01
-4.488215446472167969e-01
-4.515136182308197021e-01
-4.508368372917175293e-01
-4.488716423511505127e-01
-4.514851570129394531e-01
-4.497365653514862061e-01
-4.487872719764709473e-01
-4.511844813823699951e-01
-4.526295065879821777e-01
-4.502083063125610352e-01
-4.507728815078735352e-01
-4.482368528842926025e-01
-4.469240605831146240e-01
-4.525848627090454102e-01
-4.501985311508178711e-01
-4.510310292243957520e-01
-4.491172134876251221e-01
-4.512377381324768066e-01
-4.501605629920959473e-01
-4.518640041351318359e-01
-4.498883485794067383e-01
-4.507609307765960693e-01
-4.507709741592407227e-01
-4.506445527076721191e-01
-4.532130062580108643e-01
-4.501067101955413818e-01
-4.486752450466156006e-01
-4.520260095596313477e-01
-4.501338601112365723e-01
-4.497720599174499512e-01
-4.516946971416473389e-01
-4.499877691268920898e-01
-4.509308338165283203e-01
-4.509722888469696045e-01
-4.500007927417755127e-01
-4.479719996452331543e-01
-4.496409893035888672e-01
-4.487642347812652588e-01
-4.480792284011840820e-01
-4.491776823997497559e-01
-4.496373236179351807e-01
-4.518754482269287109e-01
-4.502295851707458496e-01
-4.521476924419403076e-01
-4.501380026340484619e-01
-4.537343382835388184e-01
-4.511691927909851074e-01
-4.518669843673706055e-01
-4.509332776069641113e-01
-4.509039819240570068e-01
-4.513913691043853760e-01
-4.497108757495880127e-01
-4.502742290496826172e-01
-4.484985172748565674e-01
-4.504977464675903320e-01
-4.507284164428710938e-01
-4.497494995594024658e-01
-4.516876935958862305e-01
-4.512885808944702148e-01
-4.511403143405914307e-01
-4.520590305328369141e-01
-4.511911273002624512e-01
-4.516210854053497314e-01
-4.470998048782348633e-01
-4.504358470439910889e-01
-4.532812535762786865e-01
-4.483805596828460693e-01
-4.499607980251312256e-01
-4.513525664806365967e-01
-4.525119662284851074e-01
-4.512374699115753174e-01
