2.013161629438400269e-01
-3.660408034920692444e-02
-1.915039271116256714e-01
-2.518408894538879395e-01
-2.514140903949737549e-01
-2.370175421237945557e-01
-2.215346097946166992e-01
-2.105598449707031250e-01
-2.013929486274719238e-01
-1.964830309152603149e-01
-1.950833201408386230e-01
-2.005092203617095947e-01
-1.978261768817901611e-01
-2.082765400409698486e-01
-2.169278115034103394e-01
-2.242181599140167236e-01
-2.307640016078948975e-01
-2.412634491920471191e-01
-2.524208128452301025e-01
-2.571142315864562988e-01
-2.661734223365783691e-01
-2.676658332347869873e-01
-2.636021375656127930e-01
-2.705466449260711670e-01
-2.704463005065917969e-01
-2.602379620075225830e-01
-2.618615925312042236e-01
-2.659082412719726562e-01
-2.692764997482299805e-01
-2.758328318595886230e-01
-2.796578705310821533e-01
-2.785778343677520752e-01
-2.826008200645446777e-01
-2.737641036510467529e-01
-2.787233889102935791e-01
-2.832820713520050049e-01
-2.846093773841857910e-01
-2.783316671848297119e-01
-2.860980927944183350e-01
-2.837742269039154053e-01
-2.856188416481018066e-01
-2.896634638309478760e-01
-2.812868654727935791e-01
-2.841680049896240234e-01
-2.922060191631317139e-01
-2.938285171985626221e-01
-2.913741469383239746e-01
-2.926968336105346680e-01
-2.921499013900756836e-01
-2.969890832901000977e-01
-2.925498783588409424e-01
-2.955133616924285889e-01
-2.947497069835662842e-01
-2.979964017868041992e-01
-2.944992184638977051e-01
-2.974544167518615723e-01
-3.014222383499145508e-01
-2.962130010128021240e-01
-3.011369705200195312e-01
-2.993964850902557373e-01
-3.004403412342071533e-01
-3.024588525295257568e-01
-3.013434112071990967e-01
-3.009483516216278076e-01
-3.002620041370391846e-01
-3.012966811656951904e-01
-3.017684221267700195e-01
-3.033445775508880615e-01
-3.041484653949737549e-01
-3.025487363338470459e-01
-3.020126819610595703e-01
-3.072912991046905518e-01
-3.046614527702331543e-01
-2.990606725215911865e-01
-3.068059086799621582e-01
-3.035565316677093506e-01
-3.052607476711273193e-01
-3.066540360450744629e-01
-3.079153299331665039e-01
-3.047742545604705811e-01
-3.039357364177703857e-01
-3.108431398868560791e-01
-3.042601048946380615e-01
-3.049268722534179688e-01
-3.069707155227661133e-01
-3.049994111061096191e-01
-3.044331371784210205e-01
-3.077010214328765869e-01
-3.109936416149139404e-01
-3.044143021106719971e-01
-3.067791759967803955e-01
-3.051612973213195801e-01
-3.096035122871398926e-01
-3.071900308132171631e-01
-3.053494095802307129e-01
-3.083355128765106201e-01
-3.056508600711822510e-01
-3.112458288669586182e-01
-3.087396323680877686e-01
-3.056680560111999512e-01
-3.080463111400604248e-01
-3.089102804660797119e-01
-3.059970736503601074e-01
-3.102402985095977783e-01
-3.105745911598205566e-01
-3.117765486240386963e-01
-3.128836154937744141e-01
-3.039247393608093262e-01
-3.144292235374450684e-01
-3.104910850524902344e-01
-3.092915713787078857e-01
-3.128265142440795898e-01
-3.082803487777709961e-01
-3.131220042705535889e-01
-3.143219053745269775e-01
-3.135714232921600342e-01
-3.107209503650665283e-01
-3.129553198814392090e-01
-3.116434514522552490e-01
-3.142304718494415283e-01
-3.118494153022766113e-01
-3.158981204032897949e-01
-3.153178393840789795e-01
-3.096656501293182373e-01
-3.092893660068511963e-01
-3.173115849494934082e-01
-3.122319877147674561e-01
-3.153157234191894531e-01
-3.131068050861358643e-01
-3.144129514694213867e-01
-3.091424107551574707e-01
-3.157601654529571533e-01
-3.129391968250274658e-01
-3.157427310943603516e-01
-3.138728439807891846e-01
-3.102705478668212891e-01
-3.168979585170745850e-01
-3.172449469566345215e-01
-3.116665482521057129e-01
-3.135220706462860107e-01
-3.149652779102325439e-01
-3.181746304035186768e-01
-3.152713179588317871e-01
-3.153718113899230957e-01
-3.202489614486694336e-01
-3.164134621620178223e-01
-3.182120323181152344e-01
-3.178024888038635254e-01
-3.179512619972229004e-01
-3.194147348403930664e-01
-3.194170594215393066e-01
-3.225742280483245850e-01
-3.217499852180480957e-01
-3.215050101280212402e-01
-3.249873518943786621e-01
-3.189874291419982910e-01
-3.252252340316772461e-01
-3.231019675731658936e-01
-3.232733905315399170e-01
-3.234931826591491699e-01
-3.269672095775604248e-01
-3.268855512142181396e-01
-3.271352052688598633e-01
-3.306582570075988770e-01
-3.349547088146209717e-01
-3.333090543746948242e-01
-3.288408815860748291e-01
-3.301140069961547852e-01
-3.299492299556732178e-01
-3.320144116878509521e-01
-3.314370214939117432e-01
-3.328613936901092529e-01
-3.347410261631011963e-01
-3.329516053199768066e-01
-3.335296511650085449e-01
-3.320309221744537354e-01
-3.321027159690856934e-01
-3.324891328811645508e-01
-3.320878148078918457e-01
-3.313532769680023193e-01
-3.377274870872497559e-01
-3.357711732387542725e-01
-3.381309211254119873e-01
-3.364501893520355225e-01
-3.331600129604339600e-01
-3.328467309474945068e-01
-3.341571688652038574e-01
-3.325336873531341553e-01
-3.361417055130004883e-01
-3.382745087146759033e-01
-3.382853269577026367e-01
-3.382021486759185791e-01
-3.367336392402648926e-01
-3.379855751991271973e-01
-3.391700983047485352e-01
-3.379513919353485107e-01
-3.411959707736968994e-01
-3.394376337528228760e-01
-3.349881172180175781e-01
-3.387958109378814697e-01
-3.388522863388061523e-01
-3.383333683013916016e-01
-3.368883728981018066e-01
-3.415445983409881592e-01
-3.380157947540283203e-01
-3.413206040859222412e-01
-3.369230031967163086e-01
-3.382340073585510254e-01
-3.409768044948577881e-01
-3.361467421054840088e-01
-3.426581621170043945e-01
-3.399705886840820312e-01
-3.375846147537231445e-01
-3.408027291297912598e-01
-3.426044285297393799e-01
-3.402422964572906494e-01
-3.420782387256622314e-01
-3.439119458198547363e-01
-3.371814191341400146e-01
-3.435814380645751953e-01
-3.395022451877593994e-01
-3.345200121402740479e-01
-3.382419347763061523e-01
-3.388139009475708008e-01
-3.399063050746917725e-01
-3.424911499023437500e-01
-3.414075374603271484e-01
-3.403055965900421143e-01
-3.418215513229370117e-01
-3.421819508075714111e-01
-3.410531878471374512e-01
-3.440102040767669678e-01
-3.440643846988677979e-01
-3.454282879829406738e-01
-3.435072600841522217e-01
-3.444916307926177979e-01
-3.442848026752471924e-01
-3.414949476718902588e-01
-3.411314785480499268e-01
-3.425260484218597412e-01
-3.431451916694641113e-01
-3.454878330230712891e-01
-3.428218960762023926e-01
-3.443518579006195068e-01
-3.447575569152832031e-01
-3.420168459415435791e-01
-3.438944220542907715e-01
-3.442365825176239014e-01
-3.434469103813171387e-01
-3.455370962619781494e-01
-3.447996079921722412e-01
-3.457691073417663574e-01
-3.455466330051422119e-01
-3.449486792087554932e-01
-3.416024446487426758e-01
-3.451324999332427979e-01
-3.457451164722442627e-01
-3.459583520889282227e-01
-3.470669090747833252e-01
-3.464646041393280029e-01
-3.483884632587432861e-01
-3.435445427894592285e-01
-3.469475805759429932e-01
-3.454317152500152588e-01
-3.471841216087341309e-01
-3.461063802242279053e-01
-3.486231565475463867e-01
-3.477623462677001953e-01
-3.499578237533569336e-01
-3.451232612133026123e-01
-3.521063625812530518e-01
-3.482793867588043213e-01
-3.469982445240020752e-01
-3.464393913745880127e-01
-3.472346663475036621e-01
-3.452193439006805420e-01
-3.503110408782958984e-01
-3.503459692001342773e-01
-3.497427403926849365e-01
-3.472071290016174316e-01
-3.451999425888061523e-01
-3.485639691352844238e-01
-3.486098647117614746e-01
-3.510393798351287842e-01
-3.508957922458648682e-01
-3.505727052688598633e-01
-3.476243019104003906e-01
-3.468944728374481201e-01
-3.522746264934539795e-01
-3.506293296813964844e-01
-3.505501747131347656e-01
-3.513936996459960938e-01
-3.470477461814880371e-01
-3.489772975444793701e-01
-3.544394671916961670e-01
-3.518696725368499756e-01
-3.548504710197448730e-01
-3.515728116035461426e-01
-3.539071083068847656e-01
-3.526155650615692139e-01
-3.537785708904266357e-01
-3.504630327224731445e-01
-3.514864742755889893e-01
-3.500634133815765381e-01
-3.523597717285156250e-01
-3.519259095191955566e-01
-3.531893491744995117e-01
-3.545698225498199463e-01
-3.546740412712097168e-01
-3.512772321701049805e-01
-3.536525368690490723e-01
-3.537853360176086426e-01
-3.526696860790252686e-01
-3.519715964794158936e-01
-3.568015694618225098e-01
-3.523756265640258789e-01
-3.546965122222900391e-01
-3.546411395072937012e-01
-3.558859825134277344e-01
-3.557752966880798340e-01
-3.538975119590759277e-01
-3.570142686367034912e-01
-3.548268973827362061e-01
-3.562039136886596680e-01
-3.573162257671356201e-01
-3.551369607448577881e-01
-3.541547060012817383e-01
-3.551703393459320068e-01
-3.545617163181304932e-01
-3.542224168777465820e-01
-3.558667004108428955e-01
-3.544418215751647949e-01
-3.544482290744781494e-01
-3.582496345043182373e-01
-3.552204370498657227e-01
-3.561785817146301270e-01
-3.566915094852447510e-01
-3.578395247459411621e-01
-3.547449707984924316e-01
-3.573631048202514648e-01
-3.590716421604156494e-01
-3.566135764122009277e-01
-3.576538562774658203e-01
-3.565981388092041016e-01
-3.580601215362548828e-01
-3.575173020362854004e-01
-3.589152693748474121e-01
-3.582894802093505859e-01
-3.574329316616058350e-01
-3.605763018131256104e-01
-3.630862534046173096e-01
-3.581812977790832520e-01
-3.595086038112640381e-01
-3.597306013107299805e-01
-3.574874401092529297e-01
-3.573451042175292969e-01
-3.596684336662292480e-01
-3.595176339149475098e-01
-3.582608699798583984e-01
-3.641330897808074951e-01
-3.591263294219970703e-01
-3.561970293521881104e-01
-3.614290654659271240e-01
-3.583464920520782471e-01
-3.600390553474426270e-01
-3.599374890327453613e-01
-3.615012168884277344e-01
-3.589938282966613770e-01
-3.593945205211639404e-01
-3.595847189426422119e-01
-3.592468202114105225e-01
-3.588825166225433350e-01
-3.593659400939941406e-01
-3.601067364215850830e-01
-3.587297201156616211e-01
-3.613462448120117188e-01
-3.621674180030822754e-01
-3.603109717369079590e-01
-3.609443306922912598e-01
-3.626134693622589111e-01
-3.592835664749145508e-01
-3.583792150020599365e-01
-3.628068864345550537e-01
-3.616704940795898438e-01
-3.644871711730957031e-01
-3.632798492908477783e-01
-3.627777099609375000e-01
-3.634328544139862061e-01
-3.625273704528808594e-01
-3.585793375968933105e-01
-3.621772825717926025e-01
-3.641588687896728516e-01
-3.608567714691162109e-01
-3.598617911338806152e-01
-3.631145656108856201e-01
-3.635721504688262939e-01
-3.651008307933807373e-01
-3.647396266460418701e-01
-3.619780838489532471e-01
-3.665373027324676514e-01
-3.649234473705291748e-01
-3.648429512977600098e-01
-3.621284365653991699e-01
-3.619362115859985352e-01
-3.642217218875885010e-01
-3.640107810497283936e-01
-3.642349243164062500e-01
-3.650759160518646240e-01
-3.643278181552886963e-01
-3.631193935871124268e-01
-3.639938235282897949e-01
-3.638159930706024170e-01
-3.642826676368713379e-01
-3.656384348869323730e-01
-3.651001751422882080e-01
-3.664242625236511230e-01
-3.669699430465698242e-01
-3.620848655700683594e-01
-3.643686771392822266e-01
-3.653934895992279053e-01
-3.654712438583374023e-01
-3.655420839786529541e-01
-3.692086338996887207e-01
-3.652078211307525635e-01
-3.670337498188018799e-01
-3.653262555599212646e-01
-3.660352230072021484e-01
-3.648045659065246582e-01
-3.649446666240692139e-01
-3.654837012290954590e-01
-3.672349452972412109e-01
-3.634871840476989746e-01
-3.660673201084136963e-01
-3.647634387016296387e-01
-3.655737340450286865e-01
-3.640042245388031006e-01
-3.648983538150787354e-01
-3.686015605926513672e-01
-3.647554218769073486e-01
-3.659901618957519531e-01
-3.646206855773925781e-01
-3.654365837574005127e-01
-3.672127127647399902e-01
-3.652812242507934570e-01
-3.662494719028472900e-01
-3.663059771060943604e-01
-3.663271069526672363e-01
-3.656408786773681641e-01
-3.659811317920684814e-01
-3.667215406894683838e-01
-3.662263154983520508e-01
-3.677170574665069580e-01
-3.657331466674804688e-01
-3.676626086235046387e-01
-3.682325482368469238e-01
-3.665204942226409912e-01
-3.667671382427215576e-01
-3.667706847190856934e-01
-3.671642541885375977e-01
-3.660064041614532471e-01
-3.659940063953399658e-01
-3.688127398490905762e-01
-3.678801953792572021e-01
-3.658627867698669434e-01
-3.669501543045043945e-01
-3.675765395164489746e-01
-3.683204948902130127e-01
-3.675069808959960938e-01
-3.680781126022338867e-01
-3.652164340019226074e-01
-3.647936284542083740e-01
-3.661969602108001709e-01
-3.667372763156890869e-01
-3.693247735500335693e-01
-3.692829608917236328e-01
-3.694542944431304932e-01
-3.681994676589965820e-01
-3.670505881309509277e-01
-3.679203987121582031e-01
-3.688835501670837402e-01
-3.686468005180358887e-01
-3.682563900947570801e-01
-3.673815429210662842e-01
-3.682687878608703613e-01
-3.684320151805877686e-01
-3.702245354652404785e-01
-3.681064546108245850e-01
-3.690662086009979248e-01
-3.700287938117980957e-01
-3.667966127395629883e-01
-3.691430091857910156e-01
-3.701563775539398193e-01
-3.700137436389923096e-01
-3.690939545631408691e-01
-3.689110577106475830e-01
-3.712985217571258545e-01
-3.702408373355865479e-01
-3.697419464588165283e-01
-3.690394163131713867e-01
-3.672299981117248535e-01
-3.694576919078826904e-01
-3.687815368175506592e-01
-3.712604045867919922e-01
-3.695912361145019531e-01
-3.699926733970642090e-01
-3.705026209354400635e-01
-3.691945374011993408e-01
-3.708144426345825195e-01
-3.699420690536499023e-01
-3.688997328281402588e-01
-3.690873086452484131e-01
-3.700053393840789795e-01
-3.696071803569793701e-01
-3.705123662948608398e-01
-3.719257116317749023e-01
-3.703944087028503418e-01
-3.695886433124542236e-01
-3.705000579357147217e-01
-3.716749250888824463e-01
-3.700346648693084717e-01
-3.723866045475006104e-01
-3.696431219577789307e-01
-3.714976906776428223e-01
-3.694754838943481445e-01
-3.699648976325988770e-01
-3.698903322219848633e-01
-3.705247044563293457e-01
-3.701302409172058105e-01
-3.702962696552276611e-01
-3.718760311603546143e-01
-3.666504025459289551e-01
-3.722287714481353760e-01
-3.715040683746337891e-01
-3.704056441783905029e-01
-3.707703948020935059e-01
-3.732531070709228516e-01
-3.700056672096252441e-01
-3.721559047698974609e-01
-3.691982924938201904e-01
-3.705607354640960693e-01
-3.711903095245361328e-01
-3.719189465045928955e-01
-3.705858290195465088e-01
-3.708914220333099365e-01
-3.724768757820129395e-01
-3.721542954444885254e-01
-3.699821829795837402e-01
-3.714763820171356201e-01
-3.705444335937500000e-01
-3.717706799507141113e-01
-3.727932870388031006e-01
-3.724532723426818848e-01
-3.699747025966644287e-01
-3.728919625282287598e-01
-3.720360100269317627e-01
-3.702781498432159424e-01
-3.723308145999908447e-01
-3.738781213760375977e-01
-3.709461688995361328e-01
-3.730663657188415527e-01
-3.715904057025909424e-01
-3.724129498004913330e-01
-3.714829087257385254e-01
-3.734107017517089844e-01
-3.725548386573791504e-01
-3.716315925121307373e-01
-3.712944388389587402e-01
-3.724054098129272461e-01
-3.742663860321044922e-01
-3.732100129127502441e-01
-3.760822117328643799e-01
-3.712093234062194824e-01
-3.717173039913177490e-01
-3.738758563995361328e-01
-3.721140325069427490e-01
-3.712086081504821777e-01
-3.730909526348114014e-01
-3.727409541606903076e-01
-3.729688227176666260e-01
-3.739017844200134277e-01
-3.742946982383728027e-01
-3.747429251670837402e-01
-3.719838261604309082e-01
-3.737293779850006104e-01
-3.730176389217376709e-01
-3.726890981197357178e-01
-3.729243278503417969e-01
-3.734431862831115723e-01
-3.735515773296356201e-01
-3.727714717388153076e-01
-3.730928599834442139e-01
-3.728254437446594238e-01
-3.732835650444030762e-01
-3.729629516601562500e-01
-3.734493851661682129e-01
-3.741986155509948730e-01
-3.712445497512817383e-01
-3.741395771503448486e-01
-3.728977143764495850e-01
-3.754806518554687500e-01
-3.751886188983917236e-01
-3.754753470420837402e-01
-3.738248348236083984e-01
-3.731996119022369385e-01
-3.757387995719909668e-01
-3.735498487949371338e-01
-3.734733164310455322e-01
-3.740379512310028076e-01
-3.738131225109100342e-01
-3.752284049987792969e-01
-3.748293519020080566e-01
-3.748181164264678955e-01
-3.736841380596160889e-01
-3.727186918258666992e-01
-3.742006421089172363e-01
-3.748250901699066162e-01
-3.757245838642120361e-01
-3.728886544704437256e-01
-3.747094869613647461e-01
-3.730471730232238770e-01
-3.755920529365539551e-01
-3.759259581565856934e-01
-3.721351921558380127e-01
-3.755786418914794922e-01
-3.763972818851470947e-01
-3.778710365295410156e-01
-3.734418451786041260e-01
-3.759706020355224609e-01
-3.766103982925415039e-01
-3.717502355575561523e-01
-3.762454688549041748e-01
-3.749478757381439209e-01
-3.752481043338775635e-01
-3.744886517524719238e-01
-3.763787746429443359e-01
-3.750378191471099854e-01
-3.750906884670257568e-01
-3.764111995697021484e-01
-3.780661523342132568e-01
-3.762957751750946045e-01
-3.750550448894500732e-01
-3.744276762008666992e-01
-3.764827847480773926e-01
-3.746734559535980225e-01
-3.752666711807250977e-01
-3.744954466819763184e-01
-3.755738735198974609e-01
-3.744171261787414551e-01
-3.753122687339782715e-01
-3.751973211765289307e-01
-3.760941624641418457e-01
-3.766573667526245117e-01
-3.768067657947540283e-01
-3.765458762645721436e-01
-3.754273951053619385e-01
-3.767885267734527588e-01
-3.749303519725799561e-01
-3.777609467506408691e-01
-3.769005239009857178e-01
-3.763915598392486572e-01
-3.757005333900451660e-01
-3.761931657791137695e-01
-3.770264983177185059e-01
-3.765389323234558105e-01
-3.774526417255401611e-01
-3.761928081512451172e-01
-3.771945238113403320e-01
-3.767402470111846924e-01
-3.773307502269744873e-01
-3.759434223175048828e-01
-3.756503462791442871e-01
-3.761676847934722900e-01
-3.764509856700897217e-01
-3.768042623996734619e-01
-3.774737417697906494e-01
-3.747758567333221436e-01
-3.769319057464599609e-01
-3.772571086883544922e-01
-3.775357604026794434e-01
-3.761627078056335449e-01
-3.759596645832061768e-01
-3.772813081741333008e-01
-3.762522339820861816e-01
-3.757188618183135986e-01
-3.765661716461181641e-01
-3.758425712585449219e-01
-3.774791359901428223e-01
-3.774754106998443604e-01
-3.776500225067138672e-01
-3.769182264804840088e-01
-3.779257535934448242e-01
-3.764736354351043701e-01
-3.769201338291168213e-01
-3.770693242549896240e-01
-3.797863721847534180e-01
-3.769312798976898193e-01
-3.798876404762268066e-01
-3.781480789184570312e-01
-3.777724504470825195e-01
-3.775681257247924805e-01
-3.782566785812377930e-01
-3.765306174755096436e-01
-3.775089681148529053e-01
-3.776019811630249023e-01
-3.802830576896667480e-01
-3.769952058792114258e-01
-3.770410716533660889e-01
-3.762587904930114746e-01
-3.797541856765747070e-01
-3.791891932487487793e-01
-3.788032829761505127e-01
-3.788406848907470703e-01
-3.788292109966278076e-01
-3.790189623832702637e-01
-3.803509473800659180e-01
-3.794867694377899170e-01
-3.795689344406127930e-01
-3.787910640239715576e-01
-3.797639608383178711e-01
-3.801560401916503906e-01
-3.788375258445739746e-01
-3.788610100746154785e-01
-3.771720826625823975e-01
-3.795622289180755615e-01
-3.797018229961395264e-01
-3.805587589740753174e-01
-3.777768909931182861e-01
-3.798345029354095459e-01
-3.790040910243988037e-01
-3.797810077667236328e-01
-3.791099488735198975e-01
-3.768587410449981689e-01
-3.781453967094421387e-01
-3.783212900161743164e-01
-3.782460987567901611e-01
-3.782103955745697021e-01
-3.787083923816680908e-01
-3.799091875553131104e-01
-3.775928318500518799e-01
-3.802023231983184814e-01
-3.793903887271881104e-01
-3.798800408840179443e-01
-3.784400820732116699e-01
-3.803288936614990234e-01
-3.790276050567626953e-01
-3.794290721416473389e-01
-3.768864870071411133e-01
-3.773627281188964844e-01
-3.799199461936950684e-01
-3.803108334541320801e-01
-3.789771199226379395e-01
-3.807623386383056641e-01
-3.799864649772644043e-01
-3.787209987640380859e-01
-3.790554106235504150e-01
-3.791267275810241699e-01
-3.785507678985595703e-01
-3.790784180164337158e-01
-3.808501064777374268e-01
-3.792214393615722656e-01
-3.794174194335937500e-01
-3.792988061904907227e-01
-3.789356052875518799e-01
-3.803842067718505859e-01
-3.794488906860351562e-01
-3.792512118816375732e-01
-3.799829781055450439e-01
-3.796616196632385254e-01
-3.796304762363433838e-01
-3.778110444545745850e-01
-3.805229961872100830e-01
-3.804585635662078857e-01
-3.801665306091308594e-01
-3.817192316055297852e-01
-3.818796277046203613e-01
-3.792440891265869141e-01
-3.792093694210052490e-01
-3.804705739021301270e-01
-3.783242702484130859e-01
-3.791258633136749268e-01
-3.798429667949676514e-01
-3.805453479290008545e-01
-3.798927068710327148e-01
-3.801696300506591797e-01
-3.799414634704589844e-01
-3.790221512317657471e-01
-3.796224892139434814e-01
-3.783366382122039795e-01
-3.806956708431243896e-01
-3.813897073268890381e-01
-3.796167373657226562e-01
-3.807349801063537598e-01
-3.791661262512207031e-01
-3.808489143848419189e-01
-3.807963132858276367e-01
-3.803713023662567139e-01
-3.794598877429962158e-01
-3.796614706516265869e-01
-3.805189728736877441e-01
-3.796558678150177002e-01
-3.805782496929168701e-01
-3.798076808452606201e-01
-3.797176778316497803e-01
-3.793232440948486328e-01
-3.811695873737335205e-01
-3.814201056957244873e-01
-3.810833096504211426e-01
-3.814427554607391357e-01
-3.795285522937774658e-01
-3.797912597656250000e-01
-3.811978995800018311e-01
-3.816644847393035889e-01
-3.810462057590484619e-01
-3.795762956142425537e-01
-3.823357820510864258e-01
-3.783023655414581299e-01
-3.797645866870880127e-01
-3.817824125289916992e-01
-3.796931803226470947e-01
-3.812290728092193604e-01
-3.802659809589385986e-01
-3.814034759998321533e-01
-3.821999728679656982e-01
-3.819030225276947021e-01
-3.820584118366241455e-01
-3.811999559402465820e-01
-3.818915188312530518e-01
-3.803529143333435059e-01
-3.798279762268066406e-01
-3.805748224258422852e-01
-3.808076381683349609e-01
-3.785586059093475342e-01
-3.823183476924896240e-01
-3.800306320190429688e-01
-3.791443407535552979e-01
-3.808738291263580322e-01
-3.809638321399688721e-01
-3.807364404201507568e-01
-3.804572522640228271e-01
-3.808068931102752686e-01
-3.837627172470092773e-01
-3.817994594573974609e-01
-3.818659484386444092e-01
-3.820896744728088379e-01
-3.807887434959411621e-01
-3.838938474655151367e-01
-3.817481100559234619e-01
-3.819967508316040039e-01
-3.827362656593322754e-01
-3.818176388740539551e-01
-3.839762806892395020e-01
-3.823969662189483643e-01
-3.797255754470825195e-01
-3.830126523971557617e-01
-3.806382715702056885e-01
-3.821449577808380127e-01
-3.809108138084411621e-01
-3.822836577892303467e-01
-3.819888532161712646e-01
-3.814186751842498779e-01
-3.807577192783355713e-01
-3.813593685626983643e-01
-3.802959918975830078e-01
-3.812151551246643066e-01
-3.813832700252532959e-01
-3.827857673168182373e-01
-3.816647529602050781e-01
-3.823959827423095703e-01
-3.824782967567443848e-01
-3.813453316688537598e-01
-3.821672499179840088e-01
-3.825241923332214355e-01
-3.812807202339172363e-01
-3.821288943290710449e-01
-3.820877969264984131e-01
-3.809936046600341797e-01
-3.819621503353118896e-01
-3.819381594657897949e-01
-3.785254359245300293e-01
-3.816087841987609863e-01
-3.829835951328277588e-01
-3.811362981796264648e-01
-3.806063830852508545e-01
-3.793465495109558105e-01
-3.785809874534606934e-01
-3.795520663261413574e-01
-3.791868984699249268e-01
-3.811425864696502686e-01
-3.810790777206420898e-01
-3.808448910713195801e-01
-3.815658092498779297e-01
-3.816189169883728027e-01
-3.820482790470123291e-01
-3.815308809280395508e-01
-3.831585645675659180e-01
-3.835518956184387207e-01
-3.811157643795013428e-01
-3.812767565250396729e-01
-3.819706439971923828e-01
-3.805674910545349121e-01
-3.810956776142120361e-01
-3.813969492912292480e-01
-3.811163604259490967e-01
-3.826665580272674561e-01
-3.820678591728210449e-01
-3.818602859973907471e-01
-3.815170228481292725e-01
-3.805875480175018311e-01
-3.825801610946655273e-01
-3.809558153152465820e-01
-3.825470507144927979e-01
-3.813899159431457520e-01
-3.836007118225097656e-01
-3.812416493892669678e-01
-3.791761398315429688e-01
-3.829124867916107178e-01
-3.810587823390960693e-01
-3.814600706100463867e-01
-3.815647065639495850e-01
-3.792459070682525635e-01
-3.829011023044586182e-01
-3.816326558589935303e-01
-3.821896910667419434e-01
-3.828577995300292969e-01
-3.823638260364532471e-01
-3.819601237773895264e-01
-3.827170729637145996e-01
-3.810470700263977051e-01
-3.826321363449096680e-01
-3.823472857475280762e-01
-3.815435767173767090e-01
-3.838647603988647461e-01
-3.806318938732147217e-01
-3.813201785087585449e-01
-3.821437656879425049e-01
-3.820014297962188721e-01
-3.831184804439544678e-01
-3.824048936367034912e-01
-3.830601871013641357e-01
-3.824983537197113037e-01
-3.821338415145874023e-01
-3.813850283622741699e-01
-3.807921409606933594e-01
-3.835650086402893066e-01
-3.811920881271362305e-01
-3.832653760910034180e-01
-3.826731741428375244e-01
-3.834967613220214844e-01
-3.816173076629638672e-01
-3.809852004051208496e-01
-3.837180435657501221e-01
-3.824608623981475830e-01
-3.823097646236419678e-01
-3.823817968368530273e-01
-3.823552131652832031e-01
-3.828557133674621582e-01
-3.810453414916992188e-01
-3.816252350807189941e-01
-3.832826018333435059e-01
-3.827487826347351074e-01
-3.827376067638397217e-01
-3.822131454944610596e-01
-3.811393976211547852e-01
-3.827614784240722656e-01
-3.820266723632812500e-01
-3.805069029331207275e-01
-3.806720077991485596e-01
-3.832721114158630371e-01
-3.813290596008300781e-01
-3.822404146194458008e-01
-3.817618787288665771e-01
-3.821290135383605957e-01
-3.821097016334533691e-01
-3.814277648925781250e-01
-3.828668892383575439e-01
-3.826334774494171143e-01
-3.827730417251586914e-01
-3.834008872509002686e-01
-3.825415074825286865e-01
-3.835324645042419434e-01
-3.821507692337036133e-01
-3.830389380455017090e-01
-3.835954070091247559e-01
-3.808154165744781494e-01
-3.808137476444244385e-01
-3.833391070365905762e-01
-3.829236924648284912e-01
-3.827946186065673828e-01
-3.816291987895965576e-01
-3.812609016895294189e-01
-3.816135227680206299e-01
-3.836050331592559814e-01
-3.833364248275756836e-01
-3.840717077255249023e-01
-3.843246996402740479e-01
-3.833140134811401367e-01
-3.824767470359802246e-01
-3.823595941066741943e-01
-3.824388384819030762e-01
-3.838723003864288330e-01
