-7.005455344915390015e-02
-1.046480014920234680e-01
-1.909193098545074463e-01
-1.669075042009353638e-01
-2.127102017402648926e-01
-2.139865905046463013e-01
-2.106324434280395508e-01
-2.350068688392639160e-01
-2.352731376886367798e-01
-2.286522537469863892e-01
-2.185443341732025146e-01
-2.203275114297866821e-01
-2.258022427558898926e-01
-2.587568163871765137e-01
-2.469235211610794067e-01
-2.626608908176422119e-01
-2.882664799690246582e-01
-2.744984030723571777e-01
-2.683639526367187500e-01
-2.943457663059234619e-01
-2.566218972206115723e-01
-2.973896265029907227e-01
-2.616197466850280762e-01
-2.817793786525726318e-01
-3.000724911689758301e-01
-3.152128458023071289e-01
-3.178757429122924805e-01
-3.226091861724853516e-01
-2.994374930858612061e-01
-3.334834575653076172e-01
-2.886200845241546631e-01
-3.353204131126403809e-01
-3.334741294384002686e-01
-3.237135112285614014e-01
-3.403056859970092773e-01
-3.613897562026977539e-01
-3.699655830860137939e-01
-3.695127367973327637e-01
-3.556923270225524902e-01
-3.738399744033813477e-01
-3.687366247177124023e-01
-3.619560003280639648e-01
-3.672206401824951172e-01
-3.614186942577362061e-01
-3.709664046764373779e-01
-3.628443479537963867e-01
-3.734902441501617432e-01
-3.661833703517913818e-01
-3.673618733882904053e-01
-3.726761639118194580e-01
-3.701579868793487549e-01
-3.743067085742950439e-01
-3.711191117763519287e-01
-3.712928593158721924e-01
-3.706588745117187500e-01
-3.680379986763000488e-01
-3.615008294582366943e-01
-3.626550436019897461e-01
-3.666003942489624023e-01
-3.653830587863922119e-01
-3.572349846363067627e-01
-3.570322692394256592e-01
-3.644255101680755615e-01
-3.682399094104766846e-01
-3.555607199668884277e-01
-3.635614514350891113e-01
-3.613235950469970703e-01
-3.588277399539947510e-01
-3.592100739479064941e-01
-3.563050627708435059e-01
-3.584102094173431396e-01
-3.621639311313629150e-01
-3.550251424312591553e-01
-3.615210950374603271e-01
-3.590325117111206055e-01
-3.588719069957733154e-01
-3.540001809597015381e-01
-3.648345470428466797e-01
-3.535777032375335693e-01
-3.535013496875762939e-01
-3.623318672180175781e-01
-3.579995036125183105e-01
-3.522748351097106934e-01
-3.527547717094421387e-01
-3.576954603195190430e-01
-3.476914763450622559e-01
-3.500092029571533203e-01
-3.476641774177551270e-01
-3.532174825668334961e-01
-3.518622517585754395e-01
-3.462068140506744385e-01
-3.538008928298950195e-01
-3.477877676486968994e-01
-3.439956307411193848e-01
-3.420536220073699951e-01
-3.513701856136322021e-01
-3.512473106384277344e-01
-3.471086025238037109e-01
-3.340248465538024902e-01
-3.458277583122253418e-01
-3.522966504096984863e-01
-3.474375903606414795e-01
-3.369254767894744873e-01
-3.443893492221832275e-01
-3.342677056789398193e-01
-3.354377746582031250e-01
-3.376659452915191650e-01
-3.377994000911712646e-01
-3.414332270622253418e-01
-3.460922837257385254e-01
-3.370510935783386230e-01
-3.324618041515350342e-01
-3.405369222164154053e-01
-3.429268300533294678e-01
-3.360471129417419434e-01
-3.388182520866394043e-01
-3.416386246681213379e-01
-3.433579504489898682e-01
-3.323633372783660889e-01
-3.313145935535430908e-01
-3.287261426448822021e-01
-3.298022449016571045e-01
-3.350192606449127197e-01
-3.369615972042083740e-01
-3.469472527503967285e-01
-3.306247591972351074e-01
-3.284707069396972656e-01
-3.228121399879455566e-01
-3.262648284435272217e-01
-3.324369192123413086e-01
-3.262969255447387695e-01
-3.162670433521270752e-01
-3.255386948585510254e-01
-3.350516855716705322e-01
-3.197023570537567139e-01
-3.306818306446075439e-01
-3.260980546474456787e-01
-3.326945304870605469e-01
-3.219372332096099854e-01
-3.312768042087554932e-01
-3.161637783050537109e-01
-3.170419931411743164e-01
-3.302513360977172852e-01
-3.280170261859893799e-01
-3.283050954341888428e-01
-3.198954463005065918e-01
-3.263964354991912842e-01
-3.295581638813018799e-01
-3.118452727794647217e-01
-3.270636498928070068e-01
-3.241974711418151855e-01
-3.206934034824371338e-01
-3.054838180541992188e-01
-3.249963521957397461e-01
-3.225147724151611328e-01
-3.170902729034423828e-01
-3.147201836109161377e-01
-3.189085423946380615e-01
-3.280505239963531494e-01
-3.134922385215759277e-01
-3.246240317821502686e-01
-3.167307078838348389e-01
-3.238912522792816162e-01
-3.177784383296966553e-01
-3.108038604259490967e-01
-3.115884959697723389e-01
-3.136696815490722656e-01
-3.182707130908966064e-01
-3.017672002315521240e-01
-3.161261081695556641e-01
-3.136706948280334473e-01
-3.170779049396514893e-01
-3.212066590785980225e-01
-3.305392265319824219e-01
-3.213400840759277344e-01
-3.148297369480133057e-01
-3.089196085929870605e-01
-3.138300180435180664e-01
-3.086262345314025879e-01
-3.149481713771820068e-01
-3.162585794925689697e-01
-3.128057122230529785e-01
-3.065692186355590820e-01
-3.072075247764587402e-01
-3.146228194236755371e-01
-2.928484976291656494e-01
-3.098420798778533936e-01
-3.043172657489776611e-01
-3.114615678787231445e-01
-3.141526877880096436e-01
-3.084540963172912598e-01
-3.056690096855163574e-01
-3.091100454330444336e-01
-3.092966377735137939e-01
-3.045262694358825684e-01
-3.136495649814605713e-01
-3.142232596874237061e-01
-3.135639727115631104e-01
-3.074115812778472900e-01
-3.129275739192962646e-01
-3.205181658267974854e-01
-2.956569194793701172e-01
-3.004392683506011963e-01
-2.996152043342590332e-01
-3.094405233860015869e-01
-3.126068115234375000e-01
-3.002694249153137207e-01
-3.136493563652038574e-01
-3.063142001628875732e-01
-3.030795753002166748e-01
-2.960054576396942139e-01
-2.935913801193237305e-01
-3.051455020904541016e-01
-3.049455881118774414e-01
-3.112578392028808594e-01
-2.998073101043701172e-01
-3.055233657360076904e-01
-2.969663739204406738e-01
-3.021155297756195068e-01
-2.954453229904174805e-01
-3.121478259563446045e-01
-3.081502616405487061e-01
-3.040648996829986572e-01
-3.070850968360900879e-01
-3.023851215839385986e-01
-3.041117191314697266e-01
-2.927459776401519775e-01
-2.911582589149475098e-01
-2.984328866004943848e-01
-3.020083010196685791e-01
-3.037931621074676514e-01
-2.951118648052215576e-01
-3.027752637863159180e-01
-3.085567355155944824e-01
-3.080987036228179932e-01
-2.918397784233093262e-01
-2.909489274024963379e-01
-2.906586527824401855e-01
-3.068605661392211914e-01
-3.082554340362548828e-01
-2.972050309181213379e-01
-2.985253930091857910e-01
-2.986802160739898682e-01
-3.061625957489013672e-01
-3.040709793567657471e-01
-2.982632219791412354e-01
-3.014750778675079346e-01
-3.052420020103454590e-01
-3.045350909233093262e-01
-2.986757159233093262e-01
-3.031698465347290039e-01
-3.069294393062591553e-01
-3.103806078433990479e-01
-3.047314882278442383e-01
-3.011757135391235352e-01
-2.857725918292999268e-01
-2.938260734081268311e-01
-2.902033925056457520e-01
-2.962161302566528320e-01
-2.978702187538146973e-01
-3.031533062458038330e-01
-2.992449402809143066e-01
-2.809349894523620605e-01
-2.934518456459045410e-01
-2.950021028518676758e-01
-2.848856151103973389e-01
-2.852466702461242676e-01
-2.809008955955505371e-01
-2.980891168117523193e-01
-2.941626608371734619e-01
-2.902875244617462158e-01
-2.951230108737945557e-01
-3.003676533699035645e-01
-3.006882071495056152e-01
-2.989085614681243896e-01
-3.047724664211273193e-01
-2.896215021610260010e-01
-3.067254722118377686e-01
-2.983249425888061523e-01
-2.872141599655151367e-01
-3.001110553741455078e-01
-2.975278794765472412e-01
-2.932377159595489502e-01
-2.834277451038360596e-01
-2.997450530529022217e-01
-2.966904938220977783e-01
-2.926322817802429199e-01
-2.845446765422821045e-01
-2.869611084461212158e-01
-2.832191884517669678e-01
-2.872451245784759521e-01
-2.808488011360168457e-01
-2.784701287746429443e-01
-2.918095886707305908e-01
-2.883881628513336182e-01
-2.864805161952972412e-01
-2.655782997608184814e-01
-2.917467951774597168e-01
-2.874551415443420410e-01
-2.855242192745208740e-01
-2.829341292381286621e-01
-2.868375480175018311e-01
-2.715787291526794434e-01
-2.804787158966064453e-01
-2.691185772418975830e-01
-2.914042472839355469e-01
-2.937110662460327148e-01
-3.100699484348297119e-01
-2.835522592067718506e-01
-2.704122960567474365e-01
-2.650080621242523193e-01
-2.847838997840881348e-01
-2.831768691539764404e-01
-2.883833050727844238e-01
-2.770446836948394775e-01
-2.837541401386260986e-01
-2.907121181488037109e-01
-2.722997963428497314e-01
-2.937555015087127686e-01
-2.882822155952453613e-01
-2.902833521366119385e-01
-2.907115519046783447e-01
-2.809608280658721924e-01
-2.798472046852111816e-01
-2.798550426959991455e-01
-2.983336150646209717e-01
-2.978591322898864746e-01
-2.979018688201904297e-01
-2.956489324569702148e-01
-2.914945781230926514e-01
-2.833758592605590820e-01
-2.885863184928894043e-01
-3.014052510261535645e-01
-2.882828414440155029e-01
-2.810387313365936279e-01
-2.915188670158386230e-01
-2.843013107776641846e-01
-2.898266315460205078e-01
-2.853670716285705566e-01
-2.854617238044738770e-01
-2.842707633972167969e-01
-2.773823738098144531e-01
-2.831358611583709717e-01
-2.923791408538818359e-01
-2.804104685783386230e-01
-2.822864353656768799e-01
-2.901665568351745605e-01
-2.950218021869659424e-01
-2.859692573547363281e-01
-2.862658202648162842e-01
-2.838994860649108887e-01
-2.916599214076995850e-01
-2.939533591270446777e-01
-2.788036167621612549e-01
-2.898852527141571045e-01
-2.931420803070068359e-01
-2.816502153873443604e-01
-2.719269394874572754e-01
-2.790471017360687256e-01
-2.822400927543640137e-01
-2.837470173835754395e-01
-2.798975706100463867e-01
-2.779476344585418701e-01
-2.835761308670043945e-01
-2.651161551475524902e-01
-3.002407848834991455e-01
-2.988324463367462158e-01
-2.955120801925659180e-01
-2.876128554344177246e-01
-2.773898243904113770e-01
-2.702950239181518555e-01
-2.825938761234283447e-01
-2.850170433521270752e-01
-2.739169299602508545e-01
-2.921916246414184570e-01
-2.790856659412384033e-01
-2.917261719703674316e-01
-2.967720925807952881e-01
-2.836586833000183105e-01
-2.847454547882080078e-01
-2.966817319393157959e-01
-2.784789204597473145e-01
-2.742202877998352051e-01
-2.750256657600402832e-01
-2.786962687969207764e-01
-2.751446068286895752e-01
-2.803359329700469971e-01
-2.688530087471008301e-01
-2.683299481868743896e-01
-2.982560396194458008e-01
-2.775278091430664062e-01
-2.692805826663970947e-01
-2.808887362480163574e-01
-2.849394679069519043e-01
-2.707053720951080322e-01
-2.681694626808166504e-01
-2.811710238456726074e-01
-2.741239666938781738e-01
-2.775556147098541260e-01
-2.670541107654571533e-01
-2.751324474811553955e-01
-2.656842768192291260e-01
-2.838997244834899902e-01
-2.775304019451141357e-01
-2.717682421207427979e-01
-2.782135009765625000e-01
-2.744725048542022705e-01
-2.720504105091094971e-01
-2.853005230426788330e-01
-2.795097529888153076e-01
-2.809049189090728760e-01
-2.814138233661651611e-01
-2.607165575027465820e-01
-2.702770531177520752e-01
-2.711105644702911377e-01
-2.881572842597961426e-01
-2.797375023365020752e-01
-2.757613062858581543e-01
-2.690899074077606201e-01
-2.689841389656066895e-01
-2.861837744712829590e-01
-2.684737741947174072e-01
-2.740051746368408203e-01
-2.720031440258026123e-01
-2.763475477695465088e-01
-2.707256674766540527e-01
-2.732537090778350830e-01
-2.908295392990112305e-01
-2.743483781814575195e-01
-2.778418064117431641e-01
-2.773118615150451660e-01
-2.685681283473968506e-01
-2.733825743198394775e-01
-2.736941576004028320e-01
-2.776096761226654053e-01
-2.711087167263031006e-01
-2.703725099563598633e-01
-2.717429995536804199e-01
-2.690935730934143066e-01
-2.648155987262725830e-01
-2.690320909023284912e-01
-2.780571579933166504e-01
-2.744673490524291992e-01
-2.647814154624938965e-01
-2.737482190132141113e-01
-2.612153887748718262e-01
-2.591540217399597168e-01
-2.668093442916870117e-01
-2.644059360027313232e-01
-2.603513598442077637e-01
-2.781860828399658203e-01
-2.727024853229522705e-01
-2.701594531536102295e-01
-2.659405767917633057e-01
-2.736633419990539551e-01
-2.573733329772949219e-01
-2.503362596035003662e-01
-2.693160474300384521e-01
-2.756009995937347412e-01
-2.619340717792510986e-01
-2.680940330028533936e-01
-2.649212777614593506e-01
-2.668532431125640869e-01
-2.623162269592285156e-01
-2.733204960823059082e-01
-2.711503207683563232e-01
-2.748445868492126465e-01
-2.664605677127838135e-01
-2.653576731681823730e-01
-2.672837376594543457e-01
-2.749015986919403076e-01
-2.680134177207946777e-01
-2.711606919765472412e-01
-2.707830667495727539e-01
-2.668977677822113037e-01
-2.712892591953277588e-01
-2.684855759143829346e-01
-2.623977065086364746e-01
-2.647857666015625000e-01
-2.808437049388885498e-01
-2.740219235420227051e-01
-2.685562074184417725e-01
-2.637454867362976074e-01
-2.709855735301971436e-01
-2.814976274967193604e-01
-2.599492371082305908e-01
-2.689887285232543945e-01
-2.805576622486114502e-01
-2.735098302364349365e-01
-2.729416489601135254e-01
-2.747538387775421143e-01
-2.682346105575561523e-01
-2.644455432891845703e-01
-2.568712234497070312e-01
-2.722097337245941162e-01
-2.607403695583343506e-01
-2.768104374408721924e-01
-2.625103592872619629e-01
-2.543106079101562500e-01
-2.630844712257385254e-01
-2.674731910228729248e-01
-2.599572837352752686e-01
-2.771691381931304932e-01
-2.766750752925872803e-01
-2.573383152484893799e-01
-2.767611443996429443e-01
-2.660277783870697021e-01
-2.512894570827484131e-01
-2.528888583183288574e-01
-2.595672011375427246e-01
-2.809506356716156006e-01
-2.800843417644500732e-01
-2.839195430278778076e-01
-2.678206264972686768e-01
-2.828002870082855225e-01
-2.731640636920928955e-01
-2.552745342254638672e-01
-2.652322053909301758e-01
-2.598378956317901611e-01
-2.586855888366699219e-01
-2.770772576332092285e-01
-2.800347208976745605e-01
-2.478159517049789429e-01
-2.567033171653747559e-01
-2.708550095558166504e-01
-2.653966546058654785e-01
-2.679270505905151367e-01
-2.505320608615875244e-01
-2.655670642852783203e-01
-2.625592648983001709e-01
-2.582904100418090820e-01
-2.553301751613616943e-01
-2.688548564910888672e-01
-2.713766992092132568e-01
-2.669673562049865723e-01
-2.540809512138366699e-01
-2.781625986099243164e-01
-2.894835174083709717e-01
-2.670420408248901367e-01
-2.585861086845397949e-01
-2.661654651165008545e-01
-2.697526812553405762e-01
-2.623386979103088379e-01
-2.713159322738647461e-01
-2.730723619461059570e-01
-2.777236700057983398e-01
-2.753847241401672363e-01
-2.804024517536163330e-01
-2.696536779403686523e-01
-2.538611888885498047e-01
-2.652583718299865723e-01
-2.584492862224578857e-01
-2.594930827617645264e-01
-2.613148689270019531e-01
-2.630547583103179932e-01
-2.557311654090881348e-01
-2.380292415618896484e-01
-2.908121645450592041e-01
-2.788992524147033691e-01
-2.572392821311950684e-01
-2.874579429626464844e-01
-2.776114940643310547e-01
-3.153904080390930176e-01
-3.024318218231201172e-01
-2.871721982955932617e-01
-2.876233458518981934e-01
-2.738026678562164307e-01
-2.813391685485839844e-01
-2.695683538913726807e-01
-2.725160717964172363e-01
-2.810946106910705566e-01
-2.804516553878784180e-01
-2.599869966506958008e-01
-2.684026956558227539e-01
-2.713248431682586670e-01
-2.744065523147583008e-01
-2.630329728126525879e-01
-2.663390338420867920e-01
-2.670944035053253174e-01
-2.644350528717041016e-01
-2.612907290458679199e-01
-2.643920481204986572e-01
-2.702771723270416260e-01
-2.753568589687347412e-01
-2.665318548679351807e-01
-2.666550874710083008e-01
-2.569334208965301514e-01
-2.580943107604980469e-01
-2.726644277572631836e-01
-2.629008293151855469e-01
-2.574200630187988281e-01
-2.764616608619689941e-01
-2.653788924217224121e-01
-2.624765932559967041e-01
-2.754044234752655029e-01
-2.611054182052612305e-01
-2.574076056480407715e-01
-2.620167136192321777e-01
-2.666624188423156738e-01
-2.535071372985839844e-01
-2.688205540180206299e-01
-2.631615102291107178e-01
-2.671234905719757080e-01
-2.664188742637634277e-01
-2.537703812122344971e-01
-2.659302949905395508e-01
-2.623718976974487305e-01
-2.702014446258544922e-01
-2.714886367321014404e-01
-2.637581825256347656e-01
-2.678075134754180908e-01
-2.638607919216156006e-01
-2.606123089790344238e-01
-2.763044238090515137e-01
-2.578639686107635498e-01
-2.598436474800109863e-01
-2.628849446773529053e-01
-2.575662732124328613e-01
-2.586031556129455566e-01
-2.532806992530822754e-01
-2.663598060607910156e-01
-2.672423422336578369e-01
-2.713161110877990723e-01
-2.657025754451751709e-01
-2.571428120136260986e-01
-2.592478096485137939e-01
-2.484155893325805664e-01
-2.617078423500061035e-01
-2.739461660385131836e-01
-2.903725802898406982e-01
-2.506136894226074219e-01
-2.768066525459289551e-01
-2.767056822776794434e-01
-2.663882374763488770e-01
-2.721698582172393799e-01
-2.685697376728057861e-01
-2.621515393257141113e-01
-2.682443261146545410e-01
-2.755282521247863770e-01
-2.632849812507629395e-01
-2.565784752368927002e-01
-2.405134290456771851e-01
-2.571444213390350342e-01
-2.777622640132904053e-01
-2.623909413814544678e-01
-2.552666366100311279e-01
-2.670270502567291260e-01
-2.698695957660675049e-01
-2.635895609855651855e-01
-2.616153061389923096e-01
-2.504769861698150635e-01
-2.639562487602233887e-01
-2.739179134368896484e-01
-2.521846890449523926e-01
-2.515101432800292969e-01
-2.628424167633056641e-01
-2.711692750453948975e-01
-2.682836949825286865e-01
-2.588372826576232910e-01
-2.564446628093719482e-01
-2.689667940139770508e-01
-2.762271165847778320e-01
-2.703302502632141113e-01
-2.625444233417510986e-01
-2.534139752388000488e-01
-2.623890936374664307e-01
-2.632626593112945557e-01
-2.645819485187530518e-01
-2.558099925518035889e-01
-2.599487304687500000e-01
-2.605621814727783203e-01
-2.603974640369415283e-01
-2.432947009801864624e-01
-2.591572403907775879e-01
-2.622035443782806396e-01
-2.540208697319030762e-01
-2.712026834487915039e-01
-2.628746032714843750e-01
-2.524506449699401855e-01
-2.546520531177520752e-01
-2.563119232654571533e-01
-2.565910220146179199e-01
-2.692016661167144775e-01
-2.512900531291961670e-01
-2.551510930061340332e-01
-2.510653138160705566e-01
-2.587855160236358643e-01
-2.566398084163665771e-01
-2.726127207279205322e-01
-2.603924870491027832e-01
-2.709939479827880859e-01
-2.518624067306518555e-01
-2.678635120391845703e-01
-2.686030864715576172e-01
-2.749459445476531982e-01
-2.755365669727325439e-01
-2.492072731256484985e-01
-2.674991488456726074e-01
-2.556867897510528564e-01
-2.577387988567352295e-01
-2.653071880340576172e-01
-2.596796751022338867e-01
-2.724829018115997314e-01
-2.699915766716003418e-01
-2.535154521465301514e-01
-2.545567154884338379e-01
-2.625447511672973633e-01
-2.673796415328979492e-01
-2.475731074810028076e-01
-2.602266371250152588e-01
-2.625485956668853760e-01
-2.498227804899215698e-01
-2.664113640785217285e-01
-2.867066562175750732e-01
-2.830293476581573486e-01
-2.649476230144500732e-01
-2.692602574825286865e-01
-2.712041437625885010e-01
-2.769718468189239502e-01
-2.575486898422241211e-01
-2.701181173324584961e-01
-2.613301575183868408e-01
-2.595807611942291260e-01
-2.577498555183410645e-01
-2.574661970138549805e-01
-2.658744752407073975e-01
-2.695933282375335693e-01
-2.642591595649719238e-01
-2.637330293655395508e-01
-2.650644183158874512e-01
-2.606181800365447998e-01
-2.681783437728881836e-01
-2.708789110183715820e-01
-2.616068124771118164e-01
-2.531114220619201660e-01
-2.648140192031860352e-01
-2.506394684314727783e-01
-2.500087916851043701e-01
-2.562419474124908447e-01
-2.610540091991424561e-01
-2.630048692226409912e-01
-2.693696916103363037e-01
-2.656699120998382568e-01
-2.508585155010223389e-01
-2.689419090747833252e-01
-2.501494884490966797e-01
-2.658571302890777588e-01
-2.675791084766387939e-01
-2.634701728820800781e-01
-2.600987255573272705e-01
-2.707533836364746094e-01
-2.645359635353088379e-01
-2.671498954296112061e-01
-2.603599727153778076e-01
-2.585152089595794678e-01
-2.634677588939666748e-01
-2.429404705762863159e-01
-2.565872669219970703e-01
-2.616294622421264648e-01
-2.664527297019958496e-01
-2.672394514083862305e-01
-2.550959885120391846e-01
-2.529239654541015625e-01
-2.530677616596221924e-01
-2.591336965560913086e-01
-2.559080123901367188e-01
-2.539412975311279297e-01
-2.693024277687072754e-01
-2.650370001792907715e-01
-2.684800326824188232e-01
-2.566356062889099121e-01
-2.571504414081573486e-01
-2.706529498100280762e-01
-2.582889497280120850e-01
-2.471553385257720947e-01
-2.489672899246215820e-01
-2.559964656829833984e-01
-2.661048173904418945e-01
-2.541470527648925781e-01
-2.496755421161651611e-01
-2.753358185291290283e-01
-2.775186300277709961e-01
-2.729044854640960693e-01
-2.732817530632019043e-01
-2.555959522724151611e-01
-2.510053515434265137e-01
-2.582725882530212402e-01
-2.556736767292022705e-01
-2.651442587375640869e-01
-2.521425485610961914e-01
-2.632432281970977783e-01
-2.504184842109680176e-01
-2.477140277624130249e-01
-2.548066973686218262e-01
-2.526563405990600586e-01
-2.530321776866912842e-01
-2.553681135177612305e-01
-2.596691846847534180e-01
-2.621639966964721680e-01
-2.490884363651275635e-01
-2.598147690296173096e-01
-2.614695429801940918e-01
-2.756129205226898193e-01
-2.626645267009735107e-01
-2.559395134449005127e-01
-2.552475333213806152e-01
-2.637510299682617188e-01
-2.635229229927062988e-01
-2.532543540000915527e-01
-2.651009559631347656e-01
-2.545692324638366699e-01
-2.492916136980056763e-01
-2.637185752391815186e-01
-2.664797008037567139e-01
-2.621325254440307617e-01
-2.583920657634735107e-01
-2.570409774780273438e-01
-2.564467191696166992e-01
-2.588256299495697021e-01
-2.447661459445953369e-01
-2.630665898323059082e-01
-2.464778423309326172e-01
-2.433719187974929810e-01
-2.476102262735366821e-01
-2.545278966426849365e-01
-2.695030570030212402e-01
-2.700741589069366455e-01
-2.602621316909790039e-01
-2.690073549747467041e-01
-2.497792989015579224e-01
-2.646212875843048096e-01
-2.667580246925354004e-01
-2.566003501415252686e-01
-2.663692533969879150e-01
-2.682199776172637939e-01
-2.650228738784790039e-01
-2.550587356090545654e-01
-2.500774562358856201e-01
-2.396651357412338257e-01
-2.407126873731613159e-01
-2.511825263500213623e-01
-2.615739703178405762e-01
-2.451327890157699585e-01
-2.606244385242462158e-01
-2.632252573966979980e-01
-2.665119767189025879e-01
-2.562022209167480469e-01
-2.705673277378082275e-01
-2.495720684528350830e-01
-2.559377551078796387e-01
-2.554063200950622559e-01
-2.617077529430389404e-01
-2.677474021911621094e-01
-2.613571882247924805e-01
-2.534166872501373291e-01
-2.500894963741302490e-01
-2.624452114105224609e-01
-2.610072195529937744e-01
-2.508714497089385986e-01
-2.608670592308044434e-01
-2.522868812084197998e-01
-2.473567575216293335e-01
-2.420145571231842041e-01
-2.525069117546081543e-01
-2.392659038305282593e-01
-2.382121831178665161e-01
-2.521225810050964355e-01
-2.633317708969116211e-01
-2.584380507469177246e-01
-2.542212307453155518e-01
-2.581240236759185791e-01
-2.649730741977691650e-01
-2.492344379425048828e-01
-2.496274411678314209e-01
-2.627875506877899170e-01
-2.691810429096221924e-01
-2.615251541137695312e-01
-2.505488395690917969e-01
-2.582986354827880859e-01
-2.785371541976928711e-01
-2.535033524036407471e-01
-2.537095546722412109e-01
-2.579363286495208740e-01
-2.443074882030487061e-01
-2.605526447296142578e-01
-2.640871405601501465e-01
-2.482981383800506592e-01
-2.485607415437698364e-01
-2.426390051841735840e-01
-2.651613056659698486e-01
-2.619924843311309814e-01
-2.559096217155456543e-01
-2.458973973989486694e-01
-2.504482865333557129e-01
-2.549892663955688477e-01
-2.630641460418701172e-01
-2.614207565784454346e-01
-2.624399363994598389e-01
-2.722118198871612549e-01
-2.731098234653472900e-01
-2.657114863395690918e-01
-2.573413252830505371e-01
-2.530698180198669434e-01
-2.632873058319091797e-01
-2.490610480308532715e-01
-2.614879012107849121e-01
-2.432112097740173340e-01
-2.443406730890274048e-01
-2.510972321033477783e-01
-2.657247781753540039e-01
-2.485542297363281250e-01
-2.601919174194335938e-01
-2.528232932090759277e-01
-2.558606863021850586e-01
-2.489877939224243164e-01
-2.504302859306335449e-01
-2.583564519882202148e-01
-2.481525838375091553e-01
-2.575595080852508545e-01
-2.540882527828216553e-01
-2.703165709972381592e-01
-2.654174864292144775e-01
-2.457972466945648193e-01
-2.581105232238769531e-01
-2.519253492355346680e-01
-2.519406378269195557e-01
-2.503722608089447021e-01
-2.545547187328338623e-01
-2.533071339130401611e-01
-2.477280944585800171e-01
-2.305951118469238281e-01
-2.576536238193511963e-01
-2.557134032249450684e-01
-2.526167333126068115e-01
-2.535333037376403809e-01
-2.478365749120712280e-01
-2.499171793460845947e-01
-2.478026449680328369e-01
-2.520575821399688721e-01
-2.418930083513259888e-01
-2.617902159690856934e-01
-2.453124672174453735e-01
-2.461914122104644775e-01
-2.520829439163208008e-01
-2.570929229259490967e-01
-2.483230233192443848e-01
-2.484124451875686646e-01
-2.388268411159515381e-01
-2.440533488988876343e-01
-2.514753341674804688e-01
-2.543355226516723633e-01
-2.713142037391662598e-01
-2.459408193826675415e-01
-2.479814440011978149e-01
-2.686071693897247314e-01
-2.661935389041900635e-01
-2.454616576433181763e-01
-2.654498815536499023e-01
-2.519821226596832275e-01
-2.553223967552185059e-01
-2.617509663105010986e-01
-2.580557763576507568e-01
-2.542299926280975342e-01
-2.578718364238739014e-01
-2.662483155727386475e-01
-2.692767977714538574e-01
-2.590690851211547852e-01
-2.640209794044494629e-01
-2.598247826099395752e-01
-2.431478351354598999e-01
-2.623281776905059814e-01
-2.600369751453399658e-01
-2.636630535125732422e-01
-2.634990811347961426e-01
-2.496846914291381836e-01
-2.550498545169830322e-01
-2.471641302108764648e-01
-2.701230347156524658e-01
-2.736904919147491455e-01
-2.524876594543457031e-01
-2.516275942325592041e-01
-2.556715607643127441e-01
-2.482884824275970459e-01
-2.439605295658111572e-01
-2.633931338787078857e-01
-2.665590345859527588e-01
-2.566797435283660889e-01
-2.611992657184600830e-01
-2.521027624607086182e-01
-2.518739700317382812e-01
-2.558102905750274658e-01
-2.562902271747589111e-01
-2.637842297554016113e-01
-2.608321011066436768e-01
-2.645103037357330322e-01
-2.634078264236450195e-01
-2.631673514842987061e-01
-2.608757317066192627e-01
-2.605089247226715088e-01
-2.567297220230102539e-01
