-2.542630301581488839e-01
9.777890311347113908e-03
-1.935880316628350029e-01
-2.030729982588026228e-01
-1.975000566906399135e-01
-2.245137426588270368e-01
-2.193942467371622629e-01
-2.232889334360758371e-01
-2.297418647342258091e-01
-2.272314230600992746e-01
-2.153550518883599052e-01
-2.213710678948296318e-01
-2.328886455959743862e-01
-2.449672222137451172e-01
-2.289892832438150949e-01
-2.355217138926188059e-01
-2.407027085622151785e-01
-2.419850296444363003e-01
-2.378182941012912388e-01
-2.360222074720594587e-01
-2.382393148210313616e-01
-2.481682830386691685e-01
-2.538935078514946708e-01
-2.581962479485405693e-01
-2.522746192084418526e-01
-2.601287629869248885e-01
-2.519232432047526227e-01
-2.677499188317192802e-01
-2.546498775482177734e-01
-2.564154730902777901e-01
-2.607805199093288784e-01
-2.650507291158040180e-01
-2.632955445183647880e-01
-2.462928030225965681e-01
-2.776340113745795479e-01
-2.500447962019178849e-01
-2.366975413428412667e-01
-2.852289146847195034e-01
-2.428601317935519810e-01
-2.763657569885253906e-01
-2.759581406911214008e-01
-2.777993149227566128e-01
-2.731161647372775669e-01
-2.796583175659179688e-01
-2.915692329406738281e-01
-2.749804125891791573e-01
-2.735276752048068638e-01
-2.731471856435139789e-01
-2.803848849402533761e-01
-2.892887062496609096e-01
-2.851036389668782367e-01
-2.729832861158583146e-01
-2.603270212809244977e-01
-2.871473895178900948e-01
-3.003125455644395370e-01
-2.952714231279160995e-01
-2.777238951789008370e-01
-2.798311180538601284e-01
-2.906409634484184989e-01
-2.827216519249809989e-01
-3.027247058020697823e-01
-2.954564094543457031e-01
-2.611062791612412948e-01
-3.049792713589138393e-01
-2.654985851711696987e-01
-3.010247813330756417e-01
-2.862353589799668807e-01
-2.966363430023193359e-01
-2.720326052771674386e-01
-2.936003737979465122e-01
-2.976038455963134766e-01
-2.899792194366455078e-01
-2.912059360080295201e-01
-2.973099019792344588e-01
-2.965111202663845424e-01
-3.028955724504258651e-01
-2.909359137217203961e-01
-2.961666848924424666e-01
-2.810415691799587612e-01
-3.034411801232231864e-01
-2.813861370086669922e-01
-3.011262681749131698e-01
-3.003180821736653461e-01
-3.170808421240912667e-01
-3.156837622324625836e-01
-3.211781713697645646e-01
-3.286791907416449776e-01
-3.150982062021891461e-01
-3.249218463897705078e-01
-3.195368978712294084e-01
-3.166987631056044084e-01
-3.293538623385959263e-01
-3.410974078708224888e-01
-3.315876854790581474e-01
-3.411873976389567242e-01
-3.315695656670464286e-01
-3.451480600568983537e-01
-3.426033655802409039e-01
-3.437626096937391740e-01
-3.358038001590304966e-01
-3.351439634958903180e-01
-3.407987223731147042e-01
-3.496745692359076729e-01
-3.428122202555338727e-01
-3.438709841834174386e-01
-3.405950069427490234e-01
-3.488458527459038505e-01
-3.515012529161241073e-01
-3.465966648525661831e-01
-3.436342875162760602e-01
-3.494952519734700336e-01
-3.513811959160698661e-01
-3.503637578752305526e-01
-3.469172583685981026e-01
-3.525101608700222378e-01
-3.536713123321533203e-01
-3.493806521097819195e-01
-3.458182281917995815e-01
-3.504054281446669084e-01
-3.536884784698486328e-01
-3.441255357530381698e-01
-3.542199929555256976e-01
-3.477386633555094586e-01
-3.505673143598768693e-01
-3.471897178226047154e-01
-3.498838212754991073e-01
-3.509106371137831193e-01
-3.510433038075764789e-01
-3.528181711832682477e-01
-3.470774756537543526e-01
-3.548751142289903182e-01
-3.557040691375732422e-01
-3.508632183074951172e-01
-3.501049147711859932e-01
-3.531381289164225445e-01
-3.533414469824897042e-01
-3.526009718577067242e-01
-3.512104617224799386e-01
-3.531569639841715680e-01
-3.538290924496120815e-01
-3.494876490698920479e-01
-3.548638820648193359e-01
-3.518982728322346820e-01
-3.575077851613362445e-01
-3.528308868408203125e-01
-3.550218476189507255e-01
-3.569906022813584823e-01
-3.578500482771131974e-01
-3.536009258694118862e-01
-3.496030171712239398e-01
-3.595775233374701729e-01
-3.559500111473931083e-01
-3.535012933943006974e-01
-3.551244470808241349e-01
-3.528835243648952846e-01
-3.513442940182155971e-01
-3.552035755581325893e-01
-3.541528648800320034e-01
-3.547105789184570312e-01
-3.599300119611952287e-01
-3.519332673814561385e-01
-3.528121312459309711e-01
-3.526220321655273438e-01
-3.578510284423828125e-01
-3.590814272562662945e-01
-3.542907238006591797e-01
-3.471341133117675781e-01
-3.511629899342854633e-01
-3.552498817443847656e-01
-3.575965563456217633e-01
-3.572133117251926060e-01
-3.541009161207411271e-01
-3.581619792514377232e-01
-3.573793305291069755e-01
-3.532170189751518974e-01
-3.565083079867892857e-01
-3.483299414316813336e-01
-3.581364949544270648e-01
-3.557124667697482701e-01
-3.558593326144748326e-01
-3.567695617675781250e-01
-3.555104997422959823e-01
-3.560130861070420760e-01
-3.536922136942545758e-01
-3.589864836798773995e-01
-3.556798034244113560e-01
-3.591263294219970703e-01
-3.524840672810872211e-01
-3.549869060516357422e-01
-3.550195164150661831e-01
-3.566978242662217635e-01
-3.572901354895697823e-01
-3.600530624389648438e-01
-3.559025128682454242e-01
-3.568929036458333148e-01
-3.572909037272135602e-01
-3.551019032796223773e-01
-3.564080397288004742e-01
-3.536497486962212333e-01
-3.554707103305392857e-01
-3.580896059672037945e-01
-3.562881416744655971e-01
-3.592535919613308315e-01
-3.553372489081488839e-01
-3.548207018110487443e-01
-3.518258465660942802e-01
-3.468796677059597378e-01
-3.547384738922119141e-01
-3.470331033070881976e-01
-3.635247813330756417e-01
-3.536675241258409041e-01
-3.586033450232611886e-01
-3.541569974687364120e-01
-3.545324802398681641e-01
-3.594980504777696151e-01
-3.583507802751328963e-01
-3.594414128197563896e-01
-3.518296877543131695e-01
-3.645018471611870536e-01
-3.566936386956108818e-01
-3.575748072730170479e-01
-3.595297866397433872e-01
-3.577980465359157924e-01
-3.569311565823025112e-01
-3.566556506686740513e-01
-3.603484100765652065e-01
-3.572649690839979630e-01
-3.531288570827907924e-01
-3.584443463219536552e-01
-3.539531230926513672e-01
-3.554913997650146484e-01
-3.592578305138481864e-01
-3.568499353196885604e-01
-3.628750377231174107e-01
-3.545755280388726005e-01
-3.563078244527180805e-01
-3.561613294813368302e-01
-3.581885231865776786e-01
-3.568791813320583706e-01
-3.609538343217637557e-01
-3.603810999128553849e-01
-3.126642439100477677e-01
-2.826006942325168247e-01
-3.034997251298692245e-01
-3.207224210103352680e-01
-3.428161938985188617e-01
-3.461571799384223214e-01
-3.478865358564589005e-01
-3.517858452267116909e-01
-3.483721415201823102e-01
-3.499131997426350726e-01
-3.533485730489094867e-01
-3.465895387861464005e-01
-3.524644639756944198e-01
-3.511391215854220982e-01
-3.538642989264594307e-01
-3.524308204650878906e-01
-3.558713330162895927e-01
-3.496230973137749443e-01
-3.526075681050618305e-01
-3.563791116078694476e-01
-3.563941054873996372e-01
-3.448959456549750557e-01
-3.416875998179118024e-01
-3.541334735022650948e-01
-3.540863990783691406e-01
-3.511213196648491630e-01
-3.541148503621419086e-01
-3.490799003177219029e-01
-3.455029328664143695e-01
-3.546701272328694476e-01
-3.531800111134846820e-01
-3.516948223114013672e-01
-3.465468618604872209e-01
-3.525169160630967635e-01
-3.568850358327229633e-01
-3.519402080112033482e-01
-3.526886569129096261e-01
-3.525227970547146206e-01
-3.504753907521565570e-01
-3.610150814056396484e-01
-3.563954565260145646e-01
-3.546315564049614677e-01
-3.586921691894531250e-01
-3.566270139482285995e-01
-3.568611145019531250e-01
-3.529678980509440289e-01
-3.579492039150661831e-01
-3.563568856981065291e-01
-3.552567429012722378e-01
-3.560003174675835380e-01
-3.475595845116509208e-01
-3.428305784861246930e-01
-3.380063374837239398e-01
-3.400769763522678013e-01
-3.560585975646972656e-01
-3.538138601515028459e-01
-3.511664602491590959e-01
-3.517899778154160995e-01
-3.497258557213677177e-01
-3.546199003855387555e-01
-3.565913571251763114e-01
-3.537871837615966797e-01
-3.542389339870876674e-01
-3.506592379675971261e-01
-3.419041368696424943e-01
-3.615345160166422711e-01
-3.505960835350884208e-01
-3.523973623911539899e-01
-3.566817442576090680e-01
-3.563944233788384208e-01
-3.577395280202229633e-01
-3.480499055650498885e-01
-3.560956584082709542e-01
-3.595085673862033482e-01
-3.609900739457871932e-01
-3.573914368947346820e-01
-3.557532628377278461e-01
-3.560279740227593193e-01
-3.569604025946723214e-01
-3.551277584499782924e-01
-3.580386903550889510e-01
-3.545635806189643136e-01
-3.566687901814778461e-01
-3.511760764651828404e-01
-3.581310907999674664e-01
-3.564945326911078682e-01
-3.592429425981309432e-01
-3.569199774000380021e-01
-3.561417526668972378e-01
-3.528330326080322266e-01
-3.544977506001790180e-01
-3.583447138468424664e-01
-3.593598736657036552e-01
-3.539464473724365234e-01
-3.562647766537136440e-01
-3.574558893839518414e-01
-3.569888273874918805e-01
-3.578577571445041294e-01
-3.578935994042290458e-01
-3.584093517727321987e-01
-3.532063431209988003e-01
-3.562677966223822823e-01
-3.576361073387993583e-01
-3.528587818145751953e-01
-3.550456100040011997e-01
-3.592695924970839005e-01
-3.525932100084092635e-01
-3.527218235863579521e-01
-3.533718585968017578e-01
-3.605617682139078961e-01
-3.561116589440239677e-01
-3.596556716495090122e-01
-3.606800503200954799e-01
-3.557113806406657086e-01
-3.616429434882270089e-01
-3.568255636427137834e-01
-3.566807640923393974e-01
-3.586020999484592076e-01
-3.537903626759846820e-01
-3.254919052124023438e-01
-3.391118579440646763e-01
-3.558023770650227680e-01
-3.576334052615695591e-01
-3.557355138990614396e-01
-3.598069349924723492e-01
-3.558972411685519810e-01
-3.569570912255181083e-01
-3.558091852400038224e-01
-3.574465115865071430e-01
-3.610648843977186662e-01
-3.562218878004286271e-01
-3.593164549933539620e-01
-3.503821690877278461e-01
-3.511998123592800503e-01
-3.533149295383029576e-01
-3.513010078006320591e-01
-3.555392689175075893e-01
-3.593356609344482422e-01
-3.579968346489800224e-01
-3.550420867072211495e-01
-3.578673468695746651e-01
-3.595534960428873883e-01
-3.585019641452365513e-01
-3.611014419131808872e-01
-3.618441422780354633e-01
-3.610977596706814174e-01
-3.564315901862250557e-01
-3.626266850365532646e-01
-3.599713378482394810e-01
-3.579538663228352680e-01
-3.598390420277913226e-01
-3.580323855082194195e-01
-3.567714426252577287e-01
-3.563841183980305805e-01
-3.600175115797255021e-01
-3.564825057983398438e-01
-3.547213872273762836e-01
-3.581618997785780412e-01
-3.560289806789821987e-01
-3.577942053476969586e-01
-3.555973635779486886e-01
-3.530047469668918247e-01
-3.552428881327311383e-01
-3.560822804768880023e-01
-3.539714283413357143e-01
-3.522985776265462055e-01
-3.528442382812500000e-01
-3.496840794881184711e-01
-3.566579818725585938e-01
-3.593753443823920479e-01
-3.506347603268093471e-01
-3.566823270585801620e-01
-3.576449023352729073e-01
-3.569355805714924945e-01
-3.554520871904160995e-01
-3.580086761050754185e-01
-3.597722318437364120e-01
-3.526304827796088448e-01
-3.559597863091362724e-01
-3.549145857493082867e-01
-3.592915005154079799e-01
-3.538271056281195870e-01
-3.594941298166910992e-01
-3.571299182044135323e-01
-3.561776743994818917e-01
-3.574378225538465959e-01
-3.570619954003227958e-01
-3.584757381015353794e-01
-3.547753757900661831e-01
-3.559273084004719867e-01
-3.604347440931532365e-01
-3.585302299923366909e-01
-3.584469424353705636e-01
-3.565704557630751115e-01
-3.526480462816026229e-01
-3.559934298197428570e-01
-3.574700090620253068e-01
-3.591428597768147601e-01
-3.534954388936360492e-01
-3.555544217427571430e-01
-3.616233666737874164e-01
-3.579310311211479911e-01
-3.543080488840739117e-01
-3.577493031819661273e-01
-3.567865689595540180e-01
-3.591233624352349052e-01
-3.568289279937744141e-01
-3.550033039516872768e-01
-3.572725984785292130e-01
-3.535254001617431641e-01
-3.583742777506510602e-01
-3.538641399807400112e-01
-3.578086429172092076e-01
-3.612958325280083427e-01
-3.577801651424831753e-01
-3.587205145094130021e-01
-3.561814361148410435e-01
-3.497547838422987443e-01
-3.561487992604573383e-01
-3.578662607404921037e-01
-3.566497431861029854e-01
-3.546268939971923828e-01
-3.526332378387451172e-01
-3.588879638248019810e-01
-3.506130907270643693e-01
-3.526888953314887276e-01
-3.515405389997694474e-01
-3.582347498999701729e-01
-3.588365448845757255e-01
-3.570821550157334823e-01
-3.612648116217719307e-01
-3.574153582255045758e-01
-3.582761817508273716e-01
-3.575790988074408761e-01
-3.493301603529188615e-01
-3.548622396257188338e-01
-3.540421062045627232e-01
-3.578330675760905133e-01
-3.566043641832139510e-01
-3.588414192199707031e-01
-3.529323471917046318e-01
-3.604419496324327010e-01
-3.589670658111572266e-01
-3.580737378862168807e-01
-3.553279240926106586e-01
-3.581532372368706474e-01
-3.599466747707790737e-01
-3.537969854142930526e-01
-3.578864733378092633e-01
-3.601191838582356586e-01
-3.518906434377034320e-01
-3.526059256659613839e-01
-3.565233018663194198e-01
-3.559716807471381417e-01
-3.549117247263590680e-01
-3.589730792575412388e-01
-3.578791883256700057e-01
-3.585851722293429966e-01
-3.542275693681504745e-01
-3.524849679734971541e-01
-3.535793887244330636e-01
-3.508326212565104352e-01
-3.605544037289089565e-01
-3.563600911034477958e-01
-3.506726953718397599e-01
-3.537354469299316406e-01
-3.446094724867079240e-01
-3.558258480495876674e-01
-3.541394869486491070e-01
-3.612479368845621930e-01
-3.580096562703450336e-01
-3.542437553405761719e-01
-3.581579261355929966e-01
-3.554829491509331474e-01
-3.597726292080349331e-01
-3.594725131988525391e-01
-3.513323995802137834e-01
-3.585170110066731586e-01
-3.576627042558457870e-01
-3.547851509518093471e-01
-3.576045036315917969e-01
-3.561360306209988003e-01
-3.591477341122097378e-01
-3.592104117075602399e-01
-3.569684028625488281e-01
-3.582575321197509766e-01
-3.532773123847113839e-01
-3.578995333777533761e-01
-3.546180725097656250e-01
-3.547995355394151229e-01
-3.573675685458713169e-01
-3.507415453592936383e-01
-3.559159967634413224e-01
-3.547507127126057758e-01
-3.518356217278374443e-01
-3.576342529720730190e-01
-3.495316770341660995e-01
-3.533264531029595146e-01
-3.556418153974745255e-01
-3.542340331607394810e-01
-3.506394227345784320e-01
-3.552200529310438615e-01
-3.562287224663628349e-01
-3.518417146470811385e-01
-3.557400173611111049e-01
-3.583984375000000000e-01
-3.544466760423448104e-01
-3.507650693257649555e-01
-3.563128047519260044e-01
-3.522631857130262834e-01
-3.576920032501220703e-01
-3.543057971530490513e-01
-3.591099050309922713e-01
-3.495925532446967354e-01
-3.545104662577311383e-01
-3.510798878139919643e-01
-3.519993358188205357e-01
-3.561023076375325336e-01
-3.533920447031657086e-01
-3.500742647382948380e-01
-3.533674081166585101e-01
-3.583485815260145646e-01
-3.554269737667507534e-01
-3.536797629462348214e-01
-3.536989953782823104e-01
-3.600289821624755859e-01
-3.575602107577853794e-01
-3.550363911522759208e-01
-3.514300982157389508e-01
-3.565571308135986328e-01
-3.464661969078911552e-01
-3.574255042605929966e-01
-3.536955250634087333e-01
-3.474139902326796037e-01
-3.505939642588297711e-01
-3.502980603112114677e-01
-3.537535932328965682e-01
-3.560080528259277344e-01
-3.501212861802842635e-01
-3.549470901489257812e-01
-3.561624950832790737e-01
-3.574794663323296318e-01
-3.550624317593044643e-01
-3.567362361484103794e-01
-3.550343778398301620e-01
-3.580578433142768136e-01
-3.538407219780815849e-01
-3.538084559970431919e-01
-3.549424277411566964e-01
-3.541301091512044086e-01
-3.603889147440592633e-01
-3.558633327484130859e-01
-3.534962601131863003e-01
-3.539189762539333706e-01
-3.569201893276638393e-01
-3.538981278737385883e-01
-3.536934587690565568e-01
-3.582988844977484932e-01
-3.514907095167372209e-01
-3.546302583482530135e-01
-3.549517790476481305e-01
-3.577083216773139229e-01
-3.524931271870930805e-01
-3.609901269276936664e-01
-3.524336814880371094e-01
-3.493629031711154576e-01
-3.504668341742621651e-01
-3.522932794358994979e-01
-3.530892531077067242e-01
-3.537496460808647880e-01
-3.547135988871256695e-01
-3.565830919477674943e-01
-3.578042454189724331e-01
-3.519326051076253070e-01
-3.508810202280680524e-01
-3.578128814697265625e-01
-3.513120015462239398e-01
-3.551852968004014510e-01
-3.459888829125298271e-01
-3.519214259253607979e-01
-3.494345611996120815e-01
-3.399321238199869977e-01
-3.594123257531059989e-01
-3.584473927815755023e-01
-3.555171224806044084e-01
-3.532972865634494419e-01
-3.566035164727104911e-01
-3.531358506944444198e-01
-3.534798092312282924e-01
-3.528015878465440291e-01
-3.552303314208984375e-01
-3.552047411600748883e-01
-3.507941828833686104e-01
-3.464357588026258927e-01
-3.518942991892496930e-01
-3.581055270300971261e-01
-3.580163319905598773e-01
-3.518938223520914899e-01
-3.556140528784857979e-01
-3.560495906405978794e-01
-3.573298189375135880e-01
-3.559393882751464844e-01
-3.528162903255886440e-01
-3.525664541456434709e-01
-3.536113368140326729e-01
-3.584189150068495255e-01
-3.528590997060139789e-01
-3.506934112972683315e-01
-3.556200133429633370e-01
-3.526011837853325614e-01
-3.556307421790229073e-01
-3.510405222574869977e-01
-3.512963453928629742e-01
-3.564111391703287945e-01
-3.548448350694444198e-01
-3.568335109286838169e-01
-3.547813362545437221e-01
-3.506049844953749162e-01
-3.560320006476508370e-01
-3.523465792338053570e-01
-3.531583680046929130e-01
-3.477938440110948104e-01
-3.508608871036105747e-01
-3.520189921061198102e-01
-3.535233868492974052e-01
-3.550021913316514510e-01
-3.535426722632514229e-01
-3.550646569993760604e-01
-3.578144974178738003e-01
-3.530079258812798271e-01
-3.557246261172824497e-01
-3.554916381835937500e-01
-3.530001640319824219e-01
-3.550525771247016182e-01
-3.517998324500190011e-01
-3.487203651004367466e-01
-3.556247817145453682e-01
-3.566999700334336776e-01
-3.489672342936198102e-01
-3.561091687944200057e-01
-3.588605191972520370e-01
-3.514273166656494141e-01
-3.555647267235649833e-01
-3.561490376790364398e-01
-3.555723826090494977e-01
-3.492394288380940570e-01
-3.504722383287217635e-01
-3.529232872856987724e-01
-3.483243253495957870e-01
-3.501200675964355469e-01
-3.532195091247558594e-01
-3.546085092756483537e-01
-3.530050913492838727e-01
-3.545595010121663226e-01
-3.539345529344346541e-01
-3.557283083597819195e-01
-3.537467850579155693e-01
-3.545903364817301617e-01
-3.483244313134087333e-01
-3.543025122748481026e-01
-3.542021645439995536e-01
-3.524599075317382812e-01
-3.495146168602837333e-01
-3.557082282172309151e-01
-3.553849061330159320e-01
-3.531157705518934709e-01
-3.569224940405951729e-01
-3.511000474294026508e-01
-3.545942571428086776e-01
-3.523448838127983818e-01
-3.548776573605007534e-01
-3.517048623826768416e-01
-3.555437723795573102e-01
-3.506110244327121372e-01
-3.520338005489773159e-01
-3.523913754357231864e-01
-3.532733122507731305e-01
-3.497599760691325055e-01
-3.502957291073269253e-01
-3.557272752126057758e-01
-3.524496025509304409e-01
-3.480409516228569755e-01
-3.503486845228407365e-01
-3.525900046030680524e-01
-3.546474244859483260e-01
-3.465163177914089565e-01
-3.543965816497802734e-01
-3.546669483184814453e-01
-3.573146661122639789e-01
-3.520536952548556919e-01
-3.513537777794731864e-01
-3.549682564205593471e-01
-3.561731974283854352e-01
-3.572416305541992188e-01
-3.545340696970621930e-01
-3.510534498426649552e-01
-3.512371910942925224e-01
-3.528238932291666852e-01
-3.508204089270697823e-01
-3.526079124874538784e-01
-3.484392695956760044e-01
-3.489457501305474052e-01
-3.454975287119547711e-01
-3.500274552239311943e-01
-3.513438701629638672e-01
-3.484502368503146763e-01
-3.495561811659071427e-01
-3.488945431179470424e-01
-3.535494274563259487e-01
-3.542513582441542130e-01
-3.567332426706950055e-01
-3.446653683980305805e-01
-3.514022297329372768e-01
-3.499850696987575893e-01
-3.510026666853163224e-01
-3.509210480584038505e-01
-3.532547156016032086e-01
-3.478044933742946987e-01
-3.522063891092936383e-01
-3.532093630896674386e-01
-3.504166073269314174e-01
-3.543155458238389510e-01
-3.510371049245198383e-01
-3.527082602183024274e-01
-3.516555892096625557e-01
-3.484630849626328963e-01
-3.482873439788818359e-01
-3.520894050598144531e-01
-3.510669072469075336e-01
-3.527849515279133930e-01
-3.559153609805636997e-01
-3.485075102912055245e-01
-3.541518582238091239e-01
-3.508614169226752511e-01
-3.518995973798964005e-01
-3.508608341217041016e-01
-3.501022656758626117e-01
-3.542928165859646206e-01
-3.506851196289062500e-01
-3.532604641384548549e-01
-3.534625636206732979e-01
-3.550478617350260602e-01
-3.547750049167209263e-01
-3.544806374443901786e-01
-3.599198129442002791e-01
-3.441323174370659599e-01
-3.532043033175998326e-01
-3.551159964667426339e-01
-3.476775487263997211e-01
-3.409659597608778459e-01
-3.560124503241645089e-01
-3.516539732615153180e-01
-3.563008043501112443e-01
-3.501025570763481864e-01
-3.471231725480821151e-01
-3.551127910614013672e-01
-3.464806874593098773e-01
-3.489443990919325334e-01
-3.487249745262993583e-01
-3.521807193756103516e-01
-3.540862136416965122e-01
-3.503487639957004185e-01
-3.559234407212998885e-01
-3.472227520412868862e-01
-3.527508576711018695e-01
-3.551360236273871651e-01
-3.509792221917046318e-01
-3.554515043894450055e-01
-3.563842508527967912e-01
-3.495148022969563617e-01
-3.526580863528781529e-01
-3.534336354997422713e-01
-3.523153728908962612e-01
-3.496171898312038784e-01
-3.504706488715277901e-01
-3.483200867970784320e-01
-3.475230269961886997e-01
-3.533879121144612445e-01
-3.524687555101182479e-01
-3.526524702707926617e-01
-3.494896094004313336e-01
-3.528738021850585938e-01
-3.529738585154215680e-01
-3.505681355794270648e-01
-3.503917058308919086e-01
-3.506401909722222099e-01
-3.509067959255642299e-01
-3.532847828335232143e-01
-3.511972427368164062e-01
-3.560828897688124162e-01
-3.544918696085612164e-01
-3.430218696594238281e-01
-3.518558343251546039e-01
-3.502403895060221539e-01
-3.476307127210829240e-01
-3.501685725318061104e-01
-3.483883539835612164e-01
-3.481856452094184151e-01
-3.452442487080891742e-01
-3.492225011189778461e-01
-3.481714460584852677e-01
-3.497980435689290180e-01
-3.483133051130506974e-01
-3.427997695075141182e-01
-3.554120593600803013e-01
-3.547285927666558036e-01
-3.531970447964138393e-01
-3.435680866241455078e-01
-3.485906653934054966e-01
-3.502504295772976284e-01
-3.561030758751763114e-01
-3.512295352088080636e-01
-3.508890469868977680e-01
-3.536903858184814453e-01
-3.506987359788682479e-01
-3.466731177435981026e-01
-3.400443130069308872e-01
-3.511871496836344586e-01
-3.511507246229383927e-01
-3.508730994330512276e-01
-3.526257144080268136e-01
-3.465251657697889787e-01
-3.465289539761013393e-01
-3.546324306064181919e-01
-3.533373143937852401e-01
-3.519862492879231586e-01
-3.499596913655598773e-01
-3.525123331281874162e-01
-3.504715495639377232e-01
-3.521795802646213169e-01
-3.477070066663954240e-01
-3.522730933295356026e-01
-3.496779865688747768e-01
-3.531758255428738003e-01
-3.565992249382866630e-01
-3.530051443311903459e-01
-3.502827220492892857e-01
-3.546933597988552456e-01
-3.467175695631239396e-01
-3.509788778093125838e-01
-3.533214463127983818e-01
-3.486337396833631974e-01
-3.534751468234592076e-01
-3.520369794633653182e-01
-3.519022464752197266e-01
-3.471596770816379185e-01
-3.490702311197916852e-01
-3.515863683488633651e-01
-3.492237991756863003e-01
-3.561925358242458706e-01
-3.381618128882514229e-01
-3.536174827151828404e-01
-3.513286378648545760e-01
-3.526870144738091239e-01
-3.512976169586181641e-01
-3.510754638248019810e-01
-3.554029464721679688e-01
-3.497691949208577289e-01
-3.511830965677897320e-01
-3.512898286183674945e-01
-3.514097796546088448e-01
-3.553170363108317242e-01
-3.485645982954237443e-01
-3.473621474372016182e-01
-3.539160622490776786e-01
-3.466998206244574776e-01
-3.518436749776204242e-01
-3.508548206753200893e-01
-3.432806067996554966e-01
-3.529614872402614956e-01
-3.477984799279106864e-01
-3.460945553249782924e-01
-3.490910530090332031e-01
-3.475102848476833706e-01
-3.506577544742160435e-01
-3.535449239942762834e-01
-3.542106151580810547e-01
-3.577914767795138951e-01
-3.470106389787461776e-01
-3.487702475653754464e-01
-3.488094806671142578e-01
-3.454816341400146484e-01
-3.518323633405897599e-01
-3.444612026214599609e-01
-3.512333763970268974e-01
-3.537466526031494141e-01
-3.461168607076008930e-01
-3.545752366383870258e-01
-3.525680700937907086e-01
-3.541865348815917969e-01
-3.502036465538872489e-01
-3.482867876688639508e-01
-3.488529523213704242e-01
-3.455115689171684989e-01
-3.476683563656277065e-01
-3.410425451066758651e-01
-3.441242641872829799e-01
-3.468745284610324497e-01
-3.494672245449489956e-01
-3.468655480278862724e-01
-3.519583013322618026e-01
-3.514771461486816406e-01
-3.521676858266194476e-01
-3.493451012505425224e-01
-3.471703264448378068e-01
-3.523424996270073661e-01
-3.494772911071777344e-01
-3.495519426133897323e-01
-3.480940130021836776e-01
-3.520798153347439174e-01
-3.525454203287760602e-01
-3.495666715833876115e-01
-3.511959181891547432e-01
-3.470355934566921596e-01
-3.494516478644477120e-01
-3.500865300496419086e-01
-3.470253944396972656e-01
-3.565444946289062500e-01
-3.494013680352104911e-01
-3.527760240766737443e-01
-3.465162648095024833e-01
-3.470205730862087612e-01
-3.515233198801676617e-01
-3.533095253838433036e-01
-3.487273057301839008e-01
-3.524703714582655412e-01
-3.497471279568142299e-01
-3.499178621504042130e-01
-3.518462446000840682e-01
-3.536403708987765904e-01
-3.522714508904351005e-01
-3.490298324161105747e-01
-3.479182985093858260e-01
-3.474720054202609654e-01
-3.467646969689263114e-01
-3.559378253089057198e-01
-3.486198319329155693e-01
-3.509733676910400391e-01
-3.446489175160725726e-01
-3.502021100785996932e-01
-3.437172836727566128e-01
-3.515508969624837055e-01
-3.507255978054470424e-01
-3.492931260002983818e-01
-3.535162078009711495e-01
-3.459184169769287109e-01
-3.543396525912814732e-01
-3.514438735114203682e-01
-3.507779969109429130e-01
-3.462986416286892299e-01
-3.499254915449354630e-01
-3.505738576253255023e-01
-3.511545128292507534e-01
-3.484236134423149833e-01
-3.465036816067165737e-01
-3.535993099212646484e-01
-3.501182132297092076e-01
-3.521374066670735492e-01
-3.505773014492458706e-01
