2.224501715766058929e+00
1.406539705064561607e+00
6.678942044576009485e-01
1.028729147381252651e-01
-1.204499800999959264e-01
-1.115441587236192522e-01
-4.447606205940246582e-02
-4.367519087261623884e-02
-7.406652635998195455e-02
-9.183886978361341380e-02
-9.687517086664836075e-02
-9.774419334199693776e-02
-1.053999331262376604e-01
-1.167869302961561384e-01
-1.195938322279188337e-01
-1.268796655866834822e-01
-1.342097653283013114e-01
-1.414346827401055107e-01
-1.525646977954440708e-01
-1.540552907519870396e-01
-1.620383527543809710e-01
-1.667975849575466518e-01
-1.718333959579467773e-01
-1.829830275641547432e-01
-1.880134079191419783e-01
-1.925803820292154855e-01
-1.978028482860988979e-01
-2.015449206034342355e-01
-2.010824282964070731e-01
-2.074763907326592216e-01
-2.093687322404649553e-01
-2.094072500864664621e-01
-2.120722267362806501e-01
-2.179150581359863281e-01
-2.176269557740953264e-01
-2.181715965270996094e-01
-2.175437079535590401e-01
-2.188658846749199638e-01
-2.276611063215467634e-01
-2.264168792300754185e-01
-2.332630157470703125e-01
-2.304442723592122488e-01
-2.264086405436197824e-01
-2.288604047563340960e-01
-2.236986425187852678e-01
-2.293161551157633371e-01
-2.206525007883707590e-01
-2.296318478054470424e-01
-2.272421783871120815e-01
-2.225975725385877790e-01
-2.272142304314507255e-01
-2.375603516896565848e-01
-2.341795497470431919e-01
-2.366015646192762556e-01
-2.410540845659044085e-01
-2.391258875528971262e-01
-2.402678330739339285e-01
-2.370276451110839844e-01
-2.322571542527940569e-01
-2.313727537790934152e-01
-2.392170694139268694e-01
-2.403485774993896484e-01
-2.417468759748670759e-01
-2.459238105350070591e-01
-2.509505218929714565e-01
-2.464630073971218471e-01
-2.487942642635769253e-01
-2.470867104000515346e-01
-2.472989294264051618e-01
-2.487200366126166573e-01
-2.496492067972818918e-01
-2.546404202779133930e-01
-2.506225109100341797e-01
-2.547411123911539899e-01
-2.539502514733208427e-01
-2.543003029293484096e-01
-2.560416327582465401e-01
-2.608324951595730190e-01
-2.603791554768880023e-01
-2.549634774525960101e-01
-2.553152243296305524e-01
-2.510041660732693081e-01
-2.554141415490044364e-01
-2.611428101857503070e-01
-2.583958572811550503e-01
-2.581295702192518693e-01
-2.643026510874430524e-01
-2.677551640404595146e-01
-2.597911357879638672e-01
-2.597264183892143974e-01
-2.611407174004448661e-01
-2.609158886803520927e-01
-2.624532646603054409e-01
-2.580040295918782367e-01
-2.596682177649604073e-01
-2.579334576924641742e-01
-2.620918485853407365e-01
-2.659231821695963727e-01
-2.630306879679362164e-01
-2.650416692097981586e-01
-2.650726901160346261e-01
-2.584555678897433872e-01
-2.586322095659043807e-01
-2.591617107391357422e-01
-2.601599428388807755e-01
-2.620934380425347099e-01
-2.599978976779513951e-01
-2.563170856899685268e-01
-2.578998406728108539e-01
-2.588608794742160435e-01
-2.563039991590712052e-01
-2.553058200412326451e-01
-2.543479601542155133e-01
-2.565393977695041294e-01
-2.679014735751681919e-01
-2.602674961090087891e-01
-2.674733002980549945e-01
-2.699988947974311104e-01
-2.672421137491862164e-01
-2.719788551330566406e-01
-2.675299909379746932e-01
-2.667587863074408761e-01
-2.575894991556803570e-01
-2.690940962897406807e-01
-2.644698619842529297e-01
-2.691700458526611328e-01
-2.698718971676296596e-01
-2.720919450124104633e-01
-2.695164150661892299e-01
-2.645928064982096539e-01
-2.668614122602674943e-01
-2.703580326504177456e-01
-2.715667883555094586e-01
-2.675464418199327010e-01
-2.740277979109022599e-01
-2.786931991577148438e-01
-2.756552431318495255e-01
-2.708932293785942802e-01
-2.731873459286159878e-01
-2.673537466261122209e-01
-2.627905474768744698e-01
-2.661876413557264787e-01
-2.632907496558295479e-01
-2.645941045549180526e-01
-2.722879780663384208e-01
-2.625727123684353237e-01
-2.608407868279351005e-01
-2.709623707665337333e-01
-2.732839319441053849e-01
-2.564695411258273716e-01
-2.582227389017741070e-01
-2.631088892618815289e-01
-2.701128588782416573e-01
-2.710327572292751674e-01
-2.759095562828911552e-01
-2.812045680152045479e-01
-2.745239204830593471e-01
-2.811514006720648995e-01
-2.720873620775010604e-01
-2.775324980417887555e-01
-2.800936434004042130e-01
-2.810060448116726284e-01
-2.850011189778645648e-01
-2.773886786566840401e-01
-2.772773636711968193e-01
-2.822056081559922713e-01
-2.770237922668457031e-01
-2.882910039689805526e-01
-2.863302230834960938e-01
-2.819991111755371094e-01
-2.814611858791775112e-01
-2.770176198747422713e-01
-2.894114918178982143e-01
-2.808693779839409599e-01
-2.852063708835178013e-01
-2.868052058749728794e-01
-2.815465397304958706e-01
-2.868973414103190289e-01
-2.855750454796684989e-01
-2.819524606068928851e-01
-2.806762059529622211e-01
-2.858339415656195870e-01
-2.840070194668239956e-01
-2.874553468492295760e-01
-2.823280493418375836e-01
-2.851308716668022880e-01
-2.835162215762668247e-01
-2.881118986341688615e-01
-2.813619772593180524e-01
-2.901330259111192245e-01
-2.862938774956597099e-01
-2.795258363087971820e-01
-2.838656637403700334e-01
-2.869362831115722656e-01
-2.846839957767062779e-01
-2.794139915042453404e-01
-2.923785580529106864e-01
-2.886232270134819755e-01
-2.884284390343559989e-01
-2.877123885684543247e-01
-2.821513811747233258e-01
-2.914821306864420758e-01
-2.937685648600260602e-01
-2.909559673733181362e-01
-2.940004401736789341e-01
-2.843862374623616351e-01
-2.837100558810763951e-01
-2.893612914615207310e-01
-2.890834278530544643e-01
-2.877603371938069476e-01
-2.874445385403103237e-01
-2.912216451432969588e-01
-2.856631278991699219e-01
-2.881842454274495258e-01
-2.912243472205268136e-01
-2.889289591047499162e-01
-2.883750862545437221e-01
-2.925768693288167133e-01
-2.902936670515272599e-01
-2.920964823828803292e-01
-2.885203626420762557e-01
-2.960435284508599052e-01
-2.917503780788845424e-01
-2.939044634501139508e-01
-2.915428744422065011e-01
-2.871316274007161273e-01
-2.790044148763020648e-01
-2.840437624189589005e-01
-2.771647241380479354e-01
-2.856483989291720982e-01
-2.869052622053358537e-01
-2.893652915954589844e-01
-2.951911555396186104e-01
-2.802757157219780693e-01
-2.898088031344943638e-01
-2.950637605455186385e-01
-2.882475058237711774e-01
-2.848222255706787109e-01
-2.939938704172770367e-01
-2.945649623870849609e-01
-2.863967418670654297e-01
-2.816714445749918805e-01
-2.854499022165934430e-01
-2.831192546420627232e-01
-2.854245768653022042e-01
-2.884145047929551620e-01
-2.904715273115370255e-01
-2.926700645022922154e-01
-2.965426709916856307e-01
-2.924506664276123047e-01
-2.898272938198513393e-01
-2.915061844719780693e-01
-2.867574691772460938e-01
-2.893037001291910992e-01
-2.889150778452555524e-01
-2.846035692426893693e-01
-2.847839726342095146e-01
-2.876495785183376674e-01
-2.850216759575737724e-01
-2.850709756215413226e-01
-2.840257750617133370e-01
-2.930036385854085101e-01
-2.936223877800835380e-01
-2.960102558135986328e-01
-2.868194315168592912e-01
-2.863042884402804966e-01
-2.884101867675781250e-01
-2.911800808376736049e-01
-2.933805518680148716e-01
-3.029142485724555245e-01
-2.954128318362765904e-01
-2.964825630187988281e-01
-2.947120136684841518e-01
-2.930876413981119977e-01
-2.992849349975585938e-01
-3.000086943308512555e-01
-3.010776572757297154e-01
-3.010210990905761719e-01
-3.001637193891737443e-01
-3.053148852454291573e-01
-2.980407873789469586e-01
-2.938539187113444195e-01
-2.906570699479844588e-01
-2.937254905700683594e-01
-2.912692493862575893e-01
-2.981928189595540180e-01
-2.980471452077229633e-01
-2.968095143636067523e-01
-3.027817938062880021e-01
-2.966081036461724052e-01
-2.860919369591606864e-01
-2.915687825944688338e-01
-2.888331148359510880e-01
-2.893495559692382812e-01
-2.794607745276557198e-01
-2.935432857937282924e-01
-3.030681080288357143e-01
-3.038632339901394253e-01
-2.999787860446506138e-01
-2.952210638258192521e-01
-2.922903696695963727e-01
-2.909871207343207589e-01
-2.926013999515109654e-01
-3.000871870252821427e-01
-3.002380530039469586e-01
-2.956285476684570312e-01
-2.997093200683593750e-01
-2.950585948096381417e-01
-2.970867686801486607e-01
-2.998826503753662109e-01
-2.958693504333496094e-01
-2.944756613837348214e-01
-3.057314554850260602e-01
-3.029431766933864956e-01
-3.082882033454047432e-01
-3.054970370398627511e-01
-3.089460531870524274e-01
-3.057331509060329799e-01
-2.983347309960259208e-01
-2.979464530944824219e-01
-2.993596659766303292e-01
-3.069606886969672432e-01
-3.045738008287217635e-01
-2.990131378173828125e-01
-2.931806776258680802e-01
-2.997294002109103794e-01
-3.000945780012342912e-01
-2.969908979203965682e-01
-2.982983059353298549e-01
-2.966281308068169364e-01
-3.031113412645127791e-01
-3.074100017547607422e-01
-3.099510404798719865e-01
-3.145223458607991351e-01
-3.131724728478325614e-01
-3.116820123460557479e-01
-3.051387468973795758e-01
-3.088829517364501953e-01
-3.125568760765923271e-01
-3.099493715498182755e-01
-3.121563328637017021e-01
-3.154722584618462333e-01
-3.112510310278998604e-01
-3.096032672458224888e-01
-3.103136751386854630e-01
-3.094122674730088729e-01
-3.131418493058946151e-01
-3.149254586961534041e-01
-3.154372374216715680e-01
-3.140569792853461495e-01
-3.112968868679470424e-01
-3.091401524013943081e-01
-3.091175291273329240e-01
-3.105380535125732422e-01
-3.154369725121392021e-01
-3.128046989440917969e-01
-3.078466521369086495e-01
-3.099858231014675503e-01
-3.124103811052110213e-01
-3.160224490695529576e-01
-3.198716640472412109e-01
-3.159681691063774833e-01
-3.155052926805284041e-01
-3.151717185974121094e-01
-3.133099079132080078e-01
-3.138011296590169086e-01
-3.125858836703830357e-01
-3.115380605061848773e-01
-3.105305035909016742e-01
-3.118045330047607422e-01
-3.179778787824842912e-01
-3.153820302751328963e-01
-3.113320668538411273e-01
-3.113117218017578125e-01
-3.174680868784586774e-01
-3.163320223490397320e-01
-3.155883418189154854e-01
-3.192120658026801339e-01
-3.201501634385850448e-01
-3.161230352189805526e-01
-3.164147006140815011e-01
-3.104422092437744141e-01
-3.109869427151150112e-01
-3.149334589640299664e-01
-3.159969912634955636e-01
-3.163774808247883930e-01
-3.146643638610839844e-01
-3.151920636494954242e-01
-3.141027821434868583e-01
-3.088294135199652901e-01
-3.170406553480360490e-01
-3.159559832678900948e-01
-3.171987798478868026e-01
-3.213030497233073102e-01
-3.230104181501600724e-01
-3.251589934031168805e-01
-3.253011703491210938e-01
-3.249882062276204242e-01
-3.242030408647325057e-01
-3.222530153062608260e-01
-3.207101027170817242e-01
-3.223737080891926898e-01
-3.272514608171250838e-01
-3.259989155663384208e-01
-3.150516086154513951e-01
-3.207160896725124721e-01
-3.178793324364556083e-01
-3.216367827521430245e-01
-3.093672328525119419e-01
-3.093378014034695034e-01
-3.110631042056613560e-01
-3.175857332017686385e-01
-3.133113649156358260e-01
-3.157175117068820591e-01
-3.186815049913194198e-01
-3.220874998304579240e-01
-3.289662202199299945e-01
-3.288252618577744979e-01
-3.177852895524766463e-01
-3.153525458441840401e-01
-3.169310887654622211e-01
-3.144381841023762836e-01
-3.177792231241862164e-01
-3.082146379682753068e-01
-3.174755308363172990e-01
-3.159543938106960659e-01
-3.236686123741997489e-01
-3.273244698842366351e-01
-3.273721271091037388e-01
-3.246095180511474609e-01
-3.211649788750542411e-01
-3.263594044579399833e-01
-3.254816797044541854e-01
-3.264703750610351562e-01
-3.246291213565402622e-01
-3.268236849043104630e-01
-3.152537345886230469e-01
-3.224905861748589286e-01
-3.233168919881184711e-01
-3.209070629543728237e-01
-3.217589060465494977e-01
-3.186166021558973771e-01
-3.239621056450737724e-01
-3.236915270487467633e-01
-3.201310899522569198e-01
-3.234304851955837612e-01
-3.243526882595486049e-01
-3.239747948116726284e-01
-3.321859041849772320e-01
-3.321337170071071987e-01
-3.302458657158745536e-01
-3.315480815039740792e-01
-3.302733898162841797e-01
-3.315749698215060826e-01
-3.310852050781250000e-01
-3.267398940192328682e-01
-3.213512897491455078e-01
-3.256628513336181641e-01
-3.285011980268690568e-01
-3.278878000047471541e-01
-3.269514772627089005e-01
-3.246303399403889789e-01
-3.193430105845133649e-01
-3.295411533779568081e-01
-3.325760099622938615e-01
-3.303757508595784320e-01
-3.292657004462348214e-01
-3.286204867892795201e-01
-3.267942799462212333e-01
-3.217951456705729352e-01
-3.289897706773545760e-01
-3.316155009799533482e-01
-3.328217400444878349e-01
-3.331610891554090959e-01
-3.310800128512912388e-01
-3.339783085717095146e-01
-3.305413193172878628e-01
-3.306617471906874162e-01
-3.314075999789767857e-01
-3.302202224731445312e-01
-3.366535239749484654e-01
-3.331280019548203963e-01
-3.323896196153428573e-01
-3.323045571645100726e-01
-3.301989502376980190e-01
-3.322121567196316128e-01
-3.308712906307644253e-01
-3.356132772233750838e-01
-3.291340404086642857e-01
-3.313821156819661273e-01
-3.330500390794541854e-01
-3.361802895863850726e-01
-3.347871038648817521e-01
-3.278797202640109654e-01
-3.347184128231472378e-01
-3.384764989217122211e-01
-3.341300752427842635e-01
-3.364431063334147320e-01
-3.345048162672255021e-01
-3.320501380496554966e-01
-3.355372216966416854e-01
-3.293142848544650669e-01
-3.320559925503200893e-01
-3.358469539218478794e-01
-3.300049304962158203e-01
-3.371753957536485213e-01
-3.373324871063232422e-01
-3.346988624996609096e-01
-3.363036314646403180e-01
-3.350831667582194195e-01
-3.339125050438774833e-01
-3.357559839884440289e-01
-3.324913713667128068e-01
-3.322278393639458427e-01
-3.400388028886582870e-01
-3.327761756049262276e-01
-3.361511760287814732e-01
-3.352712790171305524e-01
-3.340272903442382812e-01
-3.393409517076280135e-01
-3.312933974795871372e-01
-3.425114684634738560e-01
-3.360566033257378349e-01
-3.326940006679958706e-01
-3.376916779412163505e-01
-3.392783535851372489e-01
-3.328444427914089565e-01
-3.347035778893364677e-01
-3.381764358944363003e-01
-3.390424251556396484e-01
-3.339904414282904854e-01
-3.405282762315537948e-01
-3.370091650221083146e-01
-3.363512357076008930e-01
-3.357079823811848773e-01
-3.368369738260905133e-01
-3.338135083516438617e-01
-3.380400604671902065e-01
-3.341922760009765625e-01
-3.353274398379855747e-01
-3.418287701076931362e-01
-3.386366367340087891e-01
-3.308370643191867466e-01
-3.419445090823703404e-01
-3.348431057400173549e-01
-3.383076455858018416e-01
-3.384981685214572544e-01
-3.390950361887614117e-01
-3.398063447740342635e-01
-3.397911919487847099e-01
-3.337294260660807477e-01
-3.425369262695312500e-01
-3.376030921936035156e-01
-3.375712500678168526e-01
-3.407561514112684709e-01
-3.381542894575331193e-01
-3.370320267147488003e-01
-3.388996654086642857e-01
-3.394462532467312221e-01
-3.354207144843207589e-01
-3.435170915391709823e-01
-3.385678662194145927e-01
-3.388890690273708706e-01
-3.416406048668755302e-01
-3.372082445356581193e-01
-3.414780033959282646e-01
-3.430923091040717354e-01
-3.344905641343858260e-01
-3.390793535444471818e-01
-3.415493435329861049e-01
-3.408353858523898716e-01
-3.404307630327012557e-01
-3.433400260077582589e-01
-3.380103376176621932e-01
-3.378587034013535995e-01
-3.425774309370253068e-01
-3.393789397345648995e-01
-3.407335546281602401e-01
-3.387642701466878070e-01
-3.436606989966498604e-01
-3.397240373823378068e-01
-3.415589597490098495e-01
-3.389519585503472099e-01
-3.409779601626926060e-01
-3.392854001786973495e-01
-3.438071674770779018e-01
-3.355538315243191128e-01
-3.397074540456135883e-01
-3.441415097978379745e-01
-3.432256910536024552e-01
-3.364109198252360211e-01
-3.397728337181938896e-01
-3.415074348449707031e-01
-3.401246070861816406e-01
-3.428756925794813615e-01
-3.424692153930664062e-01
-3.421452575259738560e-01
-3.399486011928982143e-01
-3.409485287136501674e-01
-3.419168790181477680e-01
-3.428518772125244141e-01
-3.385462231106228237e-01
-3.423850801255967635e-01
-3.469129668341742745e-01
-3.418810632493760604e-01
-3.394364780849880581e-01
-3.436672422620985490e-01
-3.371472093794081193e-01
-3.437881469726562500e-01
-3.442820443047417411e-01
-3.419919278886582870e-01
-3.395988146464030133e-01
-3.389744758605957031e-01
-3.435537815093994141e-01
-3.419928020901150112e-01
-3.377704620361328125e-01
-3.475333054860432758e-01
-3.427303632100422992e-01
-3.393225140041775112e-01
-3.412812285953097935e-01
-3.383244938320583706e-01
-3.420994546678330916e-01
-3.416925801171196708e-01
-3.420573870340983258e-01
-3.445618682437472935e-01
-3.433190451727973214e-01
-3.445612854427761440e-01
-3.372779422336154576e-01
-3.440848191579182758e-01
-3.466341760423448104e-01
-3.395102024078369141e-01
-3.422883351643880023e-01
-3.421158260769314174e-01
-3.394322395324707031e-01
-3.444654146830241070e-01
-3.426983091566297990e-01
-3.402576711442735213e-01
-3.431143230862087612e-01
-3.461445437537299386e-01
-3.416100343068440570e-01
-3.395990530649821149e-01
-3.453271389007568359e-01
-3.438796997070312500e-01
-3.436625533633761997e-01
-3.439263767666286831e-01
-3.416545920901828404e-01
-3.432120482126871930e-01
-3.449706236521403180e-01
-3.421549797058105469e-01
-3.427565097808837891e-01
-3.408053451114230747e-01
-3.467127217186821708e-01
-3.415973186492919922e-01
-3.406541082594130021e-01
-3.464445273081461774e-01
-3.441878159840901508e-01
-3.428229490915934430e-01
-3.456819057464599609e-01
-3.439674642350938338e-01
-3.433998690711127511e-01
-3.428067366282145367e-01
-3.456259038713243026e-01
-3.445716169145371932e-01
-3.449083169301350726e-01
-3.447772661844889508e-01
-3.454595671759711495e-01
-3.443161911434597378e-01
-3.387139373355441685e-01
-3.451532522837321149e-01
-3.443888028462727680e-01
-3.437077204386393414e-01
-3.432997862497965680e-01
-3.429075082143147601e-01
-3.456874423556857701e-01
-3.448145389556884766e-01
-3.431212637159559709e-01
-3.456237316131591797e-01
-3.416897190941704521e-01
-3.480938805474175224e-01
-3.421489662594265346e-01
-3.444558249579535714e-01
-3.420885139041476841e-01
-3.444097306993272323e-01
-3.440126842922634487e-01
-3.417313363817002791e-01
-3.462957011328803292e-01
-3.428820768992106305e-01
-3.457885318332248326e-01
-3.456865416632758370e-01
-3.444949520958794364e-01
-3.459344704945881976e-01
-3.440476788414849052e-01
-3.481180667877197266e-01
-3.413721720377604352e-01
-3.470654487609863281e-01
-3.408789369795057755e-01
-3.476067384084065570e-01
-3.445973926120334263e-01
-3.451680607265896206e-01
-3.462342951032850724e-01
-3.472441037495930805e-01
-3.448172410329182758e-01
-3.469787703620063057e-01
-3.456339306301540737e-01
-3.436130682627360211e-01
-3.467558489905463448e-01
-3.428423139784071427e-01
-3.425334824456108818e-01
-3.469378683302137834e-01
-3.497112327151828404e-01
-3.380544715457492466e-01
-3.467002179887559432e-01
-3.427814112769232979e-01
-3.489949438307020646e-01
-3.416601022084553851e-01
-3.414402008056640625e-01
-3.477455774943034039e-01
-3.446668783823649274e-01
-3.442493809594048271e-01
-3.463373714023166294e-01
-3.438507186041938057e-01
-3.438099755181206474e-01
-3.435390525394015904e-01
-3.461059729258219586e-01
-3.444853358798556919e-01
-3.478387196858723773e-01
-3.419310781690809709e-01
-3.471214771270751953e-01
-3.459945784674750557e-01
-3.478294213612874164e-01
-3.395076062944200057e-01
-3.502956496344672432e-01
-3.488967418670654297e-01
-3.470253149668375836e-01
-3.469562795427110213e-01
-3.439874384138319474e-01
-3.471001784006754742e-01
-3.463823000590006695e-01
-3.481902811262342912e-01
-3.456353611416286831e-01
-3.436499171786838169e-01
-3.476509783003065568e-01
-3.451717164781358260e-01
-3.497078418731689453e-01
-3.433907032012939453e-01
-3.460731771257188338e-01
-3.458914491865370255e-01
-3.470730781555175781e-01
-3.480083677503797990e-01
-3.459679815504286271e-01
-3.465486897362602958e-01
-3.496190441979302177e-01
-3.469243049621582031e-01
-3.464114401075575334e-01
-3.479566309187147599e-01
-3.470966815948486328e-01
-3.456621170043945312e-01
-3.488642109764946708e-01
-3.470279905531141740e-01
-3.460542625851101284e-01
-3.459494378831651229e-01
-3.460698392656114120e-01
-3.474021222856309432e-01
-3.478005197313096541e-01
-3.462667200300428849e-01
-3.441559473673502789e-01
-3.438060283660888672e-01
-3.507807784610324497e-01
-3.443752394782172432e-01
-3.471134768591986886e-01
-3.410061200459797992e-01
-3.494044939676920758e-01
-3.471103244357638951e-01
-3.474378850724961776e-01
-3.461441463894314174e-01
-3.467007742987738839e-01
-3.481065167321099052e-01
-3.428633742862277622e-01
-3.483393192291259766e-01
-3.475690417819553013e-01
-3.440252939860026227e-01
-3.465519216325547713e-01
-3.477755122714572544e-01
-3.454632494184706193e-01
-3.456346988677978516e-01
-3.460631370544433594e-01
-3.485692077212863560e-01
-3.471559418572319755e-01
-3.470074865553114396e-01
-3.479066954718695870e-01
-3.461488352881537667e-01
-3.499866856469048271e-01
-3.504502243465847378e-01
-3.462998602125380021e-01
-3.467879825168185826e-01
-3.464222484164767857e-01
-3.504154947068955916e-01
-3.427298069000244141e-01
-3.468538655175102958e-01
-3.493888378143310547e-01
-3.417002095116509208e-01
-3.514676094055175781e-01
-3.469694985283745536e-01
-3.445552984873453961e-01
-3.510033289591471539e-01
-3.494998349083794364e-01
-3.455377154880099888e-01
-3.447513580322265625e-01
-3.458600309160020370e-01
-3.483450942569308872e-01
-3.456466992696126117e-01
-3.468466599782307758e-01
-3.483382860819498883e-01
-3.485327826605902901e-01
-3.488641579945881976e-01
-3.473071522182888393e-01
-3.444336785210503349e-01
-3.494433032141791573e-01
-3.420505258772108537e-01
-3.508366743723551617e-01
-3.437819215986464005e-01
-3.468655745188395367e-01
-3.477394580841064453e-01
-3.464893235100640068e-01
-3.497319751315646763e-01
-3.489167425367567521e-01
-3.475861019558376674e-01
-3.477853933970133649e-01
-3.441741731431748885e-01
-3.477049933539496651e-01
-3.498636351691352120e-01
-3.450613551669650669e-01
-3.486169179280598773e-01
-3.479668829176161271e-01
-3.484756416744655971e-01
-3.487633334265815011e-01
-3.454744021097819195e-01
-3.519731892479790458e-01
-3.487920231289333706e-01
-3.458507061004638672e-01
-3.441766897837321149e-01
-3.507853613959418526e-01
-3.491290675269232979e-01
-3.482585483127170201e-01
-3.489645851982964286e-01
-3.473891417185465680e-01
-3.455511993832058315e-01
-3.472272290123833427e-01
-3.510346412658691406e-01
-3.456040488349066964e-01
-3.478025595347086774e-01
-3.466813034481472378e-01
-3.482607735527886161e-01
-3.447577158610026227e-01
-3.462500307295057755e-01
-3.482379648420546037e-01
-3.500576019287109375e-01
-3.485458427005344029e-01
-3.448301156361897601e-01
-3.502333429124619979e-01
-3.439071178436279297e-01
-3.460195329454209823e-01
-3.491122457716200334e-01
-3.468388186560736886e-01
-3.485826916164821987e-01
-3.481864399380154018e-01
-3.485414452022976284e-01
-3.456746472252739677e-01
-3.504229916466606864e-01
-3.470980061425102958e-01
