2.193335771560668945e+00
2.007491350173950195e+00
1.873219490051269531e+00
1.739821672439575195e+00
1.604949831962585449e+00
1.464398384094238281e+00
1.370284199714660645e+00
1.237968325614929199e+00
1.127161383628845215e+00
1.015964984893798828e+00
9.174122214317321777e-01
8.280913829803466797e-01
7.222271561622619629e-01
6.636936068534851074e-01
5.515438318252563477e-01
4.848035871982574463e-01
4.077193140983581543e-01
3.395411968231201172e-01
2.745392024517059326e-01
1.951806843280792236e-01
1.362876594066619873e-01
9.174496680498123169e-02
3.790214657783508301e-02
-3.590181935578584671e-03
-5.388064682483673096e-02
-8.678257465362548828e-02
-1.191904619336128235e-01
-1.460584998130798340e-01
-1.703709810972213745e-01
-1.875190138816833496e-01
-2.056489288806915283e-01
-2.174182981252670288e-01
-2.320315688848495483e-01
-2.375916093587875366e-01
-2.407429814338684082e-01
-2.417883872985839844e-01
-2.465756088495254517e-01
-2.492323964834213257e-01
-2.469442188739776611e-01
-2.453865110874176025e-01
-2.442951947450637817e-01
-2.421195656061172485e-01
-2.406641393899917603e-01
-2.385308593511581421e-01
-2.386948615312576294e-01
-2.403275817632675171e-01
-2.374831289052963257e-01
-2.356170266866683960e-01
-2.349331378936767578e-01
-2.353128492832183838e-01
-2.370581924915313721e-01
-2.388927191495895386e-01
-2.381633222103118896e-01
-2.384324669837951660e-01
-2.390948385000228882e-01
-2.413202375173568726e-01
-2.428177446126937866e-01
-2.442434430122375488e-01
-2.431220263242721558e-01
-2.444727718830108643e-01
-2.473648935556411743e-01
-2.447611242532730103e-01
-2.461207509040832520e-01
-2.511240243911743164e-01
-2.507229745388031006e-01
-2.508458197116851807e-01
-2.486632466316223145e-01
-2.486230432987213135e-01
-2.512317001819610596e-01
-2.513441741466522217e-01
-2.500162422657012939e-01
-2.518163621425628662e-01
-2.518935799598693848e-01
-2.501906156539916992e-01
-2.511603832244873047e-01
-2.504821717739105225e-01
-2.499609738588333130e-01
-2.496473491191864014e-01
-2.515590786933898926e-01
-2.478773444890975952e-01
-2.505527734756469727e-01
-2.528447806835174561e-01
-2.506774365901947021e-01
-2.547942399978637695e-01
-2.526648938655853271e-01
-2.503619790077209473e-01
-2.513386309146881104e-01
-2.520176768302917480e-01
-2.496053427457809448e-01
-2.539184093475341797e-01
-2.475263923406600952e-01
-2.524332106113433838e-01
-2.544250488281250000e-01
-2.507200539112091064e-01
-2.536026537418365479e-01
-2.542436718940734863e-01
-2.529718577861785889e-01
-2.519790530204772949e-01
-2.504775524139404297e-01
-2.528626620769500732e-01
-2.544310390949249268e-01
-2.518248856067657471e-01
-2.527301609516143799e-01
-2.532389163970947266e-01
-2.547009885311126709e-01
-2.517517805099487305e-01
-2.555041015148162842e-01
-2.528063654899597168e-01
-2.541971504688262939e-01
-2.549160718917846680e-01
-2.529041469097137451e-01
-2.545738816261291504e-01
-2.526633739471435547e-01
-2.564015984535217285e-01
-2.543507814407348633e-01
-2.539860010147094727e-01
-2.557016313076019287e-01
-2.580761313438415527e-01
-2.540332078933715820e-01
-2.536194324493408203e-01
-2.564409077167510986e-01
-2.564208209514617920e-01
-2.525471746921539307e-01
-2.533332109451293945e-01
-2.563627064228057861e-01
-2.552964389324188232e-01
-2.549832463264465332e-01
-2.571850717067718506e-01
-2.548349499702453613e-01
-2.531496286392211914e-01
-2.558967173099517822e-01
-2.585412561893463135e-01
-2.552297711372375488e-01
-2.544033825397491455e-01
-2.580296397209167480e-01
-2.584998607635498047e-01
-2.559228837490081787e-01
-2.589758336544036865e-01
-2.580044269561767578e-01
-2.542552351951599121e-01
-2.571236491203308105e-01
-2.577451467514038086e-01
-2.566009759902954102e-01
-2.554280459880828857e-01
-2.588549256324768066e-01
-2.568232417106628418e-01
-2.582111954689025879e-01
-2.576307654380798340e-01
-2.578019499778747559e-01
-2.568001151084899902e-01
-2.583004534244537354e-01
-2.560071647167205811e-01
-2.563590705394744873e-01
-2.560802996158599854e-01
-2.572264373302459717e-01
-2.579514682292938232e-01
-2.562058269977569580e-01
-2.617697119712829590e-01
-2.580518126487731934e-01
-2.607537806034088135e-01
-2.590029239654541016e-01
-2.592319846153259277e-01
-2.544963657855987549e-01
-2.606375217437744141e-01
-2.599130868911743164e-01
-2.584308087825775146e-01
-2.571379840373992920e-01
-2.597237527370452881e-01
-2.588429152965545654e-01
-2.566101551055908203e-01
-2.575343251228332520e-01
-2.569716274738311768e-01
-2.581945061683654785e-01
-2.600507736206054688e-01
-2.595022022724151611e-01
-2.570224106311798096e-01
-2.591506540775299072e-01
-2.603122591972351074e-01
-2.585096359252929688e-01
-2.583943903446197510e-01
-2.597758173942565918e-01
-2.596400678157806396e-01
-2.620291709899902344e-01
-2.604813873767852783e-01
-2.603134810924530029e-01
-2.597780227661132812e-01
-2.615189850330352783e-01
-2.602662742137908936e-01
-2.618638873100280762e-01
-2.598826885223388672e-01
-2.641137838363647461e-01
-2.598940730094909668e-01
-2.626380324363708496e-01
-2.601090669631958008e-01
-2.623090445995330811e-01
-2.631029784679412842e-01
-2.599221169948577881e-01
-2.612506747245788574e-01
-2.620616555213928223e-01
-2.613728642463684082e-01
-2.604056894779205322e-01
-2.610392570495605469e-01
-2.613015770912170410e-01
-2.657653093338012695e-01
-2.598632276058197021e-01
-2.610618174076080322e-01
-2.676013410091400146e-01
-2.652229666709899902e-01
-2.634781301021575928e-01
-2.641225457191467285e-01
-2.637561559677124023e-01
-2.632838189601898193e-01
-2.625149786472320557e-01
-2.666994631290435791e-01
-2.669242024421691895e-01
-2.618081569671630859e-01
-2.678972184658050537e-01
-2.656015455722808838e-01
-2.629675269126892090e-01
-2.647921144962310791e-01
-2.648487687110900879e-01
-2.663260400295257568e-01
-2.651149332523345947e-01
-2.626010179519653320e-01
-2.642841637134552002e-01
-2.645691633224487305e-01
-2.644513845443725586e-01
-2.638365924358367920e-01
-2.664227783679962158e-01
-2.664170861244201660e-01
-2.667762339115142822e-01
-2.653186619281768799e-01
-2.623888850212097168e-01
-2.666397094726562500e-01
-2.659205198287963867e-01
-2.667629718780517578e-01
-2.687827944755554199e-01
-2.664437890052795410e-01
-2.633068561553955078e-01
-2.663893103599548340e-01
-2.647334039211273193e-01
-2.657524943351745605e-01
-2.670972943305969238e-01
-2.664898037910461426e-01
-2.665823996067047119e-01
-2.672600746154785156e-01
-2.640764117240905762e-01
-2.677208185195922852e-01
-2.674497663974761963e-01
-2.672485113143920898e-01
-2.649742066860198975e-01
-2.694253623485565186e-01
-2.685419321060180664e-01
-2.699099779129028320e-01
-2.672181427478790283e-01
-2.711062431335449219e-01
-2.708691656589508057e-01
-2.685259878635406494e-01
-2.685246765613555908e-01
-2.683916091918945312e-01
-2.689180672168731689e-01
-2.694332897663116455e-01
-2.684535086154937744e-01
-2.681442201137542725e-01
-2.673929929733276367e-01
-2.671258151531219482e-01
-2.677868604660034180e-01
-2.691371738910675049e-01
-2.678135335445404053e-01
-2.674118578433990479e-01
-2.694447338581085205e-01
-2.673160433769226074e-01
-2.682764232158660889e-01
-2.679679095745086670e-01
-2.704179584980010986e-01
-2.722579240798950195e-01
-2.685182988643646240e-01
-2.707381546497344971e-01
-2.676039934158325195e-01
-2.697859406471252441e-01
-2.702313363552093506e-01
-2.689603865146636963e-01
-2.706299424171447754e-01
-2.715921998023986816e-01
-2.707387208938598633e-01
-2.720561325550079346e-01
-2.730993330478668213e-01
-2.709973752498626709e-01
-2.713053822517395020e-01
-2.703155577182769775e-01
-2.714608013629913330e-01
-2.710445523262023926e-01
-2.698015868663787842e-01
-2.714698016643524170e-01
-2.696624994277954102e-01
-2.706980407238006592e-01
-2.709869742393493652e-01
-2.686278820037841797e-01
-2.709552645683288574e-01
-2.737323045730590820e-01
-2.723049819469451904e-01
-2.725459039211273193e-01
-2.726155519485473633e-01
-2.732249796390533447e-01
-2.687031030654907227e-01
-2.719997167587280273e-01
-2.736664712429046631e-01
-2.724127769470214844e-01
-2.719891071319580078e-01
-2.733647525310516357e-01
-2.745155990123748779e-01
-2.729784250259399414e-01
-2.765248417854309082e-01
-2.746624648571014404e-01
-2.734100818634033203e-01
-2.731189131736755371e-01
-2.717984020709991455e-01
-2.739467918872833252e-01
-2.737779319286346436e-01
-2.741309404373168945e-01
-2.756278514862060547e-01
-2.735181748867034912e-01
-2.742204666137695312e-01
-2.727871239185333252e-01
-2.733906209468841553e-01
-2.732592225074768066e-01
-2.747039794921875000e-01
-2.753326296806335449e-01
-2.734672725200653076e-01
-2.759065330028533936e-01
-2.773019075393676758e-01
-2.748241722583770752e-01
-2.726101577281951904e-01
-2.752738893032073975e-01
-2.747867703437805176e-01
-2.770881950855255127e-01
-2.768497169017791748e-01
-2.757126986980438232e-01
-2.749946713447570801e-01
-2.745874524116516113e-01
-2.762350440025329590e-01
-2.753413915634155273e-01
-2.740703821182250977e-01
-2.738796472549438477e-01
-2.728881835937500000e-01
-2.761545777320861816e-01
-2.759587466716766357e-01
-2.776203453540802002e-01
-2.779306769371032715e-01
-2.771255970001220703e-01
-2.753978371620178223e-01
-2.770750820636749268e-01
-2.770724892616271973e-01
-2.758886814117431641e-01
-2.761234641075134277e-01
-2.770462036132812500e-01
-2.774152159690856934e-01
-2.780539691448211670e-01
-2.763800024986267090e-01
-2.782053351402282715e-01
-2.787280678749084473e-01
-2.772756218910217285e-01
-2.778454124927520752e-01
-2.766333520412445068e-01
-2.789797484874725342e-01
-2.785476148128509521e-01
-2.769551873207092285e-01
-2.795809805393218994e-01
-2.769356369972229004e-01
-2.785388827323913574e-01
-2.772980630397796631e-01
-2.790162265300750732e-01
-2.799019515514373779e-01
-2.769383490085601807e-01
-2.802212834358215332e-01
-2.794121801853179932e-01
-2.775513827800750732e-01
-2.778431475162506104e-01
-2.807400822639465332e-01
-2.789421379566192627e-01
-2.781198322772979736e-01
-2.791735827922821045e-01
-2.772758901119232178e-01
-2.799932658672332764e-01
-2.803857922554016113e-01
-2.805623114109039307e-01
-2.797771692276000977e-01
-2.790560424327850342e-01
-2.810849249362945557e-01
-2.799686193466186523e-01
-2.808816432952880859e-01
-2.813347876071929932e-01
-2.816080749034881592e-01
-2.785335779190063477e-01
-2.795212268829345703e-01
-2.808623015880584717e-01
-2.810161709785461426e-01
-2.808502316474914551e-01
-2.796154320240020752e-01
-2.798306345939636230e-01
-2.800874114036560059e-01
-2.809641063213348389e-01
-2.816008031368255615e-01
-2.801974117755889893e-01
-2.785571515560150146e-01
-2.817584872245788574e-01
-2.790492177009582520e-01
-2.818019390106201172e-01
-2.809276282787322998e-01
-2.790647447109222412e-01
-2.822254896163940430e-01
-2.820931077003479004e-01
-2.831764519214630127e-01
-2.807296812534332275e-01
-2.807528376579284668e-01
-2.824703454971313477e-01
-2.822331488132476807e-01
-2.808967530727386475e-01
-2.815484106540679932e-01
-2.804185152053833008e-01
-2.811229228973388672e-01
-2.837726771831512451e-01
-2.837308347225189209e-01
-2.805817127227783203e-01
-2.831590473651885986e-01
-2.837383747100830078e-01
-2.822008728981018066e-01
-2.818729877471923828e-01
-2.821236550807952881e-01
-2.852297425270080566e-01
-2.821460068225860596e-01
-2.822344005107879639e-01
-2.815301716327667236e-01
-2.849305272102355957e-01
-2.843436598777770996e-01
-2.818407416343688965e-01
-2.846353650093078613e-01
-2.823938727378845215e-01
-2.839137613773345947e-01
-2.857321202754974365e-01
-2.821969389915466309e-01
-2.827410697937011719e-01
-2.815539240837097168e-01
-2.833128571510314941e-01
-2.847812175750732422e-01
-2.854145467281341553e-01
-2.815459072589874268e-01
-2.846770882606506348e-01
-2.833300828933715820e-01
-2.845357656478881836e-01
-2.831634879112243652e-01
-2.838922142982482910e-01
-2.826977074146270752e-01
-2.844943106174468994e-01
-2.826986610889434814e-01
-2.869901061058044434e-01
-2.833998203277587891e-01
-2.848680317401885986e-01
-2.864768803119659424e-01
-2.832732498645782471e-01
-2.873347103595733643e-01
-2.882603704929351807e-01
-2.857038080692291260e-01
-2.852994203567504883e-01
-2.842066884040832520e-01
-2.864390313625335693e-01
-2.838762700557708740e-01
-2.881585955619812012e-01
-2.870033383369445801e-01
-2.863205373287200928e-01
-2.853880524635314941e-01
-2.840014994144439697e-01
-2.866992056369781494e-01
-2.844869494438171387e-01
-2.874102294445037842e-01
-2.851361334323883057e-01
-2.861111462116241455e-01
-2.879178225994110107e-01
-2.870678901672363281e-01
-2.850781977176666260e-01
-2.876669764518737793e-01
-2.835260033607482910e-01
-2.871025502681732178e-01
-2.891188263893127441e-01
-2.866792082786560059e-01
-2.881503999233245850e-01
-2.879749238491058350e-01
-2.875532209873199463e-01
-2.877956032752990723e-01
-2.873292863368988037e-01
-2.887807488441467285e-01
-2.864664196968078613e-01
-2.871224880218505859e-01
-2.863812148571014404e-01
-2.888099849224090576e-01
-2.877644598484039307e-01
-2.881407439708709717e-01
-2.883057296276092529e-01
-2.899243235588073730e-01
-2.881132364273071289e-01
-2.880325913429260254e-01
-2.881864607334136963e-01
-2.885001897811889648e-01
-2.900449335575103760e-01
-2.886323630809783936e-01
-2.878118753433227539e-01
-2.895850241184234619e-01
-2.881542444229125977e-01
-2.893064022064208984e-01
-2.882004976272583008e-01
-2.887521386146545410e-01
-2.907837033271789551e-01
-2.892519533634185791e-01
-2.895121574401855469e-01
-2.874399423599243164e-01
-2.902642786502838135e-01
-2.909506261348724365e-01
-2.897150218486785889e-01
-2.922137975692749023e-01
-2.909041345119476318e-01
-2.889824807643890381e-01
-2.889602184295654297e-01
-2.900836169719696045e-01
-2.919129431247711182e-01
-2.913325130939483643e-01
-2.915933430194854736e-01
-2.909705638885498047e-01
-2.877297401428222656e-01
-2.903516888618469238e-01
-2.912006080150604248e-01
-2.897964417934417725e-01
-2.907205820083618164e-01
-2.904331088066101074e-01
-2.907359004020690918e-01
-2.909445464611053467e-01
-2.910119593143463135e-01
-2.918532788753509521e-01
-2.919946908950805664e-01
-2.929675281047821045e-01
-2.899151742458343506e-01
-2.917009294033050537e-01
-2.918207049369812012e-01
-2.907347381114959717e-01
-2.939338386058807373e-01
-2.899409830570220947e-01
-2.918634116649627686e-01
-2.921002209186553955e-01
-2.911321520805358887e-01
-2.928490638732910156e-01
-2.907520532608032227e-01
-2.930592596530914307e-01
-2.916848957538604736e-01
-2.908514440059661865e-01
-2.911801040172576904e-01
-2.936004102230072021e-01
-2.916450798511505127e-01
-2.932935953140258789e-01
-2.924291491508483887e-01
-2.912584245204925537e-01
-2.946662902832031250e-01
-2.896168529987335205e-01
-2.902377843856811523e-01
-2.926986813545227051e-01
-2.908233106136322021e-01
-2.923678159713745117e-01
-2.919811904430389404e-01
-2.929182052612304688e-01
-2.928219735622406006e-01
-2.957014143466949463e-01
-2.908557057380676270e-01
-2.912823259830474854e-01
-2.917296886444091797e-01
-2.941500246524810791e-01
-2.931241393089294434e-01
-2.929335236549377441e-01
-2.946316003799438477e-01
-2.936871051788330078e-01
-2.930643260478973389e-01
-2.956346273422241211e-01
-2.918255031108856201e-01
-2.934113740921020508e-01
-2.939729988574981689e-01
-2.943382263183593750e-01
-2.949298620223999023e-01
-2.954314053058624268e-01
-2.928610146045684814e-01
-2.948752939701080322e-01
-2.949960231781005859e-01
-2.932750880718231201e-01
-2.931645512580871582e-01
-2.921041250228881836e-01
-2.945557236671447754e-01
-2.955498695373535156e-01
-2.915238440036773682e-01
-2.953466176986694336e-01
-2.911916673183441162e-01
-2.947959005832672119e-01
-2.963838875293731689e-01
-2.957092821598052979e-01
-2.940117716789245605e-01
-2.915732264518737793e-01
-2.949628233909606934e-01
-2.950083613395690918e-01
-2.976606786251068115e-01
-2.939180731773376465e-01
-2.941132187843322754e-01
-2.935616374015808105e-01
-2.947733700275421143e-01
-2.944747209548950195e-01
-2.931251823902130127e-01
-2.947732210159301758e-01
-2.948164641857147217e-01
-2.965385615825653076e-01
-2.935698926448822021e-01
-2.931181788444519043e-01
-2.954917550086975098e-01
-2.936156690120697021e-01
-2.972503304481506348e-01
-2.935524880886077881e-01
-2.949108481407165527e-01
-2.941991090774536133e-01
-2.933475077152252197e-01
-2.950173318386077881e-01
-2.947500348091125488e-01
-2.953613996505737305e-01
-2.930701673030853271e-01
-2.951423227787017822e-01
-2.947701513767242432e-01
-2.946073114871978760e-01
-2.945902645587921143e-01
-2.941282391548156738e-01
-2.940181791782379150e-01
-2.937291264533996582e-01
-2.959600389003753662e-01
-2.949440479278564453e-01
-2.951128780841827393e-01
-2.952176332473754883e-01
-2.983241379261016846e-01
-2.972796261310577393e-01
-2.943049371242523193e-01
-2.960769236087799072e-01
-2.964782118797302246e-01
-2.934935390949249268e-01
-2.925567030906677246e-01
-2.945444583892822266e-01
-2.962891161441802979e-01
-2.957542836666107178e-01
-2.941192388534545898e-01
-2.946331799030303955e-01
-2.949442267417907715e-01
-2.944751083850860596e-01
-2.955897748470306396e-01
-2.955497205257415771e-01
-2.956734597682952881e-01
-2.948157489299774170e-01
-2.975787818431854248e-01
-2.948159277439117432e-01
-2.969322204589843750e-01
-2.940310835838317871e-01
-2.933643460273742676e-01
-2.966950237751007080e-01
-2.975921034812927246e-01
-2.978062927722930908e-01
-2.982403635978698730e-01
-2.954741120338439941e-01
-2.958898544311523438e-01
-2.966386377811431885e-01
-2.971532046794891357e-01
-2.958272099494934082e-01
-2.974180877208709717e-01
-2.963778972625732422e-01
-2.959958314895629883e-01
-2.946839630603790283e-01
-2.952368557453155518e-01
-2.986636161804199219e-01
-2.985770404338836670e-01
-2.970100939273834229e-01
-2.958742678165435791e-01
-2.959948778152465820e-01
-2.978091537952423096e-01
-2.957708835601806641e-01
-2.948478460311889648e-01
-2.966143190860748291e-01
-2.972880601882934570e-01
-2.973149716854095459e-01
-2.964558601379394531e-01
-2.963614463806152344e-01
-2.939376235008239746e-01
-2.961229681968688965e-01
-2.961665093898773193e-01
-2.979446947574615479e-01
-2.955507040023803711e-01
-2.987064719200134277e-01
-2.951266467571258545e-01
-2.957983314990997314e-01
-2.973899245262145996e-01
-2.959887087345123291e-01
-2.950217127799987793e-01
-2.977505326271057129e-01
-2.963281571865081787e-01
-2.964837551116943359e-01
-2.954884767532348633e-01
-2.966808974742889404e-01
-2.966973185539245605e-01
-2.962179183959960938e-01
-2.976858615875244141e-01
-2.957916855812072754e-01
-2.974499762058258057e-01
-2.992825508117675781e-01
-2.952977418899536133e-01
-2.957730591297149658e-01
-2.970879375934600830e-01
-2.960056066513061523e-01
-2.950623333454132080e-01
-2.974568307399749756e-01
-2.951273024082183838e-01
-2.966093122959136963e-01
-2.974845468997955322e-01
-3.002984821796417236e-01
-2.966986000537872314e-01
-2.962331473827362061e-01
-3.016073703765869141e-01
-2.994060814380645752e-01
-2.971580326557159424e-01
-2.981226146221160889e-01
-2.970011532306671143e-01
-2.961791455745697021e-01
-2.976160347461700439e-01
-2.979814708232879639e-01
-2.987640798091888428e-01
-2.962892651557922363e-01
-2.949374318122863770e-01
-2.978251278400421143e-01
-2.947276532649993896e-01
-2.972244322299957275e-01
-2.959131598472595215e-01
-2.980566322803497314e-01
-2.980869114398956299e-01
-2.955886125564575195e-01
-2.962886393070220947e-01
-2.968932092189788818e-01
-2.969157099723815918e-01
-2.948054671287536621e-01
-2.982726693153381348e-01
-2.941779196262359619e-01
-2.971628904342651367e-01
-2.980370521545410156e-01
-2.998169064521789551e-01
-2.969281971454620361e-01
-2.974550426006317139e-01
-2.969376742839813232e-01
-2.976401448249816895e-01
-2.987364530563354492e-01
-2.985882461071014404e-01
-2.951355576515197754e-01
-2.964786589145660400e-01
-2.958959937095642090e-01
-2.982386052608489990e-01
-2.997994124889373779e-01
-2.978769540786743164e-01
-2.983395457267761230e-01
-3.005640804767608643e-01
-2.967021465301513672e-01
-2.987172901630401611e-01
-3.018347620964050293e-01
-2.965690493583679199e-01
-2.990644872188568115e-01
-2.994347512722015381e-01
-2.970077395439147949e-01
-2.990427017211914062e-01
-2.977300584316253662e-01
-3.001105785369873047e-01
-2.999513447284698486e-01
-2.984503805637359619e-01
-2.975820600986480713e-01
-2.962111234664916992e-01
-2.998860478401184082e-01
-2.975006997585296631e-01
-2.992849946022033691e-01
-2.990565598011016846e-01
-2.975274622440338135e-01
-3.000688552856445312e-01
-2.983512878417968750e-01
-2.983880639076232910e-01
-2.988833189010620117e-01
-2.983838319778442383e-01
-2.973662614822387695e-01
-2.980334758758544922e-01
-2.973111867904663086e-01
-2.997807264328002930e-01
-2.988116741180419922e-01
-3.006701171398162842e-01
-2.999415993690490723e-01
-2.989815175533294678e-01
-3.000797033309936523e-01
-2.992885112762451172e-01
-2.994006872177124023e-01
-3.013541996479034424e-01
-2.992717921733856201e-01
-2.974393367767333984e-01
-2.986017167568206787e-01
-2.995565533638000488e-01
-3.000664710998535156e-01
-2.984029650688171387e-01
-2.979949414730072021e-01
-2.978943884372711182e-01
-2.992353439331054688e-01
-3.003431558609008789e-01
-2.992308437824249268e-01
-3.018819689750671387e-01
-3.009616732597351074e-01
-2.987660765647888184e-01
-3.014244735240936279e-01
-3.013635277748107910e-01
-3.016782701015472412e-01
-3.010295927524566650e-01
-3.017047047615051270e-01
-3.005913794040679932e-01
-3.026623427867889404e-01
-3.013215959072113037e-01
-2.983569800853729248e-01
-3.008498847484588623e-01
-3.006046116352081299e-01
-3.008330762386322021e-01
-3.003579974174499512e-01
-3.041979372501373291e-01
-3.025613725185394287e-01
-2.991178333759307861e-01
-2.995162606239318848e-01
-3.011488616466522217e-01
-3.017273843288421631e-01
-3.006669282913208008e-01
-3.019160926342010498e-01
-3.040562868118286133e-01
-3.018434345722198486e-01
-3.004173040390014648e-01
-3.011023402214050293e-01
-3.027933835983276367e-01
-3.018378317356109619e-01
-3.029213547706604004e-01
-3.022938966751098633e-01
-3.025587797164916992e-01
-3.033412694931030273e-01
-3.031090497970581055e-01
-3.021506965160369873e-01
-3.010964989662170410e-01
-3.031941056251525879e-01
-3.025597035884857178e-01
-3.026038110256195068e-01
-3.016819953918457031e-01
-3.027698993682861328e-01
-3.036142289638519287e-01
-3.005768656730651855e-01
-3.038237392902374268e-01
-3.048354983329772949e-01
-3.025818765163421631e-01
-3.051731586456298828e-01
-3.038256466388702393e-01
-3.037816584110260010e-01
-3.020496964454650879e-01
-3.050716519355773926e-01
-3.049985170364379883e-01
-3.060439229011535645e-01
-3.041920065879821777e-01
-3.053343594074249268e-01
-3.045112490653991699e-01
-3.037286698818206787e-01
-3.033928871154785156e-01
-3.040155172348022461e-01
-3.047420084476470947e-01
-3.049910962581634521e-01
-3.046225011348724365e-01
-3.048226237297058105e-01
-3.040591180324554443e-01
-3.048437535762786865e-01
-3.056241869926452637e-01
-3.038715124130249023e-01
-3.055043816566467285e-01
-3.057343363761901855e-01
-3.039695918560028076e-01
-3.051244616508483887e-01
-3.054344356060028076e-01
-3.051871955394744873e-01
-3.074815571308135986e-01
-3.067090809345245361e-01
-3.062883019447326660e-01
-3.067244291305541992e-01
-3.083313107490539551e-01
-3.061393201351165771e-01
-3.053680956363677979e-01
-3.082066178321838379e-01
-3.066076934337615967e-01
-3.067760765552520752e-01
-3.076183497905731201e-01
-3.082133829593658447e-01
-3.079831302165985107e-01
-3.070631623268127441e-01
-3.075195252895355225e-01
-3.082731068134307861e-01
-3.080704808235168457e-01
-3.057814240455627441e-01
-3.091925680637359619e-01
-3.091615736484527588e-01
-3.083491921424865723e-01
-3.078633248805999756e-01
-3.078303933143615723e-01
-3.072331547737121582e-01
-3.065266311168670654e-01
-3.084984719753265381e-01
-3.091484010219573975e-01
-3.080419301986694336e-01
-3.070738613605499268e-01
-3.098968863487243652e-01
-3.095433413982391357e-01
-3.071474134922027588e-01
-3.088825047016143799e-01
-3.085537850856781006e-01
-3.071034550666809082e-01
-3.089538514614105225e-01
-3.089503645896911621e-01
-3.093821406364440918e-01
-3.076381087303161621e-01
-3.111759722232818604e-01
-3.106292188167572021e-01
-3.108609318733215332e-01
-3.083069920539855957e-01
-3.096070289611816406e-01
-3.100072741508483887e-01
-3.108344972133636475e-01
-3.085911870002746582e-01
-3.115218579769134521e-01
-3.107428550720214844e-01
-3.086267709732055664e-01
-3.105386495590209961e-01
-3.095848858356475830e-01
-3.107591569423675537e-01
-3.100017607212066650e-01
-3.096322417259216309e-01
-3.088914155960083008e-01
-3.102076053619384766e-01
-3.115314543247222900e-01
-3.116008639335632324e-01
-3.096677064895629883e-01
-3.110001087188720703e-01
-3.111237287521362305e-01
-3.094071745872497559e-01
-3.119343221187591553e-01
-3.096534311771392822e-01
-3.106333315372467041e-01
-3.099254965782165527e-01
-3.095808625221252441e-01
-3.104968667030334473e-01
-3.105681240558624268e-01
-3.106123805046081543e-01
-3.109315633773803711e-01
-3.108900189399719238e-01
-3.095211088657379150e-01
-3.096270263195037842e-01
-3.094579875469207764e-01
-3.119114041328430176e-01
-3.114475309848785400e-01
-3.121823668479919434e-01
-3.126405775547027588e-01
-3.102484941482543945e-01
-3.113363981246948242e-01
-3.112564086914062500e-01
-3.112921714782714844e-01
-3.107472658157348633e-01
-3.092522621154785156e-01
-3.118972778320312500e-01
-3.135491907596588135e-01
-3.107270002365112305e-01
-3.131688535213470459e-01
-3.107745945453643799e-01
-3.109444081783294678e-01
-3.123082518577575684e-01
-3.116832375526428223e-01
-3.138604462146759033e-01
-3.118687868118286133e-01
-3.121633231639862061e-01
-3.135333359241485596e-01
-3.108819127082824707e-01
-3.112130761146545410e-01
-3.127701580524444580e-01
-3.113819956779479980e-01
-3.129770159721374512e-01
-3.125240504741668701e-01
-3.121208846569061279e-01
-3.134748041629791260e-01
-3.130138516426086426e-01
-3.118637204170227051e-01
-3.104828596115112305e-01
-3.125928342342376709e-01
-3.135636448860168457e-01
-3.131429851055145264e-01
-3.131678700447082520e-01
-3.111119568347930908e-01
-3.126718103885650635e-01
-3.121427595615386963e-01
-3.119452893733978271e-01
-3.109055459499359131e-01
-3.125103712081909180e-01
-3.107267022132873535e-01
-3.123742043972015381e-01
-3.109657466411590576e-01
-3.112691044807434082e-01
-3.111513555049896240e-01
-3.135023117065429688e-01
-3.136906623840332031e-01
-3.112915456295013428e-01
-3.129763305187225342e-01
-3.116185665130615234e-01
-3.131550550460815430e-01
-3.131596148014068604e-01
-3.138276636600494385e-01
-3.148914277553558350e-01
-3.117626309394836426e-01
-3.135290443897247314e-01
-3.136559426784515381e-01
-3.126992881298065186e-01
-3.137962520122528076e-01
-3.119287192821502686e-01
-3.134375214576721191e-01
-3.136180341243743896e-01
-3.146331012248992920e-01
-3.126908540725708008e-01
-3.129093647003173828e-01
-3.132470846176147461e-01
-3.134276866912841797e-01
-3.140529096126556396e-01
-3.113121390342712402e-01
-3.140316307544708252e-01
-3.128297626972198486e-01
-3.135096132755279541e-01
-3.130418956279754639e-01
-3.128393292427062988e-01
-3.155089020729064941e-01
-3.136873543262481689e-01
-3.137255012989044189e-01
-3.122332990169525146e-01
-3.134380578994750977e-01
-3.127111196517944336e-01
-3.118355274200439453e-01
-3.138536512851715088e-01
-3.139860630035400391e-01
-3.139292895793914795e-01
-3.136450052261352539e-01
-3.147098124027252197e-01
-3.117381632328033447e-01
-3.121941387653350830e-01
-3.134795725345611572e-01
-3.138629794120788574e-01
-3.128549158573150635e-01
-3.149812519550323486e-01
-3.140748739242553711e-01
-3.140144050121307373e-01
-3.161074519157409668e-01
-3.142606914043426514e-01
-3.141103088855743408e-01
-3.133099377155303955e-01
-3.135926127433776855e-01
-3.124020397663116455e-01
-3.128214478492736816e-01
-3.139638602733612061e-01
-3.158977627754211426e-01
-3.147354722023010254e-01
-3.139722943305969238e-01
-3.154245316982269287e-01
-3.121608793735504150e-01
-3.136540651321411133e-01
-3.134658336639404297e-01
-3.144241869449615479e-01
-3.150701820850372314e-01
-3.176000416278839111e-01
-3.147577941417694092e-01
-3.143656849861145020e-01
-3.134014904499053955e-01
-3.123319149017333984e-01
-3.136710822582244873e-01
-3.138663470745086670e-01
-3.145735561847686768e-01
-3.142215907573699951e-01
-3.143380880355834961e-01
-3.148102164268493652e-01
-3.132666051387786865e-01
-3.124820291996002197e-01
-3.144262731075286865e-01
-3.126512765884399414e-01
-3.133026659488677979e-01
-3.135876953601837158e-01
-3.136369884014129639e-01
-3.138649165630340576e-01
-3.148767054080963135e-01
-3.152049481868743896e-01
-3.140889406204223633e-01
-3.137080073356628418e-01
-3.144858479499816895e-01
-3.153453469276428223e-01
-3.144628107547760010e-01
-3.146575987339019775e-01
-3.148325085639953613e-01
-3.144742250442504883e-01
-3.135544955730438232e-01
-3.161089718341827393e-01
-3.147908449172973633e-01
-3.143486976623535156e-01
-3.160210549831390381e-01
-3.141648471355438232e-01
-3.165107667446136475e-01
-3.159591555595397949e-01
-3.143945634365081787e-01
-3.160026967525482178e-01
-3.136497735977172852e-01
-3.163497447967529297e-01
-3.139644265174865723e-01
-3.154708743095397949e-01
-3.144581615924835205e-01
-3.144854605197906494e-01
-3.145740330219268799e-01
-3.169206678867340088e-01
-3.153094947338104248e-01
-3.160208761692047119e-01
-3.133916556835174561e-01
-3.162472546100616455e-01
-3.161922097206115723e-01
-3.150414228439331055e-01
-3.151898682117462158e-01
-3.161784410476684570e-01
-3.147578835487365723e-01
-3.138187825679779053e-01
-3.147576153278350830e-01
-3.153754472732543945e-01
-3.133040666580200195e-01
-3.138061463832855225e-01
-3.164542317390441895e-01
-3.154025375843048096e-01
-3.154339194297790527e-01
-3.149976730346679688e-01
-3.149109482765197754e-01
-3.138897418975830078e-01
-3.146843612194061279e-01
-3.164906799793243408e-01
-3.132514655590057373e-01
-3.151813447475433350e-01
-3.157791793346405029e-01
-3.157801628112792969e-01
-3.143068552017211914e-01
-3.145123422145843506e-01
-3.161076605319976807e-01
-3.141272664070129395e-01
-3.152973055839538574e-01
-3.139955997467041016e-01
-3.142808973789215088e-01
-3.139863908290863037e-01
-3.164711296558380127e-01
-3.147592544555664062e-01
-3.167037963867187500e-01
-3.138986229896545410e-01
-3.151324689388275146e-01
-3.159322142601013184e-01
-3.152080774307250977e-01
-3.154067099094390869e-01
-3.147239685058593750e-01
-3.169907033443450928e-01
-3.157778084278106689e-01
-3.166731894016265869e-01
-3.167823851108551025e-01
-3.163062036037445068e-01
-3.154704570770263672e-01
-3.148186802864074707e-01
-3.155433237552642822e-01
-3.162737488746643066e-01
-3.158749341964721680e-01
-3.159862458705902100e-01
-3.159078955650329590e-01
-3.163049519062042236e-01
-3.148179948329925537e-01
-3.158385157585144043e-01
-3.157304823398590088e-01
-3.143658339977264404e-01
-3.162305355072021484e-01
-3.163455724716186523e-01
-3.147496581077575684e-01
-3.139231503009796143e-01
-3.162668049335479736e-01
-3.136395812034606934e-01
-3.172150552272796631e-01
-3.151941597461700439e-01
-3.149437904357910156e-01
-3.158518373966217041e-01
-3.156463503837585449e-01
-3.142851591110229492e-01
-3.155787289142608643e-01
-3.171275556087493896e-01
-3.151738941669464111e-01
-3.164934813976287842e-01
-3.153115808963775635e-01
-3.160236477851867676e-01
-3.167683184146881104e-01
-3.140256404876708984e-01
-3.176483213901519775e-01
-3.168918490409851074e-01
-3.143742084503173828e-01
-3.181161582469940186e-01
-3.144453167915344238e-01
-3.169304132461547852e-01
-3.166838884353637695e-01
-3.191514015197753906e-01
-3.157545328140258789e-01
-3.155351579189300537e-01
-3.165621161460876465e-01
-3.161991536617279053e-01
-3.158858120441436768e-01
-3.155160248279571533e-01
-3.174791038036346436e-01
-3.146213889122009277e-01
-3.168576657772064209e-01
-3.165462613105773926e-01
-3.157946467399597168e-01
-3.143996298313140869e-01
-3.168775141239166260e-01
-3.167947530746459961e-01
-3.159792423248291016e-01
-3.155140876770019531e-01
-3.158249258995056152e-01
-3.177610337734222412e-01
-3.162908256053924561e-01
-3.152678310871124268e-01
-3.174568414688110352e-01
-3.164401948451995850e-01
-3.181546628475189209e-01
-3.144464790821075439e-01
-3.148157596588134766e-01
-3.173190355300903320e-01
-3.152263760566711426e-01
-3.161558210849761963e-01
-3.177149295806884766e-01
-3.154597282409667969e-01
-3.155943751335144043e-01
-3.171169161796569824e-01
-3.162947297096252441e-01
-3.163253962993621826e-01
-3.177652657032012939e-01
-3.168760240077972412e-01
-3.150663077831268311e-01
-3.177286982536315918e-01
-3.145108520984649658e-01
-3.170262873172760010e-01
-3.167805671691894531e-01
-3.163061439990997314e-01
-3.166512548923492432e-01
-3.184085190296173096e-01
-3.178277909755706787e-01
-3.172501027584075928e-01
-3.166591823101043701e-01
-3.178457319736480713e-01
-3.164530098438262939e-01
-3.166491985321044922e-01
-3.182022869586944580e-01
-3.167593479156494141e-01
-3.161011934280395508e-01
-3.165254592895507812e-01
-3.175470530986785889e-01
-3.172913789749145508e-01
-3.172759413719177246e-01
-3.157967627048492432e-01
-3.167887628078460693e-01
-3.166794478893280029e-01
-3.166971504688262939e-01
-3.160687983036041260e-01
-3.179167807102203369e-01
-3.168397247791290283e-01
-3.160696327686309814e-01
-3.167052567005157471e-01
-3.173713386058807373e-01
-3.157622218132019043e-01
-3.181815743446350098e-01
-3.166730403900146484e-01
-3.155804574489593506e-01
-3.166345953941345215e-01
-3.167673945426940918e-01
-3.162494599819183350e-01
-3.163631558418273926e-01
-3.177378475666046143e-01
-3.178954422473907471e-01
-3.168375790119171143e-01
-3.179143071174621582e-01
-3.165183663368225098e-01
-3.168830573558807373e-01
-3.159454166889190674e-01
-3.164930343627929688e-01
-3.182935118675231934e-01
-3.157879710197448730e-01
-3.170047104358673096e-01
-3.179062604904174805e-01
-3.166936635971069336e-01
-3.178737163543701172e-01
-3.158919215202331543e-01
-3.162611126899719238e-01
-3.184304237365722656e-01
-3.174624145030975342e-01
-3.174039423465728760e-01
-3.168039619922637939e-01
-3.174522221088409424e-01
-3.165637850761413574e-01
-3.172793686389923096e-01
-3.185274600982666016e-01
-3.158475458621978760e-01
-3.158075809478759766e-01
-3.171074986457824707e-01
-3.162110447883605957e-01
-3.178543746471405029e-01
-3.171720504760742188e-01
-3.160100579261779785e-01
-3.159316480159759521e-01
-3.181873857975006104e-01
-3.175981938838958740e-01
-3.175337612628936768e-01
-3.179793357849121094e-01
-3.183087706565856934e-01
-3.169497549533843994e-01
-3.164528012275695801e-01
-3.163918852806091309e-01
-3.158801198005676270e-01
-3.168616294860839844e-01
-3.170004189014434814e-01
-3.164349198341369629e-01
-3.158164322376251221e-01
-3.158740699291229248e-01
-3.172539174556732178e-01
-3.155730962753295898e-01
-3.170454800128936768e-01
-3.169359564781188965e-01
-3.162471354007720947e-01
-3.157820701599121094e-01
-3.179004490375518799e-01
-3.174567222595214844e-01
-3.168421685695648193e-01
-3.158082664012908936e-01
-3.161023557186126709e-01
-3.188444077968597412e-01
-3.182184696197509766e-01
-3.160293698310852051e-01
-3.148632943630218506e-01
-3.171323239803314209e-01
-3.178204894065856934e-01
-3.164221942424774170e-01
-3.173146247863769531e-01
-3.170653283596038818e-01
-3.163486421108245850e-01
-3.172284662723541260e-01
-3.177602589130401611e-01
-3.163142800331115723e-01
-3.160561621189117432e-01
-3.182256519794464111e-01
-3.179172873497009277e-01
-3.174490928649902344e-01
-3.180955052375793457e-01
-3.169870078563690186e-01
-3.178181648254394531e-01
-3.178526759147644043e-01
-3.171754777431488037e-01
-3.164455592632293701e-01
-3.181949853897094727e-01
-3.170654773712158203e-01
-3.168451786041259766e-01
-3.178325295448303223e-01
-3.167580068111419678e-01
-3.179878294467926025e-01
-3.192400634288787842e-01
-3.173317313194274902e-01
-3.176671266555786133e-01
-3.172331154346466064e-01
-3.184989690780639648e-01
-3.180241584777832031e-01
-3.195055723190307617e-01
-3.187585473060607910e-01
-3.154056966304779053e-01
-3.188557624816894531e-01
-3.173572719097137451e-01
-3.181360065937042236e-01
-3.172567188739776611e-01
-3.179514110088348389e-01
-3.183582127094268799e-01
-3.179270625114440918e-01
-3.175517320632934570e-01
-3.170853257179260254e-01
-3.170546591281890869e-01
-3.181091845035552979e-01
-3.178605437278747559e-01
-3.190671503543853760e-01
-3.179760277271270752e-01
-3.187959194183349609e-01
-3.200049996376037598e-01
-3.175528645515441895e-01
-3.176789581775665283e-01
-3.171003460884094238e-01
-3.181533515453338623e-01
-3.172178268432617188e-01
-3.178548812866210938e-01
-3.187510371208190918e-01
-3.169482946395874023e-01
-3.189408779144287109e-01
-3.186745941638946533e-01
-3.184989690780639648e-01
-3.175499141216278076e-01
-3.175505995750427246e-01
-3.184053301811218262e-01
-3.174252510070800781e-01
-3.168939948081970215e-01
-3.180796802043914795e-01
-3.187316358089447021e-01
-3.166502416133880615e-01
-3.153177797794342041e-01
-3.179884552955627441e-01
-3.180488348007202148e-01
-3.162977099418640137e-01
-3.173902332782745361e-01
-3.189459741115570068e-01
-3.178252279758453369e-01
-3.175854086875915527e-01
-3.176218271255493164e-01
-3.181154727935791016e-01
-3.179931640625000000e-01
-3.183510303497314453e-01
-3.187026083469390869e-01
-3.174487948417663574e-01
-3.171139061450958252e-01
-3.188273608684539795e-01
-3.186649084091186523e-01
-3.185538053512573242e-01
-3.173052072525024414e-01
-3.166495859622955322e-01
-3.176114559173583984e-01
-3.180217146873474121e-01
-3.185161650180816650e-01
-3.164850473403930664e-01
-3.175319135189056396e-01
-3.177884817123413086e-01
-3.180341422557830811e-01
-3.158994317054748535e-01
-3.163274228572845459e-01
-3.178667724132537842e-01
-3.194093704223632812e-01
-3.183363974094390869e-01
-3.190009593963623047e-01
-3.170347809791564941e-01
-3.184086382389068604e-01
-3.164677321910858154e-01
-3.174821138381958008e-01
-3.166216909885406494e-01
-3.193192183971405029e-01
-3.170249164104461670e-01
-3.181976974010467529e-01
-3.168293237686157227e-01
-3.193359375000000000e-01
-3.171688318252563477e-01
-3.185085654258728027e-01
-3.189463615417480469e-01
-3.167677521705627441e-01
-3.191718757152557373e-01
-3.180400431156158447e-01
-3.187738656997680664e-01
-3.187423050403594971e-01
-3.182030618190765381e-01
-3.182108402252197266e-01
-3.190015256404876709e-01
-3.181525170803070068e-01
-3.187744319438934326e-01
-3.168996870517730713e-01
-3.182463645935058594e-01
-3.175072073936462402e-01
-3.180303275585174561e-01
-3.171498775482177734e-01
-3.175332546234130859e-01
-3.188096880912780762e-01
-3.171820640563964844e-01
-3.167338967323303223e-01
-3.175065815448760986e-01
-3.162362575531005859e-01
-3.166971206665039062e-01
-3.168845176696777344e-01
-3.178858757019042969e-01
-3.185271024703979492e-01
-3.170747458934783936e-01
-3.193039000034332275e-01
-3.189250528812408447e-01
-3.182845413684844971e-01
-3.174293339252471924e-01
-3.191392421722412109e-01
-3.186101317405700684e-01
-3.172659873962402344e-01
-3.175272345542907715e-01
-3.185704946517944336e-01
-3.199550211429595947e-01
-3.184896111488342285e-01
-3.171070218086242676e-01
-3.186114430427551270e-01
-3.180922865867614746e-01
-3.194240033626556396e-01
-3.179726302623748779e-01
-3.173510730266571045e-01
-3.185612857341766357e-01
-3.180223405361175537e-01
-3.177864849567413330e-01
-3.169694244861602783e-01
-3.175944685935974121e-01
-3.170787990093231201e-01
-3.181684613227844238e-01
-3.169937133789062500e-01
-3.191107809543609619e-01
-3.190914988517761230e-01
-3.186153471469879150e-01
-3.181077241897583008e-01
-3.178810179233551025e-01
-3.180648386478424072e-01
-3.176210522651672363e-01
-3.189796805381774902e-01
-3.184262812137603760e-01
-3.180692195892333984e-01
-3.164327442646026611e-01
-3.187766671180725098e-01
-3.178986012935638428e-01
-3.181450068950653076e-01
-3.189096152782440186e-01
-3.203494846820831299e-01
-3.184558153152465820e-01
-3.183860778808593750e-01
-3.195967972278594971e-01
-3.182936012744903564e-01
-3.175631165504455566e-01
-3.183612525463104248e-01
-3.182969689369201660e-01
-3.180965483188629150e-01
-3.186432123184204102e-01
-3.189318180084228516e-01
-3.192591965198516846e-01
-3.180467784404754639e-01
-3.179320693016052246e-01
-3.193880021572113037e-01
-3.197064101696014404e-01
-3.186414837837219238e-01
-3.174801170825958252e-01
-3.213418722152709961e-01
-3.183151185512542725e-01
-3.185864090919494629e-01
-3.178547620773315430e-01
-3.180423378944396973e-01
-3.183590769767761230e-01
-3.178659081459045410e-01
-3.194040954113006592e-01
-3.180126547813415527e-01
-3.188166022300720215e-01
-3.171781003475189209e-01
-3.200535476207733154e-01
-3.169234395027160645e-01
-3.185769021511077881e-01
-3.185966312885284424e-01
-3.173867166042327881e-01
-3.177430927753448486e-01
-3.165307044982910156e-01
-3.162216842174530029e-01
-3.179928660392761230e-01
-3.180374503135681152e-01
-3.170532286167144775e-01
-3.180093169212341309e-01
-3.191748857498168945e-01
-3.190723359584808350e-01
-3.194499313831329346e-01
-3.190896213054656982e-01
-3.177088201045989990e-01
-3.171198070049285889e-01
-3.190032541751861572e-01
-3.191103041172027588e-01
-3.182792663574218750e-01
-3.191710114479064941e-01
-3.172821998596191406e-01
-3.177264928817749023e-01
-3.184786140918731689e-01
-3.193342089653015137e-01
-3.180611431598663330e-01
-3.192802369594573975e-01
-3.197348713874816895e-01
-3.190060555934906006e-01
-3.183381259441375732e-01
-3.179381191730499268e-01
-3.201822638511657715e-01
-3.191659450531005859e-01
-3.181082606315612793e-01
-3.179967701435089111e-01
-3.187594711780548096e-01
-3.196308016777038574e-01
-3.180130720138549805e-01
-3.186312019824981689e-01
-3.179324865341186523e-01
-3.190233111381530762e-01
-3.194191455841064453e-01
-3.205864727497100830e-01
-3.198644518852233887e-01
-3.175972402095794678e-01
-3.171483278274536133e-01
-3.183550238609313965e-01
-3.182677030563354492e-01
-3.183539211750030518e-01
-3.167233765125274658e-01
-3.178194463253021240e-01
-3.178270459175109863e-01
-3.192524909973144531e-01
-3.185431659221649170e-01
-3.176987171173095703e-01
-3.197850883007049561e-01
-3.191948235034942627e-01
-3.192340731620788574e-01
-3.189445734024047852e-01
-3.188392221927642822e-01
-3.206630349159240723e-01
-3.184922337532043457e-01
-3.190205097198486328e-01
-3.167600035667419434e-01
-3.183060884475708008e-01
-3.189962506294250488e-01
-3.168751895427703857e-01
-3.180923461914062500e-01
-3.180697560310363770e-01
-3.180740177631378174e-01
-3.177225291728973389e-01
-3.180352747440338135e-01
-3.172259628772735596e-01
-3.194477558135986328e-01
-3.200300931930541992e-01
-3.164439797401428223e-01
-3.172853291034698486e-01
-3.184913396835327148e-01
-3.190614581108093262e-01
-3.175716102123260498e-01
-3.171887695789337158e-01
-3.179114162921905518e-01
-3.202420175075531006e-01
-3.195462822914123535e-01
-3.167996108531951904e-01
-3.187305331230163574e-01
-3.169339895248413086e-01
-3.177608549594879150e-01
-3.180916011333465576e-01
-3.183690309524536133e-01
-3.194636106491088867e-01
-3.180164694786071777e-01
-3.179908096790313721e-01
-3.182534873485565186e-01
-3.181412220001220703e-01
-3.188194036483764648e-01
-3.189415931701660156e-01
-3.186344206333160400e-01
-3.186057806015014648e-01
-3.186509907245635986e-01
-3.195131123065948486e-01
-3.173809349536895752e-01
-3.198262453079223633e-01
-3.165085315704345703e-01
-3.194023370742797852e-01
-3.192484974861145020e-01
-3.183505833148956299e-01
-3.197096586227416992e-01
-3.216445147991180420e-01
-3.186117410659790039e-01
-3.183176219463348389e-01
-3.176057040691375732e-01
-3.193379640579223633e-01
-3.174341917037963867e-01
-3.176423311233520508e-01
-3.211804926395416260e-01
-3.188299834728240967e-01
-3.185375332832336426e-01
-3.185677528381347656e-01
-3.190712630748748779e-01
-3.192783594131469727e-01
-3.189642429351806641e-01
-3.199327290058135986e-01
-3.180708587169647217e-01
-3.207783699035644531e-01
-3.178818821907043457e-01
-3.183447718620300293e-01
-3.178096413612365723e-01
-3.194721341133117676e-01
-3.194597065448760986e-01
-3.182845115661621094e-01
-3.203883767127990723e-01
-3.184910714626312256e-01
-3.186365365982055664e-01
-3.186607658863067627e-01
-3.193952739238739014e-01
-3.184529840946197510e-01
-3.201441168785095215e-01
-3.177426755428314209e-01
-3.193335235118865967e-01
-3.195290565490722656e-01
-3.201712667942047119e-01
-3.174361586570739746e-01
-3.190173208713531494e-01
-3.192192912101745605e-01
-3.187149763107299805e-01
-3.191828727722167969e-01
-3.180491626262664795e-01
-3.174461424350738525e-01
-3.195182979106903076e-01
-3.187853693962097168e-01
-3.183667659759521484e-01
-3.199906349182128906e-01
-3.185439407825469971e-01
-3.170732259750366211e-01
-3.207210898399353027e-01
-3.198255598545074463e-01
-3.195061683654785156e-01
-3.187653720378875732e-01
-3.184943795204162598e-01
-3.167651295661926270e-01
-3.196849226951599121e-01
-3.193573057651519775e-01
-3.186624348163604736e-01
-3.175521194934844971e-01
-3.180713057518005371e-01
-3.198403418064117432e-01
-3.203891515731811523e-01
-3.185593187808990479e-01
-3.188922703266143799e-01
-3.172580599784851074e-01
-3.187803924083709717e-01
-3.198658823966979980e-01
-3.192948997020721436e-01
-3.181535601615905762e-01
-3.176882565021514893e-01
-3.174823522567749023e-01
-3.204747736454010010e-01
-3.182884752750396729e-01
-3.187890648841857910e-01
-3.182853460311889648e-01
-3.202889263629913330e-01
-3.188403546810150146e-01
-3.184978663921356201e-01
-3.208025991916656494e-01
-3.176948726177215576e-01
-3.191920816898345947e-01
-3.181948363780975342e-01
-3.203501701354980469e-01
-3.184995353221893311e-01
-3.185597658157348633e-01
-3.180161118507385254e-01
-3.211710155010223389e-01
-3.191866874694824219e-01
-3.196159303188323975e-01
-3.205023109912872314e-01
-3.204217553138732910e-01
-3.194353580474853516e-01
-3.189402520656585693e-01
-3.186734318733215332e-01
-3.193024694919586182e-01
-3.188023567199707031e-01
-3.196458518505096436e-01
-3.197329044342041016e-01
-3.200494647026062012e-01
-3.182065486907958984e-01
-3.200762867927551270e-01
-3.180668652057647705e-01
-3.200119137763977051e-01
-3.201120197772979736e-01
-3.185073137283325195e-01
-3.190413117408752441e-01
-3.209197521209716797e-01
-3.184495866298675537e-01
-3.192229270935058594e-01
-3.197003304958343506e-01
-3.194996416568756104e-01
-3.207138180732727051e-01
-3.193916380405426025e-01
-3.170940577983856201e-01
-3.172133564949035645e-01
-3.193646669387817383e-01
-3.192407190799713135e-01
-3.191725909709930420e-01
-3.187362551689147949e-01
-3.191244602203369141e-01
-3.203344643115997314e-01
-3.192107677459716797e-01
-3.185211718082427979e-01
-3.195509314537048340e-01
-3.190037906169891357e-01
-3.191686570644378662e-01
-3.197343349456787109e-01
-3.194153308868408203e-01
-3.196787238121032715e-01
-3.186599314212799072e-01
-3.191513121128082275e-01
-3.184794783592224121e-01
-3.195055723190307617e-01
-3.183686435222625732e-01
-3.182831406593322754e-01
-3.187203407287597656e-01
-3.193581104278564453e-01
-3.186094462871551514e-01
-3.190751075744628906e-01
-3.176220059394836426e-01
-3.202370107173919678e-01
-3.207631707191467285e-01
-3.183847069740295410e-01
-3.180511891841888428e-01
-3.181957900524139404e-01
-3.199820816516876221e-01
-3.186875581741333008e-01
-3.207333087921142578e-01
-3.198774456977844238e-01
-3.210797607898712158e-01
-3.182461559772491455e-01
-3.182232677936553955e-01
-3.195064663887023926e-01
-3.194102048873901367e-01
-3.199928998947143555e-01
-3.189797401428222656e-01
-3.183942735195159912e-01
-3.198275864124298096e-01
-3.184066712856292725e-01
-3.182183206081390381e-01
-3.183646798133850098e-01
-3.177983760833740234e-01
-3.182296752929687500e-01
-3.193173706531524658e-01
-3.194864690303802490e-01
-3.183783292770385742e-01
-3.208602964878082275e-01
-3.184569180011749268e-01
-3.191493451595306396e-01
-3.192833662033081055e-01
-3.189858794212341309e-01
-3.190999329090118408e-01
-3.194398581981658936e-01
-3.194183409214019775e-01
-3.184746205806732178e-01
-3.204039633274078369e-01
-3.192959129810333252e-01
-3.195062875747680664e-01
-3.198952674865722656e-01
-3.195561170578002930e-01
-3.203382492065429688e-01
-3.204078376293182373e-01
-3.190638422966003418e-01
-3.193830549716949463e-01
-3.193867504596710205e-01
-3.197925388813018799e-01
-3.207560777664184570e-01
-3.201289772987365723e-01
-3.175526261329650879e-01
-3.192658126354217529e-01
-3.196387887001037598e-01
-3.188887834548950195e-01
-3.198712468147277832e-01
-3.186666667461395264e-01
-3.191380500793457031e-01
-3.208227455615997314e-01
-3.210080564022064209e-01
-3.200307786464691162e-01
-3.181584477424621582e-01
-3.200296163558959961e-01
-3.215303719043731689e-01
-3.184063732624053955e-01
-3.202305436134338379e-01
-3.204157054424285889e-01
-3.186994194984436035e-01
-3.200201988220214844e-01
-3.184187710285186768e-01
-3.195153772830963135e-01
-3.190774023532867432e-01
-3.192189335823059082e-01
-3.202725350856781006e-01
-3.195754885673522949e-01
-3.184697926044464111e-01
-3.195658028125762939e-01
-3.192575573921203613e-01
-3.202818334102630615e-01
-3.183220326900482178e-01
-3.182686269283294678e-01
-3.187333643436431885e-01
-3.198557794094085693e-01
-3.195266425609588623e-01
-3.202678263187408447e-01
-3.204301893711090088e-01
-3.199054300785064697e-01
-3.200540840625762939e-01
-3.197973072528839111e-01
-3.211023509502410889e-01
-3.193946480751037598e-01
-3.181832432746887207e-01
-3.197209537029266357e-01
-3.197721242904663086e-01
-3.183117806911468506e-01
-3.190740644931793213e-01
-3.189876675605773926e-01
-3.200902640819549561e-01
-3.198765218257904053e-01
-3.198397755622863770e-01
-3.200246393680572510e-01
-3.195607364177703857e-01
-3.177209496498107910e-01
-3.205809593200683594e-01
-3.207704424858093262e-01
-3.189260363578796387e-01
-3.179115653038024902e-01
-3.208703994750976562e-01
-3.184254765510559082e-01
-3.191818892955780029e-01
-3.200246095657348633e-01
-3.196966946125030518e-01
-3.192084431648254395e-01
-3.193056583404541016e-01
-3.188425600528717041e-01
-3.179937005043029785e-01
-3.175065219402313232e-01
-3.180708885192871094e-01
-3.185174465179443359e-01
-3.193441629409790039e-01
-3.191275000572204590e-01
-3.194758296012878418e-01
-3.204418420791625977e-01
-3.195397853851318359e-01
-3.203362226486206055e-01
-3.192688822746276855e-01
-3.202055096626281738e-01
-3.205444216728210449e-01
-3.191070258617401123e-01
-3.197589516639709473e-01
-3.184368014335632324e-01
-3.190332949161529541e-01
-3.199489712715148926e-01
-3.195411860942840576e-01
-3.208502233028411865e-01
-3.195412456989288330e-01
-3.199020326137542725e-01
-3.201737999916076660e-01
-3.191755712032318115e-01
-3.195957839488983154e-01
-3.197731971740722656e-01
-3.200128972530364990e-01
-3.208730518817901611e-01
-3.204134404659271240e-01
-3.194920718669891357e-01
-3.201298117637634277e-01
-3.206254243850708008e-01
-3.199015259742736816e-01
-3.203496932983398438e-01
-3.206056356430053711e-01
-3.175435662269592285e-01
-3.197529911994934082e-01
-3.177235722541809082e-01
-3.178105354309082031e-01
-3.194371461868286133e-01
-3.185929656028747559e-01
-3.195137381553649902e-01
-3.201017379760742188e-01
-3.189535439014434814e-01
-3.201355338096618652e-01
-3.190768361091613770e-01
-3.198431730270385742e-01
-3.195053935050964355e-01
-3.206507563591003418e-01
-3.199599087238311768e-01
-3.193946480751037598e-01
-3.202975988388061523e-01
-3.204536139965057373e-01
-3.200607001781463623e-01
-3.191994726657867432e-01
-3.182143270969390869e-01
-3.181417286396026611e-01
-3.212114870548248291e-01
-3.199058175086975098e-01
-3.206234872341156006e-01
-3.175147473812103271e-01
-3.191364705562591553e-01
-3.199362158775329590e-01
-3.199935257434844971e-01
-3.203509449958801270e-01
-3.210974037647247314e-01
-3.195878863334655762e-01
-3.211221694946289062e-01
-3.191217184066772461e-01
-3.199998140335083008e-01
-3.197467625141143799e-01
-3.180994987487792969e-01
-3.188348710536956787e-01
-3.191172778606414795e-01
-3.201290071010589600e-01
-3.221041858196258545e-01
-3.201893270015716553e-01
-3.192074596881866455e-01
-3.203047513961791992e-01
-3.194800317287445068e-01
-3.204160034656524658e-01
-3.203511238098144531e-01
-3.188709020614624023e-01
-3.198390901088714600e-01
-3.203455507755279541e-01
-3.211032748222351074e-01
-3.212092816829681396e-01
