-3.041821440389333553e+00
-3.057150848640883378e+00
-3.073241683077220898e+00
-3.081242332773760140e+00
-3.082931896871771826e+00
-3.080375734439566138e+00
-3.081434770063920414e+00
-3.080509406475981482e+00
-3.078773183270919311e+00
-3.083629765786415344e+00
-3.084151086728434965e+00
-3.085975836131198413e+00
-3.084992211712293209e+00
-3.085488059303977071e+00
-3.086834615912319002e+00
-3.090449561757489860e+00
-3.089235920551394621e+00
-3.084345541709710758e+00
-3.087799072265625000e+00
-3.089028350577866622e+00
-3.088098194973527999e+00
-3.084744792339230379e+00
-3.089163788094008378e+00
-3.084912512913223104e+00
-3.088880050280862655e+00
-3.087020747917742725e+00
-3.086978880827091931e+00
-3.089189009232954586e+00
-3.084801539901859346e+00
-3.086334228515625000e+00
-3.089347145774147929e+00
-3.093789849399535274e+00
-3.089388508442019621e+00
-3.087773851126678792e+00
-3.096552068536931657e+00
-3.087136260734116622e+00
-3.089725715069731482e+00
-3.088169570796746033e+00
-3.088110553331611552e+00
-3.090820816922779102e+00
-3.086361971768465828e+00
-3.088336534736570105e+00
-3.089478295696668209e+00
-3.096850939033445105e+00
-3.088389751339746692e+00
-3.089931267352143518e+00
-3.092895003389720898e+00
-3.089565056414643518e+00
-3.090946165983341931e+00
-3.090029125371255070e+00
-3.091118174150955689e+00
-3.091253359455707450e+00
-3.089261898324509481e+00
-3.089312845025180998e+00
-3.092197638897856482e+00
-3.088989762235279102e+00
-3.096224698153409172e+00
-3.093393373095299381e+00
-3.088967063210227071e+00
-3.093731840779958553e+00
-3.090329004713326277e+00
-3.093089962793775793e+00
-3.091376943036544311e+00
-3.096518272210743827e+00
-3.089944382344395724e+00
-3.094011795422262345e+00
-3.093942437290160274e+00
-3.091117165305397929e+00
-3.096895076026601412e+00
-3.095130100723140654e+00
-3.093650376501162036e+00
-3.094063750968491622e+00
-3.092878105226627206e+00
-3.097660537593621033e+00
-3.096051933351627206e+00
-3.098612635588843034e+00
-3.099477720654700619e+00
-3.098397247062241622e+00
-3.096774014559659172e+00
-3.096722563436208553e+00
-3.103217763349044311e+00
-3.100791741993801587e+00
-3.096594944473140654e+00
-3.101053789627453483e+00
-3.103747911689695105e+00
-3.100693127340521826e+00
-3.100640919582902999e+00
-3.099547583209581791e+00
-3.098204557560692241e+00
-3.096650935401601412e+00
-3.100209133684142415e+00
-3.102570841135072310e+00
-3.096996969427944002e+00
-3.100309261605759481e+00
-3.104044512283703483e+00
-3.102425567374741622e+00
-3.098763962422520724e+00
-3.102152926862732585e+00
-3.100813432173295414e+00
-3.100962489104468034e+00
