1.795020421346028572e+00
1.651128133138020759e+00
1.517784542507595535e+00
1.434791458977593415e+00
1.321520381503634933e+00
1.171033435397677902e+00
1.097021950615777008e+00
9.700156317816840401e-01
9.084317949083116073e-01
7.995676994323730469e-01
7.253765000237358818e-01
6.455230712890625000e-01
5.517653889126248323e-01
5.120156606038411828e-01
4.268713792165120258e-01
3.684231705135769253e-01
3.045886887444390068e-01
2.543796168433295479e-01
2.050731711917453404e-01
1.415944364335801897e-01
1.007405387030707450e-01
6.717879904641045619e-02
3.437018394470214844e-02
-1.169574260711669922e-02
-4.571126566992865514e-02
-6.596226824654473353e-02
-1.105525361167059989e-01
-1.217084460788303013e-01
-1.368139584859212332e-01
-1.606630219353569755e-01
-1.769610510932074776e-01
-1.914973126517401925e-01
-2.066145340601603098e-01
-2.165439393785264788e-01
-2.259454462263319197e-01
-2.219864394929673967e-01
-2.357536421881781807e-01
-2.454649872250027065e-01
-2.415943410661485491e-01
-2.446250650617811384e-01
-2.507844236161973495e-01
-2.500555515289306641e-01
-2.520554595523410435e-01
-2.485831048753526507e-01
-2.517522176106770648e-01
-2.502239545186360492e-01
-2.493588924407958984e-01
-2.471573882632785435e-01
-2.505150900946723214e-01
-2.476252714792887277e-01
-2.485478454165988560e-01
-2.493076059553358259e-01
-2.471963034735785714e-01
-2.439462873670789900e-01
-2.482799424065483818e-01
-2.480579482184516182e-01
-2.478867901696099052e-01
-2.472042242685953684e-01
-2.455063660939534598e-01
-2.486846711900499163e-01
-2.487363815307617188e-01
-2.476117081112331753e-01
-2.449471950531005859e-01
-2.535495758056640625e-01
-2.498829099867078962e-01
-2.515449523925781250e-01
-2.493372493320041294e-01
-2.505556477440727958e-01
-2.529364162021213169e-01
-2.518427636888291854e-01
-2.515476014879014510e-01
-2.523737748463948383e-01
-2.518325381808810826e-01
-2.518601152631971818e-01
-2.524567180209689732e-01
-2.524632877773708706e-01
-2.540615664588080636e-01
-2.532970905303955078e-01
-2.552102936638726005e-01
-2.509199778238932477e-01
-2.516566117604573383e-01
-2.544998327891032086e-01
-2.568586137559678573e-01
-2.551253106858994979e-01
-2.533366945054795760e-01
-2.535021040174696427e-01
-2.515548865000407086e-01
-2.554475731319851284e-01
-2.529829343159993305e-01
-2.560324403974745255e-01
-2.511524624294704799e-01
-2.532032860649956474e-01
-2.555142508612738839e-01
-2.545381122165256138e-01
-2.512605190277099609e-01
-2.586980130937364120e-01
-2.545307742224799386e-01
-2.562702496846516742e-01
-2.516894075605604630e-01
-2.566263145870632534e-01
-2.580298582712809430e-01
-2.571899361080593471e-01
-2.546421421898735771e-01
-2.568367852105034599e-01
-2.551433245340983258e-01
-2.563744121127658482e-01
-2.526206175486246930e-01
-2.563730610741509208e-01
-2.588237391577826729e-01
-2.573062578837077008e-01
-2.555897765689426060e-01
-2.610215610928005581e-01
-2.572758727603488560e-01
-2.554444471995035992e-01
-2.577015029059516182e-01
-2.564621236589219588e-01
-2.587664392259385604e-01
-2.595718171861436385e-01
-2.565027607811821708e-01
-2.581004036797417411e-01
-2.568029562632243024e-01
-2.568551169501410714e-01
-2.550785276624891740e-01
-2.586557600233290177e-01
-2.567036946614583148e-01
-2.577294508616129742e-01
-2.575901349385579242e-01
-2.580793963538275948e-01
-2.593056095971001396e-01
-2.572408782111273995e-01
-2.599052588144938336e-01
-2.611830234527587891e-01
-2.564553419748942242e-01
-2.567150592803955078e-01
-2.598351902431911831e-01
-2.585053708818223495e-01
-2.574668990241156807e-01
-2.601353062523735771e-01
-2.568975554572211495e-01
-2.582099172804090959e-01
-2.601839701334635602e-01
-2.603012455834282646e-01
-2.614183955722385044e-01
-2.571023040347629185e-01
-2.617195182376437779e-01
-2.565698623657226562e-01
-2.593969768948025112e-01
-2.577918635474311104e-01
-2.625352276696099052e-01
-2.615560690561930524e-01
-2.606412834591335659e-01
-2.608192231920030135e-01
-2.586813237931993026e-01
-2.606703970167372209e-01
-2.591060797373453961e-01
-2.594792842864990234e-01
-2.582897610134548549e-01
-2.644719282786051617e-01
-2.603832350836859932e-01
-2.621670564015706195e-01
-2.603092193603515625e-01
-2.605212794409857979e-01
-2.617386182149251117e-01
-2.635961108737521763e-01
-2.661693361070420760e-01
-2.604236867692735213e-01
-2.619163990020751953e-01
-2.632956239912245255e-01
-2.609766324361165180e-01
-2.606307135687934151e-01
-2.596940199534098492e-01
-2.659721904330783482e-01
-2.602207660675048828e-01
-2.638266616397433872e-01
-2.637122737036811104e-01
-2.612451712290446149e-01
-2.652000586191813336e-01
-2.611196306016709823e-01
-2.637032402886284599e-01
-2.645186053382025948e-01
-2.630783981747097378e-01
-2.618578539954291573e-01
-2.648573451571994419e-01
-2.659324540032280693e-01
-2.627406120300292969e-01
-2.624726030561659318e-01
-2.593231995900471820e-01
-2.627720303005642299e-01
-2.658241060045030135e-01
-2.594444751739501953e-01
-2.655815283457438336e-01
-2.653418382008870258e-01
-2.695167594485812779e-01
-2.619993686676025391e-01
-2.637858125898573380e-01
-2.647966543833414899e-01
-2.617633607652452010e-01
-2.619733280605739956e-01
-2.668156358930799943e-01
-2.664518886142306919e-01
-2.642073631286621094e-01
-2.650330331590440291e-01
-2.654381857977973214e-01
-2.662005159589979630e-01
-2.665179305606418247e-01
-2.618352307213677177e-01
-2.677087518903944474e-01
-2.654831144544813615e-01
-2.638273239135742188e-01
-2.645890182918972378e-01
-2.671942710876464844e-01
-2.656558089786105747e-01
-2.654073238372802734e-01
-2.660694122314453125e-01
-2.660841412014431362e-01
-2.647965484195285435e-01
-2.693450450897216797e-01
-2.668344179789225445e-01
-2.636143631405300503e-01
-2.683095137278239117e-01
-2.644454373253716239e-01
-2.656625906626383649e-01
-2.661205927530924664e-01
-2.663187980651855469e-01
-2.687300311194525948e-01
-2.707002957661946430e-01
-2.659703360663520089e-01
-2.686571809980604630e-01
-2.684178617265489120e-01
-2.666967709859212055e-01
-2.697707282172309151e-01
-2.680932150946723214e-01
-2.667764822642008649e-01
-2.680508030785454521e-01
-2.711310916476779576e-01
-2.693034807840983258e-01
-2.685113483005099888e-01
-2.686060534583197823e-01
-2.684716913435194474e-01
-2.724804083506266461e-01
-2.695945103963215961e-01
-2.681215869055854073e-01
-2.666916052500407086e-01
-2.687202559577094307e-01
-2.739230261908637276e-01
-2.671374744839138393e-01
-2.685416009691026229e-01
-2.706573009490966797e-01
-2.690243985917832870e-01
-2.714458306630452289e-01
-2.672689755757649555e-01
-2.726943227979872209e-01
-2.719647884368896484e-01
-2.732581827375624162e-01
-2.724765936533610211e-01
-2.739006678263346539e-01
-2.735299534267849331e-01
-2.731087207794189453e-01
-2.713986767662895927e-01
-2.747078471713595982e-01
-2.718417909410264510e-01
-2.757319344414604911e-01
-2.735303507910834542e-01
-2.720306979285346261e-01
-2.707452244228786831e-01
-2.726135783725314732e-01
-2.729902797275119419e-01
-2.719182968139648438e-01
-2.687350644005669364e-01
-2.706965075598822823e-01
-2.719313833448622209e-01
-2.709597481621636161e-01
-2.713523440890842076e-01
-2.719606028662787667e-01
-2.724696000417073383e-01
-2.712316513061523438e-01
-2.695988549126518974e-01
-2.723603513505723495e-01
-2.730528778500027065e-01
-2.747158739301893693e-01
-2.715277671813964844e-01
-2.714388105604383927e-01
-2.724556128184000836e-01
-2.766563892364501953e-01
-2.751302984025743026e-01
-2.760338253445095424e-01
-2.724176247914631976e-01
-2.736228042178683872e-01
-2.734698984358046037e-01
-2.738019625345866070e-01
-2.745792335934109096e-01
-2.753322124481201172e-01
-2.750538720024956474e-01
-2.770863109164767857e-01
-2.711328665415446149e-01
-2.787898116641574497e-01
-2.720162338680691128e-01
-2.754007710350884208e-01
-2.741294436984592076e-01
-2.762954764895969029e-01
-2.736372682783339005e-01
-2.777287960052490234e-01
-2.758597003089057198e-01
-2.768924766116672154e-01
-2.744228574964735490e-01
-2.760157585144042969e-01
-2.771071592966715680e-01
-2.749781873491075057e-01
-2.763040595584445591e-01
-2.762915028466118583e-01
-2.821206781599256974e-01
-2.783020867241753349e-01
-2.774526278177897320e-01
-2.768147786458333148e-01
-2.765885194142659320e-01
-2.769372463226318359e-01
-2.747984462314181919e-01
-2.774571047888861886e-01
-2.786529064178466797e-01
-2.806704044342041016e-01
-2.825840844048393974e-01
-2.777965598636203404e-01
-2.801196045345730190e-01
-2.792735099792480469e-01
-2.802718745337592354e-01
-2.793071799808078404e-01
-2.797362274593777065e-01
-2.813459767235649833e-01
-2.787231339348686943e-01
-2.792475223541259766e-01
-2.796290450625949497e-01
-2.782480451795790177e-01
-2.802798218197292690e-01
-2.770894633399115792e-01
-2.799942493438720703e-01
-2.797967063056098214e-01
-2.774711449940999164e-01
-2.779709233178032646e-01
-2.776820129818386440e-01
-2.787052525414360771e-01
-2.812686761220296039e-01
-2.791454527113172990e-01
-2.790893978542751674e-01
-2.756555345323350448e-01
-2.818187872568766461e-01
-2.827225791083441964e-01
-2.772034274207221261e-01
-2.804950078328450336e-01
-2.809176180097792130e-01
-2.801641623179118024e-01
-2.748876412709553851e-01
-2.791104581620957870e-01
-2.842286692725287667e-01
-2.796160115136040458e-01
-2.790219783782958984e-01
-2.809181213378906250e-01
-2.821165985531277065e-01
-2.806656360626220703e-01
-2.798575560251871930e-01
-2.821231683095296039e-01
-2.826542324490017299e-01
-2.814517286088731307e-01
-2.836117744445800781e-01
-2.793337768978542690e-01
-2.817889319525824776e-01
-2.819061809115939732e-01
-2.821978727976481305e-01
-2.812328073713514787e-01
-2.788685162862141742e-01
-2.799244456821017857e-01
-2.820888095431857701e-01
-2.825807730356852399e-01
-2.843625280592176896e-01
-2.824027273390028459e-01
-2.802006933424208146e-01
-2.820707427130805245e-01
-2.803938388824462891e-01
-2.822185887230767021e-01
-2.827550305260552177e-01
-2.826844586266411552e-01
-2.840786774953206195e-01
-2.861029836866590959e-01
-2.810804314083523159e-01
-2.813067436218261719e-01
-2.822987238566080914e-01
-2.859888871510823383e-01
-2.818817032708061943e-01
-2.840068075391981584e-01
-2.798889478047688617e-01
-2.853764957851833706e-01
-2.836890220642089844e-01
-2.850598494211832867e-01
-2.836977110968695870e-01
-2.795440885755751115e-01
-2.849767737918429966e-01
-2.837417390611436385e-01
-2.832229667239719029e-01
-2.813420560624864120e-01
-2.826191584269205914e-01
-2.860785060458713169e-01
-2.845379776424831753e-01
-2.848311530219184151e-01
-2.854576640658908482e-01
-2.865603764851887836e-01
-2.847000228034125557e-01
-2.841113938225640068e-01
-2.847941981421576729e-01
-2.859522501627604352e-01
-2.859867148929172154e-01
-2.839051617516411552e-01
-2.858376238081190568e-01
-2.838034894731309432e-01
-2.844812870025634766e-01
-2.865667872958713169e-01
-2.879614300198025112e-01
-2.871413230895996094e-01
-2.864288753933376674e-01
-2.869857947031657086e-01
-2.868298424614800224e-01
-2.870384057362874164e-01
-2.848342789543999443e-01
-2.843492031097412109e-01
-2.848091125488281250e-01
-2.890316910213894253e-01
-2.870716518825954799e-01
-2.868494457668728237e-01
-2.868913809458414899e-01
-2.891877757178412667e-01
-2.855999204847547990e-01
-2.872872352600097656e-01
-2.906100220150417690e-01
-2.888814343346489677e-01
-2.875446213616265068e-01
-2.864813274807400112e-01
-2.875925964779323940e-01
-2.864290873209635602e-01
-2.875669002532958984e-01
-2.875195874108208427e-01
-2.863770590888129464e-01
-2.908919652303059711e-01
-2.891254689958360213e-01
-2.880372206370035992e-01
-2.869529724121093750e-01
-2.863856686486138114e-01
-2.897996372646755581e-01
-2.875985304514567242e-01
-2.908398840162489396e-01
-2.886964744991726284e-01
-2.914085918002658482e-01
-2.871949672698974609e-01
-2.846073309580485211e-01
-2.867236667209201451e-01
-2.872192859649658203e-01
-2.872758176591660995e-01
-2.904702822367350445e-01
-2.904687987433539620e-01
-2.888524267408583146e-01
-2.884487575954861049e-01
-2.873677942487928849e-01
-2.893273300594753628e-01
-2.894192271762424107e-01
-2.880387571122910995e-01
-2.855694823794894810e-01
-2.900584008958604354e-01
-2.911800013648139229e-01
-2.906138896942138672e-01
-2.904500961303710938e-01
-2.876123852199978237e-01
-2.904471821255154018e-01
-2.882338894738091239e-01
-2.929237418704562779e-01
-2.866079012552897320e-01
-2.876012855105929966e-01
-2.872114181518554688e-01
-2.907231648763020648e-01
-2.896490361955430526e-01
-2.896375391218397599e-01
-2.910466459062364120e-01
-2.900413672129313336e-01
-2.906683550940619698e-01
-2.899470064375135880e-01
-2.897835307651095982e-01
-2.906438244713677177e-01
-2.911380396948920479e-01
-2.933719158172607422e-01
-2.932017114427354354e-01
-2.890213860405815849e-01
-2.925528420342339286e-01
-2.919420666164821987e-01
-2.897439797719319476e-01
-2.923050191667344588e-01
-2.889387872483994979e-01
-2.898987664116753349e-01
-2.901767094930012836e-01
-2.929502063327365513e-01
-2.895330588022868024e-01
-2.894793881310356864e-01
-2.900552749633789062e-01
-2.890554534064398995e-01
-2.885579003228081474e-01
-2.908909055921766740e-01
-2.902454005347357979e-01
-2.925687366061740513e-01
-2.944304943084716797e-01
-2.913295957777235490e-01
-2.890286975436740513e-01
-2.948518859015570870e-01
-2.919865979088677177e-01
-2.931162781185573940e-01
-2.942841317918565291e-01
-2.918729782104492188e-01
-2.919434176550971261e-01
-2.919774055480957031e-01
-2.919612725575764789e-01
-2.921667628818088169e-01
-2.920249833001030693e-01
-2.906009091271294364e-01
-2.926370832655165177e-01
-2.922245661417643414e-01
-2.934865686628553849e-01
-2.906815210978190289e-01
-2.930213345421684989e-01
-2.933767901526557198e-01
-2.935854064093695870e-01
-2.907532056172688617e-01
-2.944893042246500836e-01
-2.942313088311089286e-01
-2.909782992468940011e-01
-2.931979232364230747e-01
-2.922956148783366070e-01
-2.926088704003227958e-01
-2.939540545145670758e-01
-2.901258733537461776e-01
-2.901843388875325336e-01
-2.911316818661159878e-01
-2.908985879686143416e-01
-2.944118446773952846e-01
-2.897306283315022601e-01
-2.946644094255235213e-01
-2.954627672831217633e-01
-2.938071886698405133e-01
-2.934729788038465959e-01
-2.924666934543185826e-01
-2.935134039984809151e-01
-2.929794523451063615e-01
-2.945742342207167130e-01
-2.939079867468940011e-01
-2.944548130035400391e-01
-2.940247323777940291e-01
-2.950317859649658203e-01
-2.924527592129177456e-01
-2.905305491553412667e-01
-2.972928153143988839e-01
-2.946183681488037109e-01
-2.949243651496039620e-01
-2.922915617624918805e-01
-2.924904823303222656e-01
-2.959091133541530971e-01
-2.933830420176188336e-01
-2.952169047461615792e-01
-2.923074828253852120e-01
-2.951427830590142021e-01
-2.914485666486952287e-01
-2.930909262763129464e-01
-2.926461696624755859e-01
-2.947445710500081195e-01
-2.940711180369059430e-01
-2.946476141611735211e-01
-2.942798402574327010e-01
-2.914932039048936385e-01
-2.942472298940022601e-01
-2.944071292877197266e-01
-2.950417995452880859e-01
-2.977183130052354354e-01
-2.977003256479899274e-01
-2.947060002221001396e-01
-2.949644194708930245e-01
-2.949697971343994141e-01
-2.955394056108262557e-01
-2.916897667778862724e-01
-2.947469022538926620e-01
-2.944642702738444195e-01
-2.924815018971760883e-01
-2.976125346289740792e-01
-2.955889701843261719e-01
-2.957092126210530414e-01
-2.934510178036159878e-01
-2.935472064548068638e-01
-2.935696972741020927e-01
-2.951816717783610211e-01
-2.953253587086995258e-01
-2.960363494025336495e-01
-2.948960463205973492e-01
-2.952511840396457310e-01
-2.980539533827040177e-01
-2.951693799760606307e-01
-2.945681148105197544e-01
-2.988620864020453682e-01
-2.952589988708496094e-01
-2.939911153581407088e-01
-2.977778116861979352e-01
-2.937915854983859654e-01
-2.963540024227566128e-01
-2.932807604471842633e-01
-2.959964805179172154e-01
-2.986040645175510044e-01
-2.954194015926784878e-01
-2.984402974446614398e-01
-2.984530395931667690e-01
-2.982934580908881417e-01
-2.973415851593017578e-01
-2.966568734910752791e-01
-2.958529525332980747e-01
-2.967546780904133930e-01
-2.963444126976860771e-01
-2.945578363206651229e-01
-2.985125382741292133e-01
-2.987805737389458427e-01
-2.966727680630154018e-01
-3.002189530266655693e-01
-2.962797217898898716e-01
-3.002104759216308594e-01
-2.953045898013644810e-01
-2.969654401143391742e-01
-3.012458748287624721e-01
-2.980647881825764789e-01
-3.006978564792209263e-01
-2.979198826683892021e-01
-2.958305146959092635e-01
-2.932726277245415458e-01
-2.976127995385063896e-01
-2.976809872521294364e-01
-3.012823263804118024e-01
-2.942678663465712052e-01
-2.959921889834933872e-01
-2.963252067565917969e-01
-2.981368700663248883e-01
-2.984100447760688057e-01
-2.974625163608127232e-01
-2.962736553615993862e-01
-2.983097765180799943e-01
-2.951760556962754745e-01
-2.985825803544785995e-01
-3.010171519385443917e-01
-2.978509796990288505e-01
-2.983104917738172990e-01
-2.981212933858235492e-01
-2.985927793714735490e-01
-2.982694572872585659e-01
-3.011143737369113560e-01
-2.991460959116618024e-01
-2.991614341735839844e-01
-2.989634142981635323e-01
-2.961280345916748047e-01
-2.959891690148247489e-01
-2.993721697065565568e-01
-2.995933161841498604e-01
-2.958162890540229073e-01
-2.982048193613688336e-01
-2.979326248168945312e-01
-2.976942327287461776e-01
-3.002761469946967354e-01
-2.984343104892306919e-01
-3.000997172461615792e-01
-3.008651468488905412e-01
-2.976753976609971541e-01
-3.016966448889838448e-01
-2.980707486470540180e-01
-2.995835410224066964e-01
-2.967694070604112166e-01
-3.019606802198622209e-01
-2.975983089870876674e-01
-2.974928749932183036e-01
-3.000283241271972656e-01
-2.993373605940077287e-01
-2.993415461646186104e-01
-2.998105684916178570e-01
-3.011796209547255021e-01
-3.020087612999809989e-01
-2.980976369645860213e-01
-3.011911445193820591e-01
-3.029286066691080914e-01
-3.029948605431450614e-01
-3.018058141072590961e-01
-3.010098934173583984e-01
-3.008645905388726005e-01
-3.027973969777424945e-01
-2.990170849694145927e-01
-3.024841679467095146e-01
-3.030986256069607143e-01
-3.018848366207546596e-01
-3.001967006259494419e-01
-3.019176324208577289e-01
-3.029990990956624164e-01
-3.002141581641303292e-01
-2.972320715586344586e-01
-3.021379311879475726e-01
-2.969874805874294643e-01
-2.991974353790283203e-01
-2.989888456132676620e-01
-2.999695407019721261e-01
-3.029597070482041854e-01
-2.982394695281982422e-01
-2.975690099928114396e-01
-2.974827289581298828e-01
-3.001407252417670479e-01
-2.982728746202256698e-01
-3.004140853881835938e-01
-3.003011014726426620e-01
-3.024735715654160995e-01
-3.008088005913628349e-01
-2.996500862969292411e-01
-3.026405175526936664e-01
-2.980388535393608818e-01
-2.999578052096896763e-01
-3.032068411509196149e-01
-3.007611698574489956e-01
-2.997480498419867745e-01
-2.999191284179687500e-01
-3.000355296664767857e-01
-3.031165334913465959e-01
-2.998434172736273995e-01
-2.995663219028049107e-01
-2.996877564324272880e-01
-2.972935040791829242e-01
-2.987655798594157086e-01
-3.008391592237684709e-01
-3.004129197862412948e-01
-2.981524997287326451e-01
-3.045777479807535992e-01
-3.030466238657633649e-01
-3.007253805796305524e-01
-2.998569276597764510e-01
-3.045124212900797711e-01
-3.027036984761555805e-01
-2.999089823828803292e-01
-3.021850850847032088e-01
-2.988825109269883651e-01
-3.021213213602702008e-01
-3.039690653483073102e-01
-2.986892329321967354e-01
-3.044920497470431919e-01
-3.022861480712890625e-01
-3.018680678473578682e-01
-3.027018441094292411e-01
-3.025064468383789062e-01
-3.025093343522813338e-01
-3.003333939446343193e-01
-3.011577659183078404e-01
-3.017562495337592354e-01
-2.998106214735243302e-01
-3.012963400946723214e-01
-3.038187556796603794e-01
-2.993457317352294922e-01
-3.007733821868896484e-01
-3.015253278944227677e-01
-3.046303060319688338e-01
-3.026478290557861328e-01
-2.994756433698866349e-01
-3.023642698923746930e-01
-3.040241930219862443e-01
-3.020002841949462891e-01
-2.995933691660563336e-01
-3.030098809136284599e-01
-3.026218414306640625e-01
-2.995156182183159599e-01
-3.035324414571126117e-01
-3.023804293738471261e-01
-3.033247523837619419e-01
-3.019577397240532646e-01
-3.047001361846923828e-01
-3.043317529890272599e-01
-3.035067187415229073e-01
-3.026869032118055802e-01
-3.017433219485812779e-01
-3.035055796305338727e-01
-3.018703725602891463e-01
-3.013565010494655971e-01
-3.008832666609022599e-01
-3.023102813296847935e-01
-3.049585024515787945e-01
-3.036112785339355469e-01
-3.013492425282796039e-01
-3.007567193773057479e-01
-3.017625278896755581e-01
-3.013824886745876674e-01
-3.028940094841851005e-01
-3.024346033732096539e-01
-3.028627236684163226e-01
-3.028700351715087891e-01
-2.999370627933078404e-01
-2.996106677585178013e-01
-2.988646825154622211e-01
-3.058457109663221818e-01
-3.000908162858750838e-01
-3.010596169365776786e-01
-3.031591309441460380e-01
-3.031924300723605747e-01
-3.041132820977104911e-01
-3.019901381598578682e-01
-3.053511248694525948e-01
-3.039984967973496932e-01
-3.033282226986355190e-01
-3.033127254909939174e-01
-3.031385474734836216e-01
-3.035247855716281529e-01
-3.020651605394151229e-01
-3.035907745361328125e-01
-3.047282960679795760e-01
-3.031344413757324219e-01
-3.010521464877658482e-01
-3.009676933288574219e-01
-3.009755876329209823e-01
-3.031787872314453125e-01
-3.028737174140082589e-01
-3.055898348490397320e-01
-3.030089537302653180e-01
-3.044073846605088729e-01
-3.036727110544840680e-01
-3.077998691134982701e-01
-3.043642573886447544e-01
-3.053594960106743583e-01
-3.047474490271674386e-01
-3.044233851962619419e-01
-3.030402130550808315e-01
-3.038475778367784041e-01
-3.034317228529188615e-01
-3.021535873413085938e-01
-3.025656806098090401e-01
-3.056806193457709542e-01
-3.054086897108290177e-01
-3.058775001102023716e-01
-3.044727643330891742e-01
-3.069326612684462052e-01
-3.014039728376600724e-01
-3.042149278852674943e-01
-3.041453361511230469e-01
-3.048897849188910714e-01
-3.036501407623291016e-01
-3.076312277052137834e-01
-3.043546676635742188e-01
-3.026191393534342633e-01
-3.088099426693386440e-01
-3.069988886515299664e-01
-3.065196937984890346e-01
-3.057364887661404018e-01
-3.035528924730088729e-01
-3.041407797071669084e-01
-3.029238382975260602e-01
-3.039398723178439732e-01
-3.067924711439344865e-01
-3.040405379401313057e-01
-3.054519229465060826e-01
-3.046094311608208427e-01
-3.054693539937337055e-01
-3.062637382083469029e-01
-3.040334118737114677e-01
-3.077554702758789062e-01
-3.066972096761067523e-01
-3.100118901994493026e-01
-3.035687605539957867e-01
-3.045166598425971261e-01
-3.053989675309922713e-01
-3.050473795996772042e-01
-3.060665130615234375e-01
-3.073303434583876115e-01
-3.053812450832790737e-01
-3.075541920132107143e-01
-3.058682017856174107e-01
-3.038771682315402622e-01
-3.049704233805338727e-01
-3.032782607608371372e-01
-3.059973451826307755e-01
-3.092642625172932758e-01
-3.045879205067952289e-01
-3.089222643110487443e-01
-3.052260080973307477e-01
-3.088566462198893414e-01
-3.066005706787109375e-01
-3.100888994004991073e-01
-3.080548445383707867e-01
-3.073157734341091518e-01
-3.075679143269856586e-01
-3.098776075575087052e-01
-3.059217664930555802e-01
-3.105512195163303013e-01
-3.085287147098117466e-01
-3.105441729227702008e-01
-3.108460903167724609e-01
-3.090266121758354911e-01
-3.090429570939805526e-01
-3.080815209282768974e-01
-3.091339270273844586e-01
-3.091597027248806362e-01
-3.101212448543972378e-01
-3.106261359320746651e-01
-3.104844888051350726e-01
-3.094183074103461495e-01
-3.089332580566406250e-01
-3.120244344075520648e-01
-3.093512588077121372e-01
-3.118445078531901227e-01
-3.127472665574815291e-01
-3.116992579566107979e-01
-3.134471310509575614e-01
-3.114026917351616630e-01
-3.137416574690077287e-01
-3.140423297882080078e-01
-3.135559029049343471e-01
-3.131450547112358818e-01
-3.122559123569064732e-01
-3.120570712619357701e-01
-3.112951914469401227e-01
-3.121929168701171875e-01
-3.126475811004638672e-01
-3.122333950466579799e-01
-3.119649357265896206e-01
-3.144637478722466239e-01
-3.144302897983127232e-01
-3.132561577690972099e-01
-3.137705590989854354e-01
-3.128693633609347935e-01
-3.162795437706841239e-01
-3.124976423051621932e-01
-3.146032492319743024e-01
-3.143425517612033482e-01
-3.181735144721137276e-01
-3.146393828921847935e-01
-3.126716613769531250e-01
-3.145863215128580914e-01
-3.152906894683837891e-01
-3.165651692284477958e-01
-3.175461557176377791e-01
-3.133714728885226841e-01
-3.159464995066325055e-01
-3.160059187147352677e-01
-3.139576647016737443e-01
-3.140236536661784039e-01
-3.167182869381374721e-01
-3.187012672424316406e-01
-3.165079487694634208e-01
-3.145194848378499164e-01
-3.150624169243706474e-01
-3.158820735083686104e-01
-3.193208376566569195e-01
-3.149568239847819195e-01
-3.181061479780409318e-01
-3.171283404032389508e-01
-3.168159325917561664e-01
-3.162425623999701729e-01
-3.141160011291503906e-01
-3.166787094540066128e-01
-3.174259397718641740e-01
-3.153465059068467635e-01
-3.158691459231906529e-01
-3.207350836859809151e-01
-3.150887489318847656e-01
-3.175595601399739398e-01
-3.194530540042453404e-01
-3.173165586259629745e-01
-3.131328158908420201e-01
-3.169255521562364120e-01
-3.161431153615315570e-01
-3.166249328189426060e-01
-3.183073732588026505e-01
-3.190445635053846818e-01
-3.165168232387966518e-01
-3.154602315690782088e-01
-3.177406787872314453e-01
-3.198728296491835099e-01
-3.169900576273600445e-01
-3.190549214680989398e-01
-3.170006540086534041e-01
-3.178359932369655971e-01
-3.166775173611111049e-01
-3.192365964253743305e-01
-3.200556437174479352e-01
-3.169711430867512836e-01
-3.202124436696370258e-01
-3.196345700158013114e-01
-3.182324833340114956e-01
-3.173671298556857701e-01
-3.183610439300537109e-01
-3.208336035410563336e-01
-3.166410128275553570e-01
-3.182702329423692245e-01
-3.167168299357096539e-01
-3.199602497948540458e-01
-3.211552302042643414e-01
-3.195255067613389510e-01
-3.172419071197509766e-01
-3.194093969133164901e-01
-3.193217913309733258e-01
-3.195273876190185547e-01
-3.196572197808159599e-01
-3.196751806471083146e-01
-3.190683523813883649e-01
-3.200633260938856584e-01
-3.194068007998996372e-01
-3.207518524593777065e-01
