-8.605059981346130371e-02
-1.899008005857467651e-01
-2.388300150632858276e-01
-2.625763416290283203e-01
-2.736221849918365479e-01
-2.808845639228820801e-01
-2.996600270271301270e-01
-3.087506592273712158e-01
-3.196693360805511475e-01
-3.120858967304229736e-01
-3.144211769104003906e-01
-3.300873935222625732e-01
-3.292589187622070312e-01
-3.356733024120330811e-01
-3.523697555065155029e-01
-3.666952252388000488e-01
-3.696107864379882812e-01
-3.699075877666473389e-01
-3.748065233230590820e-01
-3.700489103794097900e-01
-3.718207478523254395e-01
-3.734684586524963379e-01
-3.718746304512023926e-01
-3.732762336730957031e-01
-3.737942874431610107e-01
-3.765355050563812256e-01
-3.746853172779083252e-01
-3.746715784072875977e-01
-3.726937174797058105e-01
-3.725584745407104492e-01
-3.770003318786621094e-01
-3.760109245777130127e-01
-3.734329044818878174e-01
-3.759131431579589844e-01
-3.748413324356079102e-01
-3.762194812297821045e-01
-3.756847679615020752e-01
-3.733032941818237305e-01
-3.747413158416748047e-01
-3.766570985317230225e-01
-3.781601488590240479e-01
-3.764555454254150391e-01
-3.765013217926025391e-01
-3.751483261585235596e-01
-3.760595917701721191e-01
-3.743256926536560059e-01
-3.766191899776458740e-01
-3.770074248313903809e-01
-3.776000440120697021e-01
-3.772653937339782715e-01
-3.787736892700195312e-01
-3.768823444843292236e-01
-3.777846992015838623e-01
-3.789368271827697754e-01
-3.794481754302978516e-01
-3.800456523895263672e-01
-3.814280033111572266e-01
-3.814713060855865479e-01
-3.815216124057769775e-01
-3.825366795063018799e-01
-3.830407857894897461e-01
-3.822512924671173096e-01
-3.847674131393432617e-01
-3.826839923858642578e-01
-3.801877498626708984e-01
-3.857570886611938477e-01
-3.826087117195129395e-01
-3.855952024459838867e-01
-3.890108466148376465e-01
-3.859271705150604248e-01
-3.865167796611785889e-01
-3.880957663059234619e-01
-3.872373700141906738e-01
-3.876792788505554199e-01
-3.855555951595306396e-01
-3.882822990417480469e-01
-3.874782919883728027e-01
-3.890598118305206299e-01
-3.889709413051605225e-01
-3.867621421813964844e-01
-3.920269310474395752e-01
-3.875988423824310303e-01
-3.895615339279174805e-01
-3.886472582817077637e-01
-3.914344310760498047e-01
-3.891338407993316650e-01
-3.892011642456054688e-01
-3.914169371128082275e-01
-3.911209702491760254e-01
-3.905594944953918457e-01
-3.900452256202697754e-01
-3.909697234630584717e-01
-3.902199566364288330e-01
-3.924449980258941650e-01
-3.902394473552703857e-01
-3.871549069881439209e-01
-3.920349478721618652e-01
-3.920491933822631836e-01
-3.912904262542724609e-01
-3.909235894680023193e-01
-3.934813141822814941e-01
-3.899859786033630371e-01
-3.888752162456512451e-01
-3.925993442535400391e-01
-3.894745409488677979e-01
-3.929280340671539307e-01
-3.937353193759918213e-01
-3.928968012332916260e-01
-3.932001888751983643e-01
-3.905963301658630371e-01
-3.923392891883850098e-01
-3.921672403812408447e-01
-3.933112323284149170e-01
-3.931351602077484131e-01
-3.928209245204925537e-01
-3.919391334056854248e-01
-3.930706679821014404e-01
-3.939113020896911621e-01
-3.941010832786560059e-01
-3.951880335807800293e-01
-3.941727578639984131e-01
-3.925208747386932373e-01
-3.939740657806396484e-01
-3.938442170619964600e-01
-3.942095339298248291e-01
-3.923198878765106201e-01
-3.947151601314544678e-01
-3.932446539402008057e-01
-3.970326483249664307e-01
-3.942976295948028564e-01
-3.941606283187866211e-01
-3.941213786602020264e-01
-3.943126797676086426e-01
-3.944939076900482178e-01
-3.963209092617034912e-01
-3.934939205646514893e-01
-3.936505317687988281e-01
-3.957103788852691650e-01
-3.915728032588958740e-01
-3.965316116809844971e-01
-3.944060206413269043e-01
-3.929993212223052979e-01
-3.953354954719543457e-01
-3.979326784610748291e-01
-3.955010473728179932e-01
-3.953714072704315186e-01
-3.977086842060089111e-01
-3.940360546112060547e-01
-3.962468206882476807e-01
-3.962187469005584717e-01
-3.954511880874633789e-01
-3.964233100414276123e-01
-3.950216770172119141e-01
-3.946808278560638428e-01
-3.942806720733642578e-01
-3.930329084396362305e-01
-3.935313224792480469e-01
-3.962997496128082275e-01
-3.937599360942840576e-01
-3.959842026233673096e-01
-3.954614996910095215e-01
-3.951836526393890381e-01
-3.976119160652160645e-01
-3.967779278755187988e-01
-3.967084288597106934e-01
-3.961414694786071777e-01
-3.956907987594604492e-01
-3.975562453269958496e-01
-3.969079852104187012e-01
-3.970235288143157959e-01
-3.965105116367340088e-01
-3.961297571659088135e-01
-3.955734074115753174e-01
-3.955983519554138184e-01
-3.956681489944458008e-01
-3.961471319198608398e-01
-3.973002433776855469e-01
-3.972755074501037598e-01
-3.977807760238647461e-01
-3.969823122024536133e-01
-3.952212035655975342e-01
-3.962746262550354004e-01
-3.978638947010040283e-01
-3.960684537887573242e-01
-3.968079388141632080e-01
-3.996923267841339111e-01
-3.962739706039428711e-01
-3.971613943576812744e-01
-3.971324563026428223e-01
-3.982984721660614014e-01
-3.953055143356323242e-01
-3.969413936138153076e-01
-3.976990878582000732e-01
-3.948618471622467041e-01
-3.976364135742187500e-01
-3.965027928352355957e-01
-3.969832658767700195e-01
-3.985196352005004883e-01
-3.976339697837829590e-01
-3.965520858764648438e-01
-3.967399299144744873e-01
-3.981662094593048096e-01
-3.960390090942382812e-01
-3.972051441669464111e-01
-3.969328105449676514e-01
-3.987531363964080811e-01
-3.982224166393280029e-01
-3.972142934799194336e-01
-3.966854512691497803e-01
-4.001545011997222900e-01
-3.990476131439208984e-01
-3.968786597251892090e-01
-3.972352147102355957e-01
-3.980386853218078613e-01
-3.980366289615631104e-01
-3.971915841102600098e-01
-3.979465365409851074e-01
-3.969538509845733643e-01
-3.976721167564392090e-01
-3.984959125518798828e-01
-3.988137841224670410e-01
-3.957069516181945801e-01
-3.994472026824951172e-01
-3.997852802276611328e-01
-3.984056413173675537e-01
-3.972736001014709473e-01
-3.958042860031127930e-01
-3.981437385082244873e-01
-3.976915478706359863e-01
-3.982036709785461426e-01
-3.982763588428497314e-01
-3.996350467205047607e-01
-3.987540900707244873e-01
-3.979091048240661621e-01
-3.991113305091857910e-01
-3.990562260150909424e-01
-3.986456394195556641e-01
-3.969120085239410400e-01
-3.981802463531494141e-01
-3.980163633823394775e-01
-3.975313603878021240e-01
-3.974998891353607178e-01
-3.983694314956665039e-01
-4.000845849514007568e-01
-3.984819054603576660e-01
-3.980152606964111328e-01
-3.982889354228973389e-01
-4.005386233329772949e-01
-3.968172669410705566e-01
-3.970014154911041260e-01
-3.998768925666809082e-01
-3.990793824195861816e-01
-3.990766108036041260e-01
-3.991551399230957031e-01
-3.985461890697479248e-01
-4.003274738788604736e-01
-3.984356820583343506e-01
-4.003127217292785645e-01
-3.989495337009429932e-01
-3.977662324905395508e-01
-3.982926607131958008e-01
-4.008383452892303467e-01
-3.986667394638061523e-01
-3.990601897239685059e-01
-3.997620642185211182e-01
-3.984636366367340088e-01
-3.996071219444274902e-01
-3.994482457637786865e-01
-3.986131250858306885e-01
-3.996809422969818115e-01
-3.986818790435791016e-01
-3.994507789611816406e-01
-3.990996778011322021e-01
-3.983733654022216797e-01
-3.985522985458374023e-01
-3.984741866588592529e-01
-3.985589146614074707e-01
-3.984400928020477295e-01
-3.986500203609466553e-01
-3.989590406417846680e-01
-4.002707600593566895e-01
-3.998824656009674072e-01
-3.991911113262176514e-01
-3.973292112350463867e-01
-4.000770151615142822e-01
-3.997943103313446045e-01
-3.997702002525329590e-01
-3.989933133125305176e-01
-3.989691138267517090e-01
-4.004398882389068604e-01
-3.992156684398651123e-01
-4.001916646957397461e-01
-3.978222906589508057e-01
-3.992891609668731689e-01
-3.992013633251190186e-01
-3.985804319381713867e-01
-3.999664485454559326e-01
-3.988063335418701172e-01
-3.992683589458465576e-01
-3.996170163154602051e-01
-3.996244668960571289e-01
-3.992145955562591553e-01
-3.982197344303131104e-01
-4.000837206840515137e-01
-3.979109525680541992e-01
-3.998171389102935791e-01
-4.002511501312255859e-01
-4.003443121910095215e-01
-3.978370428085327148e-01
-3.991465568542480469e-01
-3.978131711483001709e-01
-3.996746540069580078e-01
-4.000738561153411865e-01
-3.994878530502319336e-01
-3.989146649837493896e-01
-3.996021747589111328e-01
-3.989808261394500732e-01
-3.982233703136444092e-01
-3.982578814029693604e-01
-3.989351093769073486e-01
-3.997489809989929199e-01
-4.010758399963378906e-01
-3.992235064506530762e-01
-3.998882472515106201e-01
-3.996757864952087402e-01
-3.989311456680297852e-01
-3.975280225276947021e-01
-3.990416824817657471e-01
-3.988967835903167725e-01
-4.005669653415679932e-01
-3.984061479568481445e-01
-4.005773365497589111e-01
-4.012936353683471680e-01
-3.988640308380126953e-01
-4.010814130306243896e-01
-4.005139172077178955e-01
-3.994505703449249268e-01
-3.990986347198486328e-01
-4.008170068264007568e-01
-3.977477252483367920e-01
-3.996813893318176270e-01
-4.011869430541992188e-01
-4.005011618137359619e-01
-4.000893831253051758e-01
-3.995593190193176270e-01
-4.006599187850952148e-01
-4.001155495643615723e-01
-4.002726376056671143e-01
-4.006022214889526367e-01
-4.007563591003417969e-01
-3.987004458904266357e-01
-4.008660912513732910e-01
-3.979739248752593994e-01
-3.990498185157775879e-01
-4.008221030235290527e-01
-3.996296525001525879e-01
-3.986528217792510986e-01
-3.995521068572998047e-01
-3.998395204544067383e-01
-4.004779160022735596e-01
-3.993038237094879150e-01
-4.012552201747894287e-01
-3.989281058311462402e-01
-4.000399708747863770e-01
-3.987933397293090820e-01
-3.992126882076263428e-01
-4.002675712108612061e-01
-3.999797701835632324e-01
-3.992501497268676758e-01
-3.983772397041320801e-01
-3.984556198120117188e-01
-4.008886218070983887e-01
-4.004776179790496826e-01
-3.994032740592956543e-01
-4.001017510890960693e-01
-4.013843834400177002e-01
-3.985747396945953369e-01
-3.990056216716766357e-01
-3.998725116252899170e-01
-3.986416757106781006e-01
-3.989901840686798096e-01
-3.999866545200347900e-01
-4.017922878265380859e-01
-4.007215797901153564e-01
-3.997611403465270996e-01
-4.012002944946289062e-01
-3.993112444877624512e-01
-4.000743925571441650e-01
-4.000007808208465576e-01
-3.998242616653442383e-01
-4.011894762516021729e-01
-4.007796049118041992e-01
-4.001057147979736328e-01
-4.004071950912475586e-01
-3.991265892982482910e-01
-4.001355469226837158e-01
-4.011185169219970703e-01
-4.003141522407531738e-01
-3.993274569511413574e-01
-3.979835808277130127e-01
-4.004991352558135986e-01
-3.996530175209045410e-01
-3.995251953601837158e-01
-4.014296829700469971e-01
-4.001608192920684814e-01
-3.993216454982757568e-01
-3.988974094390869141e-01
-3.992519974708557129e-01
-4.000262022018432617e-01
-3.999468982219696045e-01
-4.007802903652191162e-01
-4.008524119853973389e-01
-4.003847539424896240e-01
-3.999343812465667725e-01
-3.993522226810455322e-01
-3.996450304985046387e-01
-4.014470577239990234e-01
-4.007509648799896240e-01
-3.993162214756011963e-01
-3.999931514263153076e-01
-3.996931016445159912e-01
-3.993922770023345947e-01
-3.989259004592895508e-01
-3.997107446193695068e-01
-3.994697928428649902e-01
-4.020493030548095703e-01
-4.001397192478179932e-01
-3.995947241783142090e-01
-3.983627855777740479e-01
-4.000331461429595947e-01
-4.006839096546173096e-01
-4.003834724426269531e-01
-4.019666612148284912e-01
-3.996602892875671387e-01
-3.999445438385009766e-01
-4.003396332263946533e-01
-3.995532691478729248e-01
-4.008001685142517090e-01
-4.000751972198486328e-01
-4.009113013744354248e-01
-4.005596339702606201e-01
-4.001328051090240479e-01
-4.012783169746398926e-01
-4.015733003616333008e-01
-3.994657099246978760e-01
-3.998878896236419678e-01
-3.999128937721252441e-01
-3.999619781970977783e-01
-4.005883336067199707e-01
-3.995211720466613770e-01
-3.994700312614440918e-01
-3.997266590595245361e-01
-4.007192552089691162e-01
-3.993012607097625732e-01
-3.997242748737335205e-01
-3.990395367145538330e-01
-4.006212651729583740e-01
-4.002994298934936523e-01
-4.007977247238159180e-01
-4.016005694866180420e-01
-4.000142812728881836e-01
-4.002163410186767578e-01
-4.011127054691314697e-01
-4.006281793117523193e-01
-3.999142944812774658e-01
-4.007712900638580322e-01
-4.012860357761383057e-01
-4.021400213241577148e-01
-4.012563526630401611e-01
-4.003791511058807373e-01
-4.019414186477661133e-01
-3.997441530227661133e-01
-3.995858728885650635e-01
-3.999806046485900879e-01
-4.000311195850372314e-01
-4.011092483997344971e-01
-3.988141715526580811e-01
-4.001117646694183350e-01
-4.018249809741973877e-01
-3.995512723922729492e-01
-3.991656601428985596e-01
-4.020823240280151367e-01
-4.000300168991088867e-01
-3.997692465782165527e-01
-4.009250402450561523e-01
-4.004024565219879150e-01
-4.016884267330169678e-01
-4.016283452510833740e-01
-3.998433947563171387e-01
-4.004740715026855469e-01
-4.015300869941711426e-01
-4.007487297058105469e-01
-3.995994627475738525e-01
-4.005139470100402832e-01
-4.006860852241516113e-01
-4.013719260692596436e-01
-4.001640975475311279e-01
-4.007144868373870850e-01
-4.017133116722106934e-01
-4.011148512363433838e-01
-3.999736607074737549e-01
-4.006668627262115479e-01
-4.015755355358123779e-01
-4.011735618114471436e-01
-4.002797305583953857e-01
-4.002446234226226807e-01
-4.006902575492858887e-01
-4.004293680191040039e-01
-4.013109207153320312e-01
-4.005423486232757568e-01
-4.018795788288116455e-01
-4.009964466094970703e-01
-4.020878076553344727e-01
-4.007917344570159912e-01
-4.005028009414672852e-01
-4.012806713581085205e-01
-3.991898894309997559e-01
-4.024137556552886963e-01
-4.014595150947570801e-01
-4.011959135532379150e-01
-4.020767807960510254e-01
-4.007115960121154785e-01
-4.019114077091217041e-01
-3.998451828956604004e-01
-4.018752276897430420e-01
-4.023531973361968994e-01
-4.000799059867858887e-01
-4.008805453777313232e-01
-4.009450972080230713e-01
-4.014569818973541260e-01
-4.013969600200653076e-01
-4.015413820743560791e-01
-4.005962014198303223e-01
-4.001779854297637939e-01
-4.018337130546569824e-01
-4.005075097084045410e-01
-4.012723267078399658e-01
-4.013425111770629883e-01
-4.009238779544830322e-01
-4.009341299533843994e-01
-4.009951353073120117e-01
-4.018287956714630127e-01
-3.997972905635833740e-01
-4.010960161685943604e-01
-4.013814330101013184e-01
-4.009236991405487061e-01
-4.015169739723205566e-01
-4.012118577957153320e-01
-4.018621146678924561e-01
-4.012554585933685303e-01
-4.002186357975006104e-01
-4.011462628841400146e-01
-4.005955755710601807e-01
-4.014616608619689941e-01
-4.030177593231201172e-01
-4.012396335601806641e-01
-4.016657173633575439e-01
-4.024282693862915039e-01
-4.013925194740295410e-01
-4.015800654888153076e-01
-3.994001150131225586e-01
-4.022783637046813965e-01
-4.016413092613220215e-01
-4.006746113300323486e-01
-4.029490947723388672e-01
-3.998473584651947021e-01
-4.017437696456909180e-01
-4.018596708774566650e-01
-4.023160636425018311e-01
-4.014320671558380127e-01
-4.039855301380157471e-01
-4.010688364505767822e-01
-4.002881646156311035e-01
-4.009444713592529297e-01
-4.018932580947875977e-01
-4.011568725109100342e-01
-4.014359414577484131e-01
-4.018042683601379395e-01
-4.018055498600006104e-01
-4.019553363323211670e-01
-4.016286134719848633e-01
-4.026699662208557129e-01
-4.022600054740905762e-01
-4.014236330986022949e-01
-4.007255136966705322e-01
-4.023577868938446045e-01
-4.010634124279022217e-01
-4.029058218002319336e-01
-4.016100466251373291e-01
-4.018361866474151611e-01
-4.011352658271789551e-01
-4.021299481391906738e-01
-4.008370339870452881e-01
-4.011220633983612061e-01
-4.010138809680938721e-01
-4.024965167045593262e-01
-4.014538526535034180e-01
-4.022513926029205322e-01
-4.024410545825958252e-01
-4.012578129768371582e-01
-4.023990035057067871e-01
-4.034008681774139404e-01
-4.018256962299346924e-01
-4.019047915935516357e-01
-4.010010957717895508e-01
-4.027313292026519775e-01
-4.027419984340667725e-01
-4.006587266921997070e-01
-4.003008604049682617e-01
-4.021925628185272217e-01
-4.011555016040802002e-01
-4.021886885166168213e-01
-4.016861021518707275e-01
-4.027171134948730469e-01
-4.022037386894226074e-01
-4.009991884231567383e-01
-4.025934338569641113e-01
-4.010878205299377441e-01
-4.013704955577850342e-01
-4.019609987735748291e-01
-4.006218910217285156e-01
-4.016158580780029297e-01
-4.026625752449035645e-01
-4.032002687454223633e-01
-4.025724530220031738e-01
-4.026576578617095947e-01
-4.024871289730072021e-01
-4.022073447704315186e-01
-4.008537530899047852e-01
-4.023126363754272461e-01
-4.010701775550842285e-01
-4.019055664539337158e-01
-4.013604223728179932e-01
-4.006478190422058105e-01
-4.031215906143188477e-01
-4.007202088832855225e-01
-4.005174934864044189e-01
-4.022157788276672363e-01
-4.033981263637542725e-01
-4.008900821208953857e-01
-4.019696116447448730e-01
-4.011099338531494141e-01
-4.026990830898284912e-01
-4.032653868198394775e-01
-4.007973372936248779e-01
-4.013636708259582520e-01
-4.028699100017547607e-01
-4.016526937484741211e-01
-4.013257324695587158e-01
-4.027214050292968750e-01
-4.024881720542907715e-01
-4.022061228752136230e-01
-4.020407199859619141e-01
-4.010007679462432861e-01
-4.009125232696533203e-01
-4.010497629642486572e-01
-4.019627571105957031e-01
-4.021477401256561279e-01
-4.027367234230041504e-01
-4.017806351184844971e-01
-4.024184644222259521e-01
-4.020317494869232178e-01
-4.024780392646789551e-01
-4.020673930644989014e-01
-4.029319882392883301e-01
-4.014230966567993164e-01
-4.026516675949096680e-01
-4.015060067176818848e-01
-4.013129174709320068e-01
-4.024882316589355469e-01
-4.013383686542510986e-01
-4.017381966114044189e-01
-4.014970064163208008e-01
-4.026145637035369873e-01
-4.019332230091094971e-01
-4.027014374732971191e-01
-4.010406732559204102e-01
-4.017710387706756592e-01
-4.010044634342193604e-01
-4.027671515941619873e-01
-4.024224877357482910e-01
-4.021909832954406738e-01
-4.010466933250427246e-01
-4.018495976924896240e-01
-4.014479517936706543e-01
-4.022156894207000732e-01
-4.023026525974273682e-01
-4.019899964332580566e-01
-4.028671979904174805e-01
-4.018684625625610352e-01
-4.032542407512664795e-01
-4.015811979770660400e-01
-4.026021361351013184e-01
-4.023666083812713623e-01
-4.026643931865692139e-01
-4.023008644580841064e-01
-4.015351235866546631e-01
-4.026870429515838623e-01
-4.029134809970855713e-01
-4.027072191238403320e-01
-4.029835164546966553e-01
-4.029623866081237793e-01
-4.032905995845794678e-01
-4.029188752174377441e-01
-4.018283784389495850e-01
-4.015904068946838379e-01
-4.020571112632751465e-01
-4.022854566574096680e-01
-4.028399586677551270e-01
-4.024886488914489746e-01
-4.013278782367706299e-01
-4.010747671127319336e-01
-4.027621448040008545e-01
-4.032196700572967529e-01
-4.030700027942657471e-01
-4.019566476345062256e-01
-4.025799632072448730e-01
-4.022329449653625488e-01
-4.035648703575134277e-01
-4.026034474372863770e-01
-4.028497934341430664e-01
-4.029931426048278809e-01
-4.020436406135559082e-01
-4.032859206199645996e-01
-4.028666019439697266e-01
-4.041956365108489990e-01
-4.019778966903686523e-01
-4.025026559829711914e-01
-4.020789861679077148e-01
-4.027749001979827881e-01
-4.042696058750152588e-01
-4.024995863437652588e-01
-4.025105237960815430e-01
-4.027434587478637695e-01
-4.036449193954467773e-01
-4.021622240543365479e-01
-4.014106392860412598e-01
-4.022555947303771973e-01
-4.023619294166564941e-01
-4.029427468776702881e-01
-4.013950228691101074e-01
-4.020938575267791748e-01
-4.028997719287872314e-01
-4.025775790214538574e-01
-4.026988148689270020e-01
-4.018590152263641357e-01
-4.030401110649108887e-01
-4.024876058101654053e-01
-4.016543030738830566e-01
-4.023329913616180420e-01
-4.026094377040863037e-01
-4.021583199501037598e-01
-4.020564556121826172e-01
-4.020923376083374023e-01
-4.029261469841003418e-01
-4.017010331153869629e-01
-4.028850197792053223e-01
-4.017126560211181641e-01
-4.021879136562347412e-01
-4.025412499904632568e-01
-4.023476541042327881e-01
-4.027346670627593994e-01
-4.035821557044982910e-01
-4.021614491939544678e-01
-4.025765657424926758e-01
-4.018628001213073730e-01
-4.031765758991241455e-01
-4.025388360023498535e-01
-4.026217162609100342e-01
-4.016601443290710449e-01
-4.014407098293304443e-01
-4.025952517986297607e-01
-4.020219743251800537e-01
-4.031722545623779297e-01
-4.029722809791564941e-01
-4.029472172260284424e-01
-4.025694727897644043e-01
-4.027631878852844238e-01
-4.022053778171539307e-01
-4.023015201091766357e-01
-4.020960330963134766e-01
-4.030154347419738770e-01
-4.025056064128875732e-01
-4.016975164413452148e-01
-4.031964838504791260e-01
-4.020678102970123291e-01
-4.035356342792510986e-01
-4.021511375904083252e-01
-4.032511413097381592e-01
-4.026319980621337891e-01
-4.018806219100952148e-01
-4.028132855892181396e-01
-4.023407101631164551e-01
-4.035039842128753662e-01
-4.018190801143646240e-01
-4.027581512928009033e-01
-4.033673703670501709e-01
-4.020609855651855469e-01
-4.014077484607696533e-01
-4.029242396354675293e-01
-4.029956758022308350e-01
-4.033099412918090820e-01
-4.027091562747955322e-01
-4.037264287471771240e-01
-4.021099209785461426e-01
-4.035983383655548096e-01
-4.025028944015502930e-01
-4.024703502655029297e-01
-4.029108583927154541e-01
-4.021086394786834717e-01
-4.029929339885711670e-01
-4.034723043441772461e-01
-4.028257429599761963e-01
-4.021149277687072754e-01
-4.035101830959320068e-01
-4.025679528713226318e-01
-4.037121534347534180e-01
-4.020729660987854004e-01
-4.027222990989685059e-01
-4.022213816642761230e-01
-4.026356339454650879e-01
-4.019316434860229492e-01
-4.028559327125549316e-01
-4.024752974510192871e-01
-4.017795920372009277e-01
-4.030446410179138184e-01
-4.025645256042480469e-01
-4.044238924980163574e-01
-4.026077687740325928e-01
-4.029723107814788818e-01
-4.032633006572723389e-01
-4.029609858989715576e-01
-4.020265340805053711e-01
-4.036862552165985107e-01
-4.033772647380828857e-01
-4.024069607257843018e-01
-4.032411873340606689e-01
-4.029352664947509766e-01
-4.027508795261383057e-01
-4.024354815483093262e-01
-4.025570750236511230e-01
-4.028966426849365234e-01
-4.032921195030212402e-01
-4.029643535614013672e-01
-4.023853540420532227e-01
-4.028374552726745605e-01
-4.023537039756774902e-01
-4.022027552127838135e-01
-4.024118185043334961e-01
-4.025146663188934326e-01
-4.029788672924041748e-01
-4.025688469409942627e-01
-4.031992554664611816e-01
-4.023969769477844238e-01
-4.039745628833770752e-01
-4.039266407489776611e-01
-4.024806618690490723e-01
-4.035266637802124023e-01
-4.021827280521392822e-01
-4.028391242027282715e-01
-4.028406739234924316e-01
-4.034982323646545410e-01
-4.022243916988372803e-01
-4.016534388065338135e-01
-4.019769430160522461e-01
-4.022503197193145752e-01
-4.026443064212799072e-01
-4.039566516876220703e-01
-4.032243788242340088e-01
-4.025682210922241211e-01
-4.035097956657409668e-01
-4.023656547069549561e-01
-4.030878543853759766e-01
-4.040610492229461670e-01
-4.033095836639404297e-01
-4.033365547657012939e-01
-4.031236171722412109e-01
-4.037933945655822754e-01
-4.024288058280944824e-01
-4.033263027667999268e-01
-4.027000665664672852e-01
-4.038690328598022461e-01
-4.041955471038818359e-01
-4.026533067226409912e-01
-4.036717116832733154e-01
-4.028241336345672607e-01
-4.025740325450897217e-01
-4.026457965373992920e-01
-4.033145606517791748e-01
-4.025774598121643066e-01
-4.040335714817047119e-01
-4.030837416648864746e-01
-4.034891426563262939e-01
-4.020460844039916992e-01
-4.027111828327178955e-01
-4.030149281024932861e-01
-4.035453796386718750e-01
-4.040816128253936768e-01
-4.031807780265808105e-01
-4.029643535614013672e-01
-4.030487537384033203e-01
-4.021317064762115479e-01
-4.038226306438446045e-01
-4.026697278022766113e-01
-4.022603034973144531e-01
-4.038521051406860352e-01
-4.039213359355926514e-01
-4.027378559112548828e-01
-4.026580452919006348e-01
-4.027163982391357422e-01
-4.029992818832397461e-01
-4.011827707290649414e-01
-4.032321274280548096e-01
-4.034777879714965820e-01
-4.033755958080291748e-01
-4.028639197349548340e-01
-4.036271870136260986e-01
-4.030590951442718506e-01
-4.028868973255157471e-01
-4.026219248771667480e-01
-4.027317464351654053e-01
-4.030960202217102051e-01
-4.030872881412506104e-01
-4.031208455562591553e-01
-4.027645885944366455e-01
-4.033617377281188965e-01
-4.025152325630187988e-01
-4.037712514400482178e-01
-4.022852778434753418e-01
-4.037954211235046387e-01
-4.030655622482299805e-01
-4.040282666683197021e-01
-4.033730328083038330e-01
-4.021996557712554932e-01
-4.037438333034515381e-01
-4.033312499523162842e-01
-4.036017954349517822e-01
-4.026237130165100098e-01
-4.017890095710754395e-01
-4.024525582790374756e-01
-4.035573601722717285e-01
-4.023113548755645752e-01
-4.017361402511596680e-01
-4.028316736221313477e-01
-4.030893743038177490e-01
-4.034126400947570801e-01
-4.024593234062194824e-01
-4.032277762889862061e-01
-4.038304388523101807e-01
-4.029491543769836426e-01
-4.025235474109649658e-01
-4.034826457500457764e-01
-4.028055369853973389e-01
-4.037461578845977783e-01
-4.024463593959808350e-01
-4.027128219604492188e-01
-4.036796391010284424e-01
-4.021950066089630127e-01
-4.036115705966949463e-01
-4.027750194072723389e-01
-4.037259519100189209e-01
-4.022915661334991455e-01
-4.028333425521850586e-01
-4.033227562904357910e-01
-4.026032686233520508e-01
-4.045009315013885498e-01
-4.032692313194274902e-01
-4.023699462413787842e-01
-4.032680988311767578e-01
-4.040992856025695801e-01
-4.027135968208312988e-01
-4.035891294479370117e-01
-4.030102491378784180e-01
-4.024249315261840820e-01
-4.034835994243621826e-01
-4.031054079532623291e-01
-4.028177559375762939e-01
-4.029667973518371582e-01
-4.034018814563751221e-01
-4.016669988632202148e-01
-4.029253423213958740e-01
-4.033253788948059082e-01
-4.028816223144531250e-01
-4.020658731460571289e-01
-4.032829105854034424e-01
-4.028021991252899170e-01
-4.036632776260375977e-01
-4.032541513442993164e-01
-4.052131175994873047e-01
-4.034100174903869629e-01
-4.025909304618835449e-01
-4.035654962062835693e-01
-4.034528136253356934e-01
-4.030643403530120850e-01
-4.029111862182617188e-01
-4.033101201057434082e-01
-4.029361605644226074e-01
-4.034628868103027344e-01
-4.038250744342803955e-01
-4.033228158950805664e-01
-4.044893085956573486e-01
-4.037552773952484131e-01
-4.032318592071533203e-01
-4.037294387817382812e-01
-4.030658602714538574e-01
-4.031142592430114746e-01
-4.036133587360382080e-01
-4.035815298557281494e-01
-4.037521779537200928e-01
-4.040909111499786377e-01
-4.025962352752685547e-01
-4.037130773067474365e-01
-4.033062160015106201e-01
-4.030983746051788330e-01
-4.036352038383483887e-01
-4.034530222415924072e-01
-4.034801721572875977e-01
-4.031688570976257324e-01
-4.037068486213684082e-01
-4.034880399703979492e-01
-4.037297964096069336e-01
-4.037275910377502441e-01
-4.027972817420959473e-01
-4.026976823806762695e-01
-4.037141799926757812e-01
-4.032459855079650879e-01
-4.025818407535552979e-01
-4.031264185905456543e-01
-4.045534431934356689e-01
-4.032453298568725586e-01
-4.023082256317138672e-01
-4.038090109825134277e-01
-4.033660292625427246e-01
-4.037818610668182373e-01
-4.031777083873748779e-01
-4.044254720211029053e-01
-4.030584692955017090e-01
-4.025446772575378418e-01
-4.022624790668487549e-01
-4.034845530986785889e-01
-4.035377204418182373e-01
-4.042697250843048096e-01
-4.030332565307617188e-01
-4.028288722038269043e-01
-4.040570557117462158e-01
-4.031141996383666992e-01
-4.036965966224670410e-01
-4.035575389862060547e-01
-4.026716947555541992e-01
-4.033961296081542969e-01
-4.041715562343597412e-01
-4.034082889556884766e-01
-4.035218358039855957e-01
-4.033951163291931152e-01
-4.039357304573059082e-01
-4.029907286167144775e-01
-4.041184782981872559e-01
-4.034706950187683105e-01
-4.038585424423217773e-01
-4.045857787132263184e-01
-4.034451246261596680e-01
-4.044554531574249268e-01
-4.029815495014190674e-01
-4.048016965389251709e-01
-4.021908938884735107e-01
-4.035375118255615234e-01
-4.026697874069213867e-01
-4.033597707748413086e-01
-4.039651751518249512e-01
-4.022353887557983398e-01
-4.031940996646881104e-01
-4.036141633987426758e-01
-4.033715128898620605e-01
-4.039506018161773682e-01
-4.039995670318603516e-01
-4.045775830745697021e-01
-4.027137458324432373e-01
-4.033519029617309570e-01
-4.025752544403076172e-01
-4.033823311328887939e-01
-4.034475088119506836e-01
-4.023550450801849365e-01
-4.037531018257141113e-01
-4.037146568298339844e-01
-4.032491743564605713e-01
-4.037369489669799805e-01
-4.042308032512664795e-01
-4.036867618560791016e-01
-4.034233689308166504e-01
-4.034070074558258057e-01
-4.035235643386840820e-01
-4.035211205482482910e-01
-4.028569757938385010e-01
-4.040360450744628906e-01
-4.034786522388458252e-01
-4.034520387649536133e-01
-4.036032855510711670e-01
-4.033088684082031250e-01
-4.036146104335784912e-01
-4.029400050640106201e-01
-4.042534232139587402e-01
-4.028260111808776855e-01
-4.031812846660614014e-01
-4.031142592430114746e-01
-4.028096795082092285e-01
-4.040162265300750732e-01
-4.030150771141052246e-01
-4.049160480499267578e-01
-4.033692479133605957e-01
-4.033904075622558594e-01
-4.031632542610168457e-01
-4.030490219593048096e-01
-4.032047390937805176e-01
-4.040163159370422363e-01
-4.040137231349945068e-01
-4.030613899230957031e-01
-4.029520750045776367e-01
-4.027108848094940186e-01
-4.028807282447814941e-01
-4.040924012660980225e-01
-4.024536609649658203e-01
-4.025915563106536865e-01
-4.035413265228271484e-01
-4.033817052841186523e-01
-4.043817222118377686e-01
-4.027345180511474609e-01
-4.037259519100189209e-01
-4.037864208221435547e-01
-4.037559330463409424e-01
-4.032351374626159668e-01
-4.030033051967620850e-01
-4.031992554664611816e-01
-4.036643803119659424e-01
-4.042650759220123291e-01
-4.036510884761810303e-01
-4.032559096813201904e-01
-4.032020866870880127e-01
-4.036590754985809326e-01
-4.026865959167480469e-01
-4.029670357704162598e-01
-4.038217663764953613e-01
-4.034792482852935791e-01
-4.044085443019866943e-01
-4.029250442981719971e-01
-4.026669263839721680e-01
-4.034587442874908447e-01
-4.048403203487396240e-01
-4.032976925373077393e-01
-4.028806090354919434e-01
-4.039908647537231445e-01
-4.035584330558776855e-01
-4.030919075012207031e-01
-4.033071696758270264e-01
-4.035305082798004150e-01
-4.033453166484832764e-01
-4.034965932369232178e-01
-4.040116667747497559e-01
-4.038462340831756592e-01
-4.035831987857818604e-01
-4.039098918437957764e-01
-4.037140607833862305e-01
-4.048980772495269775e-01
-4.046501219272613525e-01
-4.034236967563629150e-01
-4.041160643100738525e-01
-4.038495123386383057e-01
-4.031992554664611816e-01
-4.036340415477752686e-01
-4.038971662521362305e-01
-4.030910730361938477e-01
-4.033010303974151611e-01
-4.038101732730865479e-01
-4.027225673198699951e-01
-4.033294916152954102e-01
-4.031845629215240479e-01
-4.041917920112609863e-01
-4.035003185272216797e-01
-4.036627709865570068e-01
-4.047899246215820312e-01
-4.047260880470275879e-01
-4.040782451629638672e-01
-4.033100903034210205e-01
-4.031510055065155029e-01
-4.040868878364562988e-01
-4.042393863201141357e-01
-4.037110507488250732e-01
-4.026605784893035889e-01
-4.039781391620635986e-01
-4.040400683879852295e-01
-4.039849936962127686e-01
-4.037286937236785889e-01
-4.046800732612609863e-01
-4.036951959133148193e-01
-4.027986824512481689e-01
-4.033699035644531250e-01
-4.029606878757476807e-01
-4.040520489215850830e-01
-4.036743342876434326e-01
-4.033260047435760498e-01
-4.041188955307006836e-01
-4.026983082294464111e-01
-4.039728939533233643e-01
-4.028494358062744141e-01
-4.040860533714294434e-01
-4.030528068542480469e-01
-4.045705795288085938e-01
-4.026431739330291748e-01
-4.039240777492523193e-01
-4.029547572135925293e-01
-4.041855037212371826e-01
-4.034608900547027588e-01
-4.032969474792480469e-01
-4.036643207073211670e-01
-4.035730659961700439e-01
-4.042567610740661621e-01
-4.042553901672363281e-01
-4.041650295257568359e-01
-4.035623669624328613e-01
-4.046759009361267090e-01
-4.038070738315582275e-01
-4.034706354141235352e-01
-4.022474586963653564e-01
-4.037756025791168213e-01
-4.046127796173095703e-01
-4.044170677661895752e-01
-4.035775959491729736e-01
-4.026311635971069336e-01
-4.025943875312805176e-01
-4.035550653934478760e-01
-4.022601544857025146e-01
-4.031364619731903076e-01
-4.033650159835815430e-01
-4.040047526359558105e-01
-4.033473432064056396e-01
-4.043383300304412842e-01
-4.042795300483703613e-01
-4.033654034137725830e-01
-4.027478694915771484e-01
-4.029552340507507324e-01
-4.033181071281433105e-01
-4.032700061798095703e-01
-4.039165079593658447e-01
-4.039246141910552979e-01
-4.040609002113342285e-01
-4.039822816848754883e-01
-4.034106731414794922e-01
-4.039937555789947510e-01
-4.042077362537384033e-01
-4.035376012325286865e-01
-4.038914144039154053e-01
-4.044839441776275635e-01
-4.035957157611846924e-01
-4.029565751552581787e-01
-4.035728871822357178e-01
-4.035547375679016113e-01
-4.037338197231292725e-01
-4.036956131458282471e-01
-4.044225215911865234e-01
-4.034547507762908936e-01
-4.038456678390502930e-01
-4.030138552188873291e-01
-4.045493304729461670e-01
-4.044392108917236328e-01
-4.041078984737396240e-01
-4.043348431587219238e-01
-4.036931693553924561e-01
-4.035624861717224121e-01
-4.038344025611877441e-01
-4.033594429492950439e-01
-4.034772813320159912e-01
-4.045562744140625000e-01
-4.042658209800720215e-01
-4.038534164428710938e-01
-4.037568271160125732e-01
-4.040974080562591553e-01
-4.036798179149627686e-01
-4.032208025455474854e-01
-4.036979377269744873e-01
-4.036570787429809570e-01
-4.039284586906433105e-01
-4.044694304466247559e-01
-4.026252925395965576e-01
-4.032372832298278809e-01
-4.029375314712524414e-01
-4.044098556041717529e-01
-4.039291143417358398e-01
-4.035433530807495117e-01
-4.035090208053588867e-01
-4.027386605739593506e-01
-4.032232165336608887e-01
-4.042985737323760986e-01
-4.031317234039306641e-01
-4.040509164333343506e-01
-4.038158059120178223e-01
-4.043477773666381836e-01
-4.039721488952636719e-01
-4.043220281600952148e-01
-4.044951796531677246e-01
-4.032510519027709961e-01
-4.045023322105407715e-01
-4.041032195091247559e-01
-4.041041433811187744e-01
-4.039614796638488770e-01
-4.045281410217285156e-01
-4.027491509914398193e-01
-4.037594795227050781e-01
-4.031170606613159180e-01
-4.047995805740356445e-01
-4.039088189601898193e-01
-4.040326476097106934e-01
-4.033560752868652344e-01
-4.038900136947631836e-01
-4.038633406162261963e-01
-4.035750925540924072e-01
-4.036016762256622314e-01
-4.035296440124511719e-01
-4.028716981410980225e-01
-4.041681289672851562e-01
-4.034630656242370605e-01
-4.044162631034851074e-01
-4.042089879512786865e-01
-4.042428135871887207e-01
-4.041161537170410156e-01
-4.030895829200744629e-01
-4.046092331409454346e-01
-4.047931432723999023e-01
-4.040550589561462402e-01
-4.043416380882263184e-01
-4.041660726070404053e-01
-4.032503962516784668e-01
-4.033102989196777344e-01
-4.037913382053375244e-01
-4.044114351272583008e-01
-4.029646813869476318e-01
-4.037759006023406982e-01
-4.042667150497436523e-01
-4.036901295185089111e-01
-4.029084742069244385e-01
-4.047871530055999756e-01
-4.037489593029022217e-01
-4.035761058330535889e-01
-4.039013087749481201e-01
-4.046547710895538330e-01
-4.043560326099395752e-01
-4.035145342350006104e-01
-4.041736721992492676e-01
-4.041388034820556641e-01
-4.039826095104217529e-01
-4.043792486190795898e-01
-4.037720859050750732e-01
-4.030424952507019043e-01
-4.040392339229583740e-01
-4.036008119583129883e-01
-4.029436707496643066e-01
-4.041412174701690674e-01
-4.032226502895355225e-01
-4.041298329830169678e-01
-4.037858545780181885e-01
-4.041127264499664307e-01
-4.036597311496734619e-01
-4.036979675292968750e-01
-4.042797386646270752e-01
-4.037853479385375977e-01
-4.038865864276885986e-01
-4.031472206115722656e-01
-4.036618769168853760e-01
-4.041244089603424072e-01
-4.034508466720581055e-01
-4.030376076698303223e-01
-4.036487340927124023e-01
-4.033427834510803223e-01
-4.037045240402221680e-01
-4.035743474960327148e-01
-4.039963483810424805e-01
-4.046836197376251221e-01
-4.038967192173004150e-01
-4.032358229160308838e-01
-4.038580358028411865e-01
-4.043268263339996338e-01
-4.037377238273620605e-01
-4.036679863929748535e-01
-4.035210609436035156e-01
-4.043473005294799805e-01
-4.044074118137359619e-01
-4.042089879512786865e-01
-4.045626223087310791e-01
-4.039081931114196777e-01
-4.025503098964691162e-01
-4.040527045726776123e-01
-4.038812816143035889e-01
-4.044574499130249023e-01
-4.044884145259857178e-01
-4.036867618560791016e-01
-4.044488668441772461e-01
-4.029487073421478271e-01
-4.038835465908050537e-01
-4.040921628475189209e-01
-4.029579162597656250e-01
-4.038681685924530029e-01
-4.033371806144714355e-01
