2.188290119171142578e+00
1.121247768402099609e+00
2.616959512233734131e-01
-1.053346917033195496e-01
-1.260699182748794556e-01
-5.211613699793815613e-02
-2.281940542161464691e-02
-8.104305714368820190e-02
-1.059965044260025024e-01
-8.266221731901168823e-02
-7.762224972248077393e-02
-1.118955612182617188e-01
-1.130000874400138855e-01
-1.245641782879829407e-01
-1.161337271332740784e-01
-1.305543333292007446e-01
-1.462462991476058960e-01
-1.609682589769363403e-01
-1.587614119052886963e-01
-1.642271429300308228e-01
-1.657337099313735962e-01
-1.705742478370666504e-01
-1.774857193231582642e-01
-1.784110069274902344e-01
-1.897463351488113403e-01
-1.970170289278030396e-01
-2.004958838224411011e-01
-2.050844281911849976e-01
-1.971421539783477783e-01
-1.973627954721450806e-01
-2.123361229896545410e-01
-2.134530395269393921e-01
-2.118847519159317017e-01
-2.237902879714965820e-01
-2.183405756950378418e-01
-2.329584956169128418e-01
-2.410276830196380615e-01
-2.296789288520812988e-01
-2.293029427528381348e-01
-2.396130710840225220e-01
-2.403806746006011963e-01
-2.419798523187637329e-01
-2.617962062358856201e-01
-2.362686097621917725e-01
-2.481082826852798462e-01
-2.457654774188995361e-01
-2.536760866641998291e-01
-2.516952455043792725e-01
-2.568967342376708984e-01
-2.638770043849945068e-01
-2.634596526622772217e-01
-2.577057182788848877e-01
-2.651802301406860352e-01
-2.657960057258605957e-01
-2.691440284252166748e-01
-2.584376931190490723e-01
-2.652638852596282959e-01
-2.527719736099243164e-01
-2.651272416114807129e-01
-2.595991790294647217e-01
-2.629596590995788574e-01
-2.597943246364593506e-01
-2.667053043842315674e-01
-2.760132849216461182e-01
-2.573091685771942139e-01
-2.671121954917907715e-01
-2.541440129280090332e-01
-2.527716159820556641e-01
-2.793200016021728516e-01
-2.868282496929168701e-01
-2.749655246734619141e-01
-2.728568315505981445e-01
-2.714146375656127930e-01
-2.908400297164916992e-01
-2.634145021438598633e-01
-2.676107287406921387e-01
-2.729579508304595947e-01
-2.768983840942382812e-01
-2.836655676364898682e-01
-2.760738134384155273e-01
-2.849509716033935547e-01
-2.847878038883209229e-01
-2.898299396038055420e-01
-2.800470888614654541e-01
-2.838966250419616699e-01
-2.806288599967956543e-01
-2.795238196849822998e-01
-2.785062789916992188e-01
-2.846011817455291748e-01
-2.786755859851837158e-01
-2.870232462882995605e-01
-2.845956981182098389e-01
-2.968070805072784424e-01
-2.971553504467010498e-01
-2.897794246673583984e-01
-2.801946997642517090e-01
-2.934031188488006592e-01
-3.100731968879699707e-01
-3.155618309974670410e-01
-3.018720448017120361e-01
-3.014795482158660889e-01
-2.928077876567840576e-01
-2.886573970317840576e-01
-3.031097948551177979e-01
-3.036470711231231689e-01
-3.028754293918609619e-01
-3.002515137195587158e-01
-3.249007463455200195e-01
-3.069730997085571289e-01
-3.156275451183319092e-01
-3.222802877426147461e-01
-3.154147267341613770e-01
-3.125867545604705811e-01
-3.091450333595275879e-01
-3.206970691680908203e-01
-3.126232922077178955e-01
-3.203945457935333252e-01
-3.264274895191192627e-01
-3.307914137840270996e-01
-3.233787715435028076e-01
-3.198733031749725342e-01
-3.184490501880645752e-01
-3.309676945209503174e-01
-3.260608315467834473e-01
-3.350501954555511475e-01
-3.306491672992706299e-01
-3.391394019126892090e-01
-3.353492915630340576e-01
-3.445079028606414795e-01
-3.337651193141937256e-01
-3.356286287307739258e-01
-3.418499231338500977e-01
-3.308245837688446045e-01
-3.312758803367614746e-01
-3.374845087528228760e-01
-3.359637558460235596e-01
-3.365386426448822021e-01
-3.429055213928222656e-01
-3.435711264610290527e-01
-3.393421769142150879e-01
-3.437165021896362305e-01
-3.479162454605102539e-01
-3.556577265262603760e-01
-3.613748848438262939e-01
-3.583360910415649414e-01
-3.582862615585327148e-01
-3.610524833202362061e-01
-3.635055124759674072e-01
-3.645898699760437012e-01
-3.684803545475006104e-01
-3.632380068302154541e-01
-3.699286878108978271e-01
-3.666952848434448242e-01
-3.654939234256744385e-01
-3.663146495819091797e-01
-3.641361892223358154e-01
-3.701388239860534668e-01
-3.681266307830810547e-01
-3.684498965740203857e-01
-3.720321953296661377e-01
-3.699679076671600342e-01
-3.695684075355529785e-01
-3.716755807399749756e-01
-3.727658689022064209e-01
-3.731411099433898926e-01
-3.655913472175598145e-01
-3.740479648113250732e-01
-3.712556660175323486e-01
-3.717404007911682129e-01
-3.708111643791198730e-01
-3.664760887622833252e-01
-3.686613738536834717e-01
-3.680985569953918457e-01
-3.696129918098449707e-01
-3.704430460929870605e-01
-3.644200265407562256e-01
-3.702396452426910400e-01
-3.661664724349975586e-01
-3.701248168945312500e-01
-3.696497082710266113e-01
-3.718985021114349365e-01
-3.698180019855499268e-01
-3.711928129196166992e-01
-3.674206435680389404e-01
-3.697895705699920654e-01
-3.679813444614410400e-01
-3.732163608074188232e-01
-3.747321665287017822e-01
-3.711729645729064941e-01
-3.728068768978118896e-01
-3.726590573787689209e-01
-3.708521723747253418e-01
-3.717716634273529053e-01
-3.712205290794372559e-01
-3.704460859298706055e-01
-3.737664818763732910e-01
-3.750450611114501953e-01
-3.694588243961334229e-01
-3.724626898765563965e-01
-3.672751188278198242e-01
-3.708189725875854492e-01
-3.690171837806701660e-01
-3.699603676795959473e-01
-3.716258406639099121e-01
-3.710953295230865479e-01
-3.731754422187805176e-01
-3.721705377101898193e-01
-3.715352416038513184e-01
-3.707009851932525635e-01
-3.730444312095642090e-01
-3.727082312107086182e-01
-3.731994032859802246e-01
-3.732279539108276367e-01
-3.734597265720367432e-01
-3.751943409442901611e-01
-3.716352581977844238e-01
-3.716652095317840576e-01
-3.755776584148406982e-01
-3.712403476238250732e-01
-3.685365617275238037e-01
-3.711231052875518799e-01
-3.725725412368774414e-01
-3.722988963127136230e-01
-3.702872693538665771e-01
-3.686049878597259521e-01
-3.709448277950286865e-01
-3.690895140171051025e-01
-3.669960200786590576e-01
-3.735197186470031738e-01
-3.719796240329742432e-01
-3.716325461864471436e-01
-3.686147332191467285e-01
-3.711472749710083008e-01
-3.709884881973266602e-01
-3.727229535579681396e-01
-3.710502982139587402e-01
-3.667690455913543701e-01
-3.682994544506072998e-01
-3.703992366790771484e-01
-3.689309060573577881e-01
-3.684060871601104736e-01
-3.680067658424377441e-01
-3.741735219955444336e-01
-3.738307058811187744e-01
-3.737240731716156006e-01
-3.731599152088165283e-01
-3.702661693096160889e-01
-3.721725642681121826e-01
-3.740231990814208984e-01
-3.722702562808990479e-01
-3.719161450862884521e-01
-3.706688284873962402e-01
-3.713168799877166748e-01
-3.713836967945098877e-01
-3.692575991153717041e-01
-3.749962449073791504e-01
-3.719356358051300049e-01
-3.724013566970825195e-01
-3.702083230018615723e-01
-3.697491884231567383e-01
-3.668397665023803711e-01
-3.711215853691101074e-01
-3.713812828063964844e-01
-3.687232732772827148e-01
-3.695906996726989746e-01
-3.666499555110931396e-01
-3.693552911281585693e-01
-3.694339990615844727e-01
-3.647797107696533203e-01
-3.679367303848266602e-01
-3.694446682929992676e-01
-3.737498819828033447e-01
-3.708670735359191895e-01
-3.693784177303314209e-01
-3.716180324554443359e-01
-3.698975443840026855e-01
-3.695316910743713379e-01
-3.701125085353851318e-01
-3.718323707580566406e-01
-3.733252584934234619e-01
-3.754345178604125977e-01
-3.728027939796447754e-01
-3.637517690658569336e-01
-3.710994422435760498e-01
-3.733430206775665283e-01
-3.719463050365447998e-01
-3.660511374473571777e-01
-3.687898814678192139e-01
-3.687547743320465088e-01
-3.697023987770080566e-01
-3.722974359989166260e-01
-3.703048229217529297e-01
-3.727136254310607910e-01
-3.700176477432250977e-01
-3.694094717502593994e-01
-3.691060841083526611e-01
-3.691087663173675537e-01
-3.718161880970001221e-01
-3.690490722656250000e-01
-3.700692653656005859e-01
-3.695963621139526367e-01
-3.714732825756072998e-01
-3.669525682926177979e-01
-3.684939742088317871e-01
-3.686341941356658936e-01
-3.721809983253479004e-01
-3.666814565658569336e-01
-3.720449209213256836e-01
-3.648763298988342285e-01
-3.668431937694549561e-01
-3.637768924236297607e-01
-3.683015108108520508e-01
-3.676874935626983643e-01
-3.709169924259185791e-01
-3.705121874809265137e-01
-3.702243864536285400e-01
-3.704553842544555664e-01
-3.677479028701782227e-01
-3.724129498004913330e-01
-3.729897439479827881e-01
-3.658080399036407471e-01
-3.669930398464202881e-01
-3.655028939247131348e-01
-3.702935874462127686e-01
-3.689775764942169189e-01
-3.692092895507812500e-01
-3.685448765754699707e-01
-3.706941902637481689e-01
-3.702558577060699463e-01
-3.710225522518157959e-01
-3.684215843677520752e-01
-3.708926141262054443e-01
-3.676941692829132080e-01
-3.633222579956054688e-01
-3.664021790027618408e-01
-3.719546794891357422e-01
-3.629301190376281738e-01
-3.695166110992431641e-01
-3.688168823719024658e-01
-3.676218986511230469e-01
-3.688112795352935791e-01
-3.670257627964019775e-01
-3.687649369239807129e-01
-3.703712224960327148e-01
-3.669960796833038330e-01
-3.659045100212097168e-01
-3.671777546405792236e-01
-3.669171631336212158e-01
-3.699928522109985352e-01
-3.712002635002136230e-01
-3.705137968063354492e-01
-3.699071407318115234e-01
-3.694635629653930664e-01
-3.659073710441589355e-01
-3.667533695697784424e-01
-3.644997179508209229e-01
-3.645899593830108643e-01
-3.624487817287445068e-01
-3.701727390289306641e-01
-3.674149215221405029e-01
-3.704768419265747070e-01
-3.674958348274230957e-01
-3.649650216102600098e-01
-3.638291656970977783e-01
-3.652915656566619873e-01
-3.695939183235168457e-01
-3.675579428672790527e-01
-3.661446869373321533e-01
-3.654951155185699463e-01
-3.669842481613159180e-01
-3.666535913944244385e-01
-3.657691776752471924e-01
-3.717450499534606934e-01
-3.684741258621215820e-01
-3.684141933917999268e-01
-3.672198355197906494e-01
-3.705682456493377686e-01
-3.610997796058654785e-01
-3.659874796867370605e-01
-3.640525043010711670e-01
-3.670043945312500000e-01
-3.670663535594940186e-01
-3.655271530151367188e-01
-3.687382340431213379e-01
-3.710935115814208984e-01
-3.686755299568176270e-01
-3.665013015270233154e-01
-3.626690208911895752e-01
-3.664855957031250000e-01
-3.667649626731872559e-01
-3.657255768775939941e-01
-3.606671392917633057e-01
-3.612895011901855469e-01
-3.629970848560333252e-01
-3.668467700481414795e-01
-3.674995005130767822e-01
-3.654758036136627197e-01
-3.676902651786804199e-01
-3.634407818317413330e-01
-3.661892712116241455e-01
-3.636115789413452148e-01
-3.665139973163604736e-01
-3.664284646511077881e-01
-3.664950728416442871e-01
-3.618246018886566162e-01
-3.641682863235473633e-01
-3.698199391365051270e-01
-3.676263093948364258e-01
-3.669230043888092041e-01
-3.635903298854827881e-01
-3.635125160217285156e-01
-3.678932487964630127e-01
-3.619209229946136475e-01
-3.657412827014923096e-01
-3.617427051067352295e-01
-3.613346815109252930e-01
-3.651436269283294678e-01
-3.600399196147918701e-01
-3.631806075572967529e-01
-3.621723353862762451e-01
-3.582378625869750977e-01
-3.646406233310699463e-01
-3.657158911228179932e-01
-3.609898090362548828e-01
-3.662590980529785156e-01
-3.654460310935974121e-01
-3.620092272758483887e-01
-3.644561171531677246e-01
-3.617171347141265869e-01
-3.608843386173248291e-01
-3.644676804542541504e-01
-3.627170920372009277e-01
-3.591379523277282715e-01
-3.641823530197143555e-01
-3.633942008018493652e-01
-3.586143255233764648e-01
-3.579210340976715088e-01
-3.573565185070037842e-01
-3.605638444423675537e-01
-3.620831072330474854e-01
-3.605221509933471680e-01
-3.653803765773773193e-01
-3.622812032699584961e-01
-3.561995923519134521e-01
-3.601734638214111328e-01
-3.612633049488067627e-01
-3.624817430973052979e-01
-3.565821051597595215e-01
-3.573737740516662598e-01
-3.612432777881622314e-01
-3.621225655078887939e-01
-3.603897690773010254e-01
-3.565576970577239990e-01
-3.630566298961639404e-01
-3.644182384014129639e-01
-3.589564263820648193e-01
-3.584114313125610352e-01
-3.630554676055908203e-01
-3.605752587318420410e-01
-3.571667075157165527e-01
-3.609107434749603271e-01
-3.577412068843841553e-01
-3.579443693161010742e-01
-3.562265336513519287e-01
-3.601877987384796143e-01
-3.565399050712585449e-01
-3.592852056026458740e-01
-3.567607700824737549e-01
-3.583090901374816895e-01
-3.617648482322692871e-01
-3.571577668190002441e-01
-3.614593744277954102e-01
-3.582928776741027832e-01
-3.535089492797851562e-01
-3.559875190258026123e-01
-3.605911731719970703e-01
-3.515587151050567627e-01
-3.551909327507019043e-01
-3.532300293445587158e-01
-3.593531548976898193e-01
-3.552284538745880127e-01
-3.574546575546264648e-01
-3.578013479709625244e-01
-3.523647487163543701e-01
-3.574310839176177979e-01
-3.615095913410186768e-01
-3.524690568447113037e-01
-3.541796505451202393e-01
-3.561609983444213867e-01
-3.590878248214721680e-01
-3.598797023296356201e-01
-3.554497659206390381e-01
-3.576077222824096680e-01
-3.567425012588500977e-01
-3.526068627834320068e-01
-3.549099266529083252e-01
-3.546946644783020020e-01
-3.527800440788269043e-01
-3.556177616119384766e-01
-3.559285402297973633e-01
-3.549352288246154785e-01
-3.572673201560974121e-01
-3.546326756477355957e-01
-3.553877770900726318e-01
-3.524731695652008057e-01
-3.468692898750305176e-01
-3.567139804363250732e-01
-3.516891002655029297e-01
-3.470742106437683105e-01
-3.450552225112915039e-01
-3.555738031864166260e-01
-3.558721840381622314e-01
-3.545303344726562500e-01
-3.562722802162170410e-01
-3.466912806034088135e-01
-3.548444807529449463e-01
-3.458527326583862305e-01
-3.502485752105712891e-01
-3.481331169605255127e-01
-3.499622046947479248e-01
-3.536530137062072754e-01
-3.466507196426391602e-01
-3.508354425430297852e-01
-3.553537130355834961e-01
-3.561204075813293457e-01
-3.484472632408142090e-01
-3.533297181129455566e-01
-3.511467278003692627e-01
-3.475462794303894043e-01
-3.458372056484222412e-01
-3.460915684700012207e-01
-3.471839129924774170e-01
-3.480106294155120850e-01
-3.489787578582763672e-01
-3.507271707057952881e-01
-3.478544354438781738e-01
-3.520557880401611328e-01
-3.514069914817810059e-01
-3.490870893001556396e-01
-3.442687690258026123e-01
-3.470178544521331787e-01
-3.470015525817871094e-01
-3.448819518089294434e-01
-3.485707640647888184e-01
-3.420282006263732910e-01
-3.476595580577850342e-01
-3.462370932102203369e-01
-3.450933098793029785e-01
-3.395684063434600830e-01
-3.453149199485778809e-01
-3.426572382450103760e-01
-3.428111076354980469e-01
-3.501937091350555420e-01
-3.407680094242095947e-01
-3.475771844387054443e-01
-3.377350568771362305e-01
-3.418041467666625977e-01
-3.394853770732879639e-01
-3.426130414009094238e-01
-3.395923972129821777e-01
-3.450587689876556396e-01
-3.424057364463806152e-01
-3.467090129852294922e-01
-3.401436209678649902e-01
-3.432435393333435059e-01
-3.413930833339691162e-01
-3.426292240619659424e-01
-3.419822752475738525e-01
-3.384614586830139160e-01
-3.440272808074951172e-01
-3.405287563800811768e-01
-3.401992917060852051e-01
-3.434156477451324463e-01
-3.394905030727386475e-01
-3.326337933540344238e-01
-3.395332098007202148e-01
-3.391330838203430176e-01
-3.447927832603454590e-01
-3.337830603122711182e-01
-3.383518159389495850e-01
-3.376054763793945312e-01
-3.372795283794403076e-01
-3.396684825420379639e-01
-3.366923034191131592e-01
-3.350583016872406006e-01
-3.351471722126007080e-01
-3.377649486064910889e-01
-3.382765650749206543e-01
-3.355037569999694824e-01
-3.343287110328674316e-01
-3.393266499042510986e-01
-3.388461172580718994e-01
-3.367932736873626709e-01
-3.331379890441894531e-01
-3.369636833667755127e-01
-3.404029011726379395e-01
-3.366969525814056396e-01
-3.407159149646759033e-01
-3.306816220283508301e-01
-3.330741226673126221e-01
-3.339219689369201660e-01
-3.362275362014770508e-01
-3.304621279239654541e-01
-3.384270966053009033e-01
-3.311508893966674805e-01
-3.303196728229522705e-01
-3.313690721988677979e-01
-3.306981027126312256e-01
-3.343771398067474365e-01
-3.308806419372558594e-01
-3.356379270553588867e-01
-3.275228738784790039e-01
-3.268663287162780762e-01
-3.321982920169830322e-01
-3.319957852363586426e-01
-3.364079296588897705e-01
-3.314638733863830566e-01
-3.348939120769500732e-01
-3.330495655536651611e-01
-3.207783401012420654e-01
-3.330892324447631836e-01
-3.335937559604644775e-01
-3.311447203159332275e-01
-3.317281603813171387e-01
-3.304738700389862061e-01
-3.284927308559417725e-01
-3.278045058250427246e-01
-3.311119973659515381e-01
-3.298923671245574951e-01
-3.305473029613494873e-01
-3.250855803489685059e-01
-3.290179967880249023e-01
-3.346928060054779053e-01
-3.312879502773284912e-01
-3.286876976490020752e-01
-3.260472416877746582e-01
-3.222558200359344482e-01
-3.279277384281158447e-01
-3.314837515354156494e-01
-3.284152150154113770e-01
-3.280667066574096680e-01
-3.248916566371917725e-01
-3.285356462001800537e-01
-3.313069939613342285e-01
-3.279545605182647705e-01
-3.278988003730773926e-01
-3.275428116321563721e-01
-3.314090073108673096e-01
-3.280524313449859619e-01
-3.290713727474212646e-01
-3.386331796646118164e-01
-3.230304121971130371e-01
-3.211342990398406982e-01
-3.241290748119354248e-01
-3.198995888233184814e-01
-3.252110481262207031e-01
-3.229049146175384521e-01
-3.237462341785430908e-01
-3.287299275398254395e-01
-3.303278088569641113e-01
-3.198090791702270508e-01
-3.276736736297607422e-01
-3.198651373386383057e-01
-3.184190392494201660e-01
-3.250517249107360840e-01
-3.234164118766784668e-01
-3.232070207595825195e-01
-3.244107067584991455e-01
-3.219109773635864258e-01
-3.218840062618255615e-01
-3.185082376003265381e-01
-3.279264569282531738e-01
-3.220162391662597656e-01
-3.269549608230590820e-01
-3.282300829887390137e-01
-3.171001970767974854e-01
-3.188267350196838379e-01
-3.212410211563110352e-01
-3.210538923740386963e-01
-3.183774054050445557e-01
-3.251141607761383057e-01
-3.182678818702697754e-01
-3.269435465335845947e-01
-3.187115490436553955e-01
-3.156102299690246582e-01
-3.224958479404449463e-01
-3.194848299026489258e-01
-3.211786448955535889e-01
-3.245509564876556396e-01
-3.269406855106353760e-01
-3.236664533615112305e-01
-3.130795061588287354e-01
-3.176974952220916748e-01
-3.248837292194366455e-01
-3.225473165512084961e-01
-3.200781047344207764e-01
-3.138020634651184082e-01
-3.192783892154693604e-01
-3.211463689804077148e-01
-3.161025345325469971e-01
-3.227459788322448730e-01
-3.189877867698669434e-01
-3.220201134681701660e-01
-3.188689053058624268e-01
-3.241764008998870850e-01
-3.183479607105255127e-01
-3.150464296340942383e-01
-3.222737014293670654e-01
-3.193431496620178223e-01
-3.140216767787933350e-01
-3.184380531311035156e-01
-3.147831559181213379e-01
-3.203577995300292969e-01
-3.156223893165588379e-01
-3.168544173240661621e-01
-3.179613649845123291e-01
-3.161215186119079590e-01
-3.217640817165374756e-01
-3.166835010051727295e-01
-3.189126253128051758e-01
-3.185797929763793945e-01
-3.149927854537963867e-01
-3.168051540851593018e-01
-3.183942437171936035e-01
-3.146048486232757568e-01
-3.155367374420166016e-01
-3.210320472717285156e-01
-3.108712136745452881e-01
-3.135596811771392822e-01
-3.140544295310974121e-01
-3.122403621673583984e-01
-3.123396635055541992e-01
-3.128674626350402832e-01
-3.194184601306915283e-01
-3.136108815670013428e-01
-3.152460455894470215e-01
-3.094491064548492432e-01
-3.133189678192138672e-01
-3.125167787075042725e-01
-3.147386908531188965e-01
-3.159374892711639404e-01
-3.141022622585296631e-01
-3.126088678836822510e-01
-3.068916499614715576e-01
-3.157065808773040771e-01
-3.112674057483673096e-01
-3.121447265148162842e-01
-3.166874349117279053e-01
-3.185900747776031494e-01
-3.156850039958953857e-01
-3.120375871658325195e-01
-3.151440322399139404e-01
-3.197676539421081543e-01
-3.116633296012878418e-01
-3.151220083236694336e-01
-3.139874637126922607e-01
-3.130059242248535156e-01
-3.124980032444000244e-01
-3.104293048381805420e-01
-3.138889372348785400e-01
-3.114180862903594971e-01
-3.157937228679656982e-01
-3.102189898490905762e-01
-3.159716427326202393e-01
-3.118613362312316895e-01
-3.133088350296020508e-01
-3.166806101799011230e-01
-3.109625279903411865e-01
-3.158855736255645752e-01
-3.124736249446868896e-01
-3.189523816108703613e-01
-3.145492374897003174e-01
-3.141076862812042236e-01
-3.079112470149993896e-01
-3.086641430854797363e-01
-3.102180063724517822e-01
-3.086349368095397949e-01
-3.115630447864532471e-01
-3.069662451744079590e-01
-3.091029524803161621e-01
-3.078764379024505615e-01
-3.101864457130432129e-01
-3.112535774707794189e-01
-3.156119883060455322e-01
-3.089104592800140381e-01
-3.135497570037841797e-01
-3.117105066776275635e-01
-3.081525564193725586e-01
-3.117917776107788086e-01
-3.041814863681793213e-01
-3.078328371047973633e-01
-3.067486584186553955e-01
-3.055832386016845703e-01
-3.102185726165771484e-01
-3.081463873386383057e-01
-3.090269565582275391e-01
-3.124873042106628418e-01
-3.149431943893432617e-01
-3.108087778091430664e-01
-3.073380589485168457e-01
-3.089810907840728760e-01
-3.163186013698577881e-01
-2.995911836624145508e-01
-3.069894313812255859e-01
-3.086759746074676514e-01
-3.080598413944244385e-01
-3.089320659637451172e-01
-3.074323236942291260e-01
-3.113372027873992920e-01
-3.072052001953125000e-01
-3.133779168128967285e-01
-3.118289709091186523e-01
-3.096183538436889648e-01
-3.068887293338775635e-01
-3.045474290847778320e-01
-3.086397051811218262e-01
-3.096861541271209717e-01
-3.074266314506530762e-01
-3.074440956115722656e-01
-3.030222356319427490e-01
-3.068554997444152832e-01
-2.999470829963684082e-01
-3.128252029418945312e-01
-3.086537420749664307e-01
-3.101666867733001709e-01
-3.120442628860473633e-01
-3.136460483074188232e-01
-3.118338882923126221e-01
-3.075605332851409912e-01
-3.050708174705505371e-01
-3.077658712863922119e-01
-3.023864030838012695e-01
-3.091380596160888672e-01
-2.996360361576080322e-01
-3.065968751907348633e-01
-3.027839958667755127e-01
-3.058585226535797119e-01
-3.080761730670928955e-01
-3.018993437290191650e-01
-3.053075373172760010e-01
-3.023613691329956055e-01
-3.131920695304870605e-01
-3.039620220661163330e-01
-3.022609949111938477e-01
-3.072613477706909180e-01
-3.017849028110504150e-01
-3.107363879680633545e-01
-3.025092184543609619e-01
-3.005040585994720459e-01
-3.132531046867370605e-01
-3.028857409954071045e-01
-3.032763600349426270e-01
-3.071319162845611572e-01
-3.024755120277404785e-01
-3.033028244972229004e-01
-3.042058348655700684e-01
-3.057998418807983398e-01
-3.005211055278778076e-01
-3.065557479858398438e-01
-2.990276813507080078e-01
-2.988390624523162842e-01
-3.053898811340332031e-01
-3.099465966224670410e-01
-2.993720471858978271e-01
-2.998973131179809570e-01
-2.999929785728454590e-01
-3.071578443050384521e-01
-3.035837709903717041e-01
-2.959251105785369873e-01
-3.011663854122161865e-01
-3.017435967922210693e-01
-3.022660613059997559e-01
-3.016201257705688477e-01
-3.036924302577972412e-01
-3.013641238212585449e-01
-3.099997639656066895e-01
-3.039968013763427734e-01
-3.021811544895172119e-01
-3.005505502223968506e-01
-3.106058835983276367e-01
-2.987390756607055664e-01
-3.023925125598907471e-01
-3.031327426433563232e-01
-3.005872368812561035e-01
-2.977902591228485107e-01
-2.964374721050262451e-01
-3.000355660915374756e-01
-2.990767955780029297e-01
-2.975731194019317627e-01
-2.972302138805389404e-01
-3.015458881855010986e-01
-3.008665144443511963e-01
-2.974555194377899170e-01
-2.979592084884643555e-01
-2.992997467517852783e-01
-3.016743957996368408e-01
-2.962255179882049561e-01
-3.009742498397827148e-01
-3.028721809387207031e-01
-2.913223803043365479e-01
-2.996168732643127441e-01
-3.011406064033508301e-01
-2.953505218029022217e-01
-3.028755187988281250e-01
-3.085071146488189697e-01
-2.982690632343292236e-01
-2.968591749668121338e-01
-2.976469695568084717e-01
-2.977723479270935059e-01
-2.974405288696289062e-01
-3.003443777561187744e-01
-3.025878667831420898e-01
-2.982930541038513184e-01
-2.980784475803375244e-01
-2.960773408412933350e-01
-2.983672618865966797e-01
-2.979661226272583008e-01
-2.947296202182769775e-01
-2.910426557064056396e-01
-3.017268180847167969e-01
-3.025311231613159180e-01
-3.103043138980865479e-01
-2.995582520961761475e-01
-2.960090339183807373e-01
-3.001843392848968506e-01
-2.942863106727600098e-01
-2.960106730461120605e-01
-3.027721047401428223e-01
-2.939405441284179688e-01
-2.954432368278503418e-01
-2.932000458240509033e-01
-2.999633252620697021e-01
-3.058415353298187256e-01
-3.066842555999755859e-01
-2.986978888511657715e-01
-3.006767034530639648e-01
-2.942477464675903320e-01
-2.982610464096069336e-01
-2.979743182659149170e-01
-3.002022802829742432e-01
-2.960108518600463867e-01
-2.991814911365509033e-01
-2.978532314300537109e-01
-2.915530204772949219e-01
-3.009490966796875000e-01
-3.035595715045928955e-01
-2.929612994194030762e-01
-2.991967499256134033e-01
-2.998917102813720703e-01
-2.952859401702880859e-01
-2.934261262416839600e-01
-3.040946722030639648e-01
-2.927226126194000244e-01
-2.956428527832031250e-01
-2.983635365962982178e-01
-2.984048426151275635e-01
-2.950783073902130127e-01
-3.008048832416534424e-01
-3.013465106487274170e-01
-2.976683080196380615e-01
-3.010130226612091064e-01
-2.942599356174468994e-01
-2.942110598087310791e-01
-3.020579814910888672e-01
-2.943716943264007568e-01
-3.011637032032012939e-01
-2.951783239841461182e-01
-3.000285625457763672e-01
-2.998481094837188721e-01
-2.969339489936828613e-01
-2.937336564064025879e-01
-2.993222177028656006e-01
-2.901405692100524902e-01
-2.893876731395721436e-01
-2.925419807434082031e-01
-2.962784469127655029e-01
-2.937407791614532471e-01
-2.991167008876800537e-01
-2.996537983417510986e-01
-2.963602840900421143e-01
-2.969520390033721924e-01
-3.004082739353179932e-01
-2.938041985034942627e-01
-2.861267030239105225e-01
-2.974951267242431641e-01
-2.984416782855987549e-01
-2.862575650215148926e-01
-3.002745509147644043e-01
-2.933011353015899658e-01
-2.966851592063903809e-01
-2.895874679088592529e-01
-2.944269180297851562e-01
-2.947587966918945312e-01
-2.947897911071777344e-01
-2.927128076553344727e-01
-2.953266501426696777e-01
-2.989469468593597412e-01
-2.927882075309753418e-01
-2.965058684349060059e-01
-2.943522334098815918e-01
