-2.934496402740478516e-01
-3.704252839088439941e-01
-3.759563863277435303e-01
-3.694351911544799805e-01
-3.823852837085723877e-01
-3.911466598510742188e-01
-3.921709954738616943e-01
-3.933916985988616943e-01
-3.946548104286193848e-01
-3.948221206665039062e-01
-3.953166604042053223e-01
-3.962762057781219482e-01
-3.951341509819030762e-01
-3.980569541454315186e-01
-3.974264860153198242e-01
-3.984311521053314209e-01
-3.998580574989318848e-01
-4.000028073787689209e-01
-4.011284112930297852e-01
-4.010615348815917969e-01
-4.004108309745788574e-01
-4.015744924545288086e-01
-4.021279811859130859e-01
-4.016157984733581543e-01
-4.030253887176513672e-01
-4.021188616752624512e-01
-4.017182290554046631e-01
-4.027301073074340820e-01
-4.031604528427124023e-01
-4.033995866775512695e-01
-4.022039175033569336e-01
-4.034087955951690674e-01
-4.028944671154022217e-01
-4.049727916717529297e-01
-4.030015766620635986e-01
-4.035934507846832275e-01
-4.023772478103637695e-01
-4.039675295352935791e-01
-4.042198657989501953e-01
-4.031207859516143799e-01
-4.031281173229217529e-01
-4.035004377365112305e-01
-4.042086303234100342e-01
-4.033132493495941162e-01
-4.040274620056152344e-01
-4.035587906837463379e-01
-4.044160842895507812e-01
-4.039041399955749512e-01
-4.039765894412994385e-01
-4.044299423694610596e-01
-4.045887291431427002e-01
-4.041242003440856934e-01
-4.042997956275939941e-01
-4.038171172142028809e-01
-4.042305052280426025e-01
-4.042261838912963867e-01
-4.044586122035980225e-01
-4.041312634944915771e-01
-4.048442542552947998e-01
-4.049099981784820557e-01
-4.039481282234191895e-01
-4.039888381958007812e-01
-4.048642516136169434e-01
-4.039997458457946777e-01
-4.043688774108886719e-01
-4.048376977443695068e-01
-4.045394659042358398e-01
-4.042437672615051270e-01
-4.042824804782867432e-01
-4.044675230979919434e-01
-4.049293994903564453e-01
-4.039863348007202148e-01
-4.042498171329498291e-01
-4.036971926689147949e-01
-4.043909907341003418e-01
-4.041001498699188232e-01
-4.040164053440093994e-01
-4.045863151550292969e-01
-4.048710465431213379e-01
-4.044472575187683105e-01
-4.045596122741699219e-01
-4.044252336025238037e-01
-4.053179323673248291e-01
-4.046112596988677979e-01
-4.047459661960601807e-01
-4.045127928256988525e-01
-4.039853513240814209e-01
-4.044661819934844971e-01
-4.036723077297210693e-01
-4.045549333095550537e-01
-4.042221605777740479e-01
-4.045029878616333008e-01
-4.049454927444458008e-01
-4.053667485713958740e-01
-4.043271243572235107e-01
-4.043226242065429688e-01
-4.044812619686126709e-01
-4.047361314296722412e-01
-4.047630429267883301e-01
-4.045736193656921387e-01
-4.043332636356353760e-01
-4.043350815773010254e-01
-4.042899906635284424e-01
-4.044356346130371094e-01
-4.042058587074279785e-01
-4.044147431850433350e-01
-4.042718708515167236e-01
-4.045099020004272461e-01
-4.039943218231201172e-01
-4.045255184173583984e-01
-4.047680795192718506e-01
-4.044321179389953613e-01
-4.047113060951232910e-01
-4.045763611793518066e-01
-3.784544765949249268e-01
-3.832858800888061523e-01
-4.001400172710418701e-01
-4.023455083370208740e-01
-4.038691520690917969e-01
-4.034479260444641113e-01
-4.025298655033111572e-01
-4.034769535064697266e-01
-4.041033685207366943e-01
-4.044230580329895020e-01
-4.045784473419189453e-01
-4.040445387363433838e-01
-4.041088223457336426e-01
-4.050377905368804932e-01
-4.039442539215087891e-01
-4.046086668968200684e-01
-4.042240381240844727e-01
-4.042584896087646484e-01
-4.047962725162506104e-01
-4.044710695743560791e-01
-4.044431149959564209e-01
-4.051549136638641357e-01
-4.043752551078796387e-01
-4.048604965209960938e-01
-4.043699502944946289e-01
-4.048526287078857422e-01
-4.045942127704620361e-01
-4.042182266712188721e-01
-4.047819077968597412e-01
-4.040766060352325439e-01
-4.052784442901611328e-01
-4.047989845275878906e-01
-4.049704074859619141e-01
-4.041261076927185059e-01
-4.044067561626434326e-01
-4.043796658515930176e-01
-4.044896364212036133e-01
-4.037473797798156738e-01
-4.043049812316894531e-01
-4.050018191337585449e-01
-4.045552313327789307e-01
-4.043469727039337158e-01
-4.043229222297668457e-01
-4.046134650707244873e-01
-4.045896530151367188e-01
-4.040787220001220703e-01
-4.054348468780517578e-01
-4.041723310947418213e-01
-4.052149653434753418e-01
-4.044978022575378418e-01
-4.047838151454925537e-01
-4.049868285655975342e-01
-4.038844704627990723e-01
-4.041982889175415039e-01
-4.049203395843505859e-01
-4.041420221328735352e-01
-4.045675694942474365e-01
-4.050552248954772949e-01
-4.048209786415100098e-01
-4.048798382282257080e-01
-4.050091505050659180e-01
-4.043841660022735596e-01
-4.049371778964996338e-01
-4.050281941890716553e-01
-4.044885337352752686e-01
-4.050584733486175537e-01
-4.043996632099151611e-01
-4.045089781284332275e-01
-4.044982492923736572e-01
-4.041647613048553467e-01
-4.046837687492370605e-01
-4.042567610740661621e-01
-4.039219319820404053e-01
-4.046086072921752930e-01
-4.039346575736999512e-01
-4.049926698207855225e-01
-4.046841561794281006e-01
-4.045290052890777588e-01
-4.045107960700988770e-01
-4.039759039878845215e-01
-4.050823152065277100e-01
-4.045134782791137695e-01
-4.044651091098785400e-01
-4.051456153392791748e-01
-4.045588970184326172e-01
-3.700532019138336182e-01
-3.813310563564300537e-01
-3.843499124050140381e-01
-3.894460797309875488e-01
-3.907453119754791260e-01
-3.941803574562072754e-01
-3.948023021221160889e-01
-3.962167501449584961e-01
-3.974584341049194336e-01
-3.994788825511932373e-01
-4.020869135856628418e-01
-4.018262326717376709e-01
-4.014846086502075195e-01
-4.021862745285034180e-01
-4.033194482326507568e-01
-4.013904929161071777e-01
-4.044425785541534424e-01
-4.032108187675476074e-01
-4.035557806491851807e-01
-4.042241871356964111e-01
-4.035678207874298096e-01
-4.033634364604949951e-01
-4.037090539932250977e-01
-4.037657976150512695e-01
-4.040207564830780029e-01
-4.043364226818084717e-01
-4.042774140834808350e-01
-4.038338065147399902e-01
-4.038737714290618896e-01
-4.042086899280548096e-01
-4.029043912887573242e-01
-4.042383432388305664e-01
-4.037645757198333740e-01
-4.043269753456115723e-01
-4.044678807258605957e-01
-4.043528437614440918e-01
-4.036287367343902588e-01
-4.037162959575653076e-01
-4.039680659770965576e-01
-4.039725959300994873e-01
-4.043839573860168457e-01
-4.042183756828308105e-01
-4.043660461902618408e-01
-4.042565822601318359e-01
-4.045499265193939209e-01
-4.046923220157623291e-01
-4.045555293560028076e-01
-4.043693542480468750e-01
-4.039723575115203857e-01
-4.045552611351013184e-01
-4.035047292709350586e-01
-4.046934545040130615e-01
-4.042370915412902832e-01
-4.042069613933563232e-01
-4.051219522953033447e-01
-4.040365517139434814e-01
-4.043672978878021240e-01
-4.051977396011352539e-01
-4.042444527149200439e-01
-4.044637382030487061e-01
-4.042699635028839111e-01
-4.042813181877136230e-01
-4.045508801937103271e-01
-4.040612876415252686e-01
-4.043492972850799561e-01
-4.040725827217102051e-01
-4.043945670127868652e-01
-4.045666456222534180e-01
-4.044486284255981445e-01
-4.035975933074951172e-01
-4.050785601139068604e-01
-4.044419527053833008e-01
-4.047206640243530273e-01
-4.035344719886779785e-01
-4.039645493030548096e-01
-4.048776626586914062e-01
-4.044948816299438477e-01
-4.051655828952789307e-01
-4.042422473430633545e-01
-4.041228592395782471e-01
-4.048382043838500977e-01
-4.049363136291503906e-01
-4.039301872253417969e-01
-4.043061137199401855e-01
-4.038203656673431396e-01
-4.047699570655822754e-01
-4.043895900249481201e-01
-4.041899442672729492e-01
-4.043876528739929199e-01
-4.037872850894927979e-01
-4.037766158580780029e-01
-4.042604565620422363e-01
-4.044327735900878906e-01
-4.045014381408691406e-01
-4.043851494789123535e-01
-4.043387472629547119e-01
-4.046748578548431396e-01
-4.040564596652984619e-01
-4.053383171558380127e-01
-4.039748311042785645e-01
-4.047184586524963379e-01
-4.035784006118774414e-01
-4.042893350124359131e-01
-4.051075279712677002e-01
-4.053657352924346924e-01
-4.041976928710937500e-01
-4.040466845035552979e-01
-4.045248925685882568e-01
-4.042581319808959961e-01
-4.041797518730163574e-01
-4.040552079677581787e-01
-4.040526151657104492e-01
-4.040969908237457275e-01
-4.044928550720214844e-01
-4.046099781990051270e-01
-4.047472178936004639e-01
-4.043647348880767822e-01
-4.044252634048461914e-01
-4.044831097126007080e-01
-4.040930867195129395e-01
-4.037996232509613037e-01
-4.037991166114807129e-01
-4.039976596832275391e-01
-4.042463004589080811e-01
-4.042079746723175049e-01
-4.046584367752075195e-01
-4.036787748336791992e-01
-4.044695198535919189e-01
-4.049732387065887451e-01
-4.048098027706146240e-01
-4.042360484600067139e-01
-4.044614136219024658e-01
-4.044261276721954346e-01
-4.046147465705871582e-01
-4.037055075168609619e-01
-4.040681421756744385e-01
-4.049389958381652832e-01
-4.034608900547027588e-01
-4.045045673847198486e-01
-4.040366709232330322e-01
-4.039581418037414551e-01
-3.744891881942749023e-01
-3.943893015384674072e-01
-3.991097509860992432e-01
-3.979662954807281494e-01
-3.996544778347015381e-01
-4.027591347694396973e-01
-4.036176204681396484e-01
-4.025880396366119385e-01
-4.025745987892150879e-01
-4.042633473873138428e-01
-4.044325053691864014e-01
-4.042969644069671631e-01
-4.033417403697967529e-01
-4.038816392421722412e-01
-4.054256677627563477e-01
-4.039256870746612549e-01
-4.039667546749114990e-01
-4.051719009876251221e-01
-4.055294990539550781e-01
-4.045312404632568359e-01
-4.039391577243804932e-01
-4.042150378227233887e-01
-4.048933386802673340e-01
-4.039329886436462402e-01
-4.051212668418884277e-01
-4.043098092079162598e-01
-4.042163491249084473e-01
-4.048394858837127686e-01
-4.044978618621826172e-01
-4.045393168926239014e-01
-4.048907458782196045e-01
-4.050182998180389404e-01
-4.053331911563873291e-01
-4.050654172897338867e-01
-4.045551121234893799e-01
-4.047535359859466553e-01
-4.050922989845275879e-01
-4.044745564460754395e-01
-4.044111073017120361e-01
-4.043599963188171387e-01
-4.042800366878509521e-01
-4.045309424400329590e-01
-4.049884080886840820e-01
-4.048408269882202148e-01
-4.044853448867797852e-01
-4.050392508506774902e-01
-4.054072797298431396e-01
-4.033872783184051514e-01
-4.047406613826751709e-01
-4.046740829944610596e-01
-4.045840799808502197e-01
-4.050392806529998779e-01
-4.046445190906524658e-01
-4.048245847225189209e-01
-4.050280153751373291e-01
-4.049250483512878418e-01
-4.047142863273620605e-01
-4.041846394538879395e-01
-4.049634635448455811e-01
-4.052662253379821777e-01
-4.045164883136749268e-01
-4.049758017063140869e-01
-4.047037363052368164e-01
-4.047636687755584717e-01
-4.049093425273895264e-01
-4.046404361724853516e-01
-4.047632515430450439e-01
-4.051923751831054688e-01
-4.041462540626525879e-01
-4.046013951301574707e-01
-4.050024449825286865e-01
-4.046831130981445312e-01
-4.046860337257385254e-01
-4.050775468349456787e-01
-4.043000042438507080e-01
-4.048826992511749268e-01
-4.046450257301330566e-01
-4.053254425525665283e-01
-4.039340615272521973e-01
-4.049479663372039795e-01
-4.045354723930358887e-01
-4.042279720306396484e-01
-4.045896530151367188e-01
-4.042218029499053955e-01
-4.044181406497955322e-01
-4.048199355602264404e-01
-4.040888845920562744e-01
-4.041753709316253662e-01
-4.045092761516571045e-01
-4.048483073711395264e-01
-4.045887589454650879e-01
-4.044139683246612549e-01
-4.042541980743408203e-01
-4.040805697441101074e-01
-4.046037495136260986e-01
-4.046888947486877441e-01
-4.049655795097351074e-01
-4.041125476360321045e-01
-4.045143425464630127e-01
-4.047026634216308594e-01
-4.042425155639648438e-01
-4.047690331935882568e-01
-4.044743180274963379e-01
-4.044941961765289307e-01
-4.049147069454193115e-01
-4.047636985778808594e-01
-4.045841693878173828e-01
-4.047067761421203613e-01
-4.046977460384368896e-01
-4.048638939857482910e-01
-4.045569598674774170e-01
-4.044805169105529785e-01
-4.046634435653686523e-01
-4.053622484207153320e-01
-4.045944809913635254e-01
-4.045059680938720703e-01
-4.042764902114868164e-01
-4.040544927120208740e-01
-4.045522809028625488e-01
-4.047877192497253418e-01
-4.048422276973724365e-01
-4.043076634407043457e-01
-4.045934975147247314e-01
-4.044495224952697754e-01
-4.045588076114654541e-01
-4.045620560646057129e-01
-4.041704833507537842e-01
-4.053932428359985352e-01
-4.042207896709442139e-01
-4.039918780326843262e-01
-4.043863117694854736e-01
-4.042782187461853027e-01
-4.059125185012817383e-01
-4.045338034629821777e-01
-4.040383100509643555e-01
-4.050363302230834961e-01
-4.042183756828308105e-01
-4.046007692813873291e-01
-4.049918949604034424e-01
-4.048140943050384521e-01
-4.049778878688812256e-01
-4.041586518287658691e-01
-4.051645100116729736e-01
-4.044647216796875000e-01
-4.051042199134826660e-01
-4.041794240474700928e-01
-4.052374362945556641e-01
-4.048804342746734619e-01
-4.043947160243988037e-01
-4.041720926761627197e-01
-4.045770168304443359e-01
-4.045588970184326172e-01
-4.054180979728698730e-01
-4.050753116607666016e-01
-4.047641158103942871e-01
-4.048101902008056641e-01
-4.045732021331787109e-01
-4.045695066452026367e-01
-4.044172465801239014e-01
-4.056772887706756592e-01
-4.043294489383697510e-01
-4.046693146228790283e-01
-4.052315056324005127e-01
-4.044770300388336182e-01
-4.043896496295928955e-01
-4.042278230190277100e-01
-4.043995440006256104e-01
-4.045216143131256104e-01
-4.045753180980682373e-01
-4.043726921081542969e-01
-4.039686918258666992e-01
-4.045310914516448975e-01
-4.050005972385406494e-01
-4.045756459236145020e-01
-4.040302336215972900e-01
-4.052391946315765381e-01
-4.039896726608276367e-01
-4.045104980468750000e-01
-4.050076007843017578e-01
-4.044074714183807373e-01
-4.046963751316070557e-01
-4.042972326278686523e-01
-4.039905965328216553e-01
-4.041348397731781006e-01
-4.041840434074401855e-01
-4.045388698577880859e-01
-4.037300348281860352e-01
-4.045989513397216797e-01
-4.049490988254547119e-01
-4.053809344768524170e-01
-4.048115313053131104e-01
-4.045605957508087158e-01
-4.038513898849487305e-01
-4.039012491703033447e-01
-4.046295285224914551e-01
-4.041040539741516113e-01
-4.044803380966186523e-01
-4.045695662498474121e-01
-4.043945968151092529e-01
-4.047888815402984619e-01
-4.041456878185272217e-01
-4.034419655799865723e-01
-4.042303860187530518e-01
-4.045949578285217285e-01
-4.042738080024719238e-01
-4.039195179939270020e-01
-4.041465520858764648e-01
-4.040690958499908447e-01
-4.048120975494384766e-01
-4.042353630065917969e-01
-4.041315019130706787e-01
-4.042794704437255859e-01
-4.043827950954437256e-01
-4.045126140117645264e-01
-4.045749008655548096e-01
-4.042755067348480225e-01
-4.046216905117034912e-01
-4.042232334613800049e-01
-4.045873880386352539e-01
-4.037708640098571777e-01
-4.039334058761596680e-01
-4.039568603038787842e-01
-4.036777019500732422e-01
-4.046278595924377441e-01
-4.044798016548156738e-01
-4.049247503280639648e-01
-4.043748676776885986e-01
-4.045686721801757812e-01
-4.042204916477203369e-01
-4.048510193824768066e-01
-4.044573307037353516e-01
-4.051967561244964600e-01
-4.037454724311828613e-01
-4.036484360694885254e-01
-4.043601751327514648e-01
-4.040745794773101807e-01
-4.045367836952209473e-01
-4.044616818428039551e-01
-4.040761590003967285e-01
-4.044261872768402100e-01
-4.041914641857147217e-01
-4.052403569221496582e-01
-4.050964713096618652e-01
-4.039137661457061768e-01
-4.053435623645782471e-01
-4.051001667976379395e-01
-4.043192863464355469e-01
-4.037479162216186523e-01
-4.036708474159240723e-01
-4.043554961681365967e-01
-4.045651257038116455e-01
-4.046742320060729980e-01
-4.039493501186370850e-01
-4.042571485042572021e-01
-4.046684503555297852e-01
-4.041844308376312256e-01
-4.029556810855865479e-01
-4.043335616588592529e-01
-4.051185250282287598e-01
-4.049385786056518555e-01
-4.039748013019561768e-01
-4.045666158199310303e-01
-4.043062925338745117e-01
-4.036661386489868164e-01
-4.041580855846405029e-01
-4.048821330070495605e-01
-4.059057831764221191e-01
-4.044683873653411865e-01
-4.043727517127990723e-01
-4.051758944988250732e-01
-4.038725495338439941e-01
-4.046828448772430420e-01
-4.040440022945404053e-01
-4.038269519805908203e-01
-4.038762450218200684e-01
-4.039662182331085205e-01
-4.031948745250701904e-01
-4.036590158939361572e-01
-4.044724702835083008e-01
-4.043442904949188232e-01
-4.039331674575805664e-01
-4.047826528549194336e-01
-4.043743312358856201e-01
-4.033670723438262939e-01
-4.048663973808288574e-01
-4.046187102794647217e-01
-4.045061767101287842e-01
-4.038542211055755615e-01
-4.041516780853271484e-01
-4.047386050224304199e-01
-4.043945670127868652e-01
-4.038212299346923828e-01
-4.039990007877349854e-01
-4.045722782611846924e-01
-4.040230512619018555e-01
-4.041938781738281250e-01
-4.041510522365570068e-01
-4.036703705787658691e-01
-4.047449827194213867e-01
-4.043552279472351074e-01
-4.035310149192810059e-01
-4.042570590972900391e-01
-4.039692878723144531e-01
-4.044265151023864746e-01
-4.043611884117126465e-01
-4.030269086360931396e-01
-4.039209187030792236e-01
-4.041306376457214355e-01
-4.052040576934814453e-01
-4.042759239673614502e-01
-4.043357670307159424e-01
-4.045473635196685791e-01
-4.046827256679534912e-01
-4.041817188262939453e-01
-4.046792089939117432e-01
-4.033666253089904785e-01
-4.039499759674072266e-01
-4.035485088825225830e-01
-4.040317237377166748e-01
-4.044477045536041260e-01
-4.038629531860351562e-01
-4.042333960533142090e-01
-4.046615064144134521e-01
-4.045113325119018555e-01
-4.037159383296966553e-01
-4.046790897846221924e-01
-4.042346775531768799e-01
-4.036709964275360107e-01
-4.033651649951934814e-01
-4.040115773677825928e-01
-4.041846990585327148e-01
-4.043643474578857422e-01
-4.036467075347900391e-01
-4.044398665428161621e-01
-4.047027230262756348e-01
-4.038366079330444336e-01
-4.036058485507965088e-01
-4.039218127727508545e-01
-4.034022092819213867e-01
-4.036806523799896240e-01
-4.040499925613403320e-01
-4.045937657356262207e-01
-4.035274088382720947e-01
-4.040325284004211426e-01
-4.036040008068084717e-01
-4.043137729167938232e-01
-4.039824008941650391e-01
-4.037626981735229492e-01
-4.032951295375823975e-01
-4.035397171974182129e-01
-4.037020206451416016e-01
-4.034344255924224854e-01
-4.048051834106445312e-01
-4.040871858596801758e-01
-4.049709439277648926e-01
-4.041208028793334961e-01
-4.037940204143524170e-01
-4.043096303939819336e-01
-4.042383432388305664e-01
-4.042894840240478516e-01
-4.033245146274566650e-01
-4.045762419700622559e-01
-4.037060141563415527e-01
-4.045121967792510986e-01
-4.045662581920623779e-01
-4.042145609855651855e-01
-4.042734801769256592e-01
-4.036181569099426270e-01
-4.036138951778411865e-01
-4.034689962863922119e-01
-4.042001962661743164e-01
-4.040589630603790283e-01
-4.044747948646545410e-01
-4.051001965999603271e-01
-4.032891094684600830e-01
-4.043243229389190674e-01
-4.038833081722259521e-01
-4.045114815235137939e-01
-4.040477871894836426e-01
-4.039326310157775879e-01
-4.027244150638580322e-01
-4.042148292064666748e-01
-4.041890799999237061e-01
-4.041217863559722900e-01
-4.036915898323059082e-01
-4.038282334804534912e-01
-4.041720628738403320e-01
-4.036546349525451660e-01
-4.036656320095062256e-01
-4.041280150413513184e-01
-4.045894443988800049e-01
-4.039194881916046143e-01
-4.034699201583862305e-01
-4.039162695407867432e-01
-4.048627912998199463e-01
-4.036242663860321045e-01
-4.038854241371154785e-01
-4.045816361904144287e-01
-4.040111005306243896e-01
-4.038816094398498535e-01
-4.035073220729827881e-01
-4.030817747116088867e-01
-4.037181437015533447e-01
-4.035566449165344238e-01
-4.038312435150146484e-01
-3.734111189842224121e-01
-4.039843082427978516e-01
-4.044795632362365723e-01
-4.046146869659423828e-01
-4.044581353664398193e-01
-4.044524133205413818e-01
-4.038793742656707764e-01
-4.034274220466613770e-01
-4.053368568420410156e-01
-4.031110107898712158e-01
-4.035332202911376953e-01
-3.995694816112518311e-01
-4.032949209213256836e-01
-4.037617743015289307e-01
-4.035814404487609863e-01
-4.042216539382934570e-01
-4.034979939460754395e-01
-4.035791158676147461e-01
-4.036885499954223633e-01
-4.030941724777221680e-01
-4.035116136074066162e-01
-4.044271707534790039e-01
-4.039008915424346924e-01
-4.038366675376892090e-01
-4.043250083923339844e-01
-4.039824903011322021e-01
-4.038321673870086670e-01
-4.043086767196655273e-01
-4.042536020278930664e-01
-4.041063785552978516e-01
-4.046049714088439941e-01
-4.040807187557220459e-01
-4.038972258567810059e-01
-4.043794870376586914e-01
-4.038031101226806641e-01
-4.040867984294891357e-01
-4.031918942928314209e-01
-4.044470787048339844e-01
-4.042756259441375732e-01
-4.035854637622833252e-01
-4.031944870948791504e-01
-4.032680094242095947e-01
-4.033577144145965576e-01
-4.047700762748718262e-01
-4.036276638507843018e-01
-4.045801162719726562e-01
-4.037629663944244385e-01
-4.039853811264038086e-01
-4.037201404571533203e-01
-4.030553698539733887e-01
-4.038360118865966797e-01
-4.029485881328582764e-01
-4.044081866741180420e-01
-4.042365252971649170e-01
-4.030900299549102783e-01
-4.038163721561431885e-01
-4.036876261234283447e-01
-4.040671586990356445e-01
-4.034421443939208984e-01
-4.030970931053161621e-01
-4.039209485054016113e-01
-4.044926166534423828e-01
-4.033967554569244385e-01
-4.035920500755310059e-01
-4.033926427364349365e-01
-4.038430750370025635e-01
-4.039220511913299561e-01
-4.038025438785552979e-01
-4.042687416076660156e-01
-4.035702645778656006e-01
-4.042777717113494873e-01
-4.043996036052703857e-01
-4.030933976173400879e-01
-4.045650064945220947e-01
-4.042210280895233154e-01
-4.027583599090576172e-01
-4.029847383499145508e-01
-4.040418565273284912e-01
-4.031967222690582275e-01
-4.034440815448760986e-01
-4.033373296260833740e-01
-4.035458266735076904e-01
-4.049037396907806396e-01
-4.036464989185333252e-01
-4.043843448162078857e-01
-4.035596251487731934e-01
-4.045351445674896240e-01
-4.036628901958465576e-01
-4.048103094100952148e-01
-4.041633605957031250e-01
-4.036345481872558594e-01
-4.048217535018920898e-01
-4.040789902210235596e-01
-4.052819609642028809e-01
-4.041111469268798828e-01
-4.039048850536346436e-01
-4.041992127895355225e-01
-4.049696624279022217e-01
-4.032140970230102539e-01
-4.043466150760650635e-01
-3.802489042282104492e-01
-3.912083804607391357e-01
-3.897161185741424561e-01
-3.985299766063690186e-01
-4.004398882389068604e-01
-4.004759490489959717e-01
-4.012951552867889404e-01
-4.022863209247589111e-01
-4.013658463954925537e-01
-4.024178087711334229e-01
-4.043236672878265381e-01
-4.032190442085266113e-01
-3.922484517097473145e-01
-4.025153219699859619e-01
-4.011871814727783203e-01
-4.032520651817321777e-01
-4.025603830814361572e-01
-4.036015570163726807e-01
-4.041024148464202881e-01
-4.046025276184082031e-01
-4.043996632099151611e-01
-4.032958745956420898e-01
-4.045049548149108887e-01
-4.042131304740905762e-01
-4.045983850955963135e-01
-4.043709635734558105e-01
-4.044455587863922119e-01
-4.044783711433410645e-01
-4.035766124725341797e-01
-4.042764008045196533e-01
-4.042232930660247803e-01
-4.032547473907470703e-01
-4.041065275669097900e-01
-4.055024087429046631e-01
-3.736967146396636963e-01
-3.865346014499664307e-01
-3.880375325679779053e-01
-3.982939720153808594e-01
-4.011087715625762939e-01
-4.023526012897491455e-01
-4.020963609218597412e-01
-4.039812088012695312e-01
-4.037700295448303223e-01
-4.039795398712158203e-01
-4.037894606590270996e-01
-4.030447006225585938e-01
-4.041869938373565674e-01
-4.042266011238098145e-01
-4.040859341621398926e-01
-4.036644995212554932e-01
-4.033727049827575684e-01
-4.042342305183410645e-01
-4.042393565177917480e-01
-4.048110246658325195e-01
-4.043529033660888672e-01
-4.043180644512176514e-01
-4.034055173397064209e-01
-4.047593474388122559e-01
-4.045145809650421143e-01
-4.045357704162597656e-01
-4.043644666671752930e-01
-4.041265249252319336e-01
-4.041395187377929688e-01
-4.045916199684143066e-01
-4.049967825412750244e-01
-4.037476181983947754e-01
-4.036439061164855957e-01
-4.043309390544891357e-01
-4.046059548854827881e-01
-4.044648110866546631e-01
-4.046613872051239014e-01
-4.043489992618560791e-01
-4.047152101993560791e-01
-4.047430753707885742e-01
-4.049772918224334717e-01
-4.040036201477050781e-01
-4.047088623046875000e-01
-4.045390188694000244e-01
-4.042594730854034424e-01
-4.047306478023529053e-01
-4.047427475452423096e-01
-4.047508537769317627e-01
-4.046310782432556152e-01
-4.049395620822906494e-01
-4.048116207122802734e-01
-4.044849872589111328e-01
-4.046333730220794678e-01
-4.049214422702789307e-01
-4.044780135154724121e-01
-4.046986103057861328e-01
-4.043603241443634033e-01
-4.048411846160888672e-01
-4.043309390544891357e-01
-4.047989845275878906e-01
-4.047386050224304199e-01
-4.043355584144592285e-01
-4.048241674900054932e-01
-4.047495722770690918e-01
-4.047027230262756348e-01
-4.043831229209899902e-01
-4.047826826572418213e-01
-4.043762385845184326e-01
-4.048315882682800293e-01
-4.045097529888153076e-01
-4.050820171833038330e-01
-4.038729965686798096e-01
-4.041168093681335449e-01
-4.048650562763214111e-01
-4.045831263065338135e-01
-4.042995274066925049e-01
-4.041007161140441895e-01
-4.034903645515441895e-01
-4.043358862400054932e-01
-4.046566784381866455e-01
-4.045659303665161133e-01
-4.049299657344818115e-01
-4.044850468635559082e-01
-4.051869809627532959e-01
-4.043708443641662598e-01
-4.051423966884613037e-01
-4.046463370323181152e-01
-4.050814509391784668e-01
-4.045563340187072754e-01
-4.049368798732757568e-01
-3.698680698871612549e-01
-3.973554074764251709e-01
-4.040726423263549805e-01
-4.040678143501281738e-01
-4.045519232749938965e-01
-4.045625627040863037e-01
-4.048188030719757080e-01
-4.046461880207061768e-01
-4.049409031867980957e-01
-4.049283266067504883e-01
-4.046354293823242188e-01
-4.049771726131439209e-01
-4.046370387077331543e-01
-4.042404592037200928e-01
-4.054462611675262451e-01
-4.047498703002929688e-01
-4.046930670738220215e-01
-4.048248827457427979e-01
-4.044885039329528809e-01
-4.046014547348022461e-01
-4.050015211105346680e-01
-4.045606255531311035e-01
-4.046744704246520996e-01
-4.045145809650421143e-01
-4.047023653984069824e-01
-4.043998420238494873e-01
-4.046871960163116455e-01
-4.050526022911071777e-01
-4.047247171401977539e-01
-4.045831561088562012e-01
-4.045853316783905029e-01
