-4.489203393459320068e-01
-4.494677484035491943e-01
-4.519618153572082520e-01
-4.475095570087432861e-01
-4.475421011447906494e-01
-4.495352804660797119e-01
-4.498397707939147949e-01
-4.502375423908233643e-01
-4.514576792716979980e-01
-4.509411752223968506e-01
-4.500930309295654297e-01
-4.508955776691436768e-01
-4.494590163230895996e-01
-4.513115286827087402e-01
-4.168424308300018311e-01
-4.425396323204040527e-01
-4.468002319335937500e-01
-4.400617480278015137e-01
-4.380930662155151367e-01
-4.442603886127471924e-01
-4.404231607913970947e-01
-4.415463805198669434e-01
-4.459443986415863037e-01
-4.463859200477600098e-01
-4.463694989681243896e-01
-4.460114240646362305e-01
-4.486884772777557373e-01
-4.330526292324066162e-01
-4.443581402301788330e-01
-4.471666216850280762e-01
-4.364278912544250488e-01
-4.427966475486755371e-01
-4.460142254829406738e-01
-4.486609995365142822e-01
-4.453172683715820312e-01
-4.508454501628875732e-01
-4.444354176521301270e-01
-4.361212849617004395e-01
-4.377017915248870850e-01
-4.451477527618408203e-01
-2.551587224006652832e-01
-3.524855077266693115e-01
-3.880479931831359863e-01
-3.988640606403350830e-01
-3.929500281810760498e-01
-3.945722579956054688e-01
-4.140138328075408936e-01
-4.217811822891235352e-01
-4.253997206687927246e-01
-4.187871217727661133e-01
-4.189082086086273193e-01
-4.288846552371978760e-01
-4.284659326076507568e-01
-4.375898838043212891e-01
-4.395410120487213135e-01
-4.382133781909942627e-01
-4.401052892208099365e-01
-4.436939656734466553e-01
-4.437367916107177734e-01
-4.376183450222015381e-01
-4.249772727489471436e-01
-4.326065182685852051e-01
-4.294817447662353516e-01
-4.411318600177764893e-01
-4.363363385200500488e-01
-4.307830035686492920e-01
-4.448454976081848145e-01
-4.436307251453399658e-01
-4.368045032024383545e-01
-4.453961849212646484e-01
-4.430840015411376953e-01
-4.435028433799743652e-01
-4.453145265579223633e-01
-4.414523243904113770e-01
-4.509379863739013672e-01
-4.484698474407196045e-01
-4.489041864871978760e-01
-4.435045719146728516e-01
-4.437339007854461670e-01
-4.472955465316772461e-01
-4.483863711357116699e-01
-4.443739354610443115e-01
-4.485487639904022217e-01
-4.436224400997161865e-01
-4.472664296627044678e-01
-4.488899409770965576e-01
-4.505168497562408447e-01
-4.447609186172485352e-01
-4.471529424190521240e-01
-4.453590214252471924e-01
-4.487220644950866699e-01
-4.477755725383758545e-01
-4.526969492435455322e-01
-4.479599595069885254e-01
-4.445993602275848389e-01
-4.442405998706817627e-01
-4.449815750122070312e-01
-4.497111737728118896e-01
-4.487833678722381592e-01
-4.476593434810638428e-01
-4.518814086914062500e-01
-4.503506422042846680e-01
-4.486067891120910645e-01
-4.491859674453735352e-01
-4.464416205883026123e-01
-4.463225603103637695e-01
-4.466440379619598389e-01
-4.497729241847991943e-01
-4.549008309841156006e-01
-4.498581588268280029e-01
-4.468076825141906738e-01
-4.490284621715545654e-01
-4.468589425086975098e-01
-4.503310918807983398e-01
-4.490002393722534180e-01
-4.464675188064575195e-01
-4.251662194728851318e-01
-4.482606947422027588e-01
-4.497316777706146240e-01
-4.513736665248870850e-01
-4.527091979980468750e-01
-4.503572881221771240e-01
-4.498453140258789062e-01
-4.485955238342285156e-01
-4.500775039196014404e-01
-4.447483718395233154e-01
-4.516498446464538574e-01
-4.494697749614715576e-01
-4.497506916522979736e-01
-4.499430656433105469e-01
-4.477124512195587158e-01
-4.497661888599395752e-01
-4.504476189613342285e-01
-4.463644921779632568e-01
-4.509831964969635010e-01
-4.485473930835723877e-01
-4.496479332447052002e-01
-4.509981572628021240e-01
-4.496781826019287109e-01
-4.484485387802124023e-01
-4.490619301795959473e-01
-4.501903057098388672e-01
-4.519711732864379883e-01
-4.487028717994689941e-01
-4.499694705009460449e-01
-4.487300515174865723e-01
-4.446575045585632324e-01
-4.514643549919128418e-01
-4.406128525733947754e-01
-4.511719346046447754e-01
-4.494342505931854248e-01
-4.500870704650878906e-01
-4.481327533721923828e-01
-4.491101801395416260e-01
-4.510132074356079102e-01
-4.507136344909667969e-01
-4.446054100990295410e-01
-4.471292495727539062e-01
-4.492743909358978271e-01
-4.495958685874938965e-01
-4.487503170967102051e-01
-4.462333917617797852e-01
-4.480056166648864746e-01
-4.424359202384948730e-01
-4.505046606063842773e-01
-4.518023729324340820e-01
-4.417966008186340332e-01
-4.493113458156585693e-01
-4.463372826576232910e-01
-4.479123651981353760e-01
-4.470943510532379150e-01
-4.467580616474151611e-01
-4.496258795261383057e-01
-4.473936855792999268e-01
-4.485201537609100342e-01
-4.464928805828094482e-01
-4.527868628501892090e-01
-4.471777975559234619e-01
-4.454545378684997559e-01
-4.482392370700836182e-01
-4.478890001773834229e-01
-4.496937096118927002e-01
-4.468794465065002441e-01
-4.491242170333862305e-01
-4.461804032325744629e-01
-4.481389820575714111e-01
-4.516039490699768066e-01
-4.482901692390441895e-01
-4.495125412940979004e-01
-4.498114585876464844e-01
-4.491472542285919189e-01
-4.461244642734527588e-01
-4.467734396457672119e-01
-4.455669522285461426e-01
-4.510231018066406250e-01
-4.489658176898956299e-01
-4.502847194671630859e-01
-4.476088285446166992e-01
-4.457418322563171387e-01
-4.474465250968933105e-01
-4.479138851165771484e-01
-4.466952979564666748e-01
-4.505125284194946289e-01
-4.511157274246215820e-01
-4.504712522029876709e-01
-4.475735425949096680e-01
-4.517539739608764648e-01
-4.472244083881378174e-01
-4.485892057418823242e-01
-4.472317397594451904e-01
-4.479398131370544434e-01
-4.492723643779754639e-01
-4.511924386024475098e-01
-4.501707255840301514e-01
-4.504127204418182373e-01
-4.507831633090972900e-01
-4.503752589225769043e-01
-4.471590220928192139e-01
-4.470815360546112061e-01
-4.486570954322814941e-01
-4.503870308399200439e-01
-4.497037827968597412e-01
-4.444569349288940430e-01
-4.502441883087158203e-01
-4.496363997459411621e-01
-4.482440650463104248e-01
-4.515191018581390381e-01
-4.500806331634521484e-01
-4.451140761375427246e-01
-4.162017703056335449e-01
-3.784102201461791992e-01
-3.836527168750762939e-01
-4.089314639568328857e-01
-4.137000739574432373e-01
-3.751857280731201172e-01
-3.715877234935760498e-01
-3.938383162021636963e-01
-3.854517936706542969e-01
-3.886953294277191162e-01
-4.180859923362731934e-01
-3.953463733196258545e-01
-3.967695832252502441e-01
-4.084506034851074219e-01
-3.794701397418975830e-01
-3.737170994281768799e-01
-3.999626934528350830e-01
-4.052719771862030029e-01
-4.032405316829681396e-01
-4.275863766670227051e-01
-4.175535440444946289e-01
-4.139688611030578613e-01
-4.059083163738250732e-01
-4.288525581359863281e-01
-4.198212325572967529e-01
-4.178370833396911621e-01
-4.213056862354278564e-01
-4.158663153648376465e-01
-4.137015640735626221e-01
-4.158872663974761963e-01
-4.190064370632171631e-01
-3.798906803131103516e-01
-4.023111462593078613e-01
-4.056800007820129395e-01
-4.140831828117370605e-01
-3.207218647003173828e-01
-3.286342918872833252e-01
-3.259580433368682861e-01
-3.144082725048065186e-01
-3.402860760688781738e-01
-3.283859789371490479e-01
-3.552510440349578857e-01
-3.784309029579162598e-01
-2.275844961404800415e-01
-3.514766097068786621e-01
-3.717245757579803467e-01
-3.854524493217468262e-01
-3.958446979522705078e-01
-3.920687735080718994e-01
-3.997860252857208252e-01
-4.136305153369903564e-01
-4.111607074737548828e-01
-4.187386631965637207e-01
-4.119141101837158203e-01
-4.299132823944091797e-01
-4.134055078029632568e-01
-4.272057116031646729e-01
-4.227056801319122314e-01
-4.274303019046783447e-01
-4.323630034923553467e-01
-4.377056956291198730e-01
-4.339143931865692139e-01
-4.235919117927551270e-01
-4.277715384960174561e-01
-4.350504279136657715e-01
-4.396049082279205322e-01
-4.272427856922149658e-01
-4.325690865516662598e-01
-4.373682141304016113e-01
-4.267009496688842773e-01
-4.363275766372680664e-01
-4.380007684230804443e-01
-4.345161020755767822e-01
-4.336228072643280029e-01
-4.347547590732574463e-01
-4.275107383728027344e-01
-4.270764589309692383e-01
-4.362568855285644531e-01
-4.300457835197448730e-01
-4.290773272514343262e-01
-4.263231158256530762e-01
-4.355210065841674805e-01
-4.311062097549438477e-01
-4.324608743190765381e-01
-4.293102622032165527e-01
-4.277204573154449463e-01
-4.323904812335968018e-01
-3.972803950309753418e-01
-4.183577597141265869e-01
-4.239888787269592285e-01
-4.097802042961120605e-01
-4.222792983055114746e-01
-4.186834394931793213e-01
-4.313297569751739502e-01
-4.307229518890380859e-01
-4.247403442859649658e-01
-4.334956705570220947e-01
-4.316537082195281982e-01
-4.297226071357727051e-01
-4.253106713294982910e-01
-4.325363636016845703e-01
-4.243265092372894287e-01
-4.323928654193878174e-01
-4.273562729358673096e-01
-4.402327835559844971e-01
-4.281819462776184082e-01
-4.371944367885589600e-01
-4.371944367885589600e-01
-4.289115667343139648e-01
-4.348584711551666260e-01
-4.167434573173522949e-01
-4.294064939022064209e-01
-4.369651973247528076e-01
-4.365808367729187012e-01
-4.262811839580535889e-01
-4.335948526859283447e-01
-4.344073832035064697e-01
-4.400888085365295410e-01
-4.371908009052276611e-01
-4.362903237342834473e-01
-4.347132146358489990e-01
-4.328380227088928223e-01
-4.394968152046203613e-01
-4.392194151878356934e-01
-4.393800497055053711e-01
-4.340735375881195068e-01
-4.282434582710266113e-01
-4.379451870918273926e-01
-4.360430240631103516e-01
-4.340806305408477783e-01
-4.272274374961853027e-01
-4.250371754169464111e-01
-4.377065300941467285e-01
-4.394920766353607178e-01
-4.350578486919403076e-01
-4.417450428009033203e-01
-4.322627484798431396e-01
-4.361624121665954590e-01
-4.167390167713165283e-01
-4.155759513378143311e-01
-4.089097976684570312e-01
-4.128257334232330322e-01
-4.096181690692901611e-01
-4.215365946292877197e-01
-4.290600717067718506e-01
-4.177863299846649170e-01
-4.209959208965301514e-01
-4.236535429954528809e-01
-4.298027753829956055e-01
-4.267487227916717529e-01
-4.150443673133850098e-01
-4.181765615940093994e-01
-4.318124949932098389e-01
-4.366025924682617188e-01
-4.355024099349975586e-01
-4.340198338031768799e-01
-4.342137575149536133e-01
-4.326010048389434814e-01
-4.370311498641967773e-01
-4.339148998260498047e-01
-4.235907495021820068e-01
-4.379525184631347656e-01
-4.311718046665191650e-01
-4.329069256782531738e-01
-4.468164443969726562e-01
-4.113908410072326660e-01
-4.309619367122650146e-01
-4.264976680278778076e-01
-4.395608007907867432e-01
-4.179427921772003174e-01
-4.184448719024658203e-01
-4.125840663909912109e-01
-4.183632731437683105e-01
-4.118792712688446045e-01
-4.170736074447631836e-01
-4.074174165725708008e-01
-4.226711988449096680e-01
-4.281263649463653564e-01
-4.239080846309661865e-01
-4.138810336589813232e-01
-4.194954335689544678e-01
-4.245871007442474365e-01
-4.263783097267150879e-01
-4.178937375545501709e-01
-4.224792718887329102e-01
-4.341723322868347168e-01
-4.217920005321502686e-01
-4.201112389564514160e-01
-4.250014126300811768e-01
-4.307088553905487061e-01
-4.108801186084747314e-01
-4.311679601669311523e-01
-4.365069270133972168e-01
-4.285073876380920410e-01
-4.309977889060974121e-01
-4.296205341815948486e-01
-4.303425550460815430e-01
-4.255700707435607910e-01
-4.275690019130706787e-01
-4.359287023544311523e-01
-4.338677525520324707e-01
-4.284235239028930664e-01
-4.347341954708099365e-01
-4.346255064010620117e-01
-4.374641776084899902e-01
-4.340196549892425537e-01
-4.411932826042175293e-01
-4.320834577083587646e-01
-4.313812851905822754e-01
-4.371758699417114258e-01
-4.317458570003509521e-01
-4.374547600746154785e-01
-4.321769475936889648e-01
-4.368302524089813232e-01
-4.376626312732696533e-01
-4.291181862354278564e-01
-4.441682696342468262e-01
-4.395133554935455322e-01
-4.435714185237884521e-01
-4.340753555297851562e-01
-4.357802271842956543e-01
-4.097301661968231201e-01
-4.157495498657226562e-01
-4.239672720432281494e-01
-4.008183181285858154e-01
-4.217473268508911133e-01
-4.221049845218658447e-01
-4.197403490543365479e-01
-4.273129701614379883e-01
-4.130631089210510254e-01
-4.228078126907348633e-01
-4.199705123901367188e-01
-4.194314479827880859e-01
-4.173498451709747314e-01
-4.195198714733123779e-01
-4.120565056800842285e-01
-4.173067212104797363e-01
-4.261139333248138428e-01
-4.130872786045074463e-01
-4.210762381553649902e-01
-4.220716357231140137e-01
-4.093018174171447754e-01
-4.092143476009368896e-01
-4.168415963649749756e-01
-4.227736890316009521e-01
-4.211760461330413818e-01
-4.229880273342132568e-01
-4.101732671260833740e-01
-4.220798313617706299e-01
-4.166508913040161133e-01
-4.161911010742187500e-01
-4.263274669647216797e-01
-4.159300923347473145e-01
-4.148175120353698730e-01
-4.126025438308715820e-01
-4.187545180320739746e-01
-4.178404211997985840e-01
-4.062375426292419434e-01
-4.134885966777801514e-01
-4.117286503314971924e-01
-4.161136448383331299e-01
-4.213235080242156982e-01
-4.279433786869049072e-01
-4.201644062995910645e-01
-4.287080764770507812e-01
-4.217395484447479248e-01
-4.178776741027832031e-01
-4.211772680282592773e-01
-4.016711413860321045e-01
-4.183528721332550049e-01
-4.164118766784667969e-01
-4.150380194187164307e-01
-4.126997590065002441e-01
-4.218725860118865967e-01
-4.258638918399810791e-01
-4.251089394092559814e-01
-4.211192429065704346e-01
-4.211299419403076172e-01
-4.288538694381713867e-01
-4.190725088119506836e-01
-4.353893399238586426e-01
-4.323419928550720215e-01
-4.280724823474884033e-01
-4.308823943138122559e-01
-4.357463717460632324e-01
-4.333134591579437256e-01
-4.373472929000854492e-01
-4.009099006652832031e-01
-4.062141776084899902e-01
-4.004234075546264648e-01
-4.268215894699096680e-01
-4.164885878562927246e-01
-4.237482845783233643e-01
-4.272581934928894043e-01
-4.180634617805480957e-01
-4.231125414371490479e-01
-4.026938080787658691e-01
-4.140676259994506836e-01
-4.120753407478332520e-01
-4.215791821479797363e-01
-4.216155111789703369e-01
-4.233503639698028564e-01
-4.232739210128784180e-01
-4.260291159152984619e-01
-4.241847395896911621e-01
-4.158459901809692383e-01
-4.250687360763549805e-01
-4.380846619606018066e-01
-4.357285201549530029e-01
-4.200015664100646973e-01
-4.072345495223999023e-01
-4.200921654701232910e-01
-4.248571991920471191e-01
-4.275839328765869141e-01
-3.992102444171905518e-01
-4.013621807098388672e-01
-4.059508740901947021e-01
-4.127829074859619141e-01
-4.122248291969299316e-01
-4.042759835720062256e-01
-4.141522943973541260e-01
-3.913150727748870850e-01
-4.130687117576599121e-01
-4.131017327308654785e-01
-4.094347059726715088e-01
-4.093304872512817383e-01
-4.164075255393981934e-01
-4.109186232089996338e-01
-4.152480363845825195e-01
-4.064664244651794434e-01
-4.222896695137023926e-01
-4.069502353668212891e-01
-4.109336137771606445e-01
-4.023529291152954102e-01
-4.142913222312927246e-01
-4.149732291698455811e-01
-4.097526967525482178e-01
-4.093230068683624268e-01
-4.034669101238250732e-01
-4.102710187435150146e-01
-4.102027714252471924e-01
-4.163747131824493408e-01
-4.234884977340698242e-01
-4.092129468917846680e-01
-4.138456284999847412e-01
-4.248836040496826172e-01
-4.235169887542724609e-01
-4.292404651641845703e-01
-4.168030917644500732e-01
-4.169621169567108154e-01
-4.129790067672729492e-01
-4.186567962169647217e-01
-4.283545613288879395e-01
-4.236847460269927979e-01
-4.205432534217834473e-01
-4.231908321380615234e-01
-4.174165129661560059e-01
-4.193992316722869873e-01
-4.177050888538360596e-01
-4.329208731651306152e-01
-4.189583063125610352e-01
-4.222541153430938721e-01
-4.165126979351043701e-01
-4.238767027854919434e-01
-4.230209887027740479e-01
-4.248488843441009521e-01
-4.068601727485656738e-01
-4.170596897602081299e-01
-4.270515143871307373e-01
-4.228302538394927979e-01
-4.098782837390899658e-01
-4.189366698265075684e-01
-4.185307025909423828e-01
-4.150286614894866943e-01
-4.103145897388458252e-01
-4.137046635150909424e-01
-4.101946353912353516e-01
-4.267031252384185791e-01
-4.174116849899291992e-01
-4.154798686504364014e-01
-4.087470471858978271e-01
-4.164153933525085449e-01
-4.107582569122314453e-01
-4.216358661651611328e-01
-4.096843600273132324e-01
-4.116795659065246582e-01
-4.121031165122985840e-01
-4.187802076339721680e-01
-4.116953909397125244e-01
-4.291739761829376221e-01
-4.224412739276885986e-01
-4.151029288768768311e-01
-4.167324900627136230e-01
-4.185799360275268555e-01
-4.127990305423736572e-01
-4.055117070674896240e-01
-4.174511730670928955e-01
-4.105814695358276367e-01
-4.028453528881072998e-01
-4.041193425655364990e-01
-4.116943180561065674e-01
-4.087111651897430420e-01
-4.164387285709381104e-01
-4.168034493923187256e-01
-4.124369919300079346e-01
-4.058391451835632324e-01
-3.730641603469848633e-01
-3.793417215347290039e-01
-3.845613598823547363e-01
-3.901480734348297119e-01
-3.942088782787322998e-01
-4.023461639881134033e-01
-4.173640906810760498e-01
-4.225911200046539307e-01
-4.023220241069793701e-01
-4.132515192031860352e-01
-4.222919046878814697e-01
-4.147740304470062256e-01
-4.054293632507324219e-01
-4.057480096817016602e-01
-4.045579135417938232e-01
-4.175679981708526611e-01
-4.030031263828277588e-01
-4.116181731224060059e-01
-4.116908311843872070e-01
-4.020254909992218018e-01
-3.733372986316680908e-01
-3.786956071853637695e-01
-3.848364949226379395e-01
-4.025227725505828857e-01
-4.201987087726593018e-01
-4.017379879951477051e-01
-4.059472382068634033e-01
-4.075240790843963623e-01
-3.865748047828674316e-01
-4.039087593555450439e-01
-4.021980464458465576e-01
-3.935929834842681885e-01
-4.057326614856719971e-01
-4.059104621410369873e-01
-4.036294519901275635e-01
-4.077974855899810791e-01
-3.966075778007507324e-01
-4.151284694671630859e-01
-4.145157933235168457e-01
-4.034533798694610596e-01
-3.959574699401855469e-01
-4.006264507770538330e-01
-3.860923349857330322e-01
-3.988941907882690430e-01
-4.004253149032592773e-01
-3.935892879962921143e-01
-3.867100775241851807e-01
-4.069647192955017090e-01
-3.977607488632202148e-01
-4.073096811771392822e-01
-4.140637516975402832e-01
-4.087625145912170410e-01
-3.956192135810852051e-01
-4.067967534065246582e-01
-3.846305012702941895e-01
-4.056080281734466553e-01
-4.028541445732116699e-01
-4.101697802543640137e-01
-3.986806571483612061e-01
-4.017944335937500000e-01
-4.034237861633300781e-01
-4.018648862838745117e-01
-4.082744419574737549e-01
-4.040220379829406738e-01
-4.054819941520690918e-01
-4.087876081466674805e-01
-3.983557522296905518e-01
-4.193157851696014404e-01
-4.175307750701904297e-01
-4.160203337669372559e-01
-4.169018566608428955e-01
-4.162770807743072510e-01
-4.203884899616241455e-01
-4.194889664649963379e-01
-4.189929664134979248e-01
-4.038231968879699707e-01
-4.100328087806701660e-01
-4.111952483654022217e-01
-4.094853997230529785e-01
-4.187949895858764648e-01
-4.021108448505401611e-01
-3.150142729282379150e-01
-3.422497510910034180e-01
-3.293247520923614502e-01
-3.111777007579803467e-01
-3.313428163528442383e-01
-3.120623230934143066e-01
-3.369693458080291748e-01
-3.537532091140747070e-01
-3.870989382266998291e-01
-4.196788072586059570e-01
-4.080396592617034912e-01
-4.076536297798156738e-01
-3.988442122936248779e-01
-4.212334752082824707e-01
-4.068129956722259521e-01
-3.986548483371734619e-01
-3.926727771759033203e-01
-4.034377336502075195e-01
-4.075551033020019531e-01
-4.145870506763458252e-01
-4.162756204605102539e-01
-4.100351333618164062e-01
-3.992487192153930664e-01
-3.938188552856445312e-01
-4.062938988208770752e-01
-3.918305337429046631e-01
-3.939932286739349365e-01
-3.963007330894470215e-01
-4.006094038486480713e-01
-3.934797644615173340e-01
-3.963678479194641113e-01
-4.023808836936950684e-01
-3.995399177074432373e-01
-4.030529260635375977e-01
-4.080301225185394287e-01
-2.496687024831771851e-01
-3.878123462200164795e-01
-4.017926752567291260e-01
-4.045430421829223633e-01
-3.888184130191802979e-01
-4.092088043689727783e-01
-4.100576639175415039e-01
-4.056646227836608887e-01
-4.075017571449279785e-01
-4.092614650726318359e-01
-4.132230281829833984e-01
-4.086486399173736572e-01
-3.995255827903747559e-01
-4.054955840110778809e-01
-4.068984389305114746e-01
-4.065831005573272705e-01
-3.891833126544952393e-01
-4.069749712944030762e-01
-4.060048758983612061e-01
-4.232476949691772461e-01
-4.116531014442443848e-01
-4.127442836761474609e-01
-4.049369990825653076e-01
-4.068842232227325439e-01
-4.031351208686828613e-01
-3.917864859104156494e-01
-4.154243767261505127e-01
-3.984088003635406494e-01
-4.114732146263122559e-01
-4.109468758106231689e-01
-4.030149281024932861e-01
-4.142201840877532959e-01
-4.199385344982147217e-01
-4.097458422183990479e-01
-4.069893956184387207e-01
-3.996920585632324219e-01
-4.008925259113311768e-01
-4.119418859481811523e-01
-4.048104286193847656e-01
-4.134085774421691895e-01
-3.944497704505920410e-01
-4.052807092666625977e-01
-4.040127098560333252e-01
-4.131604135036468506e-01
-4.125120937824249268e-01
-3.937429189682006836e-01
-4.048124253749847412e-01
-4.047933220863342285e-01
-3.924309015274047852e-01
-4.030826389789581299e-01
-4.073800742626190186e-01
-4.153106212615966797e-01
-4.075985550880432129e-01
-3.837095201015472412e-01
-3.884622454643249512e-01
-4.066939055919647217e-01
-4.162877798080444336e-01
-4.061299562454223633e-01
-4.026374816894531250e-01
-4.109473228454589844e-01
-4.135790467262268066e-01
-4.191434681415557861e-01
-4.111557602882385254e-01
-4.009589850902557373e-01
-4.097445011138916016e-01
-4.075611531734466553e-01
-4.059495925903320312e-01
-4.186360239982604980e-01
-4.137737452983856201e-01
-4.125803112983703613e-01
-4.089921116828918457e-01
-4.108433127403259277e-01
-4.069282412528991699e-01
-4.143987894058227539e-01
-4.038043916225433350e-01
-4.001192152500152588e-01
-4.015396833419799805e-01
-3.943721950054168701e-01
-4.026465415954589844e-01
-4.032370746135711670e-01
-4.075190722942352295e-01
-3.993310630321502686e-01
-4.076205193996429443e-01
-4.031494259834289551e-01
-4.012702703475952148e-01
-3.906264603137969971e-01
-3.981230556964874268e-01
-4.033819139003753662e-01
-4.005223810672760010e-01
-4.043363630771636963e-01
-3.916245698928833008e-01
-4.011218249797821045e-01
-4.077472388744354248e-01
-4.053826928138732910e-01
-3.939284086227416992e-01
-4.090789258480072021e-01
-4.119330346584320068e-01
-3.990671932697296143e-01
-3.997226655483245850e-01
-4.153479039669036865e-01
-4.127485454082489014e-01
-4.108348488807678223e-01
-4.153006374835968018e-01
-4.169616699218750000e-01
-4.140670299530029297e-01
-4.017621278762817383e-01
-4.152499139308929443e-01
-3.931187391281127930e-01
-3.992291092872619629e-01
-3.853850960731506348e-01
-4.034596979618072510e-01
-3.879473507404327393e-01
-4.068463444709777832e-01
-3.935049474239349365e-01
-3.923428952693939209e-01
-3.905730545520782471e-01
-4.136919081211090088e-01
-4.009238183498382568e-01
-3.892443180084228516e-01
-3.841362297534942627e-01
-3.974924385547637939e-01
-3.871442079544067383e-01
-4.121281206607818604e-01
-4.141838550567626953e-01
-4.070735573768615723e-01
-4.030968844890594482e-01
-3.950721323490142822e-01
-4.025857150554656982e-01
-3.887876570224761963e-01
-4.045254886150360107e-01
-4.106877446174621582e-01
-3.968849778175354004e-01
-4.016608297824859619e-01
-3.858863711357116699e-01
-4.053055346012115479e-01
-3.999292850494384766e-01
-3.880173265933990479e-01
-3.994673490524291992e-01
-3.902961909770965576e-01
-3.858540356159210205e-01
-3.917598128318786621e-01
-4.058516323566436768e-01
-4.007492661476135254e-01
-4.136324524879455566e-01
-4.101200401782989502e-01
-4.022600054740905762e-01
-4.068576693534851074e-01
-4.147391319274902344e-01
-4.076171815395355225e-01
-4.187129735946655273e-01
-4.049998819828033447e-01
-4.232488572597503662e-01
-4.055765271186828613e-01
-4.002743661403656006e-01
-4.104337096214294434e-01
-4.102050065994262695e-01
-4.141783416271209717e-01
-4.166512489318847656e-01
-4.205110371112823486e-01
-4.202021360397338867e-01
-4.105923175811767578e-01
-4.170526266098022461e-01
-3.932834863662719727e-01
-4.148657321929931641e-01
-4.139498472213745117e-01
-4.198657274246215820e-01
-4.131176769733428955e-01
-4.074327349662780762e-01
-4.196537435054779053e-01
-4.127134382724761963e-01
-4.172015190124511719e-01
-4.117615818977355957e-01
-4.247170984745025635e-01
-4.014262557029724121e-01
-4.246324896812438965e-01
-4.158665835857391357e-01
-4.106416404247283936e-01
-4.185206890106201172e-01
-4.175834357738494873e-01
-4.157005548477172852e-01
-4.236199855804443359e-01
-4.133938550949096680e-01
-4.020384252071380615e-01
-4.179849624633789062e-01
-4.175911843776702881e-01
-4.097266793251037598e-01
-4.246982336044311523e-01
-4.039194881916046143e-01
-4.095970392227172852e-01
-3.934003412723541260e-01
-4.149973392486572266e-01
-4.148276746273040771e-01
-3.982861340045928955e-01
-4.040889143943786621e-01
-4.157019257545471191e-01
-4.027651250362396240e-01
-4.065670371055603027e-01
-4.082625508308410645e-01
-4.046484231948852539e-01
-3.984250724315643311e-01
-4.054004549980163574e-01
-4.119492769241333008e-01
-3.932537734508514404e-01
-4.060363769531250000e-01
-4.145621657371520996e-01
-4.076051712036132812e-01
-4.066658020019531250e-01
-4.127922952175140381e-01
-3.836921751499176025e-01
-4.050149917602539062e-01
-3.885578513145446777e-01
-4.063671231269836426e-01
-3.605985343456268311e-01
-3.830612301826477051e-01
-3.972584009170532227e-01
-3.817351758480072021e-01
-4.056746363639831543e-01
-3.928639590740203857e-01
-3.895093500614166260e-01
-3.881141245365142822e-01
-3.683305382728576660e-01
-3.952813148498535156e-01
-3.808577954769134521e-01
-3.988589048385620117e-01
-3.934194445610046387e-01
-3.935514688491821289e-01
-3.890087604522705078e-01
-3.981204330921173096e-01
-3.995767831802368164e-01
-3.977558016777038574e-01
-4.095171988010406494e-01
-3.748338520526885986e-01
-3.881530165672302246e-01
-3.888730704784393311e-01
-3.983291089534759521e-01
-3.804619312286376953e-01
-3.661326467990875244e-01
-4.048602283000946045e-01
-3.992924392223358154e-01
-3.795817792415618896e-01
-3.917719721794128418e-01
-3.845715522766113281e-01
-3.713825643062591553e-01
-3.642004430294036865e-01
-3.786272406578063965e-01
-3.831849694252014160e-01
-3.543749749660491943e-01
-3.241740763187408447e-01
-3.321197926998138428e-01
