9.594122320413589478e-02
1.499200239777565002e-02
2.393073961138725281e-02
-1.586212515830993652e-01
-1.586753278970718384e-01
-1.991545706987380981e-01
-2.074261456727981567e-01
-2.337933033704757690e-01
-2.247389405965805054e-01
-2.665750980377197266e-01
-2.431564629077911377e-01
-2.671610713005065918e-01
-2.609677016735076904e-01
-3.429759442806243896e-01
-3.346779346466064453e-01
-3.553661704063415527e-01
-3.762456774711608887e-01
-3.748822808265686035e-01
-3.824001550674438477e-01
-4.022155106067657471e-01
-4.001269042491912842e-01
-3.895240426063537598e-01
-3.971565961837768555e-01
-4.019056558609008789e-01
-4.013257324695587158e-01
-4.049857854843139648e-01
-4.081882238388061523e-01
-4.011222422122955322e-01
-3.968396484851837158e-01
-3.873651623725891113e-01
-4.156467914581298828e-01
-4.050857424736022949e-01
-4.028578102588653564e-01
-4.013506174087524414e-01
-4.154835343360900879e-01
-4.163265526294708252e-01
-4.094861149787902832e-01
-4.041568636894226074e-01
-4.121687114238739014e-01
-4.164312779903411865e-01
-4.176950454711914062e-01
-4.193436801433563232e-01
-4.188755452632904053e-01
-4.178615212440490723e-01
-4.158245027065277100e-01
-4.212644100189208984e-01
-4.187959730625152588e-01
-4.162476062774658203e-01
-4.117156863212585449e-01
-4.219084382057189941e-01
-4.159475564956665039e-01
-4.089469611644744873e-01
-4.232989251613616943e-01
-4.183520972728729248e-01
-4.199931025505065918e-01
-4.291943013668060303e-01
-4.294173121452331543e-01
-4.261316061019897461e-01
-4.291337132453918457e-01
-4.269608855247497559e-01
-4.229765534400939941e-01
-4.260722994804382324e-01
-4.243825078010559082e-01
-4.266575872898101807e-01
-4.300832450389862061e-01
-4.309292137622833252e-01
-4.330718517303466797e-01
-4.363630414009094238e-01
-4.327359795570373535e-01
-4.283917844295501709e-01
-4.305470585823059082e-01
-4.306854307651519775e-01
-4.301626384258270264e-01
-4.267933368682861328e-01
-4.280814826488494873e-01
-4.305895864963531494e-01
-4.176691770553588867e-01
-4.321996867656707764e-01
-4.313554763793945312e-01
-4.290443360805511475e-01
-4.331625401973724365e-01
-4.286111593246459961e-01
-4.322653710842132568e-01
-4.356356561183929443e-01
-4.397391974925994873e-01
-4.345021843910217285e-01
-4.390420019626617432e-01
-4.319607019424438477e-01
-4.304018020629882812e-01
-4.340954124927520752e-01
-4.328427314758300781e-01
-4.374114573001861572e-01
-4.326496720314025879e-01
-4.344449937343597412e-01
-4.343526959419250488e-01
-4.329724311828613281e-01
-4.357216358184814453e-01
-4.340667724609375000e-01
-4.289894402027130127e-01
-4.318419694900512695e-01
-4.415878951549530029e-01
-4.338549077510833740e-01
-4.389687478542327881e-01
-4.342904686927795410e-01
-4.321261048316955566e-01
-4.292023181915283203e-01
-4.347457587718963623e-01
-4.349893927574157715e-01
-4.281561374664306641e-01
-4.348271489143371582e-01
-4.306518435478210449e-01
-4.376349151134490967e-01
-4.359591007232666016e-01
-4.339559376239776611e-01
-4.354586303234100342e-01
-4.395928084850311279e-01
-4.300171136856079102e-01
-4.330410659313201904e-01
-4.326709508895874023e-01
-4.348159730434417725e-01
-4.341591298580169678e-01
-4.361514747142791748e-01
-4.294247329235076904e-01
-4.355705678462982178e-01
-4.320040345191955566e-01
-4.383886158466339111e-01
-4.372258782386779785e-01
-4.366419017314910889e-01
-4.296988546848297119e-01
-4.332661628723144531e-01
-4.367783665657043457e-01
-4.384175240993499756e-01
-4.359895586967468262e-01
-4.451031386852264404e-01
-4.375720918178558350e-01
-4.362642765045166016e-01
-4.352506995201110840e-01
-4.347085058689117432e-01
-4.323004484176635742e-01
-4.252587258815765381e-01
-4.356375634670257568e-01
-4.301369190216064453e-01
-4.312967658042907715e-01
-4.403371512889862061e-01
-4.359250962734222412e-01
-4.372516572475433350e-01
-4.346567988395690918e-01
-4.378421604633331299e-01
-4.380597472190856934e-01
-4.321924448013305664e-01
-4.347149133682250977e-01
-4.370147883892059326e-01
-4.362847208976745605e-01
-4.410809874534606934e-01
-4.377264082431793213e-01
-4.375644326210021973e-01
-4.359813928604125977e-01
-4.353500306606292725e-01
-4.363883137702941895e-01
-4.346632957458496094e-01
-4.383748769760131836e-01
-4.409310817718505859e-01
-4.381415247917175293e-01
-4.346095621585845947e-01
-4.411334693431854248e-01
-4.408204853534698486e-01
-4.360822141170501709e-01
-4.379135966300964355e-01
-4.387054741382598877e-01
-4.369432628154754639e-01
-4.353052079677581787e-01
-4.425540566444396973e-01
-4.339864552021026611e-01
-4.361162781715393066e-01
-4.388557672500610352e-01
-4.367379844188690186e-01
-4.317481219768524170e-01
-4.376951158046722412e-01
-4.372783899307250977e-01
-4.303484559059143066e-01
-4.383270144462585449e-01
-4.329881668090820312e-01
-4.370418190956115723e-01
-4.307843148708343506e-01
-4.405910074710845947e-01
-4.406274557113647461e-01
-4.350927770137786865e-01
-4.382704496383666992e-01
-4.376823604106903076e-01
-4.365428090095520020e-01
-4.384413957595825195e-01
-4.319038093090057373e-01
-4.327520728111267090e-01
-4.341993927955627441e-01
-4.352617859840393066e-01
-4.404771029949188232e-01
-4.324778914451599121e-01
-4.351907372474670410e-01
-4.381051063537597656e-01
-4.352708160877227783e-01
-4.368435442447662354e-01
-4.338342249393463135e-01
-4.325615763664245605e-01
-4.376528859138488770e-01
-4.361942410469055176e-01
-4.380005300045013428e-01
-4.346361160278320312e-01
-4.350188076496124268e-01
-4.362274706363677979e-01
-4.329405426979064941e-01
-4.348944723606109619e-01
-4.375980794429779053e-01
-4.380180537700653076e-01
-4.377817809581756592e-01
-4.373221397399902344e-01
-4.320973753929138184e-01
-4.385904073715209961e-01
-4.356104731559753418e-01
-4.347239434719085693e-01
-4.362852573394775391e-01
-4.372748136520385742e-01
-4.374416768550872803e-01
-4.348162114620208740e-01
-4.391531348228454590e-01
-4.385790228843688965e-01
-4.335580766201019287e-01
-4.363208711147308350e-01
-4.380547404289245605e-01
-4.376875758171081543e-01
-4.339888393878936768e-01
-4.304252564907073975e-01
-4.350326061248779297e-01
-4.376956224441528320e-01
-4.331139028072357178e-01
-4.326930344104766846e-01
-4.386278688907623291e-01
-4.333329200744628906e-01
-4.375000596046447754e-01
-4.352235794067382812e-01
-4.378486275672912598e-01
-4.382639825344085693e-01
-4.334356486797332764e-01
-4.355407059192657471e-01
-4.385685026645660400e-01
-4.339169859886169434e-01
-4.415304064750671387e-01
-4.296735227108001709e-01
-4.435552656650543213e-01
-4.318966567516326904e-01
-4.345911741256713867e-01
-4.381018877029418945e-01
-4.325184226036071777e-01
-4.435748159885406494e-01
-4.377991855144500732e-01
-4.343858063220977783e-01
-4.377470910549163818e-01
-4.291878640651702881e-01
-4.347681701183319092e-01
-4.346626102924346924e-01
-4.359085857868194580e-01
-4.357619881629943848e-01
-4.366580843925476074e-01
-4.321236014366149902e-01
-4.366006553173065186e-01
-4.367562532424926758e-01
-4.362268745899200439e-01
-4.340673685073852539e-01
-4.320525228977203369e-01
-4.312912821769714355e-01
-4.336194396018981934e-01
-4.340240359306335449e-01
-4.342851042747497559e-01
-4.348615705966949463e-01
-4.350546300411224365e-01
-4.401027262210845947e-01
-4.372543990612030029e-01
-4.344893097877502441e-01
-4.347878992557525635e-01
-4.294335842132568359e-01
-4.549974501132965088e-01
-4.363279938697814941e-01
-4.398994147777557373e-01
-4.366733729839324951e-01
-4.342933297157287598e-01
-4.395745098590850830e-01
-4.342143535614013672e-01
-4.314976930618286133e-01
-4.362861216068267822e-01
-4.355838596820831299e-01
-4.351831674575805664e-01
-4.329916238784790039e-01
-4.369041621685028076e-01
-4.357755780220031738e-01
-4.356785714626312256e-01
-4.381794333457946777e-01
-4.382464587688446045e-01
-4.361203014850616455e-01
-4.337995052337646484e-01
-4.378982186317443848e-01
-4.342611432075500488e-01
-4.344394803047180176e-01
-4.366360604763031006e-01
-4.347960948944091797e-01
-4.405898749828338623e-01
-4.382231235504150391e-01
-4.297387599945068359e-01
-4.429020881652832031e-01
-4.332406520843505859e-01
-4.385831058025360107e-01
-4.352822303771972656e-01
-4.415818750858306885e-01
-4.342247843742370605e-01
-4.328218996524810791e-01
-4.331591129302978516e-01
-4.382029771804809570e-01
-4.365442097187042236e-01
-4.354676008224487305e-01
-4.362459182739257812e-01
-4.399275481700897217e-01
-4.302038550376892090e-01
-4.342665672302246094e-01
-4.294507503509521484e-01
-4.356008172035217285e-01
-4.390927255153656006e-01
-4.351719319820404053e-01
-4.383813738822937012e-01
-4.392826259136199951e-01
-4.339680671691894531e-01
-4.359640479087829590e-01
-4.323849081993103027e-01
-4.400769174098968506e-01
-4.379174113273620605e-01
-4.314051866531372070e-01
-4.427421987056732178e-01
-4.370618462562561035e-01
-4.402265250682830811e-01
-4.447672367095947266e-01
-4.369680881500244141e-01
-4.347335100173950195e-01
-4.338093400001525879e-01
-4.382126033306121826e-01
-4.387304186820983887e-01
-4.325127899646759033e-01
-4.353686869144439697e-01
-4.363105595111846924e-01
-4.244838356971740723e-01
-4.400320351123809814e-01
-4.370302855968475342e-01
-4.357744157314300537e-01
-4.327764809131622314e-01
-4.351395964622497559e-01
-4.312159419059753418e-01
-4.381899833679199219e-01
-4.375180006027221680e-01
-4.301642775535583496e-01
-4.382094740867614746e-01
-4.369305372238159180e-01
-4.361461699008941650e-01
-4.375034868717193604e-01
-4.319177865982055664e-01
-4.410172104835510254e-01
-4.330319166183471680e-01
-4.371345639228820801e-01
-4.346718192100524902e-01
-4.397440850734710693e-01
-4.388988912105560303e-01
-4.356600046157836914e-01
-4.386431574821472168e-01
-4.383827447891235352e-01
-4.360806047916412354e-01
-4.350511431694030762e-01
-4.344921708106994629e-01
-4.329201877117156982e-01
-4.369994699954986572e-01
-4.303457736968994141e-01
-4.354532063007354736e-01
-4.328632056713104248e-01
-4.411053359508514404e-01
-4.331914484500885010e-01
-4.348151385784149170e-01
-4.368867576122283936e-01
-4.397294819355010986e-01
-4.363098740577697754e-01
-4.315328299999237061e-01
-4.288648068904876709e-01
-4.367778003215789795e-01
-4.332138895988464355e-01
-4.362777769565582275e-01
-4.351563751697540283e-01
-4.322996437549591064e-01
-4.375663995742797852e-01
-4.389852881431579590e-01
-4.324315190315246582e-01
-4.373193979263305664e-01
-4.430540502071380615e-01
-4.355016946792602539e-01
-4.345754981040954590e-01
-4.317106902599334717e-01
-4.384771585464477539e-01
-4.321383237838745117e-01
-4.352948963642120361e-01
-4.377551078796386719e-01
-4.315071702003479004e-01
-4.341256618499755859e-01
-4.314278662204742432e-01
-4.367196559906005859e-01
-4.357413947582244873e-01
-4.328331649303436279e-01
-4.267614781856536865e-01
-4.362840950489044189e-01
-4.295127689838409424e-01
-4.365553557872772217e-01
-4.398985505104064941e-01
-4.369429945945739746e-01
-4.330252707004547119e-01
-4.416762590408325195e-01
-4.354318380355834961e-01
-4.379850029945373535e-01
-4.358153343200683594e-01
-4.330263733863830566e-01
-4.334489405155181885e-01
-4.378806054592132568e-01
-4.275192320346832275e-01
-4.342611134052276611e-01
-4.332160651683807373e-01
-4.364392757415771484e-01
-4.348767995834350586e-01
-4.334426224231719971e-01
-4.340384900569915771e-01
-4.293288886547088623e-01
-4.370522499084472656e-01
-4.336227178573608398e-01
-4.385863542556762695e-01
-4.376451373100280762e-01
-4.360441267490386963e-01
-4.317579865455627441e-01
-4.435465633869171143e-01
-4.347979128360748291e-01
-4.339791834354400635e-01
-4.391699135303497314e-01
-4.346445798873901367e-01
-4.340240955352783203e-01
-4.366312921047210693e-01
-4.319172501564025879e-01
-4.335354566574096680e-01
-4.298259317874908447e-01
-4.351282417774200439e-01
-4.374350309371948242e-01
-4.372764527797698975e-01
-4.372082650661468506e-01
-4.330493211746215820e-01
-4.337251782417297363e-01
-4.373283982276916504e-01
-4.388243556022644043e-01
-4.294669032096862793e-01
-4.393565654754638672e-01
-4.382452964782714844e-01
-4.340861737728118896e-01
-4.334827959537506104e-01
-4.319514632225036621e-01
-4.377950429916381836e-01
-4.286312162876129150e-01
-4.306685328483581543e-01
-4.309279322624206543e-01
-4.370599091053009033e-01
-4.364625215530395508e-01
-4.376067519187927246e-01
-4.345833957195281982e-01
-4.362131357192993164e-01
-4.354104697704315186e-01
-4.330846071243286133e-01
-4.353624880313873291e-01
-4.331814646720886230e-01
-4.351984262466430664e-01
-4.405223131179809570e-01
-4.376744925975799561e-01
-4.324787259101867676e-01
-4.355709254741668701e-01
-4.373210072517395020e-01
-4.327011108398437500e-01
-4.321056604385375977e-01
-4.317576289176940918e-01
-4.355328679084777832e-01
-4.382211863994598389e-01
-4.349535107612609863e-01
-4.373859167098999023e-01
-4.362248480319976807e-01
-4.322760403156280518e-01
-4.374268054962158203e-01
-4.318162202835083008e-01
-4.445717334747314453e-01
-4.387510418891906738e-01
-4.329229593276977539e-01
-4.341221749782562256e-01
-4.342850148677825928e-01
-4.363331198692321777e-01
-4.315086305141448975e-01
-4.289242625236511230e-01
-4.483562111854553223e-01
-4.391482472419738770e-01
-4.307417273521423340e-01
-4.303969740867614746e-01
-4.354461729526519775e-01
-4.362988770008087158e-01
-4.333777427673339844e-01
-4.298281371593475342e-01
-4.351023435592651367e-01
-4.426353275775909424e-01
-4.270289242267608643e-01
-4.342591464519500732e-01
-4.312406480312347412e-01
-4.319269955158233643e-01
-4.364262223243713379e-01
-4.278478920459747314e-01
-4.381934404373168945e-01
-4.373407661914825439e-01
-4.336543083190917969e-01
-4.361959695816040039e-01
-4.310283362865447998e-01
-4.357056319713592529e-01
-4.327507615089416504e-01
-4.344121813774108887e-01
-4.324924945831298828e-01
-4.292194843292236328e-01
-4.325440526008605957e-01
-4.321982860565185547e-01
-4.334219992160797119e-01
-4.319447576999664307e-01
-4.302637279033660889e-01
-4.394289851188659668e-01
-4.310386776924133301e-01
-4.333409667015075684e-01
-4.345952868461608887e-01
-4.332036077976226807e-01
-4.326182305812835693e-01
-4.378626048564910889e-01
-4.250145256519317627e-01
-4.358168840408325195e-01
-4.325977265834808350e-01
-4.360235333442687988e-01
-4.289955198764801025e-01
-4.305526614189147949e-01
-4.401867091655731201e-01
-4.312705695629119873e-01
-4.300497770309448242e-01
-4.323473572731018066e-01
-4.273343086242675781e-01
-4.356344342231750488e-01
-4.326041340827941895e-01
-4.340330958366394043e-01
-4.308583140373229980e-01
-4.335101544857025146e-01
-4.336065053939819336e-01
-4.291148185729980469e-01
-4.350119531154632568e-01
-4.405320286750793457e-01
-4.373784661293029785e-01
-4.348657727241516113e-01
-4.305258691310882568e-01
-4.226444661617279053e-01
-4.331541657447814941e-01
-4.344700872898101807e-01
-4.354672133922576904e-01
-4.322788715362548828e-01
-4.385165870189666748e-01
-4.328564703464508057e-01
-4.416256248950958252e-01
-4.339391589164733887e-01
-4.320154488086700439e-01
-4.347679316997528076e-01
-4.349969029426574707e-01
-4.336510896682739258e-01
-4.366685152053833008e-01
-4.328382313251495361e-01
-4.392208755016326904e-01
-4.305924177169799805e-01
-4.310255646705627441e-01
-4.320847094058990479e-01
-4.312165379524230957e-01
-4.283595383167266846e-01
-4.340558350086212158e-01
-4.380134940147399902e-01
-4.332429766654968262e-01
-4.358624815940856934e-01
-4.369730353355407715e-01
-4.365769028663635254e-01
-4.350481629371643066e-01
-4.303859472274780273e-01
-4.338325858116149902e-01
-4.309312701225280762e-01
-4.291816949844360352e-01
-4.268966615200042725e-01
-4.337361454963684082e-01
-4.346049726009368896e-01
-4.317886233329772949e-01
-4.374687373638153076e-01
-4.271280467510223389e-01
-4.315212368965148926e-01
-4.300091564655303955e-01
-4.382248222827911377e-01
-4.309846460819244385e-01
-4.403041899204254150e-01
-4.327087402343750000e-01
-4.262468814849853516e-01
-4.399976134300231934e-01
-4.266164004802703857e-01
-4.333743155002593994e-01
-4.296999573707580566e-01
-4.324465990066528320e-01
-4.362772107124328613e-01
-4.305195510387420654e-01
-4.318676292896270752e-01
-4.270949661731719971e-01
-4.338292181491851807e-01
-4.339728653430938721e-01
-4.321079850196838379e-01
-4.329760670661926270e-01
-4.360030591487884521e-01
-4.310927093029022217e-01
-4.320434033870697021e-01
-4.321125745773315430e-01
-4.290521144866943359e-01
-4.301304817199707031e-01
-4.320009052753448486e-01
-4.335589110851287842e-01
-4.272552132606506348e-01
-4.298098981380462646e-01
-4.322263002395629883e-01
-4.283561110496520996e-01
-4.341096282005310059e-01
-4.332118630409240723e-01
-4.230631291866302490e-01
-4.279827773571014404e-01
-4.271479845046997070e-01
-4.384403824806213379e-01
-4.271185994148254395e-01
-4.321909844875335693e-01
-4.318382143974304199e-01
-4.367265701293945312e-01
-4.341153502464294434e-01
-4.314472079277038574e-01
-4.333499073982238770e-01
-4.329056441783905029e-01
-4.289587438106536865e-01
-4.383823275566101074e-01
-4.284578859806060791e-01
-4.204166829586029053e-01
-4.322755932807922363e-01
-4.305025637149810791e-01
-4.281955957412719727e-01
-4.350153207778930664e-01
-4.353501200675964355e-01
-4.374633133411407471e-01
-4.347195923328399658e-01
-4.303154349327087402e-01
-4.313573539257049561e-01
-4.358151257038116455e-01
-4.299812614917755127e-01
-4.391119778156280518e-01
-4.344763159751892090e-01
-4.334348142147064209e-01
-4.302925765514373779e-01
-4.300628602504730225e-01
-4.291003942489624023e-01
-4.352791309356689453e-01
-4.340990483760833740e-01
-4.388661980628967285e-01
-4.280520677566528320e-01
-4.242337644100189209e-01
-4.330995380878448486e-01
-4.279997050762176514e-01
-4.371100962162017822e-01
-4.270735979080200195e-01
-4.280716478824615479e-01
-4.208840429782867432e-01
-4.452445805072784424e-01
-4.268380105495452881e-01
-4.369184076786041260e-01
-4.247019886970520020e-01
-4.328940510749816895e-01
-4.297025203704833984e-01
-4.365350902080535889e-01
-4.348264634609222412e-01
-4.297893047332763672e-01
-4.337024390697479248e-01
-4.301308095455169678e-01
-4.288182258605957031e-01
-4.307299852371215820e-01
-4.284621477127075195e-01
-4.256992638111114502e-01
-4.293800592422485352e-01
-4.309482276439666748e-01
-4.307883083820343018e-01
-4.299718141555786133e-01
-4.332429766654968262e-01
-4.302783310413360596e-01
-4.334470331668853760e-01
-4.299493432044982910e-01
-4.322472512722015381e-01
-4.297832250595092773e-01
-4.342695474624633789e-01
-4.309774637222290039e-01
-4.287377893924713135e-01
-4.335398674011230469e-01
-4.293743968009948730e-01
-4.335252940654754639e-01
-4.342672228813171387e-01
-4.358259141445159912e-01
-4.248685836791992188e-01
-4.313875138759613037e-01
-4.289213120937347412e-01
-4.243370890617370605e-01
-4.244010150432586670e-01
-4.302570819854736328e-01
-4.326473474502563477e-01
-4.293663203716278076e-01
-4.269868433475494385e-01
-4.243792593479156494e-01
-4.377091526985168457e-01
-4.272269308567047119e-01
-4.289543926715850830e-01
-4.268759787082672119e-01
-4.280242323875427246e-01
-4.344322383403778076e-01
-4.300290048122406006e-01
-4.334664940834045410e-01
-4.212142825126647949e-01
-4.297553896903991699e-01
-4.285999834537506104e-01
-4.296143651008605957e-01
-4.315489530563354492e-01
-4.296291470527648926e-01
-4.296085238456726074e-01
-4.307367503643035889e-01
-4.352455735206604004e-01
-4.322049617767333984e-01
-4.333077371120452881e-01
-4.258984327316284180e-01
-4.314537644386291504e-01
-4.303306937217712402e-01
-4.292117953300476074e-01
-4.250414371490478516e-01
-4.348622560501098633e-01
-4.264713823795318604e-01
-4.337726235389709473e-01
-4.278425872325897217e-01
-4.372433423995971680e-01
-4.222229719161987305e-01
-4.267606437206268311e-01
-4.362240731716156006e-01
-4.320534765720367432e-01
-4.384673535823822021e-01
-4.276593029499053955e-01
-4.289581477642059326e-01
-4.326896369457244873e-01
-4.292134940624237061e-01
-4.337377548217773438e-01
-4.263782799243927002e-01
-4.323111772537231445e-01
-4.342820048332214355e-01
-4.301042556762695312e-01
-4.225080013275146484e-01
-4.244987070560455322e-01
-4.285733997821807861e-01
-4.252151548862457275e-01
-4.319015741348266602e-01
-4.340516328811645508e-01
-4.291394948959350586e-01
-4.257389605045318604e-01
-4.362950325012207031e-01
-4.245988726615905762e-01
-4.310163557529449463e-01
-4.278426766395568848e-01
-4.359967410564422607e-01
-4.295191168785095215e-01
-4.248711466789245605e-01
-4.276078343391418457e-01
-4.298867881298065186e-01
-4.260536432266235352e-01
-4.275218248367309570e-01
-4.339635074138641357e-01
-4.219359159469604492e-01
-4.300679266452789307e-01
-4.386201202869415283e-01
-4.260539412498474121e-01
-4.223170876502990723e-01
-4.291520714759826660e-01
-4.320560395717620850e-01
-4.290444552898406982e-01
-4.292190074920654297e-01
-4.244606196880340576e-01
-4.308398365974426270e-01
-4.283396005630493164e-01
-4.322129487991333008e-01
-4.250702559947967529e-01
-4.291558861732482910e-01
-4.300423562526702881e-01
-4.268992543220520020e-01
-4.316886663436889648e-01
-4.292684793472290039e-01
-4.306291639804840088e-01
-4.305484592914581299e-01
-4.218992590904235840e-01
-4.339994192123413086e-01
-4.300381243228912354e-01
-4.337346553802490234e-01
-4.287365972995758057e-01
-4.202937781810760498e-01
-4.281255304813385010e-01
-4.294497668743133545e-01
-4.284237623214721680e-01
-4.280102550983428955e-01
-4.290528595447540283e-01
-4.272991418838500977e-01
-4.272199571132659912e-01
-4.219919443130493164e-01
-4.238832294940948486e-01
-4.226176440715789795e-01
-4.279431700706481934e-01
-4.359805881977081299e-01
-4.300008416175842285e-01
-4.340304732322692871e-01
-4.295036196708679199e-01
-4.298991262912750244e-01
-4.310456812381744385e-01
-4.253838062286376953e-01
-4.311119318008422852e-01
-4.319339394569396973e-01
-4.233712852001190186e-01
-4.262717366218566895e-01
-4.229856729507446289e-01
-4.267410933971405029e-01
-4.290019571781158447e-01
-4.330275952816009521e-01
-4.230950176715850830e-01
-4.258688390254974365e-01
-4.300122559070587158e-01
-4.281589984893798828e-01
-4.280445575714111328e-01
-4.284668564796447754e-01
-4.280878305435180664e-01
-4.251116812229156494e-01
-4.254829585552215576e-01
-4.235172867774963379e-01
-4.310471117496490479e-01
-4.278345406055450439e-01
-4.240255653858184814e-01
-4.307870566844940186e-01
-4.297063052654266357e-01
-4.325051903724670410e-01
-4.254255890846252441e-01
-4.292525649070739746e-01
-4.279768764972686768e-01
-4.303162097930908203e-01
-4.297593235969543457e-01
-4.319406151771545410e-01
-4.296265840530395508e-01
-4.319248497486114502e-01
-4.254960417747497559e-01
-4.340892136096954346e-01
-4.202847182750701904e-01
-4.293126165866851807e-01
-4.294917583465576172e-01
-4.266996085643768311e-01
-4.225905835628509521e-01
-4.274061024188995361e-01
-4.279926717281341553e-01
-4.332042336463928223e-01
-4.277468323707580566e-01
-4.275710582733154297e-01
-4.291039109230041504e-01
-4.284567236900329590e-01
-4.319706261157989502e-01
-4.294559359550476074e-01
-4.271367788314819336e-01
-4.349338412284851074e-01
-4.300047159194946289e-01
-4.281941354274749756e-01
-4.302806556224822998e-01
-4.336179196834564209e-01
-4.262393414974212646e-01
-4.297394454479217529e-01
-4.270612895488739014e-01
-4.289466142654418945e-01
-4.295004904270172119e-01
-4.311568737030029297e-01
-4.245572090148925781e-01
-4.287647604942321777e-01
-4.279350638389587402e-01
-4.243436753749847412e-01
-4.258832633495330811e-01
-4.260794818401336670e-01
-4.231146275997161865e-01
-4.253731667995452881e-01
-4.296084046363830566e-01
-4.294725358486175537e-01
-4.296379387378692627e-01
-4.265208840370178223e-01
-4.251803457736968994e-01
-4.236994981765747070e-01
-4.287426769733428955e-01
-4.282498359680175781e-01
-4.277415871620178223e-01
-4.231718778610229492e-01
-4.292061328887939453e-01
-4.324299693107604980e-01
-4.256492257118225098e-01
-4.258093237876892090e-01
-4.292157590389251709e-01
-4.241856634616851807e-01
-4.269862473011016846e-01
-4.236884713172912598e-01
-4.307464957237243652e-01
-4.260371029376983643e-01
-4.289741218090057373e-01
-4.294194281101226807e-01
-4.312550127506256104e-01
-4.266880452632904053e-01
-4.303510189056396484e-01
-4.238139986991882324e-01
-4.326436817646026611e-01
-4.308834373950958252e-01
-4.277512431144714355e-01
-4.264117479324340820e-01
-4.287466406822204590e-01
-4.302522540092468262e-01
-4.261609017848968506e-01
-4.338707029819488525e-01
-4.289952218532562256e-01
-4.302266836166381836e-01
-4.268432557582855225e-01
-4.284689724445343018e-01
-4.302577376365661621e-01
-4.235497415065765381e-01
-4.249902069568634033e-01
-4.297477006912231445e-01
-4.309654533863067627e-01
-4.316664636135101318e-01
-4.255633354187011719e-01
-4.266296923160552979e-01
-4.342253506183624268e-01
-4.257233738899230957e-01
-4.276169538497924805e-01
-4.260073006153106689e-01
-4.264533221721649170e-01
-4.289506077766418457e-01
-4.307350814342498779e-01
-4.236511886119842529e-01
-4.288410246372222900e-01
-4.314624071121215820e-01
-4.291442334651947021e-01
-4.312957227230072021e-01
-4.210385084152221680e-01
-4.257175326347351074e-01
-4.301193058490753174e-01
-4.301191568374633789e-01
-4.343615472316741943e-01
-4.285868406295776367e-01
-4.371270239353179932e-01
-4.241420328617095947e-01
-4.219274222850799561e-01
-4.243741333484649658e-01
-4.225327968597412109e-01
-4.296495318412780762e-01
-4.228449165821075439e-01
-4.278757572174072266e-01
-4.211981892585754395e-01
-4.246763885021209717e-01
-4.238948225975036621e-01
-4.291478097438812256e-01
-4.290644824504852295e-01
-4.248681664466857910e-01
-4.266561567783355713e-01
-4.242866039276123047e-01
-4.316602945327758789e-01
-4.343869388103485107e-01
-4.210617542266845703e-01
-4.344221949577331543e-01
-4.239300489425659180e-01
-4.379238188266754150e-01
-4.293865561485290527e-01
-4.349319338798522949e-01
-4.256486892700195312e-01
-4.285042583942413330e-01
-4.268141388893127441e-01
-4.276542365550994873e-01
-4.266522228717803955e-01
-4.245757460594177246e-01
-4.309999048709869385e-01
-4.202295541763305664e-01
-4.284277558326721191e-01
-4.261448383331298828e-01
-4.255914986133575439e-01
-4.265150129795074463e-01
-4.282605648040771484e-01
-4.247959852218627930e-01
-4.236340820789337158e-01
-4.313978850841522217e-01
-4.307593703269958496e-01
-4.249786436557769775e-01
