-4.021304249763488770e-01
-4.398556649684906006e-01
-4.476622343063354492e-01
-4.511360526084899902e-01
-4.488319754600524902e-01
-4.506620168685913086e-01
-4.510951042175292969e-01
-4.503981471061706543e-01
-4.506391584873199463e-01
-4.514517784118652344e-01
-4.527095854282379150e-01
-4.533177614212036133e-01
-4.511425793170928955e-01
-4.531038403511047363e-01
-4.513315260410308838e-01
-4.526299536228179932e-01
-4.524331688880920410e-01
-4.527816176414489746e-01
-4.522511959075927734e-01
-4.514546394348144531e-01
-4.516665339469909668e-01
-4.523699283599853516e-01
-4.523396492004394531e-01
-4.520599842071533203e-01
-4.530006051063537598e-01
-4.525436460971832275e-01
-4.521823823451995850e-01
-4.522054791450500488e-01
-4.526569843292236328e-01
-4.542185068130493164e-01
-4.518031775951385498e-01
-4.531422555446624756e-01
-4.538367390632629395e-01
-4.531803727149963379e-01
-4.528813660144805908e-01
-4.523523747920989990e-01
-4.522492587566375732e-01
-4.530417919158935547e-01
-4.529268145561218262e-01
-4.529767632484436035e-01
-4.514334201812744141e-01
-4.530840516090393066e-01
-4.519284367561340332e-01
-4.526249468326568604e-01
-4.519257843494415283e-01
-4.532494544982910156e-01
-4.538117945194244385e-01
-4.522376656532287598e-01
-4.525322318077087402e-01
-4.522818922996520996e-01
-4.532902240753173828e-01
-4.529111385345458984e-01
-4.525001645088195801e-01
-4.513204991817474365e-01
-4.534182548522949219e-01
-4.533416628837585449e-01
-4.518535137176513672e-01
-4.521229267120361328e-01
-4.531330168247222900e-01
-4.521363377571105957e-01
-4.517188668251037598e-01
-4.528135955333709717e-01
-4.519785940647125244e-01
-4.522821009159088135e-01
-4.524441659450531006e-01
-4.521368145942687988e-01
-4.520543217658996582e-01
-4.520781934261322021e-01
-4.531726539134979248e-01
-4.526045024394989014e-01
-4.520950615406036377e-01
-4.526758491992950439e-01
-4.531655907630920410e-01
-4.536915421485900879e-01
-4.527492225170135498e-01
-4.534078538417816162e-01
-4.527530968189239502e-01
-4.523673951625823975e-01
-4.525927603244781494e-01
-4.535001218318939209e-01
-4.525898993015289307e-01
-4.528540670871734619e-01
-4.522970020771026611e-01
-4.524849355220794678e-01
-4.523001313209533691e-01
-4.531084001064300537e-01
-4.533252120018005371e-01
-4.515722393989562988e-01
-4.522446095943450928e-01
-4.531115591526031494e-01
-4.513066112995147705e-01
-4.520646035671234131e-01
-4.523711204528808594e-01
-4.539947509765625000e-01
-4.527761340141296387e-01
-4.519454538822174072e-01
-4.527849555015563965e-01
-4.534265398979187012e-01
-4.534151256084442139e-01
-4.528951346874237061e-01
-4.534569680690765381e-01
-4.531895220279693604e-01
-4.508379399776458740e-01
-4.525035917758941650e-01
-4.511711299419403076e-01
-4.519621729850769043e-01
-4.523037672042846680e-01
-4.528904557228088379e-01
-4.518495798110961914e-01
-4.523097872734069824e-01
-4.503610134124755859e-01
-4.518318176269531250e-01
-4.519954919815063477e-01
-4.514683187007904053e-01
-4.525225758552551270e-01
-4.542743265628814697e-01
-4.527163207530975342e-01
-4.537104070186614990e-01
-4.519155323505401611e-01
-4.519368410110473633e-01
-4.522870481014251709e-01
-4.514948725700378418e-01
-4.531347751617431641e-01
-4.526243805885314941e-01
-4.534365534782409668e-01
-4.519745707511901855e-01
-4.524270296096801758e-01
-4.522942006587982178e-01
-4.526056647300720215e-01
-4.513801336288452148e-01
-4.525255858898162842e-01
-4.530259370803833008e-01
-4.508233070373535156e-01
-4.523164033889770508e-01
-4.525333940982818604e-01
-4.520329535007476807e-01
-4.517919421195983887e-01
-4.525217413902282715e-01
-4.510808289051055908e-01
-4.513521194458007812e-01
-4.522413909435272217e-01
-4.510178267955780029e-01
-4.519385993480682373e-01
-4.518988728523254395e-01
-4.517155885696411133e-01
-4.518406987190246582e-01
-4.520919919013977051e-01
-4.526024758815765381e-01
-4.512563347816467285e-01
-4.506111145019531250e-01
-4.520822167396545410e-01
-4.520716369152069092e-01
-4.529187977313995361e-01
-4.510200917720794678e-01
-4.516288340091705322e-01
-4.531033933162689209e-01
-4.501240253448486328e-01
-4.516362845897674561e-01
-4.515497386455535889e-01
-4.505658447742462158e-01
-4.515884518623352051e-01
-4.521281421184539795e-01
-4.499579966068267822e-01
-4.506261348724365234e-01
-4.523986876010894775e-01
-4.527719616889953613e-01
-4.510717689990997314e-01
-4.512946307659149170e-01
-4.526732861995697021e-01
-4.534593224525451660e-01
-4.521743059158325195e-01
-4.523159265518188477e-01
-4.504038393497467041e-01
-4.517063498497009277e-01
-4.533645510673522949e-01
-4.506314098834991455e-01
-4.531129896640777588e-01
-4.518954753875732422e-01
-4.507619142532348633e-01
-4.512659907341003418e-01
-4.522048234939575195e-01
-4.524110853672027588e-01
-4.509398341178894043e-01
-4.515462517738342285e-01
-4.516371190547943115e-01
-4.521042108535766602e-01
-4.507614374160766602e-01
-4.540429711341857910e-01
-4.514326155185699463e-01
-4.520293772220611572e-01
-4.494414031505584717e-01
-4.509393870830535889e-01
-4.524431824684143066e-01
-4.513051509857177734e-01
-4.515696465969085693e-01
-4.516809284687042236e-01
-4.510256350040435791e-01
-4.497016966342926025e-01
-4.516575932502746582e-01
-4.497125148773193359e-01
-4.514810144901275635e-01
-4.504306614398956299e-01
-4.522827863693237305e-01
-4.508997201919555664e-01
-4.517069756984710693e-01
-4.514800906181335449e-01
-4.518094360828399658e-01
-4.498921632766723633e-01
-4.501673281192779541e-01
-4.498462080955505371e-01
-4.518288373947143555e-01
-4.512135088443756104e-01
-4.492961466312408447e-01
-4.506469368934631348e-01
-4.484087228775024414e-01
-4.517965614795684814e-01
-4.528209865093231201e-01
-4.511727392673492432e-01
-4.511784017086029053e-01
-4.502866268157958984e-01
-4.524709284305572510e-01
-4.495205581188201904e-01
-4.513128399848937988e-01
-4.501303434371948242e-01
-4.515866339206695557e-01
-4.515292644500732422e-01
-4.517663717269897461e-01
-4.527157545089721680e-01
-4.520310163497924805e-01
-4.502179026603698730e-01
-4.510630965232849121e-01
-4.516409933567047119e-01
-4.526665210723876953e-01
-4.511547982692718506e-01
-4.509583115577697754e-01
-4.513748288154602051e-01
-4.540466964244842529e-01
-4.504921138286590576e-01
-4.499639868736267090e-01
-4.513276815414428711e-01
-4.499844312667846680e-01
-4.522852599620819092e-01
-4.516700208187103271e-01
-4.507777094841003418e-01
-4.512944817543029785e-01
-4.520871639251708984e-01
-4.499242305755615234e-01
-4.516113996505737305e-01
-4.496078491210937500e-01
-4.511580467224121094e-01
-4.515877664089202881e-01
-4.516654610633850098e-01
-4.512459635734558105e-01
-4.502882361412048340e-01
-4.484524428844451904e-01
-4.503770172595977783e-01
-4.500455260276794434e-01
-4.518488049507141113e-01
-4.499650299549102783e-01
-4.523810446262359619e-01
-4.530769586563110352e-01
-4.535267353057861328e-01
-4.512306749820709229e-01
-4.521455764770507812e-01
-4.517011642456054688e-01
-4.492303729057312012e-01
-4.525551497936248779e-01
-4.494654238224029541e-01
-4.513395130634307861e-01
-4.502804279327392578e-01
-4.522432386875152588e-01
-4.517757594585418701e-01
-4.500863552093505859e-01
-4.526477456092834473e-01
-4.517814218997955322e-01
-4.493048191070556641e-01
-4.498690366744995117e-01
-4.511339068412780762e-01
-4.530258774757385254e-01
-4.499518573284149170e-01
-4.501711130142211914e-01
-4.519382715225219727e-01
-4.505250453948974609e-01
-4.499997198581695557e-01
-4.504357874393463135e-01
-4.499257206916809082e-01
-4.497122168540954590e-01
-4.509419500827789307e-01
-4.511200487613677979e-01
-4.484325051307678223e-01
-4.517881572246551514e-01
-4.512976109981536865e-01
-4.522927999496459961e-01
-4.518266618251800537e-01
-4.496280252933502197e-01
-4.490309357643127441e-01
-4.501688182353973389e-01
-4.500235021114349365e-01
-4.519804716110229492e-01
-4.517863690853118896e-01
-4.525959491729736328e-01
-4.514097869396209717e-01
-4.519153535366058350e-01
-4.516351819038391113e-01
-4.507083594799041748e-01
-4.500835835933685303e-01
-4.510997235774993896e-01
-4.488680660724639893e-01
-4.496019780635833740e-01
-4.507651329040527344e-01
-4.521169364452362061e-01
-4.550638198852539062e-01
-4.490233659744262695e-01
-4.499584734439849854e-01
-4.519347548484802246e-01
-4.526503384113311768e-01
-4.507452249526977539e-01
-4.506132900714874268e-01
-4.487130641937255859e-01
-4.495065510272979736e-01
-4.536007046699523926e-01
-4.503647983074188232e-01
-4.510006010532379150e-01
-4.503870904445648193e-01
-4.504865109920501709e-01
-4.500751197338104248e-01
-4.509616196155548096e-01
-4.517530500888824463e-01
-4.518682658672332764e-01
-4.488227367401123047e-01
-4.505440592765808105e-01
-4.498601853847503662e-01
-4.494287371635437012e-01
-4.509746730327606201e-01
-4.505883157253265381e-01
-4.484840929508209229e-01
-4.502176940441131592e-01
-4.481203556060791016e-01
-4.509502649307250977e-01
-4.491489827632904053e-01
-4.485413432121276855e-01
-4.492023289203643799e-01
-4.502623379230499268e-01
-4.509769380092620850e-01
-4.524392783641815186e-01
-4.509026408195495605e-01
-4.503569602966308594e-01
-4.522415995597839355e-01
-4.508849978446960449e-01
-4.497348070144653320e-01
-4.514771699905395508e-01
-4.486598670482635498e-01
-4.487457871437072754e-01
-4.524689912796020508e-01
-4.492182135581970215e-01
-4.512458741664886475e-01
-4.511286914348602295e-01
-4.524876475334167480e-01
-4.482626914978027344e-01
-4.505738615989685059e-01
-4.488804936408996582e-01
-4.505983293056488037e-01
-4.482481181621551514e-01
-4.501767456531524658e-01
-4.478856921195983887e-01
-4.494763016700744629e-01
-4.507063925266265869e-01
-4.511749446392059326e-01
-4.520267248153686523e-01
-4.517223536968231201e-01
-4.479916393756866455e-01
-4.487864673137664795e-01
-4.495936334133148193e-01
-4.519658684730529785e-01
-4.494650065898895264e-01
-4.494867622852325439e-01
-4.519908130168914795e-01
-4.490541517734527588e-01
-4.504459500312805176e-01
-4.516217708587646484e-01
-4.473045170307159424e-01
-4.514181613922119141e-01
-4.517047703266143799e-01
-4.476817846298217773e-01
-4.502973556518554688e-01
-4.517762064933776855e-01
-4.512032270431518555e-01
-4.489468336105346680e-01
-4.503713548183441162e-01
-4.503549635410308838e-01
-4.496260881423950195e-01
-4.501663744449615479e-01
-4.491031169891357422e-01
-4.539865851402282715e-01
-4.503832459449768066e-01
-4.507521092891693115e-01
-4.508962631225585938e-01
-4.495392739772796631e-01
-4.496181011199951172e-01
-4.492097795009613037e-01
-4.499775469303131104e-01
-4.496305584907531738e-01
-4.491930603981018066e-01
-4.522618651390075684e-01
-4.530552923679351807e-01
-4.496162533760070801e-01
-4.497361481189727783e-01
-4.504052400588989258e-01
-4.495518207550048828e-01
-4.510023593902587891e-01
-4.482235908508300781e-01
-4.496145248413085938e-01
-4.515066444873809814e-01
-4.480382502079010010e-01
-4.535745978355407715e-01
-4.518177211284637451e-01
-4.495415985584259033e-01
-4.481366574764251709e-01
-4.515272080898284912e-01
-4.500361382961273193e-01
-4.501174390316009521e-01
-4.499880671501159668e-01
-4.522750973701477051e-01
-4.511146247386932373e-01
-4.482946395874023438e-01
-4.520184397697448730e-01
-4.526270627975463867e-01
-4.508816599845886230e-01
-4.505412578582763672e-01
-4.500441849231719971e-01
-4.512929022312164307e-01
-4.496235251426696777e-01
-4.515099525451660156e-01
-4.509510695934295654e-01
-4.506336152553558350e-01
-4.498588740825653076e-01
-4.528768062591552734e-01
-4.487996101379394531e-01
-4.485106170177459717e-01
-4.519657492637634277e-01
-4.487206041812896729e-01
-4.502459466457366943e-01
-4.478211104869842529e-01
-4.521171152591705322e-01
-4.495432078838348389e-01
-4.494646787643432617e-01
-4.517682194709777832e-01
-4.515007138252258301e-01
-4.502876102924346924e-01
-4.501233398914337158e-01
-4.530114233493804932e-01
-4.523132443428039551e-01
-4.497929215431213379e-01
-4.527852535247802734e-01
-4.496954381465911865e-01
-4.495008587837219238e-01
-4.501866996288299561e-01
-4.481717944145202637e-01
-4.504410326480865479e-01
-4.511649608612060547e-01
-4.519446194171905518e-01
-4.525628387928009033e-01
-4.516341090202331543e-01
-4.516328871250152588e-01
-4.507095217704772949e-01
-4.513841867446899414e-01
-4.489270746707916260e-01
-4.516490399837493896e-01
-4.501585662364959717e-01
-4.501756429672241211e-01
-4.503849446773529053e-01
-4.501500129699707031e-01
-4.485005140304565430e-01
-4.493723213672637939e-01
-4.501189589500427246e-01
-4.502838253974914551e-01
-4.509648382663726807e-01
-4.511247575283050537e-01
-4.476146101951599121e-01
-4.492627084255218506e-01
-4.499968290328979492e-01
-4.511655867099761963e-01
-4.495502710342407227e-01
-4.506061673164367676e-01
-4.509624540805816650e-01
-4.502092301845550537e-01
-4.499540328979492188e-01
-4.505319297313690186e-01
-4.511609971523284912e-01
-4.496603310108184814e-01
-4.506421983242034912e-01
-4.487967193126678467e-01
-4.512823820114135742e-01
-4.486511647701263428e-01
-4.525865316390991211e-01
-4.496805667877197266e-01
-4.491250813007354736e-01
-4.505222141742706299e-01
-4.509592652320861816e-01
-4.486069977283477783e-01
-4.483481645584106445e-01
-4.509337246417999268e-01
-4.491785764694213867e-01
-4.496078491210937500e-01
-4.496329724788665771e-01
-4.484376311302185059e-01
-4.503186643123626709e-01
-4.513168632984161377e-01
-4.496762156486511230e-01
-4.476673603057861328e-01
-4.503111541271209717e-01
-4.490694105625152588e-01
-4.490228295326232910e-01
-4.500890970230102539e-01
-4.501730203628540039e-01
-4.511100947856903076e-01
-4.521593749523162842e-01
-4.504489600658416748e-01
-4.489530026912689209e-01
-4.502920806407928467e-01
-4.495715796947479248e-01
-4.510521292686462402e-01
-4.491552710533142090e-01
-4.493605792522430420e-01
-4.482351243495941162e-01
-4.485571980476379395e-01
-4.507025182247161865e-01
-4.487410783767700195e-01
-4.499382376670837402e-01
-4.488129913806915283e-01
-4.515932202339172363e-01
-4.502083659172058105e-01
-4.509470760822296143e-01
-4.509291946887969971e-01
-4.482004344463348389e-01
-4.484371244907379150e-01
-4.487479925155639648e-01
-4.529987275600433350e-01
-4.511421024799346924e-01
-4.496339559555053711e-01
-4.502554833889007568e-01
-4.510330259799957275e-01
-4.512976706027984619e-01
-4.521507620811462402e-01
-4.510463178157806396e-01
-4.513781368732452393e-01
-4.562556743621826172e-01
-4.498075544834136963e-01
-4.478209316730499268e-01
-4.521797597408294678e-01
-4.483523070812225342e-01
-4.509681463241577148e-01
-4.527775347232818604e-01
-4.506212174892425537e-01
-4.521600306034088135e-01
-4.509623646736145020e-01
-4.524037241935729980e-01
-4.507478475570678711e-01
-4.497805833816528320e-01
-4.490779638290405273e-01
-4.478500485420227051e-01
-4.505359530448913574e-01
-4.489464759826660156e-01
-4.458605647087097168e-01
-4.501417279243469238e-01
-4.506050944328308105e-01
-4.512490332126617432e-01
-4.499072134494781494e-01
-4.480312168598175049e-01
-4.508823156356811523e-01
-4.516876935958862305e-01
-4.503860473632812500e-01
-4.497581124305725098e-01
-4.479734599590301514e-01
-4.484181106090545654e-01
-4.494283497333526611e-01
-4.506594836711883545e-01
-4.489696323871612549e-01
-4.496585428714752197e-01
-4.490906894207000732e-01
-4.492090940475463867e-01
-4.529140889644622803e-01
-4.523668587207794189e-01
-4.482903778553009033e-01
-4.471325576305389404e-01
-4.479660093784332275e-01
-4.511031210422515869e-01
-4.525329768657684326e-01
-4.487529993057250977e-01
-4.482042193412780762e-01
-4.524036347866058350e-01
-4.507365226745605469e-01
-4.507097601890563965e-01
-4.517247080802917480e-01
-4.486395120620727539e-01
-4.502458274364471436e-01
-4.517865180969238281e-01
-4.498477280139923096e-01
-4.501012563705444336e-01
-4.505198299884796143e-01
-4.505339264869689941e-01
-4.497675895690917969e-01
-4.508745670318603516e-01
-4.516560435295104980e-01
-4.491488039493560791e-01
-4.518415331840515137e-01
-4.520286321640014648e-01
-4.512817859649658203e-01
-4.488462805747985840e-01
-4.496985375881195068e-01
-4.487855136394500732e-01
-4.514566063880920410e-01
-4.480582475662231445e-01
-4.481807649135589600e-01
-4.493365585803985596e-01
-4.476366043090820312e-01
-4.488421082496643066e-01
-4.467473328113555908e-01
-4.486172795295715332e-01
-4.494282901287078857e-01
-4.496224522590637207e-01
-4.506154060363769531e-01
-4.477008283138275146e-01
-4.507374465465545654e-01
-4.511496722698211670e-01
-4.491782784461975098e-01
-4.515893459320068359e-01
-4.507044553756713867e-01
-4.491012096405029297e-01
-4.492387473583221436e-01
-4.504838883876800537e-01
-4.486602246761322021e-01
-4.501422643661499023e-01
-4.519563913345336914e-01
-4.494695067405700684e-01
-4.499620199203491211e-01
-4.531469047069549561e-01
-4.526974558830261230e-01
-4.487231075763702393e-01
-4.477131366729736328e-01
-4.489717185497283936e-01
-4.490269124507904053e-01
-4.517286419868469238e-01
-4.547496736049652100e-01
-4.475331902503967285e-01
-4.510024189949035645e-01
-4.509389698505401611e-01
-4.490483403205871582e-01
-4.504039287567138672e-01
-4.473693370819091797e-01
-4.508613348007202148e-01
-4.490219056606292725e-01
-4.512679576873779297e-01
-4.503038227558135986e-01
-4.494625329971313477e-01
-4.489915668964385986e-01
-4.485392272472381592e-01
-4.501449465751647949e-01
-4.500172138214111328e-01
-4.504278600215911865e-01
-4.486937522888183594e-01
-4.492476880550384521e-01
-4.488391578197479248e-01
-4.485124647617340088e-01
-4.500352144241333008e-01
-4.498125016689300537e-01
-4.513160288333892822e-01
-4.498915970325469971e-01
-4.500836730003356934e-01
-4.521049261093139648e-01
-4.553837776184082031e-01
-4.509148001670837402e-01
-4.495431482791900635e-01
-4.513278901576995850e-01
-4.465189278125762939e-01
-4.489346742630004883e-01
-4.516258835792541504e-01
-4.486897587776184082e-01
-4.510278701782226562e-01
-4.502363502979278564e-01
-4.483303129673004150e-01
-4.484629333019256592e-01
-4.481860995292663574e-01
-4.495939016342163086e-01
-4.507450461387634277e-01
-4.537281990051269531e-01
-4.492768943309783936e-01
-4.504684507846832275e-01
-4.485293626785278320e-01
-4.503399431705474854e-01
-4.506668150424957275e-01
-4.502977728843688965e-01
-4.483685493469238281e-01
-4.486309885978698730e-01
-4.514374434947967529e-01
-4.484562873840332031e-01
-4.461474120616912842e-01
-4.464125037193298340e-01
-4.508353769779205322e-01
-4.492978155612945557e-01
-4.495986998081207275e-01
-4.459911882877349854e-01
-4.498929381370544434e-01
-4.512001872062683105e-01
-4.473895728588104248e-01
-4.491650462150573730e-01
-4.515548050403594971e-01
-4.507589340209960938e-01
-4.508084654808044434e-01
-4.480718076229095459e-01
-4.505292177200317383e-01
-4.469869434833526611e-01
-4.474691450595855713e-01
-4.505466818809509277e-01
-4.510406553745269775e-01
-4.503749907016754150e-01
-4.490792453289031982e-01
-4.506030082702636719e-01
-4.505473673343658447e-01
-4.514096677303314209e-01
-4.477549791336059570e-01
-4.496051669120788574e-01
-4.507641494274139404e-01
-4.479645490646362305e-01
-4.489614963531494141e-01
-4.501121640205383301e-01
-4.505270421504974365e-01
-4.516630768775939941e-01
-4.487443268299102783e-01
-4.486007690429687500e-01
-4.530647099018096924e-01
-4.511517882347106934e-01
-4.499449729919433594e-01
-4.499007165431976318e-01
-4.517000913619995117e-01
-4.492665529251098633e-01
-4.489495158195495605e-01
-4.516649544239044189e-01
-4.514806568622589111e-01
-4.502224624156951904e-01
-4.500589072704315186e-01
-4.498856663703918457e-01
-4.502157270908355713e-01
-4.502316415309906006e-01
-4.487285912036895752e-01
-4.499454200267791748e-01
-4.486922323703765869e-01
-4.476415514945983887e-01
-4.481731057167053223e-01
-4.483655393123626709e-01
-4.480528235435485840e-01
-4.513077437877655029e-01
-4.505671262741088867e-01
-4.487658441066741943e-01
-4.493718147277832031e-01
-4.508778452873229980e-01
-4.550604224205017090e-01
-4.453001022338867188e-01
-4.496823251247406006e-01
-4.498405158519744873e-01
-4.518199563026428223e-01
-4.490123987197875977e-01
-4.478760659694671631e-01
-4.515647590160369873e-01
-4.511436223983764648e-01
-4.534147977828979492e-01
-4.482514560222625732e-01
-4.503130614757537842e-01
-4.491118788719177246e-01
-4.474699199199676514e-01
-4.499038755893707275e-01
-4.507470130920410156e-01
-4.483445882797241211e-01
-4.484688341617584229e-01
-4.483769834041595459e-01
-4.490425288677215576e-01
-4.517828822135925293e-01
-4.464544653892517090e-01
-4.483516216278076172e-01
-4.482769072055816650e-01
-4.510370492935180664e-01
-4.486650526523590088e-01
-4.509532451629638672e-01
-4.487183094024658203e-01
-4.518556594848632812e-01
-4.464809596538543701e-01
-4.481313526630401611e-01
-4.498464465141296387e-01
-4.476867914199829102e-01
-4.505882561206817627e-01
-4.498429298400878906e-01
-4.491516053676605225e-01
-4.503145217895507812e-01
-4.508123397827148438e-01
-4.524309039115905762e-01
-4.484656453132629395e-01
-4.502931535243988037e-01
-4.491098225116729736e-01
-4.497590363025665283e-01
-4.474642872810363770e-01
-4.475916326045989990e-01
-4.478733539581298828e-01
-4.502051472663879395e-01
-4.490773081779479980e-01
-4.493659734725952148e-01
-4.503239989280700684e-01
-4.495325982570648193e-01
-4.483078718185424805e-01
-4.505718052387237549e-01
-4.513302147388458252e-01
-4.492550194263458252e-01
-4.489409923553466797e-01
-4.496103525161743164e-01
-4.491364061832427979e-01
-4.508563876152038574e-01
-4.533371627330780029e-01
-4.494490921497344971e-01
-4.494270086288452148e-01
-4.498744904994964600e-01
-4.489786922931671143e-01
-4.503766596317291260e-01
-4.498746991157531738e-01
-4.508505761623382568e-01
-4.487517774105072021e-01
-4.504229128360748291e-01
-4.497389793395996094e-01
-4.466770887374877930e-01
-4.499406218528747559e-01
-4.488141238689422607e-01
-4.493010938167572021e-01
-4.485666453838348389e-01
-4.499286413192749023e-01
-4.461097419261932373e-01
-4.495706260204315186e-01
-4.500911235809326172e-01
-4.507767558097839355e-01
-4.482499957084655762e-01
-4.472792446613311768e-01
-4.512669742107391357e-01
-4.505506753921508789e-01
-4.510410428047180176e-01
-4.481188058853149414e-01
-4.489926099777221680e-01
-4.489216804504394531e-01
-4.494301080703735352e-01
-4.501458108425140381e-01
-4.511879682540893555e-01
-4.507673382759094238e-01
-4.472979009151458740e-01
-4.463157355785369873e-01
-4.488234817981719971e-01
-4.486768245697021484e-01
-4.491955637931823730e-01
-4.497833847999572754e-01
-4.510770142078399658e-01
-4.513424634933471680e-01
-4.509800374507904053e-01
-4.500620067119598389e-01
-4.503936469554901123e-01
-4.492045640945434570e-01
-4.482184946537017822e-01
-4.477925598621368408e-01
-4.494669139385223389e-01
-4.518255591392517090e-01
-4.507004022598266602e-01
-4.498511254787445068e-01
-4.503829479217529297e-01
-4.515449106693267822e-01
-4.479675889015197754e-01
-4.475063383579254150e-01
-4.484119117259979248e-01
-4.508154392242431641e-01
-4.507382512092590332e-01
-4.534610509872436523e-01
-4.491522312164306641e-01
-4.492002725601196289e-01
-4.481483697891235352e-01
-4.505918622016906738e-01
-4.518808126449584961e-01
-4.490078389644622803e-01
-4.481350779533386230e-01
-4.497548341751098633e-01
-4.499787092208862305e-01
-4.482499957084655762e-01
-4.519078433513641357e-01
-4.482277929782867432e-01
-4.484665095806121826e-01
-4.527983963489532471e-01
-4.488351643085479736e-01
-4.458498954772949219e-01
-4.481909871101379395e-01
-4.516457021236419678e-01
-4.507565498352050781e-01
-4.478803277015686035e-01
-4.504772126674652100e-01
-4.497613012790679932e-01
-4.477861821651458740e-01
-4.472881555557250977e-01
-4.480333924293518066e-01
-4.501981139183044434e-01
-4.504321813583374023e-01
-4.501517713069915771e-01
-4.490954577922821045e-01
-4.489818811416625977e-01
-4.501776695251464844e-01
-4.501101672649383545e-01
-4.504084587097167969e-01
-4.476974010467529297e-01
-4.491127431392669678e-01
-4.480424821376800537e-01
-4.466112852096557617e-01
-4.475677013397216797e-01
-4.523305594921112061e-01
-4.508575499057769775e-01
-4.479307234287261963e-01
-4.505586028099060059e-01
-4.515645503997802734e-01
-4.507094323635101318e-01
-4.511760771274566650e-01
-4.507772922515869141e-01
-4.494252800941467285e-01
-4.501597285270690918e-01
-4.498508572578430176e-01
-4.486375749111175537e-01
-4.485620856285095215e-01
-4.520843029022216797e-01
-4.476001560688018799e-01
-4.493227899074554443e-01
-4.470131099224090576e-01
-4.478057920932769775e-01
-4.535399675369262695e-01
-4.478688836097717285e-01
-4.479735195636749268e-01
-4.458591938018798828e-01
-4.476966559886932373e-01
-4.461152553558349609e-01
-4.486348330974578857e-01
-4.507672488689422607e-01
-4.509882926940917969e-01
-4.495306313037872314e-01
-4.494259059429168701e-01
-4.485144615173339844e-01
-4.502986371517181396e-01
-4.485266804695129395e-01
-4.469272196292877197e-01
-4.502435326576232910e-01
-4.504567384719848633e-01
-4.513664543628692627e-01
-4.496395885944366455e-01
-4.480775892734527588e-01
-4.466440379619598389e-01
-4.497930705547332764e-01
-4.490841925144195557e-01
-4.516851603984832764e-01
-4.478781223297119141e-01
-4.471442401409149170e-01
-4.524813890457153320e-01
-4.512498080730438232e-01
-4.488817155361175537e-01
-4.491609930992126465e-01
-4.482739269733428955e-01
-4.501637518405914307e-01
-4.507377147674560547e-01
-4.479943811893463135e-01
-4.506360590457916260e-01
-4.487713277339935303e-01
-4.492354094982147217e-01
-4.460170865058898926e-01
-4.495649933815002441e-01
-4.456881880760192871e-01
-4.519756138324737549e-01
-4.499734640121459961e-01
-4.512056112289428711e-01
-4.504125714302062988e-01
-4.533535242080688477e-01
-4.468188583850860596e-01
-4.484418332576751709e-01
-4.490944743156433105e-01
-4.510256350040435791e-01
-4.509576857089996338e-01
-4.478390514850616455e-01
-4.472397267818450928e-01
-4.460863173007965088e-01
-4.486277103424072266e-01
-4.486591815948486328e-01
-4.490193426609039307e-01
-4.499846994876861572e-01
-4.504896104335784912e-01
-4.488879442214965820e-01
-4.509593546390533447e-01
-4.481602907180786133e-01
-4.511990845203399658e-01
-4.454684853553771973e-01
-4.489810168743133545e-01
-4.524689614772796631e-01
-4.504876136779785156e-01
-4.442018866539001465e-01
-4.471161365509033203e-01
-4.489965736865997314e-01
-4.503750503063201904e-01
