1.643312692642211914e+00
9.427176713943481445e-01
3.679740130901336670e-01
3.318741917610168457e-02
-2.674641087651252747e-02
1.696850545704364777e-02
4.229059070348739624e-02
-2.122311107814311981e-02
-4.059369117021560669e-02
-7.301494479179382324e-02
-4.969214648008346558e-02
-1.112392097711563110e-01
-8.063034713268280029e-02
-1.424830406904220581e-01
-1.132329553365707397e-01
-1.559785157442092896e-01
-1.845604330301284790e-01
-1.789305657148361206e-01
-1.804121732711791992e-01
-1.913033723831176758e-01
-2.011465728282928467e-01
-1.890352666378021240e-01
-2.269843071699142456e-01
-2.384580224752426147e-01
-2.170663028955459595e-01
-2.059726566076278687e-01
-2.498845309019088745e-01
-2.472549378871917725e-01
-2.394427657127380371e-01
-2.354600727558135986e-01
-2.860896587371826172e-01
-2.483101934194564819e-01
-2.620657384395599365e-01
-2.736736536026000977e-01
-2.847132086753845215e-01
-3.181415498256683350e-01
-3.267821669578552246e-01
-3.225494325160980225e-01
-2.922769486904144287e-01
-3.595641255378723145e-01
-3.392109572887420654e-01
-3.273336887359619141e-01
-3.512172996997833252e-01
-3.619308471679687500e-01
-3.411951959133148193e-01
-3.708842992782592773e-01
-3.593131005764007568e-01
-3.500186204910278320e-01
-3.742890655994415283e-01
-3.755881190299987793e-01
-3.773485124111175537e-01
-3.853531479835510254e-01
-3.774546980857849121e-01
-3.796993494033813477e-01
-3.983677923679351807e-01
-4.021552801132202148e-01
-3.905827105045318604e-01
-4.003350436687469482e-01
-4.017457962036132812e-01
-4.024773538112640381e-01
-3.991281092166900635e-01
-4.039162099361419678e-01
-3.929342031478881836e-01
-3.975908458232879639e-01
-4.022049605846405029e-01
-3.991523385047912598e-01
-4.042414724826812744e-01
-3.892245590686798096e-01
-3.968075215816497803e-01
-4.029228389263153076e-01
-3.902341723442077637e-01
-4.012688696384429932e-01
-4.065562188625335693e-01
-4.116972088813781738e-01
-4.054917097091674805e-01
-4.064830839633941650e-01
-3.993965387344360352e-01
-4.097631573677062988e-01
-4.014523327350616455e-01
-4.106134474277496338e-01
-3.980226516723632812e-01
-3.960402309894561768e-01
-4.001544415950775146e-01
-4.136122763156890869e-01
-4.100009202957153320e-01
-4.113300442695617676e-01
-4.095093011856079102e-01
-3.996197283267974854e-01
-4.136518239974975586e-01
-4.122540354728698730e-01
-4.076887071132659912e-01
-4.112503826618194580e-01
-4.080515205860137939e-01
-4.043318033218383789e-01
-4.085282981395721436e-01
-4.136486351490020752e-01
-4.088876843452453613e-01
-4.045310616493225098e-01
-4.057952761650085449e-01
-4.130358397960662842e-01
-4.152036905288696289e-01
-4.105100035667419434e-01
-4.148692190647125244e-01
-4.034602046012878418e-01
-4.166662096977233887e-01
-4.120194613933563232e-01
-4.102774262428283691e-01
-4.132303595542907715e-01
-4.090694487094879150e-01
-4.104694724082946777e-01
-4.165956377983093262e-01
-4.108066260814666748e-01
-4.122278988361358643e-01
-4.033975899219512939e-01
-4.106511175632476807e-01
-4.116819798946380615e-01
-4.089404046535491943e-01
-4.128325283527374268e-01
-4.091686904430389404e-01
-4.231619834899902344e-01
-4.141192138195037842e-01
-4.105063974857330322e-01
-4.176068603992462158e-01
-4.180306494235992432e-01
-4.139487445354461670e-01
-4.133580923080444336e-01
-4.140407741069793701e-01
-4.171928167343139648e-01
-4.119067490100860596e-01
-4.170056879520416260e-01
-4.263974130153656006e-01
-4.128671884536743164e-01
-4.158546626567840576e-01
-4.120228290557861328e-01
-4.137708842754364014e-01
-4.142141938209533691e-01
-4.153572618961334229e-01
-4.151813089847564697e-01
-4.157477915287017822e-01
-4.138045907020568848e-01
-4.168137013912200928e-01
-4.139528274536132812e-01
-4.182844460010528564e-01
-4.218659102916717529e-01
-4.218968152999877930e-01
-4.149544239044189453e-01
-4.124607741832733154e-01
-4.119928777217864990e-01
-4.162653088569641113e-01
-4.192572832107543945e-01
-4.123218953609466553e-01
-4.221519231796264648e-01
-4.196288287639617920e-01
-4.227786362171173096e-01
-4.147272408008575439e-01
-4.234184324741363525e-01
-4.133133590221405029e-01
-4.199523627758026123e-01
-4.210855364799499512e-01
-4.180183708667755127e-01
-4.272026419639587402e-01
-4.185803234577178955e-01
-4.246292114257812500e-01
-4.235666990280151367e-01
-4.217427372932434082e-01
-4.239629507064819336e-01
-4.259887039661407471e-01
-4.227336347103118896e-01
-4.172257781028747559e-01
-4.242252707481384277e-01
-4.236224889755249023e-01
-4.220906496047973633e-01
-4.197608828544616699e-01
-4.151467382907867432e-01
-4.231991767883300781e-01
-4.211386442184448242e-01
-4.299768209457397461e-01
-4.181687533855438232e-01
-4.237976074218750000e-01
-4.230849742889404297e-01
-4.232648015022277832e-01
-4.197213053703308105e-01
-4.306756258010864258e-01
-4.194163680076599121e-01
-4.186608195304870605e-01
-4.251532852649688721e-01
-4.287897944450378418e-01
-4.254525303840637207e-01
-4.273214042186737061e-01
-4.230150878429412842e-01
-4.277121722698211670e-01
-4.229250252246856689e-01
-4.293947219848632812e-01
-4.286808371543884277e-01
-4.227144122123718262e-01
-4.305134415626525879e-01
-4.284555315971374512e-01
-4.263517558574676514e-01
-4.272161126136779785e-01
-4.320246577262878418e-01
-4.307196140289306641e-01
-4.283442199230194092e-01
-4.258600473403930664e-01
-4.262311756610870361e-01
-4.292428493499755859e-01
-4.361607730388641357e-01
-4.306301772594451904e-01
-4.304099380970001221e-01
-4.327050149440765381e-01
-4.342284500598907471e-01
-4.289604723453521729e-01
-4.294038116931915283e-01
-4.321129322052001953e-01
-4.324717521667480469e-01
-4.300836920738220215e-01
-4.342775642871856689e-01
-4.335173368453979492e-01
-4.374594092369079590e-01
-4.333966076374053955e-01
-4.288968443870544434e-01
-4.360624253749847412e-01
-4.346076548099517822e-01
-4.292889833450317383e-01
-4.347795546054840088e-01
-4.329762458801269531e-01
-4.350391030311584473e-01
-4.311397671699523926e-01
-4.329546391963958740e-01
-4.376168847084045410e-01
-4.336858093738555908e-01
-4.356408119201660156e-01
-4.377301931381225586e-01
-4.375784993171691895e-01
-4.363572299480438232e-01
-4.358221292495727539e-01
-4.376512765884399414e-01
-4.372104406356811523e-01
-4.396007061004638672e-01
-4.302375018596649170e-01
-4.373300075531005859e-01
-4.357861280441284180e-01
-4.376068711280822754e-01
-4.408865272998809814e-01
-4.387532770633697510e-01
-4.369041025638580322e-01
-4.327094554901123047e-01
-4.426721334457397461e-01
-4.464032053947448730e-01
-4.346194267272949219e-01
-4.409590661525726318e-01
-4.369986057281494141e-01
-4.360343813896179199e-01
-4.360089898109436035e-01
-4.351084530353546143e-01
-4.369185566902160645e-01
-4.388737082481384277e-01
-4.319539666175842285e-01
-4.401000440120697021e-01
-4.433917701244354248e-01
-4.405325055122375488e-01
-4.389601647853851318e-01
-4.349627196788787842e-01
-4.356631934642791748e-01
-4.353128075599670410e-01
-4.425210654735565186e-01
-4.391266405582427979e-01
-4.346440732479095459e-01
-4.435798823833465576e-01
-4.373331367969512939e-01
-4.396781325340270996e-01
-4.375818967819213867e-01
-4.390943944454193115e-01
-4.414595067501068115e-01
-4.392135143280029297e-01
-4.394471347332000732e-01
-4.414706528186798096e-01
-4.408368468284606934e-01
-4.363894164562225342e-01
-4.336663484573364258e-01
-4.469202458858489990e-01
-4.353951811790466309e-01
-4.368579089641571045e-01
-4.384016394615173340e-01
-4.381736814975738525e-01
-4.433878064155578613e-01
-4.385256469249725342e-01
-4.395555257797241211e-01
-4.392800927162170410e-01
-4.409069120883941650e-01
-4.364560544490814209e-01
-4.364110231399536133e-01
-4.382979571819305420e-01
-4.371798336505889893e-01
-4.377901256084442139e-01
-4.434141814708709717e-01
-4.405549168586730957e-01
-4.366891682147979736e-01
-4.364467859268188477e-01
-4.405726194381713867e-01
-4.390518367290496826e-01
-4.414278268814086914e-01
-4.416206181049346924e-01
-4.378198385238647461e-01
-4.395504295825958252e-01
-4.402693510055541992e-01
-4.380388855934143066e-01
-4.427149295806884766e-01
-4.388858675956726074e-01
-4.406566917896270752e-01
-4.441239535808563232e-01
-4.408310353755950928e-01
-4.378927648067474365e-01
-4.427673220634460449e-01
-4.368690252304077148e-01
-4.375403523445129395e-01
-4.423709809780120850e-01
-4.314902722835540771e-01
-4.426417350769042969e-01
-4.353012740612030029e-01
-4.364247918128967285e-01
-4.403760433197021484e-01
-4.364616870880126953e-01
-4.387364983558654785e-01
-4.408577680587768555e-01
-4.419489502906799316e-01
-4.360584020614624023e-01
-4.366975128650665283e-01
-4.382815659046173096e-01
-4.363188147544860840e-01
-4.382301867008209229e-01
-4.369187355041503906e-01
-4.415054917335510254e-01
-4.375602602958679199e-01
-4.392860829830169678e-01
-4.458031952381134033e-01
-4.388302564620971680e-01
-4.393043518066406250e-01
-4.409003853797912598e-01
-4.407416284084320068e-01
-4.363540112972259521e-01
-4.375917315483093262e-01
-4.400802552700042725e-01
-4.376051723957061768e-01
-4.350831508636474609e-01
-4.379721581935882568e-01
-4.379604458808898926e-01
-4.414928853511810303e-01
-4.373902976512908936e-01
-4.387549459934234619e-01
-4.391779303550720215e-01
-4.381108283996582031e-01
-4.483753740787506104e-01
-4.420283734798431396e-01
-4.457593560218811035e-01
-4.358165264129638672e-01
-4.383988082408905029e-01
-4.371536970138549805e-01
-4.387978613376617432e-01
-4.366954565048217773e-01
-4.382403790950775146e-01
-4.414112567901611328e-01
-4.339158236980438232e-01
-4.386949837207794189e-01
-4.359484314918518066e-01
-4.388542473316192627e-01
-4.394681155681610107e-01
-4.335459768772125244e-01
-4.414054453372955322e-01
-4.413650631904602051e-01
-4.406492412090301514e-01
-4.400970041751861572e-01
-4.370982348918914795e-01
-4.328764081001281738e-01
-4.415484666824340820e-01
-4.364262223243713379e-01
-4.375727772712707520e-01
-4.378703236579895020e-01
-4.357907474040985107e-01
-4.364315867424011230e-01
-4.353809058666229248e-01
-4.393953382968902588e-01
-4.415350854396820068e-01
-4.375094175338745117e-01
-4.325247704982757568e-01
-4.329150617122650146e-01
-4.394044280052185059e-01
-4.412755966186523438e-01
-4.382482469081878662e-01
-4.386279881000518799e-01
-4.396238029003143311e-01
-4.392635524272918701e-01
-4.347714781761169434e-01
-4.350118339061737061e-01
-4.379913508892059326e-01
-4.372604787349700928e-01
-4.386289715766906738e-01
-4.369617998600006104e-01
-4.331746697425842285e-01
-4.353083670139312744e-01
-4.318880140781402588e-01
-4.308522939682006836e-01
-4.358397722244262695e-01
-4.386933445930480957e-01
-4.394599795341491699e-01
-4.393984675407409668e-01
-4.328188896179199219e-01
-4.378392696380615234e-01
-4.374327957630157471e-01
-4.352268576622009277e-01
-4.390626251697540283e-01
-4.390545189380645752e-01
-4.356854259967803955e-01
-4.399418830871582031e-01
-4.342003166675567627e-01
-4.339298009872436523e-01
-4.351955652236938477e-01
-4.368925690650939941e-01
-4.354644119739532471e-01
-4.309512972831726074e-01
-4.394581913948059082e-01
-4.397751390933990479e-01
-4.389304518699645996e-01
-4.317592680454254150e-01
-4.335866868495941162e-01
-4.317719936370849609e-01
-4.335098862648010254e-01
-4.375902712345123291e-01
-4.369497299194335938e-01
-4.400707483291625977e-01
-4.326773285865783691e-01
-4.375233352184295654e-01
-4.361479580402374268e-01
-4.351617991924285889e-01
-4.374098479747772217e-01
-4.316398203372955322e-01
-4.309898614883422852e-01
-4.398975968360900879e-01
-4.370715916156768799e-01
-4.341595470905303955e-01
-4.416868388652801514e-01
-4.350408017635345459e-01
-4.317587316036224365e-01
-4.364793300628662109e-01
-4.334257245063781738e-01
-4.346621036529541016e-01
-4.345131218433380127e-01
-4.331021308898925781e-01
-4.367244243621826172e-01
-4.338549971580505371e-01
-4.358716905117034912e-01
-4.359332323074340820e-01
-4.357086420059204102e-01
-4.336633384227752686e-01
-4.403307437896728516e-01
-4.350852072238922119e-01
-4.349471926689147949e-01
-4.352614879608154297e-01
-4.367281496524810791e-01
-4.356010556221008301e-01
-4.338080585002899170e-01
-4.347653090953826904e-01
-4.337942600250244141e-01
-4.372380077838897705e-01
-4.338779747486114502e-01
-4.335689246654510498e-01
-4.339686334133148193e-01
-4.317404031753540039e-01
-4.360616803169250488e-01
-4.387993514537811279e-01
-4.318136274814605713e-01
-4.382963180541992188e-01
-4.331519305706024170e-01
-4.305881857872009277e-01
-4.308641552925109863e-01
-4.362848103046417236e-01
-4.357078969478607178e-01
-4.305764734745025635e-01
-4.348255693912506104e-01
-4.324635267257690430e-01
-4.263296425342559814e-01
-4.351397752761840820e-01
-4.321705400943756104e-01
-4.305509924888610840e-01
-4.337534308433532715e-01
-4.362225830554962158e-01
-4.340292811393737793e-01
-4.294896721839904785e-01
-4.322339594364166260e-01
-4.321479499340057373e-01
-4.323916733264923096e-01
-4.388751089572906494e-01
-4.387213885784149170e-01
-4.337186813354492188e-01
-4.385132491588592529e-01
-4.327483475208282471e-01
-4.358469843864440918e-01
-4.333766400814056396e-01
-4.338029921054840088e-01
-4.330386519432067871e-01
-4.329322576522827148e-01
-4.329184591770172119e-01
-4.328925311565399170e-01
-4.305310845375061035e-01
-4.319369196891784668e-01
-4.313519001007080078e-01
-4.286448359489440918e-01
-4.362921714782714844e-01
-4.370881319046020508e-01
-4.336142838001251221e-01
-4.334378838539123535e-01
-4.311393201351165771e-01
-4.311303198337554932e-01
-4.303066432476043701e-01
-4.307809472084045410e-01
-4.334341287612915039e-01
-4.281970858573913574e-01
-4.316056072711944580e-01
-4.336323738098144531e-01
-4.308402836322784424e-01
-4.280278980731964111e-01
-4.310198128223419189e-01
-4.331738352775573730e-01
-4.357217550277709961e-01
-4.296402931213378906e-01
-4.293272495269775391e-01
-4.330667853355407715e-01
-4.337376058101654053e-01
-4.342392086982727051e-01
-4.284425675868988037e-01
-4.344089627265930176e-01
-4.350046515464782715e-01
-4.306281208992004395e-01
-4.310097098350524902e-01
-4.315604865550994873e-01
-4.287092685699462891e-01
-4.336327612400054932e-01
-4.303598403930664062e-01
-4.266599416732788086e-01
-4.306138157844543457e-01
-4.298553168773651123e-01
-4.282990694046020508e-01
-4.301654398441314697e-01
-4.371334612369537354e-01
-4.327985346317291260e-01
-4.278681874275207520e-01
-4.300451874732971191e-01
-4.230233132839202881e-01
-4.263136088848114014e-01
-4.281651079654693604e-01
-4.276789128780364990e-01
-4.314345717430114746e-01
-4.275615215301513672e-01
-4.340903162956237793e-01
-4.393456280231475830e-01
-4.322504103183746338e-01
-4.332677125930786133e-01
-4.361459612846374512e-01
-4.345261156558990479e-01
-4.291214048862457275e-01
-4.282441735267639160e-01
-4.359592795372009277e-01
-4.267872869968414307e-01
-4.329336583614349365e-01
-4.266656637191772461e-01
-4.313442409038543701e-01
-4.291507005691528320e-01
-4.355463087558746338e-01
-4.275879561901092529e-01
-4.327979683876037598e-01
-4.297074079513549805e-01
-4.354387819766998291e-01
-4.319399893283843994e-01
-4.296195209026336670e-01
-4.273814857006072998e-01
-4.299964010715484619e-01
-4.311172068119049072e-01
-4.338672459125518799e-01
-4.290701150894165039e-01
-4.328307509422302246e-01
-4.332777857780456543e-01
-4.283571541309356689e-01
-4.327357709407806396e-01
-4.257337749004364014e-01
-4.300658702850341797e-01
-4.269133210182189941e-01
-4.298212826251983643e-01
-4.274988472461700439e-01
-4.283953905105590820e-01
-4.259468317031860352e-01
-4.216831326484680176e-01
-4.274235963821411133e-01
-4.297963380813598633e-01
-4.305315017700195312e-01
-4.277006983757019043e-01
-4.265520870685577393e-01
-4.324855208396911621e-01
-4.248890578746795654e-01
-4.291847050189971924e-01
-4.281644225120544434e-01
-4.305041432380676270e-01
-4.264088273048400879e-01
-4.339795410633087158e-01
-4.295364618301391602e-01
-4.292434155941009521e-01
-4.322995841503143311e-01
-4.313628375530242920e-01
-4.260908365249633789e-01
-4.262023270130157471e-01
-4.298654198646545410e-01
-4.295578598976135254e-01
-4.314029514789581299e-01
-4.273902177810668945e-01
-4.258768260478973389e-01
-4.324231445789337158e-01
-4.280306100845336914e-01
-4.254071414470672607e-01
-4.301405549049377441e-01
-4.270602464675903320e-01
-4.292821586132049561e-01
-4.314228594303131104e-01
-4.265564084053039551e-01
-4.339772760868072510e-01
-4.244935214519500732e-01
-4.241540133953094482e-01
-4.246680736541748047e-01
-4.278908371925354004e-01
-4.293158054351806641e-01
-4.315114021301269531e-01
-4.269860088825225830e-01
-4.302646815776824951e-01
-4.301642477512359619e-01
-4.289211332798004150e-01
-4.327199161052703857e-01
-4.253415763378143311e-01
-4.261594712734222412e-01
-4.287341833114624023e-01
-4.298823177814483643e-01
-4.295112192630767822e-01
-4.283369481563568115e-01
-4.248080253601074219e-01
-4.288118779659271240e-01
-4.261001050472259521e-01
-4.271380305290222168e-01
-4.272345602512359619e-01
-4.241634309291839600e-01
-4.241869747638702393e-01
-4.250872433185577393e-01
-4.258192777633666992e-01
-4.295184016227722168e-01
-4.227280914783477783e-01
-4.323318004608154297e-01
-4.220680594444274902e-01
-4.240098893642425537e-01
-4.277975559234619141e-01
-4.291785359382629395e-01
-4.287033081054687500e-01
-4.301192164421081543e-01
-4.283742010593414307e-01
-4.292304515838623047e-01
-4.322112500667572021e-01
-4.274041056632995605e-01
-4.375267326831817627e-01
-4.261914193630218506e-01
-4.248227477073669434e-01
-4.312823414802551270e-01
-4.302089810371398926e-01
-4.263671934604644775e-01
-4.304170608520507812e-01
-4.239533543586730957e-01
-4.248391389846801758e-01
-4.243546128273010254e-01
-4.263292849063873291e-01
-4.233272075653076172e-01
-4.274892508983612061e-01
-4.262133538722991943e-01
-4.291341006755828857e-01
-4.255751073360443115e-01
-4.234085977077484131e-01
-4.227136969566345215e-01
-4.250520765781402588e-01
-4.199490845203399658e-01
-4.273630380630493164e-01
-4.200607240200042725e-01
-4.272587895393371582e-01
-4.264942705631256104e-01
-4.229445755481719971e-01
-4.219948947429656982e-01
-4.272904694080352783e-01
-4.276565313339233398e-01
-4.259652793407440186e-01
-4.276509284973144531e-01
-4.306787252426147461e-01
-4.171985983848571777e-01
-4.255927801132202148e-01
-4.200500547885894775e-01
-4.252929985523223877e-01
-4.270836114883422852e-01
-4.206688702106475830e-01
-4.267338216304779053e-01
-4.205473065376281738e-01
-4.241245687007904053e-01
-4.253337383270263672e-01
-4.322613775730133057e-01
-4.199295043945312500e-01
-4.167705178260803223e-01
-4.248991012573242188e-01
-4.254859089851379395e-01
-4.216377139091491699e-01
-4.248969256877899170e-01
-4.216468036174774170e-01
-4.225084483623504639e-01
-4.214768707752227783e-01
-4.283257424831390381e-01
-4.271698594093322754e-01
-4.256961047649383545e-01
-4.242600500583648682e-01
-4.278338253498077393e-01
-4.203026294708251953e-01
-4.345566332340240479e-01
-4.215950369834899902e-01
-4.246035814285278320e-01
-4.247410893440246582e-01
-4.228163957595825195e-01
-4.229901134967803955e-01
-4.231944382190704346e-01
-4.277985692024230957e-01
-4.196321368217468262e-01
-4.209697842597961426e-01
-4.233632087707519531e-01
-4.209773242473602295e-01
-4.258395433425903320e-01
-4.169534444808959961e-01
-4.186821877956390381e-01
-4.232607483863830566e-01
-4.262835681438446045e-01
-4.255679249763488770e-01
-4.167427420616149902e-01
-4.231654703617095947e-01
-4.256317615509033203e-01
-4.251461625099182129e-01
-4.164768755435943604e-01
-4.204189479351043701e-01
-4.240775108337402344e-01
-4.260540306568145752e-01
-4.228470325469970703e-01
-4.240867197513580322e-01
-4.179887473583221436e-01
-4.231523871421813965e-01
-4.185385406017303467e-01
-4.207044541835784912e-01
-4.249270558357238770e-01
-4.315963685512542725e-01
-4.228400588035583496e-01
-4.217840135097503662e-01
-4.221980571746826172e-01
-4.176347851753234863e-01
-4.206196367740631104e-01
-4.210924804210662842e-01
-4.192723333835601807e-01
-4.153437018394470215e-01
-4.215566217899322510e-01
-4.273435175418853760e-01
-4.218825101852416992e-01
-4.240408837795257568e-01
-4.223063886165618896e-01
-4.237561523914337158e-01
-4.198635816574096680e-01
-4.212606847286224365e-01
-4.231010973453521729e-01
-4.230207204818725586e-01
-4.249200224876403809e-01
-4.192671775817871094e-01
-4.260459840297698975e-01
-4.217485785484313965e-01
-4.243049323558807373e-01
-4.193971157073974609e-01
-4.217496514320373535e-01
-4.310403466224670410e-01
-4.234186410903930664e-01
-4.186775982379913330e-01
-4.200930297374725342e-01
-4.237132370471954346e-01
-4.192449450492858887e-01
-4.160662293434143066e-01
-4.237384498119354248e-01
-4.146733880043029785e-01
-4.173946678638458252e-01
-4.162801504135131836e-01
-4.197434484958648682e-01
-4.214678704738616943e-01
-4.245923459529876709e-01
-4.233206212520599365e-01
-4.163637161254882812e-01
-4.247579574584960938e-01
-4.191457033157348633e-01
-4.177686572074890137e-01
-4.215331971645355225e-01
-4.190818667411804199e-01
-4.205110669136047363e-01
-4.185443818569183350e-01
-4.202657341957092285e-01
-4.207004606723785400e-01
-4.202841222286224365e-01
-4.229204058647155762e-01
-4.189056158065795898e-01
-4.216652810573577881e-01
-4.226143360137939453e-01
-4.143086373805999756e-01
-4.116309881210327148e-01
-4.199793636798858643e-01
-4.222634136676788330e-01
-4.172514081001281738e-01
-4.163593649864196777e-01
-4.192801713943481445e-01
-4.217481613159179688e-01
-4.188736379146575928e-01
-4.196547865867614746e-01
-4.258759617805480957e-01
-4.192914664745330811e-01
-4.156531989574432373e-01
-4.194709360599517822e-01
-4.160530865192413330e-01
-4.167374074459075928e-01
-4.143446087837219238e-01
-4.170908927917480469e-01
-4.198117554187774658e-01
-4.185683727264404297e-01
-4.214586615562438965e-01
-4.135460257530212402e-01
-4.180335700511932373e-01
-4.231890439987182617e-01
-4.123468697071075439e-01
-4.213172495365142822e-01
-4.187661707401275635e-01
-4.148576557636260986e-01
-4.174845814704895020e-01
-4.197755753993988037e-01
-4.101786017417907715e-01
-4.222950339317321777e-01
-4.181795716285705566e-01
-4.195363223552703857e-01
-4.176410436630249023e-01
-4.213662445545196533e-01
-4.161355495452880859e-01
-4.154501259326934814e-01
-4.201708734035491943e-01
-4.213018715381622314e-01
-4.172296524047851562e-01
-4.194865226745605469e-01
-4.192935526371002197e-01
-4.116012454032897949e-01
-4.163576066493988037e-01
-4.181575477123260498e-01
-4.248537123203277588e-01
-4.227645099163055420e-01
-4.194797277450561523e-01
-4.216558337211608887e-01
-4.213823974132537842e-01
-4.095728993415832520e-01
-4.177484810352325439e-01
-4.198037683963775635e-01
-4.171754121780395508e-01
-4.205720126628875732e-01
-4.134719073772430420e-01
-4.192845523357391357e-01
-4.255857467651367188e-01
-4.295434653759002686e-01
-4.202025234699249268e-01
-4.188746213912963867e-01
-4.174380004405975342e-01
-4.176825582981109619e-01
-4.147568345069885254e-01
-4.156244695186614990e-01
-4.137381613254547119e-01
-4.116440117359161377e-01
-4.353181719779968262e-01
-4.178953766822814941e-01
-4.170388281345367432e-01
-4.167968332767486572e-01
-4.180546700954437256e-01
-4.166154861450195312e-01
-4.155126512050628662e-01
-4.159049689769744873e-01
-4.140061736106872559e-01
-4.169894456863403320e-01
-4.204292893409729004e-01
-4.184176921844482422e-01
-4.092310070991516113e-01
-4.277651607990264893e-01
-4.164489507675170898e-01
-4.166909754276275635e-01
-4.183633923530578613e-01
-4.137659370899200439e-01
-4.163092076778411865e-01
-4.225546121597290039e-01
-4.169993400573730469e-01
-4.195732176303863525e-01
-4.166226685047149658e-01
-4.154094159603118896e-01
-4.147197008132934570e-01
-4.166339933872222900e-01
-4.158312380313873291e-01
-4.161199331283569336e-01
-4.131184220314025879e-01
-4.147587716579437256e-01
-4.146676063537597656e-01
-4.157871007919311523e-01
-4.174967110157012939e-01
-4.143682122230529785e-01
-4.126158058643341064e-01
-4.211453497409820557e-01
-4.129349291324615479e-01
-4.142253398895263672e-01
-4.183290004730224609e-01
-4.161140024662017822e-01
-4.147076904773712158e-01
-4.117251038551330566e-01
-4.161420464515686035e-01
-4.144465327262878418e-01
-4.144243896007537842e-01
-4.181739687919616699e-01
-4.188325405120849609e-01
-4.072595834732055664e-01
-4.142014086246490479e-01
-4.188064038753509521e-01
-4.163270890712738037e-01
-4.181744456291198730e-01
-4.204171299934387207e-01
-4.207860827445983887e-01
-4.199284613132476807e-01
-4.171945452690124512e-01
-4.185883104801177979e-01
-4.127526283264160156e-01
-4.167523086071014404e-01
-4.132805764675140381e-01
-4.121010601520538330e-01
-4.152854979038238525e-01
-4.119738638401031494e-01
-4.226628541946411133e-01
-4.146149158477783203e-01
-4.149372577667236328e-01
-4.200034737586975098e-01
-4.180373549461364746e-01
-4.164021313190460205e-01
-4.177823364734649658e-01
-4.202294349670410156e-01
-4.234892725944519043e-01
-4.170129597187042236e-01
-4.168315529823303223e-01
-4.229151606559753418e-01
-4.228105545043945312e-01
-4.149909019470214844e-01
-4.089826047420501709e-01
-4.151047468185424805e-01
-4.137866199016571045e-01
-4.157221615314483643e-01
-4.126194417476654053e-01
-4.156582355499267578e-01
-4.195024669170379639e-01
-4.171273708343505859e-01
-4.171180427074432373e-01
-4.133006632328033447e-01
-4.166996479034423828e-01
-4.134531319141387939e-01
-4.137604832649230957e-01
-4.144514799118041992e-01
-4.110235273838043213e-01
-4.134201109409332275e-01
-4.111875891685485840e-01
-4.140565693378448486e-01
-4.135161936283111572e-01
-4.146053493022918701e-01
-4.115743637084960938e-01
-4.123536646366119385e-01
-4.145562052726745605e-01
-4.136652350425720215e-01
-4.125117659568786621e-01
-4.127102196216583252e-01
-4.184962809085845947e-01
-4.139902889728546143e-01
-4.137769639492034912e-01
-4.156784117221832275e-01
-4.196598827838897705e-01
-4.180097281932830811e-01
-4.179074168205261230e-01
-4.210432469844818115e-01
-4.116156697273254395e-01
-4.137850403785705566e-01
-4.084353148937225342e-01
-4.053705930709838867e-01
-4.100530147552490234e-01
-4.188351929187774658e-01
-4.123671948909759521e-01
-4.165123403072357178e-01
-4.157762527465820312e-01
-4.149700403213500977e-01
-4.133724272251129150e-01
-4.121753573417663574e-01
-4.122449457645416260e-01
-4.107043445110321045e-01
