-8.848097920417785645e-02
-2.212088108062744141e-01
-2.746143937110900879e-01
-3.474786281585693359e-01
-3.820345997810363770e-01
-3.968089520931243896e-01
-3.941233754158020020e-01
-3.969067931175231934e-01
-4.064509272575378418e-01
-4.146742820739746094e-01
-4.020573198795318604e-01
-4.098897874355316162e-01
-4.133823812007904053e-01
-4.218566417694091797e-01
-4.203484356403350830e-01
-4.245174527168273926e-01
-4.236753582954406738e-01
-4.312968850135803223e-01
-4.302976727485656738e-01
-4.361392557621002197e-01
-4.379852414131164551e-01
-4.418701231479644775e-01
-4.445180296897888184e-01
-4.446688890457153320e-01
-4.469808042049407959e-01
-4.494785666465759277e-01
-4.461591243743896484e-01
-4.475604891777038574e-01
-4.508193433284759521e-01
-4.451911449432373047e-01
-4.492605328559875488e-01
-4.493577182292938232e-01
-4.486821293830871582e-01
-4.507623314857482910e-01
-4.506013095378875732e-01
-4.513907134532928467e-01
-4.490921199321746826e-01
-4.497392773628234863e-01
-4.513954222202301025e-01
-4.497218132019042969e-01
-4.478778541088104248e-01
-4.502921998500823975e-01
-4.512786567211151123e-01
-4.494699239730834961e-01
-4.489820003509521484e-01
-4.516993463039398193e-01
-4.577081203460693359e-01
-4.508524239063262939e-01
-4.499465525150299072e-01
-4.502984583377838135e-01
-4.511136412620544434e-01
-4.514529407024383545e-01
-4.506245553493499756e-01
-4.511597752571105957e-01
-4.518175721168518066e-01
-4.520362019538879395e-01
-4.516737759113311768e-01
-4.524380564689636230e-01
-4.522655308246612549e-01
-4.532781839370727539e-01
-4.511297941207885742e-01
-4.515510201454162598e-01
-4.492245614528656006e-01
-4.501851201057434082e-01
-4.515360593795776367e-01
-4.503059387207031250e-01
-4.514717459678649902e-01
-4.523820281028747559e-01
-4.531495571136474609e-01
-4.521320760250091553e-01
-4.521110057830810547e-01
-4.511798620223999023e-01
-4.527568221092224121e-01
-4.520873427391052246e-01
-4.523751139640808105e-01
-4.523115158081054688e-01
-4.514746069908142090e-01
-4.504454731941223145e-01
-4.511575400829315186e-01
-4.511398971080780029e-01
-4.526729881763458252e-01
-4.509044885635375977e-01
-4.520426094532012939e-01
-4.518727362155914307e-01
-4.511583447456359863e-01
-4.517940282821655273e-01
-4.521699845790863037e-01
-4.509785175323486328e-01
-4.518115818500518799e-01
-4.505976736545562744e-01
-4.523324072360992432e-01
-4.502716064453125000e-01
-4.507789313793182373e-01
-4.536149203777313232e-01
-4.511839747428894043e-01
-4.525187909603118896e-01
-4.517018496990203857e-01
-4.528685808181762695e-01
-4.520887434482574463e-01
-4.513180851936340332e-01
-4.539476335048675537e-01
-4.522517025470733643e-01
-4.513920545578002930e-01
-4.531533718109130859e-01
-4.519499540328979492e-01
-4.509739279747009277e-01
-4.524888992309570312e-01
-4.517896175384521484e-01
-4.528205096721649170e-01
-4.517976045608520508e-01
-4.514517784118652344e-01
-4.518386125564575195e-01
-4.501797556877136230e-01
-4.510707557201385498e-01
-4.517200291156768799e-01
-4.513338208198547363e-01
-4.524000883102416992e-01
-4.530904889106750488e-01
-4.522357881069183350e-01
-4.520228505134582520e-01
-4.509213566780090332e-01
-4.505823254585266113e-01
-4.519737362861633301e-01
-4.519651532173156738e-01
-4.522288143634796143e-01
-4.524343907833099365e-01
-4.528217613697052002e-01
-4.527362883090972900e-01
-4.522010087966918945e-01
-4.512620866298675537e-01
-4.519990980625152588e-01
-4.519568085670471191e-01
-4.521232247352600098e-01
-4.547391831874847412e-01
-4.510371685028076172e-01
-4.520508050918579102e-01
-4.522925019264221191e-01
-4.523486793041229248e-01
-4.506152272224426270e-01
-4.521002173423767090e-01
-4.524343311786651611e-01
-4.512204527854919434e-01
-4.506598711013793945e-01
-4.523845314979553223e-01
-4.519721567630767822e-01
-4.513087868690490723e-01
-4.521584510803222656e-01
-4.521923363208770752e-01
-4.530912041664123535e-01
-4.540886878967285156e-01
-4.527195990085601807e-01
-4.520458877086639404e-01
-4.517755210399627686e-01
-4.515008628368377686e-01
-4.521692991256713867e-01
-4.520207047462463379e-01
-4.516727328300476074e-01
-4.527294337749481201e-01
-4.513557255268096924e-01
-4.514276087284088135e-01
-4.512639343738555908e-01
-4.516785442829132080e-01
-4.517083168029785156e-01
-4.514318108558654785e-01
-4.513678848743438721e-01
-4.524784386157989502e-01
-4.517486989498138428e-01
-4.530600011348724365e-01
-4.516522884368896484e-01
-4.526193141937255859e-01
-4.520066976547241211e-01
-4.525656700134277344e-01
-4.525565803050994873e-01
-4.521332383155822754e-01
-4.529879093170166016e-01
-4.523171484470367432e-01
-4.523956775665283203e-01
-4.513306915760040283e-01
-4.519011378288269043e-01
-4.522808194160461426e-01
-4.514556527137756348e-01
-4.524169564247131348e-01
-4.507857561111450195e-01
-4.517682492733001709e-01
-4.532528519630432129e-01
-4.520479738712310791e-01
-4.524646103382110596e-01
-4.522664248943328857e-01
-4.520063400268554688e-01
-4.514664411544799805e-01
-4.527616500854492188e-01
-4.518297016620635986e-01
-4.521484375000000000e-01
-4.512446224689483643e-01
-4.519971907138824463e-01
-4.521043598651885986e-01
-4.522233903408050537e-01
-4.523876011371612549e-01
-4.514156579971313477e-01
-4.517304599285125732e-01
-4.528058469295501709e-01
-4.516699612140655518e-01
-4.515104889869689941e-01
-4.521348178386688232e-01
-4.520285129547119141e-01
-4.518043398857116699e-01
-4.523691534996032715e-01
-4.523158073425292969e-01
-4.516889750957489014e-01
-4.528954625129699707e-01
-4.523332417011260986e-01
-4.521604180335998535e-01
-4.531759917736053467e-01
-4.523123800754547119e-01
-4.540020823478698730e-01
-4.532019793987274170e-01
-4.520182013511657715e-01
-4.526330232620239258e-01
-4.520166218280792236e-01
-4.524593055248260498e-01
-4.517792463302612305e-01
-4.522047042846679688e-01
-4.515588879585266113e-01
-4.529150426387786865e-01
-4.521818161010742188e-01
-4.525925815105438232e-01
-4.517452418804168701e-01
-4.525268375873565674e-01
-4.518572688102722168e-01
-4.519639909267425537e-01
-4.535330235958099365e-01
-4.519637525081634521e-01
-4.532014131546020508e-01
-4.518918991088867188e-01
-4.519240558147430420e-01
-4.526158571243286133e-01
-4.531889557838439941e-01
-4.529854059219360352e-01
-4.519319534301757812e-01
-4.533839523792266846e-01
-4.531544148921966553e-01
-4.529803693294525146e-01
-4.520573318004608154e-01
-4.529927372932434082e-01
-4.522044956684112549e-01
-4.515798687934875488e-01
-4.527342617511749268e-01
-4.531860947608947754e-01
-4.541512429714202881e-01
-4.526669383049011230e-01
-4.520400464534759521e-01
-4.531019032001495361e-01
-4.524661302566528320e-01
-4.518603980541229248e-01
-4.523498415946960449e-01
-4.526457786560058594e-01
-4.521139860153198242e-01
-4.530607163906097412e-01
-4.522344470024108887e-01
-4.519012868404388428e-01
-4.518897831439971924e-01
-4.528239071369171143e-01
-4.533552825450897217e-01
-4.523975551128387451e-01
-4.527382850646972656e-01
-4.520454704761505127e-01
-4.527116417884826660e-01
-4.524705708026885986e-01
-4.523482918739318848e-01
-4.535493254661560059e-01
-4.522210955619812012e-01
-4.519637525081634521e-01
-4.528157413005828857e-01
-4.531401991844177246e-01
-4.521217942237854004e-01
-4.532942473888397217e-01
-4.533769786357879639e-01
-4.520316720008850098e-01
-4.532283842563629150e-01
-4.553861021995544434e-01
-4.515928328037261963e-01
-4.527298808097839355e-01
-4.527218639850616455e-01
-4.526205956935882568e-01
-4.530163109302520752e-01
-4.513983726501464844e-01
-4.515510201454162598e-01
-4.532204568386077881e-01
-4.533715248107910156e-01
-4.534976780414581299e-01
-4.524328708648681641e-01
-4.543023705482482910e-01
-4.527155756950378418e-01
-4.523594081401824951e-01
-4.516745507717132568e-01
-4.521358609199523926e-01
-4.518874585628509521e-01
-4.516017436981201172e-01
-4.519451558589935303e-01
-4.521398842334747314e-01
-4.524838626384735107e-01
-4.541441798210144043e-01
-4.524316787719726562e-01
-4.524768590927124023e-01
-4.525976777076721191e-01
-4.521340429782867432e-01
-4.510629773139953613e-01
-4.521450400352478027e-01
-4.537938535213470459e-01
-4.529940187931060791e-01
-4.524186253547668457e-01
-4.538208246231079102e-01
-4.520076513290405273e-01
-4.525576531887054443e-01
-4.527185261249542236e-01
-4.535867273807525635e-01
-4.516720771789550781e-01
-4.523310065269470215e-01
-4.519944489002227783e-01
-4.518755376338958740e-01
-4.524948596954345703e-01
-4.531172513961791992e-01
-4.533933699131011963e-01
-4.522858560085296631e-01
-4.523762166500091553e-01
-4.521173238754272461e-01
-4.528975784778594971e-01
-4.529975652694702148e-01
-4.520980715751647949e-01
-4.518715739250183105e-01
-4.529539942741394043e-01
-4.518806934356689453e-01
-4.522778987884521484e-01
-4.520833194255828857e-01
-4.531909823417663574e-01
-4.520105123519897461e-01
-4.530198872089385986e-01
-4.530071914196014404e-01
-4.520226716995239258e-01
-4.531873166561126709e-01
-4.522140324115753174e-01
-4.532352983951568604e-01
-4.522705674171447754e-01
-4.527957439422607422e-01
-4.531714618206024170e-01
-4.524751305580139160e-01
-4.528552889823913574e-01
-4.534176290035247803e-01
-4.537833333015441895e-01
-4.519680738449096680e-01
-4.521729648113250732e-01
-4.530840218067169189e-01
-4.533172547817230225e-01
-4.529682695865631104e-01
-4.518331289291381836e-01
-4.524721205234527588e-01
-4.519878923892974854e-01
-4.535557031631469727e-01
-4.522593617439270020e-01
-4.523505866527557373e-01
-4.532342553138732910e-01
-4.516197144985198975e-01
-4.529247581958770752e-01
-4.523482024669647217e-01
-4.513471722602844238e-01
-4.521429538726806641e-01
-4.528737962245941162e-01
-4.529552757740020752e-01
-4.523798823356628418e-01
-4.525431990623474121e-01
-4.525705575942993164e-01
-4.526033997535705566e-01
-4.531150162220001221e-01
-4.512981474399566650e-01
-4.526647329330444336e-01
-4.541126191616058350e-01
-4.526198804378509521e-01
-4.521570801734924316e-01
-4.525224864482879639e-01
-4.551212787628173828e-01
-4.530714750289916992e-01
-4.526765644550323486e-01
-4.533143937587738037e-01
-4.513443112373352051e-01
-4.521548449993133545e-01
-4.533190429210662842e-01
-4.516042470932006836e-01
-4.514314234256744385e-01
-4.524474442005157471e-01
-4.535992443561553955e-01
-4.528720676898956299e-01
-4.528878331184387207e-01
-4.523971974849700928e-01
-4.526725411415100098e-01
-4.534997940063476562e-01
-4.528936743736267090e-01
-4.525266587734222412e-01
-4.548467099666595459e-01
-4.529774188995361328e-01
-4.531996548175811768e-01
-4.515437781810760498e-01
-4.534539878368377686e-01
-4.528829157352447510e-01
-4.529457390308380127e-01
-4.532122910022735596e-01
-4.522528648376464844e-01
-4.523735344409942627e-01
-4.525729417800903320e-01
-4.524549543857574463e-01
-4.526477158069610596e-01
-4.528843462467193604e-01
-4.527905583381652832e-01
-4.537887573242187500e-01
-4.518826603889465332e-01
-4.523848593235015869e-01
-4.531986415386199951e-01
-4.524933993816375732e-01
-4.517337083816528320e-01
-4.525939226150512695e-01
-4.529230296611785889e-01
-4.526397585868835449e-01
-4.530881345272064209e-01
-4.526875913143157959e-01
-4.528102278709411621e-01
-4.516633152961730957e-01
-4.528676271438598633e-01
-4.532476067543029785e-01
-4.530237913131713867e-01
-4.543409347534179688e-01
-4.520891904830932617e-01
-4.535437524318695068e-01
-4.525684714317321777e-01
-4.531294107437133789e-01
-4.540082514286041260e-01
-4.531303644180297852e-01
-4.526828825473785400e-01
-4.528197348117828369e-01
-4.534232914447784424e-01
-4.526034593582153320e-01
-4.528923332691192627e-01
-4.532487690448760986e-01
-4.541911780834197998e-01
-4.534827172756195068e-01
-4.527827799320220947e-01
-4.516483843326568604e-01
-4.522067308425903320e-01
-4.527871012687683105e-01
-4.527144730091094971e-01
-4.526779651641845703e-01
-4.517863094806671143e-01
-4.533866047859191895e-01
-4.525465667247772217e-01
-4.532414674758911133e-01
-4.540196955204010010e-01
-4.534410238265991211e-01
-4.536805450916290283e-01
-4.529385566711425781e-01
-4.533246755599975586e-01
-4.546237587928771973e-01
-4.518701434135437012e-01
-4.528383612632751465e-01
-4.529718756675720215e-01
-4.526583850383758545e-01
-4.529893100261688232e-01
-4.532131850719451904e-01
-4.523786306381225586e-01
-4.530179798603057861e-01
-4.532159566879272461e-01
-4.522466957569122314e-01
-4.530016481876373291e-01
-4.520877599716186523e-01
-4.527028203010559082e-01
-4.529224336147308350e-01
-4.526625275611877441e-01
-4.531139433383941650e-01
-4.528473615646362305e-01
-4.528973400592803955e-01
-4.519172310829162598e-01
-4.524700641632080078e-01
-4.529239535331726074e-01
-4.523604810237884521e-01
-4.524143040180206299e-01
-4.544233977794647217e-01
-4.536832273006439209e-01
-4.529622793197631836e-01
-4.534400701522827148e-01
-4.522583484649658203e-01
-4.525226950645446777e-01
-4.522078633308410645e-01
-4.517335593700408936e-01
-4.533003270626068115e-01
-4.528188407421112061e-01
-4.527336955070495605e-01
-4.519904255867004395e-01
-4.532961547374725342e-01
-4.521339237689971924e-01
-4.518122673034667969e-01
-4.532482028007507324e-01
-4.519197046756744385e-01
-4.527263939380645752e-01
-4.523061513900756836e-01
-4.520231187343597412e-01
-4.525129497051239014e-01
-4.527481198310852051e-01
-4.532851874828338623e-01
-4.534578621387481689e-01
-4.527207016944885254e-01
-4.530604779720306396e-01
-4.557337164878845215e-01
-4.521861076354980469e-01
-4.531166553497314453e-01
-4.524360299110412598e-01
-4.525166153907775879e-01
-4.533146917819976807e-01
-4.529911577701568604e-01
-4.531784057617187500e-01
-4.524503648281097412e-01
-4.520260095596313477e-01
-4.519400596618652344e-01
-4.523173272609710693e-01
-4.523665308952331543e-01
-4.523780941963195801e-01
-4.516863226890563965e-01
-4.531288146972656250e-01
-4.532940089702606201e-01
-4.529049098491668701e-01
-4.514590501785278320e-01
-4.524309039115905762e-01
-4.524083137512207031e-01
-4.529745578765869141e-01
-4.536619484424591064e-01
-4.526824951171875000e-01
-4.529432952404022217e-01
-4.520992934703826904e-01
-4.523945152759552002e-01
-4.522597193717956543e-01
-4.522483050823211670e-01
-4.527421891689300537e-01
-4.525476992130279541e-01
-4.528053402900695801e-01
-4.530218541622161865e-01
-4.523621797561645508e-01
-4.528706967830657959e-01
-4.541833698749542236e-01
-4.539092481136322021e-01
-4.532895982265472412e-01
-4.527395069599151611e-01
-4.525582194328308105e-01
-4.524533748626708984e-01
-4.528726339340209961e-01
-4.538850784301757812e-01
-4.530775845050811768e-01
-4.529363811016082764e-01
-4.529741704463958740e-01
-4.530577361583709717e-01
-4.532602131366729736e-01
-4.535019695758819580e-01
-4.530828297138214111e-01
-4.523563981056213379e-01
-4.521790444850921631e-01
-4.531830847263336182e-01
-4.526816308498382568e-01
-4.532909691333770752e-01
-4.520158767700195312e-01
-4.527426958084106445e-01
-4.529901444911956787e-01
-4.524088799953460693e-01
-4.525101780891418457e-01
-4.534987807273864746e-01
-4.530083537101745605e-01
-4.520850181579589844e-01
-4.521479308605194092e-01
-4.526368379592895508e-01
-4.530496895313262939e-01
-4.525850117206573486e-01
-4.524965286254882812e-01
-4.533728659152984619e-01
-4.523653984069824219e-01
-4.523558616638183594e-01
-4.530067741870880127e-01
-4.525059461593627930e-01
-4.531382918357849121e-01
-4.524467885494232178e-01
-4.541725814342498779e-01
-4.531768262386322021e-01
-4.541892409324645996e-01
-4.532223045825958252e-01
-4.530692100524902344e-01
-4.520007371902465820e-01
-4.525092542171478271e-01
-4.527570009231567383e-01
-4.525529146194458008e-01
-4.528052508831024170e-01
-4.525905251502990723e-01
-4.527812600135803223e-01
-4.528492093086242676e-01
-4.522529840469360352e-01
-4.537073671817779541e-01
-4.530176520347595215e-01
-4.527061581611633301e-01
-4.532962739467620850e-01
-4.537062644958496094e-01
-4.525486230850219727e-01
-4.538203775882720947e-01
-4.527334868907928467e-01
-4.527206420898437500e-01
-4.523927569389343262e-01
-4.531194567680358887e-01
-4.534859657287597656e-01
-4.529374837875366211e-01
-4.526069462299346924e-01
-4.532857537269592285e-01
-4.545138776302337646e-01
-4.524350464344024658e-01
-4.522495567798614502e-01
-4.532315135002136230e-01
-4.530422985553741455e-01
-4.537025094032287598e-01
-4.528522789478302002e-01
-4.523102641105651855e-01
-4.529292285442352295e-01
-4.539742469787597656e-01
-4.531231820583343506e-01
-4.528240859508514404e-01
-4.527541100978851318e-01
-4.540221691131591797e-01
-4.534752964973449707e-01
-4.522834420204162598e-01
-4.521673917770385742e-01
-4.538971185684204102e-01
-4.530040323734283447e-01
-4.537962079048156738e-01
-4.522624611854553223e-01
-4.533084034919738770e-01
-4.523307383060455322e-01
-4.521231055259704590e-01
-4.528928101062774658e-01
-4.533542990684509277e-01
-4.528126120567321777e-01
-4.534432888031005859e-01
-4.528458118438720703e-01
-4.523589015007019043e-01
-4.531308710575103760e-01
-4.528271257877349854e-01
-4.532240629196166992e-01
-4.529240429401397705e-01
-4.523144066333770752e-01
-4.531004130840301514e-01
-4.543403387069702148e-01
-4.532725811004638672e-01
-4.528184831142425537e-01
-4.541243910789489746e-01
-4.526077508926391602e-01
-4.526948630809783936e-01
-4.525361359119415283e-01
-4.522796571254730225e-01
-4.524469971656799316e-01
-4.527271687984466553e-01
-4.526056051254272461e-01
-4.533157944679260254e-01
-4.524374604225158691e-01
-4.530834853649139404e-01
-4.535000920295715332e-01
-4.531866312026977539e-01
-4.536330103874206543e-01
-4.532982110977172852e-01
-4.535432159900665283e-01
-4.526821970939636230e-01
-4.524556696414947510e-01
-4.529039859771728516e-01
-4.525499641895294189e-01
-4.533421695232391357e-01
-4.532910287380218506e-01
-4.535283446311950684e-01
-4.523853063583374023e-01
-4.530571401119232178e-01
-4.532910287380218506e-01
-4.524907171726226807e-01
-4.533065259456634521e-01
-4.522994756698608398e-01
-4.517112970352172852e-01
-4.529124200344085693e-01
-4.531103074550628662e-01
-4.517538547515869141e-01
-4.521816372871398926e-01
-4.528426527976989746e-01
-4.531598985195159912e-01
-4.524652063846588135e-01
-4.517901837825775146e-01
-4.529768824577331543e-01
-4.531245529651641846e-01
-4.529658854007720947e-01
-4.541847705841064453e-01
-4.530547857284545898e-01
-4.536456763744354248e-01
-4.522548615932464600e-01
-4.525171220302581787e-01
-4.523615241050720215e-01
-4.526550769805908203e-01
-4.523465037345886230e-01
-4.522570669651031494e-01
-4.529246091842651367e-01
-4.530704915523529053e-01
-4.529005885124206543e-01
-4.518637657165527344e-01
-4.530647099018096924e-01
-4.526369571685791016e-01
-4.522803723812103271e-01
-4.525985717773437500e-01
-4.523891210556030273e-01
-4.533378481864929199e-01
-4.522261619567871094e-01
-4.527352154254913330e-01
-4.523688554763793945e-01
-4.530648887157440186e-01
-4.526884853839874268e-01
-4.531579613685607910e-01
-4.526394307613372803e-01
-4.530475139617919922e-01
-4.522968828678131104e-01
-4.529500007629394531e-01
-4.527289569377899170e-01
-4.520043432712554932e-01
-4.524690508842468262e-01
-4.522275924682617188e-01
-4.531432390213012695e-01
-4.533546864986419678e-01
-4.523862004280090332e-01
-4.523634016513824463e-01
-4.526627659797668457e-01
-4.525671601295471191e-01
-4.524544775485992432e-01
-4.523868262767791748e-01
-4.530418813228607178e-01
-4.531176686286926270e-01
-4.525329470634460449e-01
-4.526300728321075439e-01
-4.552032947540283203e-01
-4.533328115940093994e-01
-4.520961344242095947e-01
-4.528419375419616699e-01
-4.533873796463012695e-01
-4.528593122959136963e-01
-4.531828761100769043e-01
-4.526453912258148193e-01
-4.526760876178741455e-01
-4.529607594013214111e-01
-4.522826671600341797e-01
-4.531789422035217285e-01
-4.526572227478027344e-01
-4.526506066322326660e-01
-4.537306129932403564e-01
-4.531008005142211914e-01
-4.529173970222473145e-01
-4.529293477535247803e-01
-4.522636532783508301e-01
-4.538376927375793457e-01
-4.523696899414062500e-01
-4.530446231365203857e-01
-4.528507590293884277e-01
-4.526197016239166260e-01
-4.538131058216094971e-01
-4.526355862617492676e-01
-4.535225331783294678e-01
-4.536639153957366943e-01
-4.529127180576324463e-01
-4.524861872196197510e-01
-4.526336491107940674e-01
-4.527093172073364258e-01
-4.525701403617858887e-01
-4.525789916515350342e-01
-4.525538980960845947e-01
-4.528837800025939941e-01
-4.522883296012878418e-01
-4.528787434101104736e-01
-4.526301324367523193e-01
-4.522340595722198486e-01
-4.530095756053924561e-01
-4.532833993434906006e-01
-4.528820812702178955e-01
-4.514648914337158203e-01
-4.525058567523956299e-01
-4.519946575164794922e-01
-4.531369507312774658e-01
-4.527314305305480957e-01
-4.526836872100830078e-01
-4.530187845230102539e-01
-4.531410038471221924e-01
-4.524143040180206299e-01
-4.522391855716705322e-01
-4.523988366127014160e-01
-4.530925452709197998e-01
-4.531747400760650635e-01
-4.530559182167053223e-01
-4.526067972183227539e-01
-4.527514874935150146e-01
-4.533540904521942139e-01
-4.528423547744750977e-01
-4.536993205547332764e-01
-4.521608650684356689e-01
-4.527506530284881592e-01
-4.524620175361633301e-01
-4.529284238815307617e-01
-4.515782892704010010e-01
-4.530861675739288330e-01
-4.540301561355590820e-01
-4.533906877040863037e-01
-4.528548121452331543e-01
-4.531381726264953613e-01
-4.530457556247711182e-01
-4.527977406978607178e-01
-4.525363743305206299e-01
-4.523118734359741211e-01
-4.531540274620056152e-01
-4.526790380477905273e-01
-4.537001252174377441e-01
-4.529995620250701904e-01
-4.531304836273193359e-01
-4.524550139904022217e-01
-4.544559419155120850e-01
-4.527490735054016113e-01
-4.528308808803558350e-01
-4.527432322502136230e-01
-4.517491161823272705e-01
-4.515073895454406738e-01
-4.527438282966613770e-01
-4.527723491191864014e-01
-4.528110027313232422e-01
-4.541013240814208984e-01
-4.528437554836273193e-01
-4.526173174381256104e-01
-4.543607831001281738e-01
-4.523869752883911133e-01
-4.527509212493896484e-01
-4.531912803649902344e-01
-4.526760280132293701e-01
-4.541335999965667725e-01
-4.520793557167053223e-01
-4.523931741714477539e-01
-4.530629217624664307e-01
-4.532276690006256104e-01
-4.528384506702423096e-01
-4.522449076175689697e-01
-4.534062743186950684e-01
-4.526594579219818115e-01
-4.528056085109710693e-01
-4.528947174549102783e-01
-4.530167877674102783e-01
-4.523085355758666992e-01
-4.538203775882720947e-01
-4.532147347927093506e-01
-4.525796473026275635e-01
-4.530648887157440186e-01
-4.524500370025634766e-01
-4.529946148395538330e-01
-4.533812701702117920e-01
-4.525674879550933838e-01
-4.524489939212799072e-01
-4.526022970676422119e-01
-4.529085159301757812e-01
-4.525468647480010986e-01
-4.530758559703826904e-01
-4.527533650398254395e-01
-4.533507227897644043e-01
-4.532166421413421631e-01
-4.526742696762084961e-01
-4.525645077228546143e-01
-4.522196650505065918e-01
-4.531134665012359619e-01
-4.525021016597747803e-01
-4.530711770057678223e-01
-4.532942175865173340e-01
-4.524804949760437012e-01
-4.531483054161071777e-01
-4.524298608303070068e-01
-4.529328346252441406e-01
-4.531604051589965820e-01
-4.531916081905364990e-01
-4.529071748256683350e-01
-4.517810642719268799e-01
-4.521632492542266846e-01
-4.533849060535430908e-01
-4.519190788269042969e-01
-4.513576328754425049e-01
-4.532687962055206299e-01
-4.527536034584045410e-01
-4.520216584205627441e-01
-4.531243145465850830e-01
-4.526517391204833984e-01
-4.531801342964172363e-01
-4.528147876262664795e-01
-4.529426991939544678e-01
-4.539019763469696045e-01
-4.527451097965240479e-01
-4.516453742980957031e-01
-4.529616534709930420e-01
-4.523657858371734619e-01
-4.526059031486511230e-01
-4.523834586143493652e-01
-4.521958231925964355e-01
-4.525354206562042236e-01
-4.530623555183410645e-01
-4.518804848194122314e-01
-4.539507627487182617e-01
-4.524844288825988770e-01
-4.521991610527038574e-01
-4.526458680629730225e-01
-4.525683522224426270e-01
-4.524702131748199463e-01
-4.517849683761596680e-01
-4.516882300376892090e-01
-4.538995325565338135e-01
-4.530088901519775391e-01
-4.537968635559082031e-01
-4.525927007198333740e-01
-4.520500600337982178e-01
-4.530048668384552002e-01
-4.527222812175750732e-01
-4.529718756675720215e-01
-4.527351856231689453e-01
-4.541490972042083740e-01
-4.524439573287963867e-01
-4.526444971561431885e-01
-4.529260396957397461e-01
-4.523031115531921387e-01
-4.530411958694458008e-01
-4.543080031871795654e-01
-4.529649317264556885e-01
-4.530203938484191895e-01
-4.529391527175903320e-01
-4.532154798507690430e-01
-4.531696736812591553e-01
-4.521850049495697021e-01
-4.532697796821594238e-01
-4.524496793746948242e-01
-4.526716172695159912e-01
-4.529899954795837402e-01
-4.532358050346374512e-01
-4.520250856876373291e-01
-4.532307088375091553e-01
-4.524779319763183594e-01
-4.522959589958190918e-01
-4.533495008945465088e-01
-4.519261121749877930e-01
-4.525832831859588623e-01
-4.525232017040252686e-01
-4.518261253833770752e-01
-4.517815113067626953e-01
-4.533965289592742920e-01
-4.526879191398620605e-01
-4.534243345260620117e-01
-4.531991779804229736e-01
-4.527159333229064941e-01
-4.530100822448730469e-01
-4.528034627437591553e-01
-4.522765278816223145e-01
-4.549009501934051514e-01
-4.533059895038604736e-01
-4.527213275432586670e-01
-4.533155262470245361e-01
-4.524289667606353760e-01
-4.524022340774536133e-01
-4.530090093612670898e-01
-4.528631567955017090e-01
-4.527963399887084961e-01
-4.519659280776977539e-01
-4.533461332321166992e-01
-4.524226188659667969e-01
-4.527239203453063965e-01
-4.521511793136596680e-01
-4.531856775283813477e-01
-4.531835317611694336e-01
-4.533633887767791748e-01
-4.529918730258941650e-01
-4.528964161872863770e-01
-4.528626799583435059e-01
-4.534851908683776855e-01
-4.530541896820068359e-01
-4.522410035133361816e-01
-4.529521167278289795e-01
-4.530216455459594727e-01
-4.523164629936218262e-01
-4.514672756195068359e-01
-4.528785049915313721e-01
-4.525281488895416260e-01
-4.522811174392700195e-01
-4.532658457756042480e-01
-4.531534910202026367e-01
-4.528346061706542969e-01
-4.527229070663452148e-01
-4.523865580558776855e-01
-4.525963664054870605e-01
-4.533487558364868164e-01
-4.526446461677551270e-01
-4.526197016239166260e-01
-4.525561630725860596e-01
-4.521741271018981934e-01
-4.536990523338317871e-01
-4.532655775547027588e-01
-4.529004395008087158e-01
-4.532079696655273438e-01
-4.532721042633056641e-01
-4.523955881595611572e-01
-4.544520378112792969e-01
-4.531792700290679932e-01
-4.531750977039337158e-01
-4.520645141601562500e-01
-4.526077210903167725e-01
-4.523446559906005859e-01
-4.519777595996856689e-01
-4.542413949966430664e-01
-4.528287947177886963e-01
-4.518437981605529785e-01
-4.532709419727325439e-01
-4.525929689407348633e-01
-4.523445367813110352e-01
-4.529221653938293457e-01
-4.525280296802520752e-01
-4.528179764747619629e-01
-4.522025287151336670e-01
-4.529021680355072021e-01
-4.530977308750152588e-01
-4.530130028724670410e-01
-4.533465206623077393e-01
-4.529259204864501953e-01
-4.523527324199676514e-01
-4.516937136650085449e-01
-4.525957107543945312e-01
-4.526342749595642090e-01
-4.535757303237915039e-01
-4.520181417465209961e-01
-4.525585472583770752e-01
-4.534049332141876221e-01
-4.539716839790344238e-01
-4.533878266811370850e-01
-4.523926377296447754e-01
-4.512310922145843506e-01
-4.531004726886749268e-01
-4.524430036544799805e-01
-4.539553225040435791e-01
-4.519176185131072998e-01
-4.532216787338256836e-01
-4.525714218616485596e-01
-4.526675641536712646e-01
-4.534054100513458252e-01
-4.523267149925231934e-01
-4.536390304565429688e-01
-4.524490833282470703e-01
-4.537393748760223389e-01
-4.524965286254882812e-01
-4.525257050991058350e-01
-4.530796408653259277e-01
-4.527205824851989746e-01
-4.537101984024047852e-01
-4.535208940505981445e-01
-4.524206817150115967e-01
-4.529195427894592285e-01
-4.528483152389526367e-01
-4.537771344184875488e-01
-4.535458385944366455e-01
-4.519883394241333008e-01
-4.531823098659515381e-01
-4.526993632316589355e-01
-4.527480006217956543e-01
-4.533704221248626709e-01
-4.531100988388061523e-01
-4.525100290775299072e-01
-4.520699679851531982e-01
-4.533717632293701172e-01
-4.525840580463409424e-01
-4.537407457828521729e-01
-4.526941478252410889e-01
-4.517747759819030762e-01
-4.523027241230010986e-01
-4.529972672462463379e-01
-4.533920884132385254e-01
-4.532938897609710693e-01
-4.522021412849426270e-01
-4.519180655479431152e-01
-4.534353017807006836e-01
-4.530227184295654297e-01
-4.527291655540466309e-01
-4.528853297233581543e-01
-4.518582224845886230e-01
-4.524826109409332275e-01
-4.526432752609252930e-01
-4.533307552337646484e-01
-4.523774683475494385e-01
-4.520417153835296631e-01
-4.524336755275726318e-01
-4.525091648101806641e-01
-4.521665573120117188e-01
-4.523543119430541992e-01
-4.537947475910186768e-01
-4.526634812355041504e-01
-4.522075057029724121e-01
-4.518080353736877441e-01
-4.531624019145965576e-01
-4.532024562358856201e-01
-4.535920321941375732e-01
-4.532898664474487305e-01
-4.532284736633300781e-01
-4.525610804557800293e-01
-4.536809921264648438e-01
-4.527284502983093262e-01
-4.523393809795379639e-01
-4.518356323242187500e-01
-4.531545937061309814e-01
-4.521765708923339844e-01
-4.521574079990386963e-01
-4.522565305233001709e-01
-4.527077376842498779e-01
-4.520613551139831543e-01
-4.523804485797882080e-01
-4.524068236351013184e-01
-4.523704349994659424e-01
-4.527095854282379150e-01
-4.536756277084350586e-01
-4.522164165973663330e-01
-4.522842466831207275e-01
-4.521818459033966064e-01
-4.529331624507904053e-01
-4.535070359706878662e-01
-4.528427720069885254e-01
-4.531346857547760010e-01
-4.537824392318725586e-01
-4.530869126319885254e-01
-4.528902769088745117e-01
-4.519751667976379395e-01
-4.527033567428588867e-01
-4.522511661052703857e-01
-4.537574350833892822e-01
-4.528420269489288330e-01
-4.530604779720306396e-01
-4.528868198394775391e-01
-4.521560072898864746e-01
-4.512057602405548096e-01
-4.534187018871307373e-01
-4.519518017768859863e-01
-4.530939757823944092e-01
-4.530328810214996338e-01
-4.521405100822448730e-01
-4.529039859771728516e-01
-4.529588818550109863e-01
-4.519561231136322021e-01
-4.527125358581542969e-01
-4.533995687961578369e-01
-4.528569877147674561e-01
-4.518265724182128906e-01
-4.534233510494232178e-01
-4.527834355831146240e-01
-4.528745114803314209e-01
-4.532441496849060059e-01
-4.536544680595397949e-01
-4.525768458843231201e-01
-4.533928334712982178e-01
-4.527511596679687500e-01
-4.526001513004302979e-01
-4.521210789680480957e-01
-4.520283937454223633e-01
-4.521559774875640869e-01
-4.526701867580413818e-01
-4.522216320037841797e-01
-4.520411491394042969e-01
-4.522657990455627441e-01
-4.537867605686187744e-01
-4.528941512107849121e-01
-4.523428380489349365e-01
-4.528861641883850098e-01
-4.535560309886932373e-01
-4.531629681587219238e-01
-4.522029459476470947e-01
-4.528152346611022949e-01
-4.524448513984680176e-01
-4.531466662883758545e-01
-4.533567428588867188e-01
-4.536732435226440430e-01
-4.521134197711944580e-01
-4.532878994941711426e-01
-4.522568285465240479e-01
-4.519888162612915039e-01
-4.533362686634063721e-01
-4.516894221305847168e-01
-4.531947672367095947e-01
-4.526214599609375000e-01
-4.526712596416473389e-01
-4.528332650661468506e-01
-4.531406164169311523e-01
-4.530774652957916260e-01
-4.535819590091705322e-01
-4.523278176784515381e-01
-4.525534808635711670e-01
-4.532893300056457520e-01
-4.514474570751190186e-01
-4.524101018905639648e-01
-4.524337947368621826e-01
-4.536254405975341797e-01
-4.531793892383575439e-01
-4.526968896389007568e-01
-4.518425166606903076e-01
-4.524280726909637451e-01
-4.527080059051513672e-01
-4.525731205940246582e-01
-4.533021152019500732e-01
-4.528809785842895508e-01
-4.520221650600433350e-01
-4.533050954341888428e-01
-4.518772661685943604e-01
-4.529477059841156006e-01
-4.530481696128845215e-01
-4.534079730510711670e-01
-4.533057212829589844e-01
-4.523207843303680420e-01
-4.522618353366851807e-01
-4.533921480178833008e-01
-4.527671635150909424e-01
-4.529669284820556641e-01
-4.519956111907958984e-01
-4.526634514331817627e-01
-4.515469968318939209e-01
-4.530791044235229492e-01
-4.528873860836029053e-01
-4.528362452983856201e-01
-4.538095593452453613e-01
-4.531359374523162842e-01
-4.524438977241516113e-01
-4.523865282535552979e-01
-4.535525739192962646e-01
-4.526181519031524658e-01
-4.521982371807098389e-01
-4.537222981452941895e-01
-4.539191126823425293e-01
-4.530205726623535156e-01
-4.529789984226226807e-01
-4.527799487113952637e-01
-4.526975154876708984e-01
-4.537893533706665039e-01
-4.523205459117889404e-01
-4.526015818119049072e-01
-4.533078670501708984e-01
-4.533260464668273926e-01
-4.533170461654663086e-01
-4.525284469127655029e-01
-4.531348347663879395e-01
-4.531372487545013428e-01
-4.509284794330596924e-01
-4.527878463268280029e-01
-4.527592658996582031e-01
-4.530833959579467773e-01
-4.525547623634338379e-01
-4.526956379413604736e-01
-4.529360830783843994e-01
-4.530124366283416748e-01
-4.524813890457153320e-01
-4.536901116371154785e-01
-4.540388584136962891e-01
-4.524989128112792969e-01
-4.524849951267242432e-01
-4.519144892692565918e-01
-4.530803263187408447e-01
-4.532855451107025146e-01
-4.524978697299957275e-01
-4.530300498008728027e-01
-4.529349505901336670e-01
-4.516076445579528809e-01
-4.527249634265899658e-01
-4.520723223686218262e-01
-4.527272880077362061e-01
-4.530324637889862061e-01
-4.535007774829864502e-01
-4.529088735580444336e-01
-4.524222910404205322e-01
-4.523590207099914551e-01
-4.529346823692321777e-01
-4.522893726825714111e-01
-4.520804882049560547e-01
-4.533973038196563721e-01
-4.521200954914093018e-01
-4.534265100955963135e-01
-4.529287815093994141e-01
-4.525696337223052979e-01
-4.518972039222717285e-01
-4.521572291851043701e-01
-4.517049789428710938e-01
-4.532431364059448242e-01
-4.521424472332000732e-01
-4.514082670211791992e-01
-4.536035060882568359e-01
-4.532284438610076904e-01
-4.517425000667572021e-01
-4.534655809402465820e-01
-4.531682729721069336e-01
-4.526817500591278076e-01
-4.525150358676910400e-01
-4.536550343036651611e-01
-4.530104994773864746e-01
-4.518782496452331543e-01
-4.517565667629241943e-01
-4.525493383407592773e-01
-4.528924226760864258e-01
-4.531080722808837891e-01
-4.526329338550567627e-01
-4.529567956924438477e-01
-4.525998532772064209e-01
-4.528902173042297363e-01
-4.528009891510009766e-01
-4.531202614307403564e-01
-4.518188834190368652e-01
-4.529328346252441406e-01
-4.531759023666381836e-01
-4.538952112197875977e-01
-4.551696777343750000e-01
-4.518792629241943359e-01
-4.535638391971588135e-01
-4.526877105236053467e-01
-4.536284804344177246e-01
-4.519991874694824219e-01
-4.526681602001190186e-01
-4.525527656078338623e-01
-4.521299004554748535e-01
-4.523994028568267822e-01
-4.525507688522338867e-01
-4.529742896556854248e-01
-4.523542225360870361e-01
-4.524808228015899658e-01
-4.513588845729827881e-01
-4.528501331806182861e-01
-4.532825350761413574e-01
-4.536079764366149902e-01
-4.520566463470458984e-01
-4.527493417263031006e-01
-4.522346854209899902e-01
-4.524559974670410156e-01
-4.519643485546112061e-01
-4.530972242355346680e-01
-4.527647495269775391e-01
-4.526417255401611328e-01
-4.525598585605621338e-01
-4.528559446334838867e-01
-4.524204730987548828e-01
-4.517793953418731689e-01
-4.519961476325988770e-01
-4.526197612285614014e-01
-4.531363546848297119e-01
-4.530013501644134521e-01
-4.528455734252929688e-01
-4.523342549800872803e-01
-4.536694884300231934e-01
-4.531096220016479492e-01
-4.519909024238586426e-01
-4.523126184940338135e-01
-4.529276788234710693e-01
-4.523152709007263184e-01
-4.530343711376190186e-01
-4.518925547599792480e-01
-4.522701501846313477e-01
-4.524977505207061768e-01
-4.527467787265777588e-01
-4.518568217754364014e-01
-4.524022936820983887e-01
-4.533271491527557373e-01
-4.528336524963378906e-01
-4.530508518218994141e-01
-4.519773423671722412e-01
-4.511475861072540283e-01
-4.529102146625518799e-01
-4.527810215950012207e-01
-4.533573389053344727e-01
-4.530744552612304688e-01
-4.527143537998199463e-01
-4.528720676898956299e-01
-4.524614810943603516e-01
-4.525178074836730957e-01
-4.531281292438507080e-01
-4.529111981391906738e-01
-4.542802870273590088e-01
-4.533917307853698730e-01
-4.520209431648254395e-01
-4.532861411571502686e-01
-4.532312750816345215e-01
-4.520475864410400391e-01
-4.537214934825897217e-01
-4.528678655624389648e-01
-4.526479244232177734e-01
-4.518457055091857910e-01
-4.528329074382781982e-01
-4.521600306034088135e-01
-4.509187638759613037e-01
-4.519967436790466309e-01
-4.538972675800323486e-01
-4.526666700839996338e-01
-4.529793262481689453e-01
-4.528008997440338135e-01
-4.528099894523620605e-01
-4.539696872234344482e-01
-4.523619413375854492e-01
-4.528509080410003662e-01
-4.532766938209533691e-01
-4.529779255390167236e-01
-4.521418511867523193e-01
