-1.108440226978725796e-01
-1.212880081600613003e-01
-1.879548099305894671e-01
-1.832852893405490513e-01
-2.240198188357883091e-01
-2.196758588155110770e-01
-2.299427456325954799e-01
-2.264042430453830357e-01
-2.291032473246256418e-01
-2.272361914316813059e-01
-2.130063772201538086e-01
-2.287561893463134766e-01
-2.322915660010443917e-01
-2.361947695414225168e-01
-2.322911686367458706e-01
-2.372362878587510882e-01
-2.370028760698106585e-01
-2.459255059560140066e-01
-2.538113594055175781e-01
-2.269217703077528181e-01
-2.540294064415825614e-01
-2.547234694163004742e-01
-2.489008903503417969e-01
-2.679358323415120258e-01
-2.731140984429253349e-01
-2.559968895382351284e-01
-2.737252182430691128e-01
-2.760242621103922711e-01
-2.679105599721272601e-01
-2.678435378604465122e-01
-2.854578495025634766e-01
-2.883429792192246932e-01
-2.883062627580430526e-01
-2.644561926523844586e-01
-2.954887549082438336e-01
-2.805672751532660714e-01
-2.552855279710557479e-01
-2.869379785325791854e-01
-2.927319208780924664e-01
-2.768104871114094867e-01
-2.831063800387912388e-01
-2.740877204471164341e-01
-2.817185454898410435e-01
-2.908206250932481307e-01
-3.008139398362901229e-01
-2.989368968539767857e-01
-2.891275617811415177e-01
-2.827564080556233539e-01
-2.708125909169514789e-01
-2.905107339223225726e-01
-2.969604068332248326e-01
-3.089371787177191964e-01
-2.934363153245713729e-01
-3.034245438045925503e-01
-3.160758283403184432e-01
-3.172897762722439174e-01
-3.071865240732828961e-01
-2.964085208045111886e-01
-3.033312161763508930e-01
-3.029262489742702846e-01
-3.273943795098198661e-01
-3.245341777801513672e-01
-3.080368041992187500e-01
-3.204834461212158203e-01
-3.069975641038682479e-01
-3.239927291870117188e-01
-3.344170517391628628e-01
-3.348298867543538226e-01
-3.251581986745198383e-01
-3.287945853339301339e-01
-3.416704071892632255e-01
-3.334796693589952010e-01
-3.397363821665446149e-01
-3.376298745473225726e-01
-3.335578706529405135e-01
-3.400830692715114956e-01
-3.427269988589816685e-01
-3.320549594031440011e-01
-3.339813285403781529e-01
-3.378036552005344029e-01
-3.337188296847873326e-01
-3.350900014241536273e-01
-3.346378008524577008e-01
-3.394294844733344307e-01
-3.416894806755913505e-01
-3.332876364390055524e-01
-3.418862554762098771e-01
-3.367675940195719586e-01
-3.402267562018500557e-01
-3.412264453040229073e-01
-3.394505182902018414e-01
-3.366736570994059430e-01
-3.474512100219726562e-01
-3.481628894805908203e-01
-3.366595374213324776e-01
-3.335926267835829240e-01
-3.443646430969238281e-01
-3.413721190558539620e-01
-3.449105951521131974e-01
-3.455602327982584820e-01
-3.503776656256781807e-01
-3.421636157565646763e-01
-3.448235988616943359e-01
-3.373314804501003628e-01
-3.409479988945854911e-01
-3.451206154293484096e-01
-3.438297377692328682e-01
-3.438914616902669086e-01
-3.493327829572889787e-01
-3.412602477603488560e-01
-3.376012378268771763e-01
-3.429534435272216797e-01
-3.508070839775933036e-01
-3.441130320231119977e-01
-3.478895293341742745e-01
-3.457605044047037945e-01
-3.408929506937662945e-01
-3.480257193247477399e-01
-3.414417107899983539e-01
-3.390139738718668805e-01
-3.398892084757487164e-01
-3.419137265947129745e-01
-3.480640517340766182e-01
-3.346731397840712052e-01
-3.418020407358805524e-01
-3.433617750803629742e-01
-3.385195202297634487e-01
-3.462124665578206195e-01
-3.439009454515244979e-01
-3.386082384321424943e-01
-3.407969739702012557e-01
-3.393367396460639229e-01
-3.402616712782118302e-01
-3.459062311384413224e-01
-3.381413353814018974e-01
-3.426211145189073104e-01
-3.448526594373915177e-01
-3.328789869944254742e-01
-3.447182178497314453e-01
-3.412875864240858537e-01
-3.382746643490261440e-01
-3.453299469417995815e-01
-3.393041557735866909e-01
-3.407831456926133651e-01
-3.293161392211914062e-01
-3.402433395385742188e-01
-3.466580973731147042e-01
-3.294628461201985492e-01
-3.348178598615858537e-01
-3.406054708692762834e-01
-3.492039309607611886e-01
-3.432058493296305524e-01
-3.354275756412082310e-01
-3.354507817162407646e-01
-3.388935459984673271e-01
-3.368409739600287667e-01
-3.419156074523925781e-01
-3.305323918660481586e-01
-3.330496417151557198e-01
-3.382240666283501396e-01
-3.316206667158339005e-01
-3.321599695417616349e-01
-3.411989476945664901e-01
-3.329102728101942521e-01
-3.244300418429904576e-01
-3.382671939002143136e-01
-3.350896570417616349e-01
-3.383042547437880021e-01
-3.405973116556803570e-01
-3.175928857591416854e-01
-3.418499893612331753e-01
-3.400764200422499162e-01
-3.348317146301269531e-01
-3.276937272813584823e-01
-3.400812678866916294e-01
-3.294970724317762834e-01
-3.304430643717448102e-01
-3.353668053944905414e-01
-3.314159446292453404e-01
-3.226272265116373883e-01
-3.301944732666015625e-01
-3.327125178443061104e-01
-3.380594783359103794e-01
-3.315394984351264229e-01
-3.360838890075683594e-01
-3.349441687266032086e-01
-3.279471132490370255e-01
-3.246496783362494698e-01
-3.223081164889865513e-01
-3.307530085245768414e-01
-3.292646937900119419e-01
-3.330955505371093750e-01
-3.267872068617079240e-01
-3.222841951582167130e-01
-3.258441819085015068e-01
-3.337202072143554688e-01
-3.405426343282063617e-01
-3.328987227545844307e-01
-3.357274532318115234e-01
-3.232234319051106586e-01
-3.299793932172987443e-01
-3.221012221442328682e-01
-3.143938382466633930e-01
-3.255249659220377789e-01
-3.249821397993299943e-01
-3.173080550299750557e-01
-3.274179829491509208e-01
-3.261102305518256417e-01
-3.282204733954535714e-01
-3.331303066677517299e-01
-3.194996780819363003e-01
-3.243101437886555805e-01
-3.200938171810573940e-01
-3.267494042714436664e-01
-3.140306207868788224e-01
-3.307296435038248883e-01
-3.215633763207329521e-01
-3.274494012196858539e-01
-3.067696889241536273e-01
-3.158029450310601005e-01
-3.239117993248833427e-01
-3.387271563212077008e-01
-3.204917112986246930e-01
-3.228249549865722656e-01
-3.071155548095703125e-01
-3.238710562388102399e-01
-3.241589069366455078e-01
-3.136105537414550781e-01
-3.216184245215522042e-01
-3.074220286475287667e-01
-3.183870315551757812e-01
-3.184568617078993302e-01
-3.286901579962836495e-01
-3.131142192416720982e-01
-3.144151104821099052e-01
-3.145084646013047713e-01
-3.168728881412082310e-01
-3.207520378960503349e-01
-3.158804310692681083e-01
-3.204590479532877789e-01
-3.242053720686171037e-01
-3.209298451741536273e-01
-3.165420161353217354e-01
-3.188381195068359375e-01
-3.196592330932617188e-01
-3.088395595550537109e-01
-3.190124829610188617e-01
-3.049332035912407646e-01
-3.193275398678249721e-01
-3.116557598114013672e-01
-3.226491875118679409e-01
-3.069013754526774274e-01
-3.141628106435139789e-01
-3.110473685794406529e-01
-3.113543722364637834e-01
-3.147915999094645367e-01
-3.112595346238877791e-01
-3.142308923933241349e-01
-2.974770334031846541e-01
-3.102802435557047711e-01
-3.122048113081190568e-01
-3.262554804484049664e-01
-3.165262540181477680e-01
-3.184567027621799107e-01
-3.209764692518446427e-01
-3.079593711429172154e-01
-3.039213021596272601e-01
-3.135808044009738560e-01
-3.087237940894232979e-01
-3.041723039415147323e-01
-3.156652980380588169e-01
-2.965308560265434989e-01
-3.058712482452392578e-01
-3.149011929829915180e-01
-3.143676651848686943e-01
-3.138027720981174107e-01
-3.091461658477783203e-01
-3.164086606767442245e-01
-3.048712147606743583e-01
-3.115714920891655693e-01
-3.149140146043565291e-01
-2.994507683648003349e-01
-3.080107900831434709e-01
-3.158080842759873885e-01
-3.134160571628146763e-01
-3.009960916307237166e-01
-3.031546539730495815e-01
-3.100424342685275669e-01
-3.114964697096083146e-01
-3.107302718692355747e-01
-3.129457897610134487e-01
-3.046198685963948383e-01
-3.035895294613308315e-01
-3.097071382734510880e-01
-3.128718535105387555e-01
-3.029341962602403182e-01
-3.112777603997124443e-01
-3.089644114176432477e-01
-3.064407507578532086e-01
-3.137859768337673549e-01
-2.986890739864773159e-01
-3.141761620839436664e-01
-2.977624734242756976e-01
-3.126610120137532367e-01
-3.143738110860188617e-01
-3.110325336456298828e-01
-3.144748210906982422e-01
-3.149872620900471820e-01
-3.097639348771836776e-01
-3.002052836947970982e-01
-3.072887791527642021e-01
-3.037569522857666016e-01
-3.079075548383924943e-01
-3.044235441419813615e-01
-3.131939305199517021e-01
-3.007096979353163224e-01
-3.058985339270697823e-01
-3.056992424858940849e-01
-3.086643218994140625e-01
-3.033248318566216239e-01
-3.063268661499023438e-01
-3.123087618086073380e-01
-3.098358313242594586e-01
-3.096863163842095146e-01
-3.037458260854085101e-01
-3.014019330342610492e-01
-3.017782635158962612e-01
-3.056259420182969588e-01
-3.192949824863010044e-01
-3.086412747701008930e-01
-2.881170378790961495e-01
-2.931618955400254745e-01
-2.968429724375407086e-01
-3.092974026997883930e-01
-3.043567339579264508e-01
-3.108718660142686385e-01
-3.021061155531141740e-01
-2.972889476352267857e-01
-3.108495341406928292e-01
-2.998048464457194195e-01
-3.039746814303928013e-01
-3.041961457994248885e-01
-2.943704922993977680e-01
-2.984721130794948940e-01
-3.073136806488037109e-01
-3.009745279947916852e-01
-3.032664987776014787e-01
-3.023067580329047432e-01
-3.108012146419948940e-01
-3.008511861165364398e-01
-3.058065838283962612e-01
-3.031136194864909039e-01
-2.895606093936496372e-01
-2.920547326405842914e-01
-3.093846903906928292e-01
-2.935352060529921037e-01
-3.033200105031331195e-01
-3.016451729668511161e-01
-3.035800192091200334e-01
-2.944619125790066128e-01
-3.024375703599717635e-01
-3.055457274119059430e-01
-3.095996114942762834e-01
-3.151842223273383370e-01
-3.022860156165229073e-01
-3.096171220143635883e-01
-3.030675517188178292e-01
-3.048426575130886440e-01
-3.129125965966118583e-01
-3.070633146497938615e-01
-3.069828881157768974e-01
-3.061155478159586774e-01
-2.980746957990858537e-01
-3.026901615990532646e-01
-2.922110557556152344e-01
-2.931895785861545201e-01
-3.013275994194878349e-01
-3.056290149688720703e-01
-3.025674819946289062e-01
-3.031642172071669084e-01
-2.864012718200683594e-01
-3.041148715549045201e-01
-3.001400364769829521e-01
-3.016433980729844588e-01
-2.913838492499457589e-01
-2.906777858734130859e-01
-2.929778628879123326e-01
-2.894227769639756698e-01
-3.110364013248019810e-01
-3.044117026858859654e-01
-3.203429381052653180e-01
-3.204278416103786831e-01
-3.083956241607666016e-01
-2.965745396084255581e-01
-2.994721730550130023e-01
-2.998280260297987443e-01
-2.926739851633707867e-01
-3.018184502919514789e-01
-2.983815670013427734e-01
-2.824649016062418805e-01
-2.956573963165283203e-01
-2.959859371185302734e-01
-2.953977055019802456e-01
-2.927771144443088169e-01
-2.863603432973225726e-01
-2.950843175252278461e-01
-2.917080720265706195e-01
-3.028456899854872209e-01
-3.043154345618354073e-01
-2.959233389960395089e-01
-2.759499020046657924e-01
-2.950215339660644531e-01
-3.006796307033962612e-01
-2.993119027879502791e-01
-3.053585423363579521e-01
-2.998152838812934151e-01
-2.979697386423746930e-01
-2.987210220760769253e-01
-3.035738733079698104e-01
-2.930711375342475167e-01
-2.904604011111789341e-01
-2.917204697926839008e-01
-2.928658856285942802e-01
-2.983334329393174666e-01
-2.917514906989203682e-01
-2.958818541632758370e-01
-2.952381769816080914e-01
-2.934630446963840122e-01
-2.899161179860432758e-01
-2.995948791503906250e-01
-3.022145430246989117e-01
-2.823272811041938057e-01
-2.916242281595866070e-01
-3.008957438998752232e-01
-2.909855577680799943e-01
-3.018753528594970703e-01
-3.040209876166449776e-01
-2.930497328440348492e-01
-2.891668743557400112e-01
-2.929764058854844588e-01
-2.916705608367919922e-01
-2.967957655588785992e-01
-2.921885914272732143e-01
-2.956024805704752789e-01
-3.046661747826470146e-01
-3.070900440216064453e-01
-2.980482843187119979e-01
-3.012434906429714565e-01
-2.896045049031575336e-01
-3.007585207621256695e-01
-2.912887467278374443e-01
-2.961363792419433594e-01
-2.916479110717773438e-01
-2.903419600592719307e-01
-2.920840316348605747e-01
-3.032800886366102677e-01
-3.067675696478949776e-01
-3.027311166127522601e-01
-2.893247604370117188e-01
-2.934674686855739956e-01
-2.991230222913954240e-01
-2.986011770036485213e-01
-2.855422761705186385e-01
-2.986398537953694476e-01
-2.978523837195502511e-01
-2.898044321272108537e-01
-3.021614286634657365e-01
-2.813435130649142857e-01
-2.977165381113688336e-01
-3.037713633643256417e-01
-2.992290655771891461e-01
-2.978257073296440849e-01
-2.981737984551323661e-01
-2.938893900977240792e-01
-2.928423616621229630e-01
-2.968814637925889510e-01
-2.956488132476806641e-01
-2.987712754143608818e-01
-3.009982638888888951e-01
-2.961024708218044643e-01
-2.950511773427327289e-01
-2.911435498131645927e-01
-3.025133344862196427e-01
-3.059090243445502511e-01
-3.013262218899196987e-01
-2.932871182759602680e-01
-2.735320462120903739e-01
-2.984358734554714565e-01
-3.057865831587049943e-01
-3.019065856933593750e-01
-2.949338224199082870e-01
-2.878825134701198940e-01
-2.989781962500678292e-01
-2.827000617980957031e-01
-3.002155621846516742e-01
-2.964065339830186385e-01
-2.881806426578097935e-01
-2.869817415873209820e-01
-2.921634780036078682e-01
-2.957758373684353237e-01
-2.849568261040581474e-01
-2.930402755737304688e-01
-2.956669330596923828e-01
-2.937741279602050781e-01
-2.950909932454426898e-01
-2.949819829728868026e-01
-2.958933777279323940e-01
-2.882084581587049943e-01
-2.891044086880154018e-01
-2.820510069529215680e-01
-2.991957664489746094e-01
-2.909500863817002791e-01
-2.817988395690917969e-01
-3.013289504581027622e-01
-2.923191123538547154e-01
-3.003988795810275669e-01
-3.053430186377631417e-01
-2.870341142018635883e-01
-2.755300468868679409e-01
-2.965700361463758927e-01
-3.019163873460557479e-01
-2.891598277621799107e-01
-2.943291134304470424e-01
-3.024397691090901508e-01
-2.909934520721435547e-01
-2.969725396898057479e-01
-2.932906415727403182e-01
-2.827794551849365234e-01
-3.080783949957953682e-01
-3.089592986636691685e-01
-3.191871907975938338e-01
-3.168801996443006974e-01
-3.052853478325737724e-01
-3.051009178161621094e-01
-3.086345460679795760e-01
-2.971987724304199219e-01
-2.868763075934516182e-01
-2.877203358544243583e-01
-2.868188487158881417e-01
-2.827085918850368862e-01
-2.846769226921929130e-01
-2.747738361358642578e-01
-2.896590497758653182e-01
-2.827196651034885044e-01
-2.869820329878065568e-01
-2.909300857120090122e-01
-2.863003677792019253e-01
-2.905386818779839286e-01
-2.892176575130886440e-01
-2.953871621025933036e-01
-3.015571170383029576e-01
-2.924261622958713169e-01
-2.866738107469346541e-01
-2.937011718750000000e-01
-2.709590593973795758e-01
-2.860338952806260604e-01
-2.928913434346516742e-01
-2.892024252149794084e-01
-2.959463331434462052e-01
-2.895130316416422711e-01
-2.917660872141520367e-01
-2.945097287495930805e-01
-2.809320820702446708e-01
-2.914354006449381695e-01
-2.935155232747395648e-01
-2.893529997931586495e-01
-3.046715789371066685e-01
-2.970801989237467633e-01
-2.980842060512966518e-01
-2.917214499579535714e-01
-2.908713022867838727e-01
-2.870604991912841797e-01
-2.924944824642605190e-01
-2.940698199801974888e-01
-2.957687113020155412e-01
-2.859432167477077846e-01
-2.960745758480495815e-01
-2.903385957082112445e-01
-2.842111057705349331e-01
-2.868186102973090401e-01
-2.928607198927137834e-01
-2.951878176795111886e-01
-2.852973673078749162e-01
-2.918167908986409320e-01
-2.866010665893554688e-01
-2.886135048336452846e-01
-2.976761658986409320e-01
-2.861686017778184432e-01
-2.881673177083333148e-01
-2.767282856835259208e-01
-3.002454969618055802e-01
-2.939362261030409318e-01
-2.847105397118462333e-01
-2.828699482811821708e-01
-2.797613673739963169e-01
-2.817097504933674945e-01
-2.974576155344645367e-01
-2.975816991594102401e-01
-2.821100287967258091e-01
-2.825907336341010323e-01
-2.938037713368733539e-01
-2.845457130008273716e-01
-2.792573240068223495e-01
-2.884410222371419086e-01
-2.890338897705078125e-01
-2.833971977233886719e-01
-2.901150915357801896e-01
-2.814873589409722099e-01
-2.776220109727647323e-01
-2.922446462843153459e-01
-2.959160539839003068e-01
-2.990352577633327846e-01
-2.959478696187337055e-01
-2.896486918131510602e-01
-2.757831414540608539e-01
-2.979162269168429966e-01
-2.954576545291476841e-01
-2.929401132795546037e-01
-2.865258852640787945e-01
-2.852869563632541294e-01
-2.853163083394368305e-01
-2.892364660898844586e-01
-2.920254071553547992e-01
-2.740474277072482701e-01
-2.848376697964138393e-01
-2.829106383853488560e-01
-2.793602413601345424e-01
-2.967023054758707867e-01
-2.885370519426133651e-01
-2.424975766075981864e-01
-2.524600823720296039e-01
-2.973969247606065291e-01
-3.206548690795898438e-01
-3.167734411027696151e-01
-3.268193933698866349e-01
-3.222224712371826172e-01
-3.249977959526909599e-01
-3.287949562072753906e-01
-3.161367310418022880e-01
-3.058486779530842914e-01
-3.057463698916965122e-01
-2.997771898905436383e-01
-2.960179116990830916e-01
-2.868203851911756974e-01
-2.936388916439480190e-01
-2.992663648393418807e-01
-2.955793539683024274e-01
-2.896240287356906529e-01
-2.806811597612168807e-01
-2.874102062649196987e-01
-2.887403964996337891e-01
-2.941447893778483258e-01
-2.907195356157090682e-01
-2.912598715888129464e-01
-2.975787321726481305e-01
-2.957185374365912667e-01
-2.837881512112087612e-01
-2.844889428880479354e-01
-2.848591804504394531e-01
-2.901344299316406250e-01
-3.021932178073459263e-01
-2.926681306627061385e-01
-2.850867907206217633e-01
-2.717562516530354633e-01
-2.881195280287001115e-01
-2.943617502848307477e-01
-2.952206399705674666e-01
-2.934874428643120536e-01
-2.922912438710530414e-01
-2.977377308739556083e-01
-2.903095086415608539e-01
-2.874429225921630859e-01
-2.752607133653428573e-01
-2.877167860666910992e-01
-3.004931608835856305e-01
-2.910939587487114677e-01
-2.780640125274658203e-01
-2.917454507615830916e-01
-2.852186361948649274e-01
-2.929641670650905971e-01
-2.964585092332627791e-01
-2.983430491553412667e-01
-2.959338029225667133e-01
-2.958286603291829242e-01
-2.807176642947726841e-01
-2.899377081129286271e-01
-2.786653306749131698e-01
-2.732512685987684709e-01
-2.795718510945637836e-01
-2.843144999610053292e-01
-2.904936737484402065e-01
-2.917127079433864956e-01
-2.821520964304606305e-01
-2.890541023678249721e-01
-2.775148020850287667e-01
-2.880379888746473771e-01
-2.897650135887993583e-01
-2.890889379713270646e-01
-2.886620097690158482e-01
-2.905788951449924107e-01
-2.855752574072943917e-01
-2.775177955627441406e-01
-2.797782421112060547e-01
-2.994820276896159039e-01
-2.878156503041585101e-01
-2.970248328314887276e-01
-2.914666864607069474e-01
-2.747543917761908761e-01
-2.882444063822428570e-01
-2.830526563856337052e-01
-2.831357320149739398e-01
-2.803400622473822823e-01
-2.895406352149115792e-01
-2.947143448723686943e-01
-2.885596752166748047e-01
-2.924431429968940011e-01
-2.893359926011827010e-01
-2.952906820509169084e-01
-2.950554423862033482e-01
-2.938638263278537388e-01
-2.994656297895643693e-01
-2.927561865912543526e-01
-2.912933296627468471e-01
-2.830167081620957870e-01
-2.893459531995985490e-01
-2.840671009487575893e-01
-2.812136544121636161e-01
-2.879180643293592912e-01
-2.613667117224799386e-01
-2.818510267469618302e-01
-2.849806414710150948e-01
-2.851955625745985490e-01
-2.808347807990180245e-01
-2.864653269449869977e-01
-2.820770740509033203e-01
-2.811367511749267578e-01
-2.911044491661919364e-01
-2.899841997358534318e-01
-2.761557632022433872e-01
-2.917918364206950055e-01
-2.910778257581922990e-01
-2.820361455281575336e-01
-2.784809271494547711e-01
-2.874893347422282086e-01
-2.940439648098415737e-01
-2.930989265441894531e-01
-2.926312022738986607e-01
-2.750675148434109096e-01
-2.642620404561360492e-01
-2.798603375752766742e-01
-2.906748718685573940e-01
-2.806614504920111886e-01
-2.855396005842421037e-01
-2.768876022762722378e-01
-2.711861398484971541e-01
-2.910840776231553573e-01
-2.954938146803114396e-01
-2.824993663363986607e-01
-2.757165696885850448e-01
-2.846668561299641742e-01
-2.708802753024631138e-01
-2.877381642659505023e-01
-2.800700664520263672e-01
-2.780129644605848771e-01
-2.677645683288574219e-01
-2.817852762010362166e-01
-2.886759440104166852e-01
-2.976420455508761997e-01
-2.962386343214247209e-01
-2.838785648345947266e-01
-2.928685612148708706e-01
-2.967731952667236328e-01
-2.936944961547851562e-01
-2.968519528706868305e-01
-2.962663703494601841e-01
-2.885307735866970424e-01
-2.917129993438720703e-01
-2.813019222683376674e-01
-2.842026551564534320e-01
-2.726040681203206195e-01
-2.710805998908148995e-01
-2.847848203447129745e-01
-2.849455674489339008e-01
-2.933024565378825055e-01
-2.812506092919243583e-01
-2.871039443545871372e-01
-2.937791877322726841e-01
-2.938840919070773716e-01
-2.901774777306450614e-01
-2.877516746520996094e-01
-2.830376360151503068e-01
-2.788925700717502232e-01
-2.880360285441080914e-01
-2.818194495307074776e-01
-2.865153948465983258e-01
-2.740452554490830916e-01
-2.843752172258164901e-01
-2.834543652004665737e-01
-2.862903012169731864e-01
-2.906721433003743305e-01
-2.801024383968777065e-01
-2.794612513648139229e-01
-2.893497678968641740e-01
-2.862661944495307198e-01
-2.849637137518988839e-01
-2.794552909003363839e-01
-2.924284140268961774e-01
-2.901358074612087612e-01
-2.905614111158583146e-01
-2.955187691582573661e-01
-2.864264647165934430e-01
-2.764638000064426060e-01
-2.883387671576606026e-01
-2.826911078559027901e-01
-2.776943842569987164e-01
-2.829804155561659318e-01
-2.802283498975965959e-01
-2.814805772569444198e-01
-2.859202226003010883e-01
-2.840030458238389510e-01
-2.766981124877929688e-01
-2.757514317830403461e-01
-2.770487997266981584e-01
-2.804823186662461776e-01
-2.751851081848144531e-01
-2.804180251227484932e-01
-2.764385806189643136e-01
-2.683481110466851005e-01
-2.668042447831895370e-01
-2.873435020446777344e-01
-2.846678627861870536e-01
-2.846949895222981586e-01
-2.807828055487738839e-01
-2.915682527754042130e-01
-2.782525751325819474e-01
-2.746664947933620815e-01
-2.777005036671956195e-01
-2.936058044433593750e-01
-2.857192092471652622e-01
-2.877701123555501117e-01
-2.871041562822129745e-01
-2.772703170776367188e-01
-2.915201187133789062e-01
-2.806994915008544922e-01
-2.754089567396376115e-01
-2.873840067121717912e-01
-2.912525335947672711e-01
-2.827719582451714286e-01
-2.777149942186143416e-01
-2.841505209604899274e-01
-2.730238172743055802e-01
-2.763246960110134487e-01
-2.895119190216064453e-01
-2.937863667805989398e-01
-2.948244147830539341e-01
-2.958524227142333984e-01
-2.764764626820881976e-01
-2.821910646226670760e-01
-2.836872471703423271e-01
-2.833766407436794643e-01
-2.772008577982584820e-01
-2.774985101487901229e-01
-2.787292798360188617e-01
-2.870184050665961495e-01
-2.880269156561957589e-01
-2.856741481357150669e-01
-2.824512852562798271e-01
-2.788562244839138393e-01
-2.925841013590494977e-01
-2.783109876844618302e-01
-2.829186121622721539e-01
-2.836975786421034318e-01
-2.694942951202392578e-01
-2.732439835866292133e-01
-2.813667191399468193e-01
-2.900532351599799386e-01
-2.886743280622694474e-01
-2.832076284620497209e-01
-3.014495372772216797e-01
-2.880118687947590961e-01
-2.826892799801296596e-01
-2.866135438283284320e-01
-2.773633533053928013e-01
-2.778427071041530971e-01
-2.805336051517062779e-01
-2.856982549031575336e-01
-2.682121329837375279e-01
-2.778046396043565291e-01
-2.768832577599419364e-01
-2.653964890374077568e-01
-2.788972589704725724e-01
-2.837651835547553292e-01
-2.787738906012641182e-01
-2.811457580990261440e-01
-2.774881256951226005e-01
-2.695875167846679688e-01
-2.752381430731879464e-01
-2.888727717929416294e-01
-2.779844337039523716e-01
-2.785358428955078125e-01
-2.801424662272135602e-01
-2.692794269985622768e-01
-2.830309602949354630e-01
-2.843512164221869698e-01
-2.794039249420166016e-01
-2.870553864373101005e-01
-2.736200756496853237e-01
-2.892915142907036552e-01
-2.803333335452609654e-01
-2.845418718126084823e-01
-2.766760455237494698e-01
-2.811529371473524552e-01
-2.754543357425265904e-01
-2.741563055250380021e-01
-2.820863458845350724e-01
-2.868569427066379185e-01
-2.949412398868136997e-01
-2.794537544250488281e-01
-2.700660228729248047e-01
-2.583805455101860771e-01
-2.733176549275715961e-01
-2.927058007982041854e-01
-2.743259535895453682e-01
-2.957161532508002511e-01
-2.896052996317545758e-01
-2.804286479949951172e-01
-2.889105478922526227e-01
-2.773142390780978794e-01
-2.786442968580458146e-01
-2.820752991570366630e-01
-2.798227204216851005e-01
-2.722537252638075334e-01
-2.752405007680256976e-01
-2.744900650448269253e-01
-2.775795989566379185e-01
-2.682705720265706195e-01
-2.909165488349066964e-01
-2.851521439022488003e-01
-2.795741558074951172e-01
-2.787613073984782086e-01
-2.691209581163194198e-01
-2.795157962375217076e-01
-2.791593869527180805e-01
-2.742323875427246094e-01
-2.760718663533528461e-01
-2.840122911665174943e-01
-2.695951726701524276e-01
-2.715621789296467914e-01
-2.643937799665663224e-01
-2.718212869432237166e-01
-2.826113700866699219e-01
-2.828450467851426620e-01
-2.810970147450764789e-01
-2.783439159393310547e-01
-2.818147871229383927e-01
-2.822615040673149833e-01
-2.821946144104003906e-01
-2.755128542582194195e-01
-2.804549005296494979e-01
-2.828968630896674386e-01
-2.705850601196289062e-01
-2.730917930603027344e-01
-2.871484756469726562e-01
-2.841349442799885883e-01
-2.753824922773573380e-01
-2.858491473727756138e-01
-2.802216211954752789e-01
-2.848215103149414062e-01
-2.750272221035427456e-01
-2.784567674001057758e-01
-2.830864588419596539e-01
-2.803897062937418805e-01
-2.770104143354628068e-01
-2.826356357998318081e-01
-2.815035714043511161e-01
-2.735711998409695034e-01
-2.722703880733913784e-01
-2.749154567718505859e-01
-2.657170560624864120e-01
-2.796298397911919364e-01
-2.898679574330647601e-01
-2.867700258890787945e-01
-2.754604551527235490e-01
-2.846534781985812779e-01
-2.797879113091362724e-01
-2.807582484351264229e-01
-2.681491639879014510e-01
-2.872090869479709263e-01
-2.812912199232313615e-01
-2.791317039065890904e-01
-2.823418246375190011e-01
-2.772871123419867745e-01
-2.906586329142252789e-01
-2.844886249966091518e-01
-2.746915022532145367e-01
-2.718775537278916854e-01
-2.861842579311794643e-01
-2.857198980119493026e-01
-2.913425763448079242e-01
-2.864336437649196987e-01
