1.325416207313537598e+00
5.633490085601806641e-01
1.603962033987045288e-01
-2.550702169537544250e-02
-6.353312730789184570e-02
-1.535315159708261490e-02
8.999107405543327332e-03
-8.541471511125564575e-02
-9.153332561254501343e-02
-1.201380938291549683e-01
-9.328518807888031006e-02
-1.576811522245407104e-01
-1.522813439369201660e-01
-1.970954239368438721e-01
-1.921515613794326782e-01
-2.302008569240570068e-01
-2.425132542848587036e-01
-2.579874992370605469e-01
-2.322439253330230713e-01
-2.546344399452209473e-01
-2.595542371273040771e-01
-2.452415823936462402e-01
-2.574083507061004639e-01
-2.753858566284179688e-01
-2.919757366180419922e-01
-2.905976474285125732e-01
-2.904575467109680176e-01
-3.271703422069549561e-01
-3.433240056037902832e-01
-3.256323933601379395e-01
-3.628368675708770752e-01
-3.503185212612152100e-01
-3.499339520931243896e-01
-3.630673289299011230e-01
-3.740287721157073975e-01
-3.711237609386444092e-01
-3.650573194026947021e-01
-3.857530653476715088e-01
-3.662906587123870850e-01
-3.651984930038452148e-01
-3.683091998100280762e-01
-3.824047744274139404e-01
-3.901546001434326172e-01
-3.969364762306213379e-01
-3.910360038280487061e-01
-4.008098542690277100e-01
-3.953109681606292725e-01
-3.784333169460296631e-01
-3.899688720703125000e-01
-4.039564132690429688e-01
-4.006193876266479492e-01
-3.944494724273681641e-01
-3.963857889175415039e-01
-4.041360914707183838e-01
-3.975883722305297852e-01
-4.080241918563842773e-01
-3.956521749496459961e-01
-4.090292751789093018e-01
-4.093860983848571777e-01
-4.068520665168762207e-01
-4.013590216636657715e-01
-3.920534551143646240e-01
-3.897366523742675781e-01
-3.990028500556945801e-01
-4.106941521167755127e-01
-4.081935286521911621e-01
-4.017254114151000977e-01
-4.007050991058349609e-01
-3.950140178203582764e-01
-3.990205824375152588e-01
-3.996840417385101318e-01
-4.021297693252563477e-01
-3.954910337924957275e-01
-4.023682773113250732e-01
-4.054340720176696777e-01
-4.020202755928039551e-01
-3.970018923282623291e-01
-4.132842421531677246e-01
-4.001987874507904053e-01
-4.077089130878448486e-01
-4.009495973587036133e-01
-4.160768985748291016e-01
-4.114252924919128418e-01
-4.037724435329437256e-01
-3.919242024421691895e-01
-4.134207963943481445e-01
-4.140493571758270264e-01
-4.004175961017608643e-01
-4.169209599494934082e-01
-4.154007136821746826e-01
-4.060123860836029053e-01
-4.048111140727996826e-01
-4.170131981372833252e-01
-4.059320092201232910e-01
-4.105930626392364502e-01
-4.154003262519836426e-01
-4.127379059791564941e-01
-3.946687877178192139e-01
-4.104776084423065186e-01
-4.133956134319305420e-01
-4.135852158069610596e-01
-4.102342128753662109e-01
-4.123917222023010254e-01
-4.102562665939331055e-01
-4.148521125316619873e-01
-4.112278819084167480e-01
-4.186279177665710449e-01
-4.172126054763793945e-01
-4.217326045036315918e-01
-4.136005938053131104e-01
-4.121704995632171631e-01
-4.165257513523101807e-01
-4.152479171752929688e-01
-4.145405292510986328e-01
-4.203522801399230957e-01
-4.140851795673370361e-01
-4.208884239196777344e-01
-4.180906414985656738e-01
-4.260842204093933105e-01
-4.262439012527465820e-01
-4.186996817588806152e-01
-4.229741394519805908e-01
-4.185023307800292969e-01
-4.245766401290893555e-01
-4.213282763957977295e-01
-4.156710803508758545e-01
-4.196203351020812988e-01
-4.189813733100891113e-01
-4.149011969566345215e-01
-4.255598783493041992e-01
-4.254870712757110596e-01
-4.142822921276092529e-01
-4.208973944187164307e-01
-4.254880547523498535e-01
-4.240027368068695068e-01
-4.212088882923126221e-01
-4.252579212188720703e-01
-4.177446961402893066e-01
-4.184887111186981201e-01
-4.190450310707092285e-01
-4.179745614528656006e-01
-4.218409061431884766e-01
-4.243722558021545410e-01
-4.269687533378601074e-01
-4.250655472278594971e-01
-4.181352257728576660e-01
-4.205275774002075195e-01
-4.204024970531463623e-01
-4.212362468242645264e-01
-4.241528213024139404e-01
-4.181725382804870605e-01
-4.242083132266998291e-01
-4.279953539371490479e-01
-4.264775514602661133e-01
-4.155017137527465820e-01
-4.212872385978698730e-01
-4.225042760372161865e-01
-4.250317215919494629e-01
-4.258590042591094971e-01
-4.225022494792938232e-01
-4.245270490646362305e-01
-4.240918159484863281e-01
-4.235211908817291260e-01
-4.280041456222534180e-01
-4.231937229633331299e-01
-4.258542954921722412e-01
-4.337375462055206299e-01
-4.290612936019897461e-01
-4.273471534252166748e-01
-4.264079034328460693e-01
-4.291666746139526367e-01
-4.164286553859710693e-01
-4.260101914405822754e-01
-4.189898669719696045e-01
-4.252963066101074219e-01
-4.279710650444030762e-01
-4.306830763816833496e-01
-4.236693680286407471e-01
-4.205508232116699219e-01
-4.302289485931396484e-01
-4.246565699577331543e-01
-4.256745576858520508e-01
-4.268992543220520020e-01
-4.256486594676971436e-01
-4.270124435424804688e-01
-4.266963005065917969e-01
-4.298903644084930420e-01
-4.285116195678710938e-01
-4.302578866481781006e-01
-4.295851886272430420e-01
-4.263410568237304688e-01
-4.286136329174041748e-01
-4.279909729957580566e-01
-4.308809936046600342e-01
-4.323698878288269043e-01
-4.337018132209777832e-01
-4.322597384452819824e-01
-4.305891990661621094e-01
-4.299521744251251221e-01
-4.373437464237213135e-01
