1.325416207313537598e+00
1.265328645706176758e+00
1.202100872993469238e+00
1.115402817726135254e+00
1.006328701972961426e+00
9.352611899375915527e-01
9.227547049522399902e-01
7.875736355781555176e-01
7.209060192108154297e-01
6.487680673599243164e-01
6.033332943916320801e-01
4.745674431324005127e-01
4.729376733303070068e-01
3.959749341011047363e-01
4.086883068084716797e-01
2.732070982456207275e-01
2.266343086957931519e-01
2.234662473201751709e-01
1.716538369655609131e-01
1.267302632331848145e-01
1.309961676597595215e-01
1.147595345973968506e-01
7.813948392868041992e-02
2.394849993288516998e-02
-2.104152180254459381e-02
-5.266061052680015564e-02
-7.107793539762496948e-02
-9.136188775300979614e-02
-1.223947033286094666e-01
-1.159881129860877991e-01
-1.580319553613662720e-01
-1.441568881273269653e-01
-1.779496222734451294e-01
-1.604404598474502563e-01
-2.071731388568878174e-01
-1.973331868648529053e-01
-1.939496397972106934e-01
-1.995340585708618164e-01
-2.105750739574432373e-01
-2.239691019058227539e-01
-2.040103077888488770e-01
-2.206626832485198975e-01
-2.096277624368667603e-01
-2.466440498828887939e-01
-2.214476615190505981e-01
-2.291778773069381714e-01
-2.252023369073867798e-01
-2.360729724168777466e-01
-2.506788074970245361e-01
-2.344291806221008301e-01
-2.428684085607528687e-01
-2.321436107158660889e-01
-2.440451383590698242e-01
-2.358958125114440918e-01
-2.343171983957290649e-01
-2.342350780963897705e-01
-2.351355999708175659e-01
-2.498927563428878784e-01
-2.392338216304779053e-01
-2.352059036493301392e-01
-2.293936312198638916e-01
-2.378975898027420044e-01
-2.393693774938583374e-01
-2.233177572488784790e-01
-2.450484335422515869e-01
-2.534590959548950195e-01
-2.503466904163360596e-01
-2.537406682968139648e-01
-2.567678391933441162e-01
-2.629891932010650635e-01
-2.521862983703613281e-01
-2.584708333015441895e-01
-2.479675263166427612e-01
-2.561613321304321289e-01
-2.458054572343826294e-01
-2.563849389553070068e-01
-2.495029568672180176e-01
-2.648429870605468750e-01
-2.614291906356811523e-01
-2.648026049137115479e-01
-2.578584551811218262e-01
-2.550179064273834229e-01
-2.618070840835571289e-01
-2.708464562892913818e-01
-2.620798349380493164e-01
-2.636317014694213867e-01
-2.751030027866363525e-01
-2.568981945514678955e-01
-2.782928347587585449e-01
-2.621381282806396484e-01
-2.718484699726104736e-01
-2.676028311252593994e-01
-2.556532323360443115e-01
-2.780757844448089600e-01
-2.745731770992279053e-01
-2.639244198799133301e-01
-2.729581296443939209e-01
-2.614293694496154785e-01
-2.761780023574829102e-01
-2.633133530616760254e-01
-2.769080102443695068e-01
-2.777375578880310059e-01
-2.679359018802642822e-01
-2.765756249427795410e-01
-2.680720090866088867e-01
-2.795745730400085449e-01
-2.799132466316223145e-01
-2.728671729564666748e-01
-2.765273153781890869e-01
-2.671091556549072266e-01
-2.740145325660705566e-01
-2.762932777404785156e-01
-2.841085791587829590e-01
-2.822329401969909668e-01
-2.788098156452178955e-01
-2.725570499897003174e-01
-2.799434959888458252e-01
-2.616581320762634277e-01
-2.792803943157196045e-01
-2.823309898376464844e-01
-2.840524613857269287e-01
-2.870985865592956543e-01
-2.835813462734222412e-01
-2.677620351314544678e-01
-2.741407454013824463e-01
-2.897125780582427979e-01
-2.888206243515014648e-01
-2.864961326122283936e-01
-2.766270041465759277e-01
-2.834432423114776611e-01
-2.963377237319946289e-01
-2.947664856910705566e-01
-2.974841296672821045e-01
-2.967902719974517822e-01
-2.812276780605316162e-01
-2.854957878589630127e-01
-2.778417766094207764e-01
-2.842238247394561768e-01
-2.829407453536987305e-01
-2.870087921619415283e-01
-2.890191078186035156e-01
-2.973947227001190186e-01
-2.989903688430786133e-01
-2.908190190792083740e-01
-2.938897907733917236e-01
-2.792443335056304932e-01
-2.873864769935607910e-01
-3.010481595993041992e-01
-3.146410584449768066e-01
-2.917830646038055420e-01
-2.955912947654724121e-01
-2.957303225994110107e-01
-3.006982505321502686e-01
-3.063254356384277344e-01
-2.987671792507171631e-01
-2.878781855106353760e-01
-2.993174493312835693e-01
-3.052185177803039551e-01
-3.026412129402160645e-01
-3.003349304199218750e-01
-3.043898344039916992e-01
-3.037010431289672852e-01
-2.973673939704895020e-01
-3.049120008945465088e-01
-3.120312690734863281e-01
-3.050844669342041016e-01
-3.077099025249481201e-01
-3.114634454250335693e-01
-3.043532073497772217e-01
-3.104858994483947754e-01
-3.093691766262054443e-01
-3.109524250030517578e-01
-2.982702553272247314e-01
-3.019455075263977051e-01
-3.011509478092193604e-01
-3.094772994518280029e-01
-3.122242093086242676e-01
-3.055020868778228760e-01
-3.135580420494079590e-01
-3.005303144454956055e-01
-3.020569384098052979e-01
-3.106289207935333252e-01
-3.156996369361877441e-01
-3.063092529773712158e-01
-3.157908916473388672e-01
-3.261317610740661621e-01
-3.156586885452270508e-01
-3.038095831871032715e-01
-3.171513080596923828e-01
-3.146244287490844727e-01
-3.119903206825256348e-01
-3.122422099113464355e-01
-3.116826713085174561e-01
-3.045604228973388672e-01
-3.158519268035888672e-01
-3.176417350769042969e-01
-3.038222193717956543e-01
-3.094488382339477539e-01
-3.178279697895050049e-01
-3.130814731121063232e-01
-3.112301528453826904e-01
-3.129419684410095215e-01
-3.133111596107482910e-01
-3.303120732307434082e-01
-3.126196861267089844e-01
-3.195197880268096924e-01
-3.131002485752105713e-01
-3.143553435802459717e-01
-3.235435485839843750e-01
-3.228989243507385254e-01
-3.153172135353088379e-01
-3.193711936473846436e-01
-3.123179078102111816e-01
-3.222100436687469482e-01
-3.169329166412353516e-01
-3.150979578495025635e-01
-3.149347007274627686e-01
-3.166739344596862793e-01
-3.216508626937866211e-01
-3.271581232547760010e-01
-3.238082528114318848e-01
-3.278322219848632812e-01
-3.126157224178314209e-01
-3.258756101131439209e-01
-3.241264522075653076e-01
-3.198639452457427979e-01
-3.308358490467071533e-01
-3.231681585311889648e-01
-3.234224319458007812e-01
-3.172565996646881104e-01
-3.193405270576477051e-01
-3.250034153461456299e-01
-3.207986950874328613e-01
-3.201493620872497559e-01
-3.106118142604827881e-01
-3.250596225261688232e-01
-3.270467817783355713e-01
-3.220453560352325439e-01
-3.214558064937591553e-01
-3.204830288887023926e-01
-3.190562129020690918e-01
-3.211817741394042969e-01
-3.215591311454772949e-01
-3.337097764015197754e-01
-3.236798942089080811e-01
-3.260510265827178955e-01
-3.301486074924468994e-01
-3.293236196041107178e-01
-3.263764381408691406e-01
-3.269855380058288574e-01
-3.275836110115051270e-01
-3.223549723625183105e-01
-3.244270086288452148e-01
-3.197025060653686523e-01
-3.255222737789154053e-01
-3.236004710197448730e-01
-3.211458921432495117e-01
-3.215054869651794434e-01
-3.279694616794586182e-01
-3.220828771591186523e-01
-3.267949521541595459e-01
-3.321564197540283203e-01
-3.296282887458801270e-01
-3.364271819591522217e-01
-3.251530230045318604e-01
-3.269878625869750977e-01
-3.305974602699279785e-01
-3.269644975662231445e-01
-3.333160877227783203e-01
-3.218604922294616699e-01
-3.278086483478546143e-01
-3.280784785747528076e-01
-3.372991979122161865e-01
-3.321623802185058594e-01
-3.270288705825805664e-01
-3.260423839092254639e-01
-3.293138146400451660e-01
-3.305040895938873291e-01
-3.279381096363067627e-01
-3.317323625087738037e-01
-3.276350796222686768e-01
-3.322252333164215088e-01
-3.329459130764007568e-01
-3.296955823898315430e-01
-3.363949656486511230e-01
-3.282642066478729248e-01
-3.269879519939422607e-01
-3.315380811691284180e-01
-3.353547453880310059e-01
-3.319577276706695557e-01
-3.365584015846252441e-01
-3.262013792991638184e-01
-3.382530510425567627e-01
-3.310917615890502930e-01
-3.317213654518127441e-01
-3.327309191226959229e-01
-3.311942219734191895e-01
-3.437819778919219971e-01
-3.262676894664764404e-01
-3.288915157318115234e-01
-3.495799303054809570e-01
-3.312700092792510986e-01
-3.374307155609130859e-01
-3.373052179813385010e-01
-3.383107185363769531e-01
-3.297953903675079346e-01
-3.333441019058227539e-01
-3.343356847763061523e-01
-3.430434465408325195e-01
-3.303435742855072021e-01
-3.419592082500457764e-01
-3.318544626235961914e-01
-3.383222818374633789e-01
-3.326589167118072510e-01
-3.393605947494506836e-01
-3.453798890113830566e-01
-3.403076827526092529e-01
-3.381676077842712402e-01
-3.333455920219421387e-01
-3.269769847393035889e-01
-3.396767079830169678e-01
-3.397570848464965820e-01
-3.401016891002655029e-01
-3.431500792503356934e-01
-3.406305015087127686e-01
-3.381301760673522949e-01
-3.419784009456634521e-01
-3.404787480831146240e-01
-3.420737981796264648e-01
-3.419866263866424561e-01
-3.403584063053131104e-01
-3.391360938549041748e-01
-3.351317644119262695e-01
-3.363239765167236328e-01
-3.339947462081909180e-01
-3.393271267414093018e-01
-3.449811637401580811e-01
-3.359198868274688721e-01
-3.355930447578430176e-01
-3.376314043998718262e-01
-3.382806181907653809e-01
-3.460407853126525879e-01
-3.377858102321624756e-01
-3.420735001564025879e-01
-3.421910405158996582e-01
-3.408384919166564941e-01
-3.449755907058715820e-01
-3.463637530803680420e-01
-3.383444845676422119e-01
-3.426348567008972168e-01
-3.434210121631622314e-01
-3.411897718906402588e-01
-3.464540541172027588e-01
-3.469720482826232910e-01
-3.516468405723571777e-01
-3.454853594303131104e-01
-3.467711806297302246e-01
-3.453679978847503662e-01
-3.456707894802093506e-01
-3.394553363323211670e-01
-3.488363623619079590e-01
-3.392586112022399902e-01
-3.441157341003417969e-01
-3.455991148948669434e-01
-3.408000469207763672e-01
-3.538300096988677979e-01
-3.345436751842498779e-01
-3.461195826530456543e-01
-3.456700444221496582e-01
-3.489979505538940430e-01
-3.461686968803405762e-01
-3.454884588718414307e-01
-3.455075025558471680e-01
-3.432489633560180664e-01
-3.462310731410980225e-01
-3.496299386024475098e-01
-3.462667763233184814e-01
-3.539009988307952881e-01
-3.502652645111083984e-01
-3.477030396461486816e-01
-3.461162745952606201e-01
-3.538900017738342285e-01
-3.590758740901947021e-01
-3.548751175403594971e-01
-3.496931195259094238e-01
-3.509920835494995117e-01
-3.444602191448211670e-01
-3.510992527008056641e-01
-3.533917665481567383e-01
-3.542530536651611328e-01
-3.548791408538818359e-01
-3.571487665176391602e-01
-3.461441993713378906e-01
-3.529938459396362305e-01
-3.530868589878082275e-01
-3.496347963809967041e-01
-3.614977300167083740e-01
-3.552606701850891113e-01
-3.576053977012634277e-01
-3.547340035438537598e-01
-3.577717840671539307e-01
-3.526169657707214355e-01
-3.585837483406066895e-01
-3.556023538112640381e-01
-3.607274293899536133e-01
-3.531428277492523193e-01
-3.589995801448822021e-01
-3.619362711906433105e-01
-3.616169393062591553e-01
-3.529525697231292725e-01
-3.545114099979400635e-01
-3.646417260169982910e-01
-3.657892942428588867e-01
-3.678072392940521240e-01
-3.618358373641967773e-01
-3.624503016471862793e-01
-3.569711446762084961e-01
-3.606299161911010742e-01
-3.724140226840972900e-01
-3.628471493721008301e-01
-3.578035831451416016e-01
-3.679018318653106689e-01
-3.648844361305236816e-01
-3.708281815052032471e-01
-3.715396523475646973e-01
-3.647444546222686768e-01
-3.666143119335174561e-01
-3.676846325397491455e-01
-3.592730760574340820e-01
-3.699130117893218994e-01
-3.653391599655151367e-01
-3.707321286201477051e-01
-3.682288229465484619e-01
-3.634805977344512939e-01
-3.754405081272125244e-01
-3.734402954578399658e-01
-3.806336522102355957e-01
-3.757993280887603760e-01
-3.749224245548248291e-01
-3.724655210971832275e-01
-3.744921684265136719e-01
-3.751312196254730225e-01
-3.729664981365203857e-01
-3.767087161540985107e-01
-3.691767454147338867e-01
-3.716151714324951172e-01
-3.750405311584472656e-01
-3.783363699913024902e-01
-3.827970027923583984e-01
-3.833088278770446777e-01
-3.834929466247558594e-01
-3.775177299976348877e-01
-3.819943368434906006e-01
-3.751178979873657227e-01
-3.793230652809143066e-01
-3.778855800628662109e-01
-3.795701861381530762e-01
-3.813933730125427246e-01
-3.805712163448333740e-01
-3.809376358985900879e-01
-3.779722452163696289e-01
-3.815190494060516357e-01
-3.807207345962524414e-01
-3.833080232143402100e-01
-3.842370510101318359e-01
-3.845408856868743896e-01
-3.854117989540100098e-01
-3.794505596160888672e-01
-3.836117982864379883e-01
-3.815851509571075439e-01
-3.833763003349304199e-01
-3.806042373180389404e-01
-3.821600973606109619e-01
-3.894410431385040283e-01
-3.901038765907287598e-01
-3.865724503993988037e-01
-3.846717476844787598e-01
-3.854587376117706299e-01
-3.872671723365783691e-01
-3.890516459941864014e-01
-3.854110836982727051e-01
-3.817262351512908936e-01
-3.816147744655609131e-01
-3.815723955631256104e-01
-3.858726918697357178e-01
-3.839100301265716553e-01
-3.849016726016998291e-01
-3.859719932079315186e-01
-3.937863707542419434e-01
-3.926478326320648193e-01
-3.963432312011718750e-01
-3.903392255306243896e-01
-3.910174965858459473e-01
-3.898860514163970947e-01
-3.937819004058837891e-01
-3.918999731540679932e-01
-3.905803263187408447e-01
-3.901692032814025879e-01
-3.907226324081420898e-01
-3.912726640701293945e-01
-3.919163942337036133e-01
-3.916624188423156738e-01
-3.956505060195922852e-01
-3.874907493591308594e-01
-3.891450166702270508e-01
-3.965999186038970947e-01
-3.922465741634368896e-01
-3.905040323734283447e-01
-3.859464824199676514e-01
-3.914949595928192139e-01
-3.931211233139038086e-01
-3.947404921054840088e-01
-3.894455134868621826e-01
-3.968484103679656982e-01
-3.952715098857879639e-01
-3.962177634239196777e-01
-3.957324922084808350e-01
-3.986872434616088867e-01
-3.962457180023193359e-01
-3.961875736713409424e-01
-3.975135385990142822e-01
-3.980856239795684814e-01
-4.005511999130249023e-01
-3.947652578353881836e-01
-3.985590934753417969e-01
-3.991653025150299072e-01
-3.972848653793334961e-01
-3.963555097579956055e-01
-4.003809988498687744e-01
-3.976424336433410645e-01
-3.963058292865753174e-01
-3.955308198928833008e-01
-3.937112390995025635e-01
-3.989080488681793213e-01
-3.967092633247375488e-01
-4.025142192840576172e-01
-4.045719206333160400e-01
-4.021019935607910156e-01
-4.031405150890350342e-01
-3.983358144760131836e-01
-3.970483541488647461e-01
-4.044761061668395996e-01
-4.041301012039184570e-01
-4.011558294296264648e-01
-4.041083455085754395e-01
-4.085224270820617676e-01
-3.990563154220581055e-01
-3.992821574211120605e-01
-4.014047682285308838e-01
-4.067127108573913574e-01
-4.034018516540527344e-01
-4.029953181743621826e-01
-4.023209214210510254e-01
-4.009967744350433350e-01
-4.090163111686706543e-01
-4.074073433876037598e-01
-4.049694240093231201e-01
-4.080769121646881104e-01
-4.041280746459960938e-01
-4.109145998954772949e-01
-4.063426852226257324e-01
-4.041836857795715332e-01
-4.096893966197967529e-01
-4.072686135768890381e-01
-4.076293706893920898e-01
-4.070679247379302979e-01
-4.149638116359710693e-01
-4.072057306766510010e-01
-4.060820341110229492e-01
-4.065235853195190430e-01
-4.091866612434387207e-01
-4.113160073757171631e-01
-4.088148176670074463e-01
-4.075937569141387939e-01
-4.101237356662750244e-01
-4.118197560310363770e-01
-4.133807420730590820e-01
-4.098641872406005859e-01
-4.080307483673095703e-01
-4.090770781040191650e-01
-4.113547801971435547e-01
-4.112387597560882568e-01
-4.102897346019744873e-01
-4.130153954029083252e-01
-4.130186736583709717e-01
-4.135935306549072266e-01
-4.108435809612274170e-01
-4.101312458515167236e-01
-4.155134856700897217e-01
-4.107323586940765381e-01
-4.134682118892669678e-01
-4.147152304649353027e-01
-4.130185544490814209e-01
-4.056848883628845215e-01
-4.155498445034027100e-01
-4.181224107742309570e-01
-4.114519655704498291e-01
-4.170439839363098145e-01
-4.153396189212799072e-01
-4.179121851921081543e-01
-4.153425097465515137e-01
-4.138739109039306641e-01
-4.145529270172119141e-01
-4.170709848403930664e-01
-4.176434278488159180e-01
-4.149080216884613037e-01
-4.210515916347503662e-01
-4.144202470779418945e-01
-4.178368449211120605e-01
-4.123952090740203857e-01
-4.175612330436706543e-01
-4.137035608291625977e-01
-4.144434332847595215e-01
-4.127356708049774170e-01
-4.183351993560791016e-01
-4.155295193195343018e-01
-4.157142043113708496e-01
-4.164580106735229492e-01
-4.168246388435363770e-01
-4.182088673114776611e-01
-4.197199046611785889e-01
-4.175382852554321289e-01
-4.164977967739105225e-01
-4.142323732376098633e-01
-4.177472591400146484e-01
-4.200853407382965088e-01
-4.166874289512634277e-01
-4.191869497299194336e-01
-4.187051653861999512e-01
-4.178795814514160156e-01
-4.202064871788024902e-01
-4.148685932159423828e-01
-4.186237752437591553e-01
-4.155679047107696533e-01
-4.140596687793731689e-01
-4.163501262664794922e-01
-4.139250814914703369e-01
-4.154946208000183105e-01
-4.125461280345916748e-01
-4.181201159954071045e-01
-4.169910848140716553e-01
-4.156245589256286621e-01
-4.199240803718566895e-01
-4.169983863830566406e-01
-4.171910583972930908e-01
-4.172908961772918701e-01
-4.167849123477935791e-01
-4.158931374549865723e-01
-4.164842665195465088e-01
-4.178844690322875977e-01
-4.210730493068695068e-01
-4.148353040218353271e-01
-4.178993999958038330e-01
-4.218291342258453369e-01
-4.228634834289550781e-01
-4.183491468429565430e-01
-4.214037954807281494e-01
-4.180227518081665039e-01
-4.146368503570556641e-01
-4.224177896976470947e-01
-4.192745089530944824e-01
-4.215013384819030762e-01
-4.185286760330200195e-01
-4.155422151088714600e-01
-4.219869375228881836e-01
-4.190090298652648926e-01
-4.172450304031372070e-01
-4.140981137752532959e-01
-4.165616929531097412e-01
-4.188558161258697510e-01
-4.208409786224365234e-01
-4.186962842941284180e-01
-4.179477989673614502e-01
-4.206149876117706299e-01
-4.214775860309600830e-01
-4.236090779304504395e-01
-4.201395213603973389e-01
-4.177769124507904053e-01
-4.193929433822631836e-01
-4.168789088726043701e-01
-4.198458492755889893e-01
-4.184231758117675781e-01
-4.172258377075195312e-01
-4.212069213390350342e-01
-4.180431067943572998e-01
-4.179574251174926758e-01
-4.206441044807434082e-01
-4.184572994709014893e-01
-4.164281189441680908e-01
-4.166355431079864502e-01
-4.185692071914672852e-01
-4.203880131244659424e-01
-4.198260605335235596e-01
-4.205953180789947510e-01
-4.209389388561248779e-01
-4.172438681125640869e-01
-4.204953014850616455e-01
-4.195244014263153076e-01
-4.216035902500152588e-01
-4.206301271915435791e-01
-4.235667586326599121e-01
-4.153856337070465088e-01
-4.226135015487670898e-01
-4.202709496021270752e-01
-4.215914309024810791e-01
-4.254462122917175293e-01
-4.260953962802886963e-01
-4.182797968387603760e-01
-4.194422662258148193e-01
-4.175321757793426514e-01
-4.200042784214019775e-01
-4.208469092845916748e-01
-4.205236434936523438e-01
-4.192494451999664307e-01
-4.235853552818298340e-01
-4.201972484588623047e-01
-4.200177490711212158e-01
-4.250076711177825928e-01
-4.199348986148834229e-01
-4.210512042045593262e-01
-4.188497960567474365e-01
-4.223102927207946777e-01
-4.177545607089996338e-01
-4.180027544498443604e-01
-4.244781136512756348e-01
-4.242081940174102783e-01
-4.222497642040252686e-01
-4.197712540626525879e-01
-4.203063845634460449e-01
-4.239655137062072754e-01
-4.206041395664215088e-01
-4.227480590343475342e-01
-4.190321266651153564e-01
-4.186931848526000977e-01
-4.207306802272796631e-01
-4.191533029079437256e-01
-4.192804098129272461e-01
-4.211243391036987305e-01
-4.171727001667022705e-01
-4.220891296863555908e-01
-4.205972254276275635e-01
-4.219481945037841797e-01
-4.216730594635009766e-01
-4.212232232093811035e-01
-4.248552918434143066e-01
-4.174379110336303711e-01
-4.193113446235656738e-01
-4.207470715045928955e-01
-4.230974614620208740e-01
-4.220533967018127441e-01
-4.199356734752655029e-01
-4.240800440311431885e-01
-4.215244054794311523e-01
-4.211793541908264160e-01
-4.231289625167846680e-01
-4.231461882591247559e-01
-4.225125908851623535e-01
-4.195246696472167969e-01
-4.179876744747161865e-01
-4.213827550411224365e-01
-4.224879443645477295e-01
-4.197274744510650635e-01
-4.200489521026611328e-01
-4.216552674770355225e-01
-4.200116693973541260e-01
-4.236813485622406006e-01
-4.178660809993743896e-01
-4.195698797702789307e-01
-4.180780053138732910e-01
-4.211367368698120117e-01
-4.218559563159942627e-01
-4.228277206420898438e-01
-4.231978654861450195e-01
-4.228292107582092285e-01
-4.247745573520660400e-01
-4.205806851387023926e-01
-4.212852418422698975e-01
-4.205396473407745361e-01
-4.240656197071075439e-01
-4.227962791919708252e-01
-4.201234877109527588e-01
-4.228184521198272705e-01
-4.225691556930541992e-01
-4.235154986381530762e-01
-4.253631532192230225e-01
-4.218533635139465332e-01
-4.216557443141937256e-01
-4.216386079788208008e-01
-4.218962490558624268e-01
-4.253892302513122559e-01
-4.222802519798278809e-01
-4.248665869235992432e-01
-4.250139594078063965e-01
-4.215560257434844971e-01
-4.237021505832672119e-01
-4.223107993602752686e-01
-4.218081533908843994e-01
-4.229370951652526855e-01
-4.236552417278289795e-01
-4.245299696922302246e-01
-4.194942414760589600e-01
-4.218778908252716064e-01
-4.270211756229400635e-01
-4.214113056659698486e-01
-4.227774143218994141e-01
-4.244062602519989014e-01
-4.194862246513366699e-01
-4.246799051761627197e-01
-4.220416545867919922e-01
-4.248093962669372559e-01
-4.254786670207977295e-01
-4.216620624065399170e-01
-4.233499169349670410e-01
-4.223701953887939453e-01
-4.244324564933776855e-01
-4.221703708171844482e-01
-4.201673567295074463e-01
-4.236283600330352783e-01
-4.243810176849365234e-01
-4.199476540088653564e-01
-4.208705425262451172e-01
-4.191951155662536621e-01
-4.247502088546752930e-01
-4.226882457733154297e-01
-4.249759614467620850e-01
-4.220499992370605469e-01
-4.239779710769653320e-01
-4.221121072769165039e-01
-4.196092486381530762e-01
-4.236741960048675537e-01
-4.236298501491546631e-01
-4.232148528099060059e-01
-4.247381389141082764e-01
-4.220672547817230225e-01
-4.203950762748718262e-01
-4.260709881782531738e-01
-4.254602789878845215e-01
-4.246181249618530273e-01
-4.244713187217712402e-01
-4.241922795772552490e-01
-4.214741289615631104e-01
-4.242864847183227539e-01
-4.233770966529846191e-01
-4.273936450481414795e-01
-4.255059957504272461e-01
-4.224286675453186035e-01
-4.236066341400146484e-01
-4.238747656345367432e-01
-4.226056635379791260e-01
-4.252092242240905762e-01
-4.228484332561492920e-01
-4.236098527908325195e-01
-4.238089621067047119e-01
-4.247217476367950439e-01
-4.252255260944366455e-01
-4.224985837936401367e-01
-4.245508909225463867e-01
-4.254202246665954590e-01
-4.252734780311584473e-01
-4.231173098087310791e-01
-4.224150478839874268e-01
-4.258967339992523193e-01
-4.238917529582977295e-01
-4.211674332618713379e-01
-4.274828135967254639e-01
-4.240702390670776367e-01
-4.261042177677154541e-01
-4.243816435337066650e-01
-4.266123175621032715e-01
-4.236215353012084961e-01
-4.236338734626770020e-01
-4.264639914035797119e-01
-4.246698021888732910e-01
-4.215599894523620605e-01
-4.216703474521636963e-01
-4.255934655666351318e-01
-4.245323538780212402e-01
-4.245361387729644775e-01
-4.243303537368774414e-01
-4.251810312271118164e-01
-4.226504862308502197e-01
-4.222973883152008057e-01
-4.278832674026489258e-01
-4.215446710586547852e-01
-4.274379611015319824e-01
-4.261308610439300537e-01
-4.223917126655578613e-01
-4.210467040538787842e-01
-4.238180816173553467e-01
-4.240334033966064453e-01
-4.240234792232513428e-01
-4.276394844055175781e-01
-4.254112243652343750e-01
-4.214473366737365723e-01
-4.241645336151123047e-01
-4.270147383213043213e-01
-4.226190447807312012e-01
-4.230595231056213379e-01
-4.213682115077972412e-01
-4.254279434680938721e-01
-4.232648015022277832e-01
-4.230007231235504150e-01
-4.231573343276977539e-01
-4.258008301258087158e-01
-4.250112175941467285e-01
-4.267415702342987061e-01
-4.274469912052154541e-01
-4.238056242465972900e-01
-4.234553575515747070e-01
-4.229339659214019775e-01
-4.279246032238006592e-01
-4.224238395690917969e-01
-4.258931577205657959e-01
-4.289121031761169434e-01
-4.243889153003692627e-01
-4.217807352542877197e-01
-4.224773645401000977e-01
-4.283194541931152344e-01
-4.228283464908599854e-01
-4.276290237903594971e-01
-4.247459769248962402e-01
-4.236730933189392090e-01
-4.269913733005523682e-01
-4.246539771556854248e-01
-4.246586561203002930e-01
-4.266887009143829346e-01
-4.229969084262847900e-01
-4.250297248363494873e-01
-4.273297786712646484e-01
-4.248576462268829346e-01
-4.231674075126647949e-01
-4.248389303684234619e-01
-4.286788403987884521e-01
-4.252152442932128906e-01
-4.238373339176177979e-01
-4.224027991294860840e-01
-4.240278899669647217e-01
-4.236251711845397949e-01
-4.242864251136779785e-01
-4.251592755317687988e-01
-4.270303249359130859e-01
-4.261445999145507812e-01
-4.258410036563873291e-01
-4.245611131191253662e-01
-4.255461990833282471e-01
-4.264883399009704590e-01
-4.253421723842620850e-01
-4.265896677970886230e-01
-4.229382276535034180e-01
-4.279745519161224365e-01
-4.257211387157440186e-01
-4.257626831531524658e-01
-4.233942329883575439e-01
-4.265519976615905762e-01
-4.236659705638885498e-01
-4.261174798011779785e-01
-4.250077605247497559e-01
-4.248805642127990723e-01
-4.240870475769042969e-01
-4.237298071384429932e-01
-4.270398020744323730e-01
-4.257782995700836182e-01
-4.258917272090911865e-01
-4.247583746910095215e-01
-4.242468178272247314e-01
-4.238684177398681641e-01
-4.229703843593597412e-01
-4.258776903152465820e-01
-4.251831471920013428e-01
-4.243938028812408447e-01
-4.245704710483551025e-01
-4.207130074501037598e-01
-4.253937304019927979e-01
-4.261785745620727539e-01
-4.255824983119964600e-01
-4.249584376811981201e-01
-4.225277006626129150e-01
-4.297202229499816895e-01
-4.254976809024810791e-01
-4.237492680549621582e-01
-4.249390959739685059e-01
-4.237748980522155762e-01
-4.242848455905914307e-01
-4.263531565666198730e-01
-4.255481660366058350e-01
-4.258999824523925781e-01
-4.260443747043609619e-01
-4.279282093048095703e-01
-4.255147874355316162e-01
-4.261917769908905029e-01
-4.261947572231292725e-01
-4.245827496051788330e-01
-4.233991801738739014e-01
-4.268646240234375000e-01
-4.225758910179138184e-01
-4.230899512767791748e-01
-4.266636669635772705e-01
-4.226367175579071045e-01
-4.250650107860565186e-01
-4.240613281726837158e-01
