2.435669422149658203e+00
1.276903033256530762e+00
2.923322916030883789e-01
-1.652867347002029419e-01
-1.806041896343231201e-01
-9.529451280832290649e-02
-7.359453290700912476e-02
-1.080712899565696716e-01
-1.337839961051940918e-01
-1.284901797771453857e-01
-1.206166222691535950e-01
-1.343512237071990967e-01
-1.403643190860748291e-01
-1.459098160266876221e-01
-1.429284363985061646e-01
-1.470443159341812134e-01
-1.584242433309555054e-01
-1.698429435491561890e-01
-1.763346344232559204e-01
-1.699066758155822754e-01
-1.762040704488754272e-01
-1.829317957162857056e-01
-1.825888603925704956e-01
-1.911386698484420776e-01
-1.935424357652664185e-01
-1.949101686477661133e-01
-1.976947933435440063e-01
-1.989864259958267212e-01
-2.034793198108673096e-01
-2.111888527870178223e-01
-2.083036303520202637e-01
-2.121780663728713989e-01
-2.128817588090896606e-01
-2.133828997611999512e-01
-2.157047390937805176e-01
-2.162569165229797363e-01
-2.204985022544860840e-01
-2.170058935880661011e-01
-2.197505086660385132e-01
-2.224721312522888184e-01
-2.176862210035324097e-01
-2.216123491525650024e-01
-2.280146330595016479e-01
-2.213541567325592041e-01
-2.258453369140625000e-01
-2.253615558147430420e-01
-2.280373275279998779e-01
-2.262600958347320557e-01
-2.239689379930496216e-01
-2.307598888874053955e-01
-2.224453389644622803e-01
-2.317322939634323120e-01
-2.254437208175659180e-01
-2.334656715393066406e-01
-2.297821640968322754e-01
-2.327354401350021362e-01
-2.231080681085586548e-01
-2.341607511043548584e-01
-2.354025095701217651e-01
-2.333407551050186157e-01
-2.350738942623138428e-01
-2.289428561925888062e-01
-2.294695675373077393e-01
-2.391363978385925293e-01
-2.357235997915267944e-01
-2.347034662961959839e-01
-2.355449646711349487e-01
-2.356925904750823975e-01
-2.362746000289916992e-01
-2.391762733459472656e-01
-2.387200295925140381e-01
-2.383319139480590820e-01
-2.456982135772705078e-01
-2.464840710163116455e-01
-2.390773147344589233e-01
-2.410115152597427368e-01
-2.344958335161209106e-01
-2.353797256946563721e-01
-2.367627620697021484e-01
-2.349765449762344360e-01
-2.401431500911712646e-01
-2.352055609226226807e-01
-2.368658781051635742e-01
-2.374371290206909180e-01
-2.443827539682388306e-01
-2.471124380826950073e-01
-2.454323172569274902e-01
-2.433350533246994019e-01
-2.391888201236724854e-01
-2.498362064361572266e-01
-2.460192590951919556e-01
-2.483767271041870117e-01
-2.453553974628448486e-01
-2.447405606508255005e-01
-2.506462037563323975e-01
-2.481459677219390869e-01
-2.555518150329589844e-01
-2.555907666683197021e-01
-2.559122443199157715e-01
-2.530190646648406982e-01
-2.504347860813140869e-01
-2.583655416965484619e-01
-2.552365362644195557e-01
-2.510492801666259766e-01
-2.464000284671783447e-01
-2.525829076766967773e-01
-2.465998530387878418e-01
-2.489745914936065674e-01
-2.513294219970703125e-01
-2.539702057838439941e-01
-2.478011846542358398e-01
-2.551165223121643066e-01
-2.564360499382019043e-01
-2.538315653800964355e-01
-2.473972439765930176e-01
-2.602326571941375732e-01
-2.553295493125915527e-01
-2.558430135250091553e-01
-2.486623525619506836e-01
-2.521448731422424316e-01
-2.538676261901855469e-01
-2.581650018692016602e-01
-2.597171664237976074e-01
-2.646830379962921143e-01
-2.620605826377868652e-01
-2.551763355731964111e-01
-2.552722394466400146e-01
-2.478721141815185547e-01
-2.498541325330734253e-01
-2.490676045417785645e-01
-2.538798749446868896e-01
-2.546848952770233154e-01
-2.593919634819030762e-01
-2.559502422809600830e-01
-2.647642791271209717e-01
-2.553076744079589844e-01
-2.606454491615295410e-01
-2.569479048252105713e-01
-2.624744474887847900e-01
-2.571055293083190918e-01
-2.580799162387847900e-01
-2.601684927940368652e-01
-2.665384709835052490e-01
-2.603059113025665283e-01
-2.648765742778778076e-01
-2.639286518096923828e-01
-2.640507817268371582e-01
-2.599202394485473633e-01
-2.676955759525299072e-01
-2.649694681167602539e-01
-2.583617866039276123e-01
-2.648093402385711670e-01
-2.686767578125000000e-01
-2.697025239467620850e-01
-2.608259320259094238e-01
-2.659090459346771240e-01
-2.708111107349395752e-01
-2.736495733261108398e-01
-2.754850387573242188e-01
-2.703285217285156250e-01
-2.618858814239501953e-01
-2.655601203441619873e-01
-2.797901630401611328e-01
-2.709999978542327881e-01
-2.727919220924377441e-01
-2.744853794574737549e-01
-2.703210413455963135e-01
-2.682074010372161865e-01
-2.675433158874511719e-01
-2.669946253299713135e-01
-2.674161791801452637e-01
-2.663735449314117432e-01
-2.664338946342468262e-01
-2.721815407276153564e-01
-2.665608823299407959e-01
-2.705107331275939941e-01
-2.681478261947631836e-01
-2.709696590900421143e-01
-2.673708498477935791e-01
-2.790032923221588135e-01
-2.820014059543609619e-01
-2.638311386108398438e-01
-2.671543657779693604e-01
-2.655359208583831787e-01
-2.679622173309326172e-01
-2.765913903713226318e-01
-2.729390859603881836e-01
-2.756454348564147949e-01
-2.749160230159759521e-01
-2.764178514480590820e-01
-2.763954997062683105e-01
-2.742092907428741455e-01
-2.746583819389343262e-01
-2.728108465671539307e-01
-2.796210348606109619e-01
-2.702510058879852295e-01
-2.706559300422668457e-01
-2.741048038005828857e-01
-2.699014842510223389e-01
-2.711405754089355469e-01
-2.762161791324615479e-01
-2.709498405456542969e-01
-2.793043255805969238e-01
-2.797955572605133057e-01
-2.774296998977661133e-01
-2.730509638786315918e-01
-2.717154622077941895e-01
-2.719751000404357910e-01
-2.722634971141815186e-01
-2.742995619773864746e-01
-2.799743711948394775e-01
-2.732041478157043457e-01
-2.720156311988830566e-01
-2.674582898616790771e-01
-2.698003649711608887e-01
-2.703585922718048096e-01
-2.771090567111968994e-01
-2.791819870471954346e-01
-2.727590203285217285e-01
-2.747434973716735840e-01
-2.712866663932800293e-01
-2.744347453117370605e-01
-2.803741097450256348e-01
-2.802262902259826660e-01
-2.735991775989532471e-01
-2.743751406669616699e-01
-2.806445360183715820e-01
-2.833612561225891113e-01
-2.788126766681671143e-01
-2.747860848903656006e-01
-2.719698846340179443e-01
-2.741849422454833984e-01
-2.739636898040771484e-01
-2.818919718265533447e-01
-2.740734219551086426e-01
-2.791527509689331055e-01
-2.793553769588470459e-01
-2.792814671993255615e-01
-2.823753654956817627e-01
-2.744354009628295898e-01
-2.740276753902435303e-01
-2.822168469429016113e-01
-2.847621440887451172e-01
-2.798463404178619385e-01
-2.776279747486114502e-01
-2.747907042503356934e-01
-2.733527421951293945e-01
-2.794366478919982910e-01
-2.822211682796478271e-01
-2.796451449394226074e-01
-2.790349125862121582e-01
-2.870226204395294189e-01
-2.859818637371063232e-01
-2.810631990432739258e-01
-2.827673852443695068e-01
-2.864407896995544434e-01
-2.784902751445770264e-01
-2.731631398200988770e-01
-2.890216410160064697e-01
-2.885458171367645264e-01
-2.802377343177795410e-01
-2.920990586280822754e-01
-2.843028008937835693e-01
-2.936839163303375244e-01
-2.877779901027679443e-01
-2.876559793949127197e-01
-2.870559990406036377e-01
-2.859992086887359619e-01
-2.850373387336730957e-01
-2.953251004219055176e-01
-2.906017601490020752e-01
-2.904978692531585693e-01
-2.892757058143615723e-01
-2.968915402889251709e-01
-2.913182079792022705e-01
-2.880374491214752197e-01
-2.915308773517608643e-01
-2.951443791389465332e-01
-2.896941602230072021e-01
-2.874411046504974365e-01
-2.901602685451507568e-01
-2.943052947521209717e-01
-2.859024703502655029e-01
-2.858334481716156006e-01
-2.897404432296752930e-01
-2.878136634826660156e-01
-2.790348529815673828e-01
-2.867614626884460449e-01
-3.004814982414245605e-01
-2.978090643882751465e-01
-2.860274314880371094e-01
-2.928233146667480469e-01
-2.917698919773101807e-01
-2.928095757961273193e-01
-2.873803973197937012e-01
-2.998369634151458740e-01
-3.016726672649383545e-01
-2.928026616573333740e-01
-2.850376367568969727e-01
-2.862876653671264648e-01
-2.932764887809753418e-01
-2.929362952709197998e-01
-2.943372726440429688e-01
-2.937925755977630615e-01
-2.916228175163269043e-01
-2.864367663860321045e-01
-2.901206016540527344e-01
-2.952527403831481934e-01
-2.953076362609863281e-01
-2.918764352798461914e-01
-2.933567464351654053e-01
-2.949281334877014160e-01
-2.819512486457824707e-01
-2.822377085685729980e-01
-2.922051250934600830e-01
-3.019470274448394775e-01
-2.997777760028839111e-01
-2.932163774967193604e-01
-2.930092811584472656e-01
-2.896095812320709229e-01
-2.882738113403320312e-01
-2.844874560832977295e-01
-2.883413136005401611e-01
-3.000832498073577881e-01
-3.016216158866882324e-01
-2.935506403446197510e-01
-2.909251451492309570e-01
-2.922366857528686523e-01
-2.979716062545776367e-01
-2.908315956592559814e-01
-2.992151081562042236e-01
-2.928582131862640381e-01
-2.934471368789672852e-01
-2.911243140697479248e-01
-3.033482730388641357e-01
-2.942215502262115479e-01
-2.969290912151336670e-01
-2.965480387210845947e-01
-2.953119874000549316e-01
-2.920040488243103027e-01
-3.004956543445587158e-01
-2.932547926902770996e-01
-2.945136129856109619e-01
-2.880603373050689697e-01
-2.958438992500305176e-01
-3.019693791866302490e-01
-3.027694225311279297e-01
-2.929560840129852295e-01
-2.940887510776519775e-01
-2.949549555778503418e-01
-2.939188182353973389e-01
-2.978425920009613037e-01
-2.918983697891235352e-01
-2.987274825572967529e-01
-2.962422370910644531e-01
-2.975983321666717529e-01
-3.044387102127075195e-01
-2.913782894611358643e-01
-2.969959080219268799e-01
-3.032456636428833008e-01
-2.892993390560150146e-01
-2.982457280158996582e-01
-2.957191169261932373e-01
-2.968046367168426514e-01
-2.888787090778350830e-01
-3.053874671459197998e-01
-2.976907491683959961e-01
-2.903542816638946533e-01
-2.951757907867431641e-01
-2.957942783832550049e-01
-3.027658164501190186e-01
-2.872624397277832031e-01
-2.964880168437957764e-01
-3.008350729942321777e-01
-3.023310303688049316e-01
-2.980671226978302002e-01
-2.990333735942840576e-01
-2.954663932323455811e-01
-2.998694479465484619e-01
-2.952128648757934570e-01
-3.030667901039123535e-01
-3.014076650142669678e-01
-2.927307784557342529e-01
-3.066078722476959229e-01
-3.019342124462127686e-01
-2.950696349143981934e-01
-2.986715137958526611e-01
-2.962529361248016357e-01
-3.075802624225616455e-01
-2.901700139045715332e-01
-3.041782081127166748e-01
-2.894296348094940186e-01
-2.980888485908508301e-01
-3.057737350463867188e-01
-2.993988692760467529e-01
-2.968011796474456787e-01
-2.961772382259368896e-01
-3.099969625473022461e-01
-2.986919581890106201e-01
-3.029584884643554688e-01
-2.986066341400146484e-01
-3.070299923419952393e-01
-3.039812743663787842e-01
-2.914406061172485352e-01
-3.089999258518218994e-01
-3.022627532482147217e-01
-2.945465147495269775e-01
-3.034923076629638672e-01
-3.075748383998870850e-01
-2.961049973964691162e-01
-3.031851649284362793e-01
-2.999865412712097168e-01
-3.070438206195831299e-01
-3.032107651233673096e-01
-2.963986992835998535e-01
-3.097324669361114502e-01
-2.976667284965515137e-01
-3.036483526229858398e-01
-3.032382130622863770e-01
-3.031199872493743896e-01
-3.026476204395294189e-01
-3.099647462368011475e-01
-3.007870614528656006e-01
-3.060834705829620361e-01
-3.081970214843750000e-01
-3.025807440280914307e-01
-3.114532828330993652e-01
-3.045827150344848633e-01
-3.068295419216156006e-01
-3.127799928188323975e-01
-3.010525107383728027e-01
-3.031981289386749268e-01
-3.068752586841583252e-01
-3.078205585479736328e-01
-3.131042420864105225e-01
-3.077093362808227539e-01
-3.075349032878875732e-01
-3.063454329967498779e-01
-3.028679490089416504e-01
-3.097681105136871338e-01
-3.045204281806945801e-01
-3.100510835647583008e-01
-3.109862804412841797e-01
-3.121157288551330566e-01
-3.053458929061889648e-01
-3.159719407558441162e-01
-3.051390945911407471e-01
-3.164556920528411865e-01
-3.104208111763000488e-01
-3.196925520896911621e-01
-3.083370029926300049e-01
-3.118664026260375977e-01
-3.151396214962005615e-01
-3.117472827434539795e-01
-3.136751353740692139e-01
-3.126083612442016602e-01
-3.148866593837738037e-01
-3.153660893440246582e-01
-3.123775720596313477e-01
-3.016630113124847412e-01
-3.170778751373291016e-01
-3.177323937416076660e-01
-3.085398674011230469e-01
-3.120960891246795654e-01
-3.201225697994232178e-01
-3.185552954673767090e-01
-3.152188658714294434e-01
-3.102426528930664062e-01
-3.143656849861145020e-01
-3.198298811912536621e-01
-3.107876181602478027e-01
-3.211855888366699219e-01
-3.198475241661071777e-01
-3.195084333419799805e-01
-3.155161738395690918e-01
-3.179771006107330322e-01
-3.135703206062316895e-01
-3.224211335182189941e-01
-3.154815733432769775e-01
-3.192891776561737061e-01
-3.158145248889923096e-01
-3.224125802516937256e-01
-3.172068595886230469e-01
-3.210645020008087158e-01
-3.206545710563659668e-01
-3.239704370498657227e-01
-3.164077699184417725e-01
-3.151915371417999268e-01
-3.202002346515655518e-01
-3.226565420627593994e-01
-3.168109059333801270e-01
-3.217634260654449463e-01
-3.266861140727996826e-01
-3.192363381385803223e-01
-3.212006390094757080e-01
-3.225598931312561035e-01
-3.256233036518096924e-01
-3.178126215934753418e-01
-3.262483179569244385e-01
-3.219619095325469971e-01
-3.219622671604156494e-01
-3.270901143550872803e-01
-3.219138681888580322e-01
-3.182238042354583740e-01
-3.210180103778839111e-01
-3.273568749427795410e-01
-3.211853206157684326e-01
-3.224860429763793945e-01
-3.281250000000000000e-01
-3.192464113235473633e-01
-3.191956579685211182e-01
-3.262216150760650635e-01
-3.262361884117126465e-01
-3.277029991149902344e-01
-3.260828852653503418e-01
-3.175890743732452393e-01
-3.248618245124816895e-01
-3.232126533985137939e-01
-3.250490128993988037e-01
-3.267069756984710693e-01
-3.241295218467712402e-01
-3.307609856128692627e-01
-3.286086618900299072e-01
-3.237479031085968018e-01
-3.318741321563720703e-01
-3.314353525638580322e-01
-3.305898904800415039e-01
-3.229412734508514404e-01
-3.254677355289459229e-01
-3.298299312591552734e-01
-3.179194331169128418e-01
-3.280285298824310303e-01
-3.279221057891845703e-01
-3.269083201885223389e-01
-3.222849071025848389e-01
-3.329194188117980957e-01
-3.288586437702178955e-01
-3.223154246807098389e-01
-3.292126059532165527e-01
-3.297467529773712158e-01
-3.247895538806915283e-01
-3.354746699333190918e-01
-3.285213112831115723e-01
-3.262808918952941895e-01
-3.308571279048919678e-01
-3.280154168605804443e-01
-3.288341462612152100e-01
-3.322728872299194336e-01
-3.269346356391906738e-01
-3.289185166358947754e-01
-3.283998966217041016e-01
-3.283907473087310791e-01
-3.310544490814208984e-01
-3.286233544349670410e-01
-3.284077048301696777e-01
-3.345261216163635254e-01
-3.311915993690490723e-01
-3.326029181480407715e-01
-3.315164744853973389e-01
-3.287641704082489014e-01
-3.322235345840454102e-01
-3.332242369651794434e-01
-3.338278830051422119e-01
-3.259363174438476562e-01
-3.342784345149993896e-01
-3.337197899818420410e-01
-3.281894028186798096e-01
-3.315275907516479492e-01
-3.359810113906860352e-01
-3.306704163551330566e-01
-3.321464359760284424e-01
-3.355611860752105713e-01
-3.347603678703308105e-01
-3.321456313133239746e-01
-3.255302011966705322e-01
-3.312733769416809082e-01
-3.369230926036834717e-01
-3.351880013942718506e-01
-3.325782418251037598e-01
-3.299749195575714111e-01
-3.319688439369201660e-01
-3.353246450424194336e-01
-3.287872374057769775e-01
-3.323007225990295410e-01
-3.325026929378509521e-01
-3.322946727275848389e-01
-3.276832401752471924e-01
-3.366874158382415771e-01
-3.321235179901123047e-01
-3.372710943222045898e-01
-3.336789309978485107e-01
-3.332967758178710938e-01
-3.345220983028411865e-01
-3.332320451736450195e-01
-3.331478238105773926e-01
-3.334669172763824463e-01
-3.354589641094207764e-01
-3.356905877590179443e-01
-3.314007818698883057e-01
-3.330050706863403320e-01
-3.379614949226379395e-01
-3.400095701217651367e-01
-3.376788496971130371e-01
-3.334076106548309326e-01
-3.343613743782043457e-01
-3.359868824481964111e-01
-3.371866941452026367e-01
-3.320070505142211914e-01
-3.339831531047821045e-01
-3.343666791915893555e-01
-3.387248218059539795e-01
-3.360403478145599365e-01
-3.335995376110076904e-01
-3.353992402553558350e-01
-3.385223150253295898e-01
-3.353237211704254150e-01
-3.348506689071655273e-01
-3.351928591728210449e-01
-3.309301435947418213e-01
-3.370454013347625732e-01
-3.384310305118560791e-01
-3.309028744697570801e-01
-3.335363268852233887e-01
-3.375120162963867188e-01
-3.380991518497467041e-01
-3.348348736763000488e-01
-3.346092402935028076e-01
-3.329601585865020752e-01
-3.345645666122436523e-01
-3.349136710166931152e-01
-3.348107039928436279e-01
-3.367703557014465332e-01
-3.353457748889923096e-01
-3.356227576732635498e-01
-3.345016539096832275e-01
-3.376403152942657471e-01
-3.349120020866394043e-01
-3.336588442325592041e-01
-3.381231129169464111e-01
-3.379090428352355957e-01
-3.368313312530517578e-01
-3.338075280189514160e-01
-3.351605236530303955e-01
-3.344197273254394531e-01
-3.326061367988586426e-01
-3.344100713729858398e-01
-3.332340717315673828e-01
-3.363802134990692139e-01
-3.358971476554870605e-01
-3.344377577304840088e-01
-3.392459750175476074e-01
-3.388530313968658447e-01
-3.381083011627197266e-01
-3.341872096061706543e-01
-3.389081358909606934e-01
-3.388547003269195557e-01
-3.366312980651855469e-01
-3.326078057289123535e-01
-3.383987545967102051e-01
-3.391848206520080566e-01
-3.348614573478698730e-01
-3.373364210128784180e-01
-3.332492709159851074e-01
-3.348078727722167969e-01
-3.370480835437774658e-01
-3.381217122077941895e-01
-3.376505076885223389e-01
-3.381258249282836914e-01
-3.365707695484161377e-01
-3.368388116359710693e-01
-3.404462039470672607e-01
-3.337531685829162598e-01
-3.384273648262023926e-01
-3.406051695346832275e-01
-3.364779651165008545e-01
-3.333259224891662598e-01
-3.393707275390625000e-01
-3.395754992961883545e-01
-3.352304995059967041e-01
-3.370273411273956299e-01
-3.410722017288208008e-01
-3.420630395412445068e-01
-3.361032009124755859e-01
-3.343959152698516846e-01
-3.375934362411499023e-01
-3.367114365100860596e-01
-3.369693458080291748e-01
-3.393093645572662354e-01
-3.349732160568237305e-01
-3.333160281181335449e-01
-3.385766744613647461e-01
-3.376440405845642090e-01
-3.384308218955993652e-01
-3.363495469093322754e-01
-3.405625522136688232e-01
-3.428408503532409668e-01
-3.351657986640930176e-01
-3.381325602531433105e-01
-3.389550447463989258e-01
-3.394435048103332520e-01
-3.393459618091583252e-01
-3.426856398582458496e-01
-3.382172882556915283e-01
-3.386043012142181396e-01
-3.386815488338470459e-01
-3.422726392745971680e-01
-3.360871672630310059e-01
-3.340956568717956543e-01
-3.400771617889404297e-01
-3.397997319698333740e-01
-3.394579589366912842e-01
-3.379223644733428955e-01
-3.433458805084228516e-01
-3.407018184661865234e-01
-3.424980342388153076e-01
-3.370662331581115723e-01
-3.407318890094757080e-01
-3.401813209056854248e-01
-3.357196152210235596e-01
-3.394790887832641602e-01
-3.376032412052154541e-01
-3.356799781322479248e-01
-3.391917049884796143e-01
-3.433441519737243652e-01
-3.404516577720642090e-01
-3.389105796813964844e-01
-3.353317379951477051e-01
-3.348660469055175781e-01
-3.436676859855651855e-01
-3.394949436187744141e-01
-3.373804390430450439e-01
-3.434388935565948486e-01
-3.383789658546447754e-01
-3.360966742038726807e-01
-3.395056426525115967e-01
-3.400973677635192871e-01
-3.440918922424316406e-01
-3.393513262271881104e-01
-3.412610590457916260e-01
-3.424810171127319336e-01
-3.397848606109619141e-01
-3.392923176288604736e-01
-3.410166203975677490e-01
-3.391013145446777344e-01
-3.403593003749847412e-01
-3.433731496334075928e-01
-3.395480811595916748e-01
-3.398494124412536621e-01
-3.399719893932342529e-01
-3.422275781631469727e-01
-3.492805659770965576e-01
-3.475023210048675537e-01
-3.453390598297119141e-01
-3.471898734569549561e-01
-3.527684211730957031e-01
-3.513517379760742188e-01
-3.486835658550262451e-01
-3.521336913108825684e-01
-3.563562631607055664e-01
-3.542902469635009766e-01
-3.526415824890136719e-01
-3.549826145172119141e-01
-3.561944365501403809e-01
-3.558034002780914307e-01
-3.540481030941009521e-01
-3.566660284996032715e-01
-3.573350012302398682e-01
-3.580195009708404541e-01
-3.566993474960327148e-01
-3.573336899280548096e-01
-3.581788837909698486e-01
-3.583580851554870605e-01
-3.567967414855957031e-01
-3.573584258556365967e-01
-3.575723767280578613e-01
-3.596897423267364502e-01
-3.588334321975708008e-01
-3.586284816265106201e-01
-3.586448729038238525e-01
-3.601583838462829590e-01
-3.595984578132629395e-01
-3.579715490341186523e-01
-3.590914011001586914e-01
-3.595971167087554932e-01
-3.600877523422241211e-01
-3.602684438228607178e-01
-3.595882654190063477e-01
-3.597512841224670410e-01
-3.588310778141021729e-01
-3.599390387535095215e-01
-3.616124391555786133e-01
-3.605183064937591553e-01
-3.599094152450561523e-01
-3.603699505329132080e-01
-3.603843450546264648e-01
-3.614223599433898926e-01
-3.605363667011260986e-01
-3.614422082901000977e-01
-3.616675138473510742e-01
-3.606586158275604248e-01
-3.600139915943145752e-01
-3.594703674316406250e-01
-3.597459793090820312e-01
-3.606763780117034912e-01
-3.607702851295471191e-01
-3.616461157798767090e-01
-3.600242137908935547e-01
-3.607510328292846680e-01
-3.615476787090301514e-01
-3.608312308788299561e-01
-3.617462217807769775e-01
-3.613964021205902100e-01
-3.612133264541625977e-01
-3.612300455570220947e-01
-3.618015944957733154e-01
-3.604049682617187500e-01
-3.604970574378967285e-01
-3.605505824089050293e-01
-3.612264394760131836e-01
-3.611035346984863281e-01
-3.623242676258087158e-01
-3.613275289535522461e-01
-3.610211014747619629e-01
-3.603437244892120361e-01
-3.620304465293884277e-01
-3.610956370830535889e-01
-3.622505962848663330e-01
