2.435669422149658203e+00
1.276903033256530762e+00
2.923322916030883789e-01
-1.652867347002029419e-01
-1.806041896343231201e-01
-9.529451280832290649e-02
-7.359453290700912476e-02
-1.080712899565696716e-01
-1.337839961051940918e-01
-1.284901797771453857e-01
-1.206166222691535950e-01
-1.343512237071990967e-01
-1.403643190860748291e-01
-1.459098160266876221e-01
-1.429284363985061646e-01
-1.470443159341812134e-01
-1.584242433309555054e-01
-1.698429435491561890e-01
-1.763346344232559204e-01
-1.699066758155822754e-01
-1.762040704488754272e-01
-1.829317957162857056e-01
-1.825888603925704956e-01
-1.911386698484420776e-01
-1.935424357652664185e-01
-1.949101686477661133e-01
-1.976947933435440063e-01
-1.989864259958267212e-01
-2.034793198108673096e-01
-2.111888527870178223e-01
-2.083036303520202637e-01
-2.121780663728713989e-01
-2.128817588090896606e-01
-2.133828997611999512e-01
-2.157047390937805176e-01
-2.162569165229797363e-01
-2.204985022544860840e-01
-2.170058935880661011e-01
-2.197505086660385132e-01
-2.224721312522888184e-01
-2.176862210035324097e-01
-2.216123491525650024e-01
-2.280146330595016479e-01
-2.213541567325592041e-01
-2.258453369140625000e-01
-2.253615558147430420e-01
-2.280373275279998779e-01
-2.262600958347320557e-01
-2.239689379930496216e-01
-2.307598888874053955e-01
-2.224453389644622803e-01
-2.317322939634323120e-01
-2.254437208175659180e-01
-2.334656715393066406e-01
-2.297821640968322754e-01
-2.327354401350021362e-01
-2.231080681085586548e-01
-2.341607511043548584e-01
-2.354025095701217651e-01
-2.333407551050186157e-01
-2.350738942623138428e-01
-2.289428561925888062e-01
-2.294695675373077393e-01
-2.391363978385925293e-01
-2.357235997915267944e-01
-2.347034662961959839e-01
-2.355449646711349487e-01
-2.356925904750823975e-01
-2.362746000289916992e-01
-2.391762733459472656e-01
-2.387200295925140381e-01
-2.383319139480590820e-01
-2.456982135772705078e-01
-2.464840710163116455e-01
-2.390773147344589233e-01
-2.410115152597427368e-01
-2.344958335161209106e-01
-2.353797256946563721e-01
-2.367627620697021484e-01
-2.349765449762344360e-01
-2.401431500911712646e-01
-2.352055609226226807e-01
-2.368658781051635742e-01
-2.374371290206909180e-01
-2.443827539682388306e-01
-2.471124380826950073e-01
-2.454323172569274902e-01
-2.433350533246994019e-01
-2.391888201236724854e-01
-2.498362064361572266e-01
-2.460192590951919556e-01
-2.483767271041870117e-01
-2.453553974628448486e-01
-2.447405606508255005e-01
-2.506462037563323975e-01
-2.481459677219390869e-01
-2.555518150329589844e-01
-2.555907666683197021e-01
-2.559122443199157715e-01
-2.530190646648406982e-01
-2.504347860813140869e-01
-2.583655416965484619e-01
-2.552365362644195557e-01
-2.510492801666259766e-01
-2.464000284671783447e-01
-2.525829076766967773e-01
-2.465998530387878418e-01
-2.489745914936065674e-01
-2.513294219970703125e-01
-2.539702057838439941e-01
-2.478011846542358398e-01
-2.551165223121643066e-01
-2.564360499382019043e-01
-2.538315653800964355e-01
-2.473972439765930176e-01
-2.602326571941375732e-01
-2.553295493125915527e-01
-2.558430135250091553e-01
-2.486623525619506836e-01
-2.521448731422424316e-01
-2.538676261901855469e-01
-2.581650018692016602e-01
-2.597171664237976074e-01
-2.646830379962921143e-01
-2.620605826377868652e-01
-2.551763355731964111e-01
-2.552722394466400146e-01
-2.478721141815185547e-01
-2.498541325330734253e-01
-2.490676045417785645e-01
-2.538798749446868896e-01
-2.546848952770233154e-01
-2.593919634819030762e-01
-2.559502422809600830e-01
-2.647642791271209717e-01
-2.553076744079589844e-01
-2.606454491615295410e-01
-2.569479048252105713e-01
-2.624744474887847900e-01
-2.571055293083190918e-01
-2.580799162387847900e-01
-2.601684927940368652e-01
-2.665384709835052490e-01
-2.603059113025665283e-01
-2.648765742778778076e-01
-2.639286518096923828e-01
-2.640507817268371582e-01
-2.599202394485473633e-01
-2.676955759525299072e-01
-2.649694681167602539e-01
-2.583617866039276123e-01
-2.648093402385711670e-01
-2.686767578125000000e-01
-2.697025239467620850e-01
-2.608259320259094238e-01
-2.659090459346771240e-01
-2.708111107349395752e-01
-2.736495733261108398e-01
-2.754850387573242188e-01
-2.703285217285156250e-01
-2.618858814239501953e-01
-2.655601203441619873e-01
-2.797901630401611328e-01
-2.709999978542327881e-01
-2.727919220924377441e-01
-2.744853794574737549e-01
-2.703210413455963135e-01
-2.682074010372161865e-01
-2.675433158874511719e-01
-2.669946253299713135e-01
-2.674161791801452637e-01
-2.663735449314117432e-01
-2.664338946342468262e-01
-2.721815407276153564e-01
-2.665608823299407959e-01
-2.705107331275939941e-01
-2.681478261947631836e-01
-2.709696590900421143e-01
-2.673708498477935791e-01
-2.790032923221588135e-01
-2.820014059543609619e-01
-2.638311386108398438e-01
-2.671543657779693604e-01
-2.655359208583831787e-01
-2.679622173309326172e-01
-2.765913903713226318e-01
-2.729390859603881836e-01
-2.756454348564147949e-01
-2.749160230159759521e-01
-2.764178514480590820e-01
-2.763954997062683105e-01
-2.742092907428741455e-01
-2.746583819389343262e-01
-2.728108465671539307e-01
-2.796210348606109619e-01
-2.702510058879852295e-01
-2.706559300422668457e-01
-2.741048038005828857e-01
-2.699014842510223389e-01
-2.711405754089355469e-01
-2.762161791324615479e-01
-2.709498405456542969e-01
-2.793043255805969238e-01
-2.797955572605133057e-01
-2.774296998977661133e-01
-2.730509638786315918e-01
-2.717154622077941895e-01
-2.719751000404357910e-01
-2.722634971141815186e-01
-2.742995619773864746e-01
-2.799743711948394775e-01
-2.732041478157043457e-01
-2.720156311988830566e-01
-2.674582898616790771e-01
-2.698003649711608887e-01
-2.703585922718048096e-01
-2.771090567111968994e-01
-2.791819870471954346e-01
-2.727590203285217285e-01
-2.747434973716735840e-01
-2.712866663932800293e-01
-2.744347453117370605e-01
-2.803741097450256348e-01
-2.802262902259826660e-01
-2.735991775989532471e-01
-2.743751406669616699e-01
-2.806445360183715820e-01
-2.833612561225891113e-01
-2.788126766681671143e-01
-2.747860848903656006e-01
-2.719698846340179443e-01
-2.741849422454833984e-01
-2.739636898040771484e-01
-2.818919718265533447e-01
-2.740734219551086426e-01
-2.791527509689331055e-01
-2.793553769588470459e-01
-2.792814671993255615e-01
-2.823753654956817627e-01
-2.744354009628295898e-01
-2.740276753902435303e-01
-2.822168469429016113e-01
-2.847621440887451172e-01
-2.798463404178619385e-01
-2.776279747486114502e-01
-2.747907042503356934e-01
-2.733527421951293945e-01
-2.794366478919982910e-01
-2.822211682796478271e-01
-2.796451449394226074e-01
-2.790349125862121582e-01
-2.870226204395294189e-01
-2.859818637371063232e-01
-2.810631990432739258e-01
-2.827673852443695068e-01
-2.864407896995544434e-01
-2.784902751445770264e-01
-2.731631398200988770e-01
-2.890216410160064697e-01
-2.885458171367645264e-01
-2.802377343177795410e-01
-2.920990586280822754e-01
-2.843028008937835693e-01
-2.936839163303375244e-01
-2.877779901027679443e-01
-2.876559793949127197e-01
-2.870559990406036377e-01
-2.859992086887359619e-01
-2.850373387336730957e-01
-2.953251004219055176e-01
-2.906017601490020752e-01
-2.904978692531585693e-01
-2.892757058143615723e-01
-2.968915402889251709e-01
-2.913182079792022705e-01
-2.880374491214752197e-01
-2.915308773517608643e-01
-2.951443791389465332e-01
-2.896941602230072021e-01
-2.874411046504974365e-01
-2.901602685451507568e-01
-2.943052947521209717e-01
-2.859024703502655029e-01
-2.858334481716156006e-01
-2.897404432296752930e-01
-2.878136634826660156e-01
-2.790348529815673828e-01
-2.867614626884460449e-01
-3.004814982414245605e-01
-2.978090643882751465e-01
-2.860274314880371094e-01
-2.928233146667480469e-01
-2.917698919773101807e-01
-2.928095757961273193e-01
-2.873803973197937012e-01
-2.998369634151458740e-01
-3.016726672649383545e-01
-2.928026616573333740e-01
-2.850376367568969727e-01
-2.862876653671264648e-01
-2.932764887809753418e-01
-2.929362952709197998e-01
-2.943372726440429688e-01
-2.937925755977630615e-01
-2.916228175163269043e-01
-2.864367663860321045e-01
-2.901206016540527344e-01
-2.952527403831481934e-01
-2.953076362609863281e-01
-2.918764352798461914e-01
-2.933567464351654053e-01
-2.949281334877014160e-01
-2.819512486457824707e-01
-2.822377085685729980e-01
-2.922051250934600830e-01
-3.019470274448394775e-01
-2.997777760028839111e-01
-2.932163774967193604e-01
-2.930092811584472656e-01
-2.896095812320709229e-01
-2.882738113403320312e-01
-2.844874560832977295e-01
-2.883413136005401611e-01
-3.000832498073577881e-01
-3.016216158866882324e-01
-2.935506403446197510e-01
-2.909251451492309570e-01
-2.922366857528686523e-01
-2.979716062545776367e-01
-2.908315956592559814e-01
-2.992151081562042236e-01
-2.928582131862640381e-01
-2.934471368789672852e-01
-2.911243140697479248e-01
-3.033482730388641357e-01
-2.942215502262115479e-01
-2.969290912151336670e-01
-2.965480387210845947e-01
-2.953119874000549316e-01
-2.920040488243103027e-01
-3.004956543445587158e-01
-2.932547926902770996e-01
-2.945136129856109619e-01
-2.880603373050689697e-01
-2.958438992500305176e-01
-3.019693791866302490e-01
-3.027694225311279297e-01
-2.929560840129852295e-01
-2.940887510776519775e-01
-2.949549555778503418e-01
-2.939188182353973389e-01
-2.978425920009613037e-01
-2.918983697891235352e-01
-2.987274825572967529e-01
-2.962422370910644531e-01
-2.975983321666717529e-01
-3.044387102127075195e-01
-2.913782894611358643e-01
-2.969959080219268799e-01
-3.032456636428833008e-01
-2.892993390560150146e-01
-2.982457280158996582e-01
-2.957191169261932373e-01
-2.968046367168426514e-01
-2.888787090778350830e-01
-3.053874671459197998e-01
-2.976907491683959961e-01
-2.903542816638946533e-01
-2.951757907867431641e-01
-2.957942783832550049e-01
-3.027658164501190186e-01
-2.872624397277832031e-01
-2.964880168437957764e-01
-3.008350729942321777e-01
-3.023310303688049316e-01
-2.980671226978302002e-01
-2.990333735942840576e-01
-2.954663932323455811e-01
-2.998694479465484619e-01
-2.952128648757934570e-01
-3.030667901039123535e-01
-3.014076650142669678e-01
-2.927307784557342529e-01
-3.066078722476959229e-01
-3.019342124462127686e-01
-2.950696349143981934e-01
-2.986715137958526611e-01
-2.962529361248016357e-01
-3.075802624225616455e-01
-2.901700139045715332e-01
-3.041782081127166748e-01
-2.894296348094940186e-01
-2.980888485908508301e-01
-3.057737350463867188e-01
-2.993988692760467529e-01
-2.968011796474456787e-01
-2.961772382259368896e-01
-3.099969625473022461e-01
-2.986919581890106201e-01
-3.029584884643554688e-01
-2.986066341400146484e-01
-3.070299923419952393e-01
-3.039812743663787842e-01
-2.914406061172485352e-01
-3.089999258518218994e-01
-3.022627532482147217e-01
-2.945465147495269775e-01
-3.034923076629638672e-01
-3.075748383998870850e-01
-2.961049973964691162e-01
-3.031851649284362793e-01
-2.999865412712097168e-01
-3.070438206195831299e-01
-3.032107651233673096e-01
-2.963986992835998535e-01
-3.097324669361114502e-01
-2.976667284965515137e-01
-3.036483526229858398e-01
-3.032382130622863770e-01
-3.031199872493743896e-01
-3.026476204395294189e-01
-3.099647462368011475e-01
-3.007870614528656006e-01
-3.060834705829620361e-01
-3.081970214843750000e-01
-3.025807440280914307e-01
-3.114532828330993652e-01
-3.045827150344848633e-01
-3.068295419216156006e-01
-3.127799928188323975e-01
-3.010525107383728027e-01
-3.031981289386749268e-01
-3.068752586841583252e-01
-3.078205585479736328e-01
-3.131042420864105225e-01
-3.077093362808227539e-01
-3.075349032878875732e-01
-3.063454329967498779e-01
-3.028679490089416504e-01
-3.097681105136871338e-01
-3.045204281806945801e-01
-3.100510835647583008e-01
-3.109862804412841797e-01
-3.121157288551330566e-01
-3.053458929061889648e-01
-3.159719407558441162e-01
-3.051390945911407471e-01
-3.164556920528411865e-01
-3.104208111763000488e-01
-3.196925520896911621e-01
-3.083370029926300049e-01
-3.118664026260375977e-01
-3.151396214962005615e-01
-3.117472827434539795e-01
-3.136751353740692139e-01
-3.126083612442016602e-01
-3.148866593837738037e-01
-3.153660893440246582e-01
-3.123775720596313477e-01
-3.016630113124847412e-01
-3.170778751373291016e-01
-3.177323937416076660e-01
-3.085398674011230469e-01
-3.120960891246795654e-01
-3.201225697994232178e-01
-3.185552954673767090e-01
-3.152188658714294434e-01
-3.102426528930664062e-01
-3.143656849861145020e-01
-3.198298811912536621e-01
-3.107876181602478027e-01
-3.211855888366699219e-01
-3.198475241661071777e-01
-3.195084333419799805e-01
-3.155161738395690918e-01
-3.179771006107330322e-01
-3.135703206062316895e-01
-3.224211335182189941e-01
-3.154815733432769775e-01
-3.192891776561737061e-01
-3.158145248889923096e-01
-3.224125802516937256e-01
-3.172068595886230469e-01
-3.210645020008087158e-01
-3.206545710563659668e-01
-3.239704370498657227e-01
-3.164077699184417725e-01
-3.151915371417999268e-01
-3.202002346515655518e-01
-3.226565420627593994e-01
-3.168109059333801270e-01
-3.217634260654449463e-01
-3.266861140727996826e-01
-3.192363381385803223e-01
-3.212006390094757080e-01
-3.225598931312561035e-01
-3.256233036518096924e-01
-3.178126215934753418e-01
-3.262483179569244385e-01
-3.219619095325469971e-01
-3.219622671604156494e-01
-3.270901143550872803e-01
-3.219138681888580322e-01
-3.182238042354583740e-01
-3.210180103778839111e-01
-3.273568749427795410e-01
-3.211853206157684326e-01
-3.224860429763793945e-01
-3.281250000000000000e-01
-3.192464113235473633e-01
-3.191956579685211182e-01
-3.262216150760650635e-01
-3.262361884117126465e-01
-3.277029991149902344e-01
-3.260828852653503418e-01
-3.175890743732452393e-01
-3.248618245124816895e-01
-3.232126533985137939e-01
-3.250490128993988037e-01
-3.267069756984710693e-01
-3.241295218467712402e-01
-3.307609856128692627e-01
-3.286086618900299072e-01
-3.237479031085968018e-01
-3.318741321563720703e-01
-3.314353525638580322e-01
-3.305898904800415039e-01
-3.229412734508514404e-01
-3.254677355289459229e-01
-3.298299312591552734e-01
-3.179194331169128418e-01
-3.280285298824310303e-01
-3.279221057891845703e-01
-3.269083201885223389e-01
-3.222849071025848389e-01
-3.329194188117980957e-01
-3.288586437702178955e-01
-3.223154246807098389e-01
-3.292126059532165527e-01
-3.297467529773712158e-01
-3.247895538806915283e-01
-3.354746699333190918e-01
-3.285213112831115723e-01
-3.262808918952941895e-01
-3.308571279048919678e-01
-3.280154168605804443e-01
-3.288341462612152100e-01
-3.322728872299194336e-01
-3.269346356391906738e-01
-3.289185166358947754e-01
-3.283998966217041016e-01
-3.283907473087310791e-01
-3.310544490814208984e-01
-3.286233544349670410e-01
-3.284077048301696777e-01
-3.345261216163635254e-01
-3.311915993690490723e-01
-3.326029181480407715e-01
-3.315164744853973389e-01
-3.287641704082489014e-01
-3.322235345840454102e-01
-3.332242369651794434e-01
-3.338278830051422119e-01
-3.259363174438476562e-01
-3.342784345149993896e-01
-3.337197899818420410e-01
-3.281894028186798096e-01
-3.315275907516479492e-01
-3.359810113906860352e-01
-3.306704163551330566e-01
-3.321464359760284424e-01
-3.355611860752105713e-01
-3.347603678703308105e-01
-3.321456313133239746e-01
-3.255302011966705322e-01
-3.312733769416809082e-01
-3.369230926036834717e-01
-3.351880013942718506e-01
-3.325782418251037598e-01
-3.299749195575714111e-01
-3.319688439369201660e-01
-3.353246450424194336e-01
-3.287872374057769775e-01
-3.323007225990295410e-01
-3.325026929378509521e-01
-3.322946727275848389e-01
-3.276832401752471924e-01
-3.366874158382415771e-01
-3.321235179901123047e-01
-3.372710943222045898e-01
-3.336789309978485107e-01
-3.332967758178710938e-01
-3.345220983028411865e-01
-3.332320451736450195e-01
-3.331478238105773926e-01
-3.334669172763824463e-01
-3.354589641094207764e-01
-3.356905877590179443e-01
-3.314007818698883057e-01
-3.330050706863403320e-01
-3.379614949226379395e-01
-3.400095701217651367e-01
-3.376788496971130371e-01
-3.334076106548309326e-01
-3.343613743782043457e-01
-3.359868824481964111e-01
-3.371866941452026367e-01
-3.320070505142211914e-01
-3.339831531047821045e-01
-3.343666791915893555e-01
-3.387248218059539795e-01
-3.360403478145599365e-01
-3.335995376110076904e-01
-3.353992402553558350e-01
-3.385223150253295898e-01
-3.353237211704254150e-01
-3.348506689071655273e-01
-3.351928591728210449e-01
-3.309301435947418213e-01
-3.370454013347625732e-01
-3.384310305118560791e-01
-3.309028744697570801e-01
-3.335363268852233887e-01
-3.375120162963867188e-01
-3.380991518497467041e-01
-3.348348736763000488e-01
-3.346092402935028076e-01
-3.329601585865020752e-01
-3.345645666122436523e-01
-3.349136710166931152e-01
-3.348107039928436279e-01
-3.367703557014465332e-01
-3.353457748889923096e-01
-3.356227576732635498e-01
-3.345016539096832275e-01
-3.376403152942657471e-01
-3.349120020866394043e-01
-3.336588442325592041e-01
-3.381231129169464111e-01
-3.379090428352355957e-01
-3.368313312530517578e-01
-3.338075280189514160e-01
-3.351605236530303955e-01
-3.344197273254394531e-01
-3.326061367988586426e-01
-3.344100713729858398e-01
-3.332340717315673828e-01
-3.363802134990692139e-01
-3.358971476554870605e-01
-3.344377577304840088e-01
-3.392459750175476074e-01
-3.388530313968658447e-01
-3.381083011627197266e-01
-3.341872096061706543e-01
-3.389081358909606934e-01
-3.388547003269195557e-01
-3.366312980651855469e-01
-3.326078057289123535e-01
-3.383987545967102051e-01
-3.391848206520080566e-01
-3.348614573478698730e-01
-3.373364210128784180e-01
-3.332492709159851074e-01
-3.348078727722167969e-01
-3.370480835437774658e-01
-3.381217122077941895e-01
-3.376505076885223389e-01
-3.381258249282836914e-01
-3.365707695484161377e-01
-3.368388116359710693e-01
-3.404462039470672607e-01
-3.337531685829162598e-01
-3.384273648262023926e-01
-3.406051695346832275e-01
-3.364779651165008545e-01
-3.333259224891662598e-01
-3.393707275390625000e-01
-3.395754992961883545e-01
-3.352304995059967041e-01
-3.370273411273956299e-01
-3.410722017288208008e-01
-3.420630395412445068e-01
-3.361032009124755859e-01
-3.343959152698516846e-01
-3.375934362411499023e-01
-3.367114365100860596e-01
-3.369693458080291748e-01
-3.393093645572662354e-01
-3.349732160568237305e-01
-3.333160281181335449e-01
-3.385766744613647461e-01
-3.376440405845642090e-01
-3.384308218955993652e-01
-3.363495469093322754e-01
-3.405625522136688232e-01
-3.428408503532409668e-01
-3.351657986640930176e-01
-3.381325602531433105e-01
-3.389550447463989258e-01
-3.394435048103332520e-01
-3.393459618091583252e-01
-3.426856398582458496e-01
-3.382172882556915283e-01
-3.386043012142181396e-01
-3.386815488338470459e-01
-3.422726392745971680e-01
-3.360871672630310059e-01
-3.340956568717956543e-01
-3.400771617889404297e-01
-3.397997319698333740e-01
-3.394579589366912842e-01
-3.379223644733428955e-01
-3.433458805084228516e-01
-3.407018184661865234e-01
-3.424980342388153076e-01
-3.370662331581115723e-01
-3.407318890094757080e-01
-3.401813209056854248e-01
-3.357196152210235596e-01
-3.394790887832641602e-01
-3.376032412052154541e-01
-3.356799781322479248e-01
-3.391917049884796143e-01
-3.433441519737243652e-01
-3.404516577720642090e-01
-3.389105796813964844e-01
-3.353317379951477051e-01
-3.348660469055175781e-01
-3.436676859855651855e-01
-3.394949436187744141e-01
-3.373804390430450439e-01
-3.434388935565948486e-01
-3.383789658546447754e-01
-3.360966742038726807e-01
-3.395056426525115967e-01
-3.400973677635192871e-01
-3.440918922424316406e-01
-3.393513262271881104e-01
-3.412610590457916260e-01
-3.424810171127319336e-01
-3.397848606109619141e-01
-3.392923176288604736e-01
-3.410166203975677490e-01
-3.391013145446777344e-01
-3.403593003749847412e-01
-3.433731496334075928e-01
-3.395480811595916748e-01
-3.398494124412536621e-01
-3.399719893932342529e-01
-3.422275781631469727e-01
-3.436916470527648926e-01
-3.399166166782379150e-01
-3.398629426956176758e-01
-3.384734094142913818e-01
-3.358535468578338623e-01
-3.401182293891906738e-01
-3.410387039184570312e-01
-3.398568630218505859e-01
-3.383487462997436523e-01
-3.409562408924102783e-01
-3.428115248680114746e-01
-3.378579914569854736e-01
-3.406027257442474365e-01
-3.403209745883941650e-01
-3.409593403339385986e-01
-3.388382494449615479e-01
-3.335359096527099609e-01
-3.433011770248413086e-01
-3.389788568019866943e-01
-3.415189087390899658e-01
-3.422051370143890381e-01
-3.401316404342651367e-01
-3.388842940330505371e-01
-3.430951535701751709e-01
-3.393661379814147949e-01
-3.415540158748626709e-01
-3.399085998535156250e-01
-3.421998620033264160e-01
-3.403637111186981201e-01
-3.409427404403686523e-01
-3.405013978481292725e-01
-3.461127877235412598e-01
-3.360573351383209229e-01
-3.376491665840148926e-01
-3.400714695453643799e-01
-3.413955569267272949e-01
-3.426806032657623291e-01
-3.385223746299743652e-01
-3.388299345970153809e-01
-3.377902209758758545e-01
-3.419477641582489014e-01
-3.418608009815216064e-01
-3.413746953010559082e-01
-3.375261127948760986e-01
-3.356811702251434326e-01
-3.390026390552520752e-01
-3.431996703147888184e-01
-3.422835171222686768e-01
-3.391689360141754150e-01
-3.500600159168243408e-01
-3.486167490482330322e-01
-3.459589779376983643e-01
-3.479259610176086426e-01
-3.513651192188262939e-01
-3.506169319152832031e-01
-3.500942885875701904e-01
-3.526136875152587891e-01
-3.561289608478546143e-01
-3.554171919822692871e-01
-3.543188273906707764e-01
-3.536809086799621582e-01
-3.563004136085510254e-01
-3.544529378414154053e-01
-3.554589748382568359e-01
-3.579342663288116455e-01
-3.583752512931823730e-01
-3.599362075328826904e-01
-3.574518859386444092e-01
-3.559550642967224121e-01
-3.578174412250518799e-01
-3.573849499225616455e-01
-3.594891428947448730e-01
-3.584868907928466797e-01
-3.597326576709747314e-01
-3.592777550220489502e-01
-3.592979013919830322e-01
-3.591738939285278320e-01
-3.582301139831542969e-01
-3.589359223842620850e-01
-3.590832054615020752e-01
-3.590673804283142090e-01
-3.599373102188110352e-01
-3.603847026824951172e-01
-3.605981767177581787e-01
-3.604009151458740234e-01
-3.610598742961883545e-01
-3.604751527309417725e-01
-3.606414198875427246e-01
-3.609203696250915527e-01
-3.608388006687164307e-01
-3.611012101173400879e-01
-3.609147369861602783e-01
-3.609722256660461426e-01
-3.617250323295593262e-01
-3.607774078845977783e-01
-3.610340952873229980e-01
-3.613827526569366455e-01
-3.605156540870666504e-01
-3.607470095157623291e-01
-3.609503805637359619e-01
-3.607261478900909424e-01
-3.614023029804229736e-01
-3.614308834075927734e-01
-3.615880608558654785e-01
-3.609197437763214111e-01
-3.613690137863159180e-01
-3.605640232563018799e-01
-3.616825640201568604e-01
-3.614126443862915039e-01
-3.614663183689117432e-01
-3.614337146282196045e-01
-3.606067597866058350e-01
-3.622534871101379395e-01
-3.613303899765014648e-01
-3.618471324443817139e-01
-3.626064360141754150e-01
-3.617781102657318115e-01
-3.624348044395446777e-01
-3.615702986717224121e-01
-3.614578247070312500e-01
-3.617434501647949219e-01
-3.624091148376464844e-01
-3.615828454494476318e-01
-3.615598082542419434e-01
-3.612133264541625977e-01
-3.621583282947540283e-01
-3.617584705352783203e-01
-3.622916638851165771e-01
-3.626854419708251953e-01
-3.620243370532989502e-01
-3.625241219997406006e-01
-3.625328242778778076e-01
-3.628794550895690918e-01
-3.615308105945587158e-01
-3.622938096523284912e-01
-3.624091744422912598e-01
-3.622579872608184814e-01
-3.624322414398193359e-01
-3.623443245887756348e-01
-3.627300560474395752e-01
-3.629554510116577148e-01
-3.618987202644348145e-01
-3.623087704181671143e-01
-3.617894649505615234e-01
-3.612816631793975830e-01
-3.618480861186981201e-01
-3.623967766761779785e-01
-3.619278371334075928e-01
-3.619956076145172119e-01
-3.626251220703125000e-01
-3.615525364875793457e-01
-3.628151416778564453e-01
-3.619602620601654053e-01
-3.630854785442352295e-01
-3.613882064819335938e-01
-3.619798719882965088e-01
-3.627222478389739990e-01
-3.628465831279754639e-01
-3.628934919834136963e-01
-3.621730208396911621e-01
-3.639138936996459961e-01
-3.617164790630340576e-01
-3.626362979412078857e-01
-3.625451028347015381e-01
-3.633788526058197021e-01
-3.627829253673553467e-01
-3.617980480194091797e-01
-3.631179630756378174e-01
-3.624382019042968750e-01
-3.631159663200378418e-01
-3.638823032379150391e-01
-3.633451759815216064e-01
-3.631383776664733887e-01
-3.635807335376739502e-01
-3.622512221336364746e-01
-3.628760278224945068e-01
-3.629078269004821777e-01
-3.629225194454193115e-01
-3.629823625087738037e-01
-3.629912137985229492e-01
-3.634858727455139160e-01
-3.627502918243408203e-01
-3.625847101211547852e-01
-3.630158901214599609e-01
-3.634808361530303955e-01
-3.633294701576232910e-01
-3.633895218372344971e-01
-3.626853227615356445e-01
-3.627614378929138184e-01
-3.629141151905059814e-01
-3.632732331752777100e-01
-3.615289330482482910e-01
-3.626667857170104980e-01
-3.626660704612731934e-01
-3.627135157585144043e-01
-3.632938861846923828e-01
-3.633972406387329102e-01
-3.627530038356781006e-01
-3.626794517040252686e-01
-3.626442253589630127e-01
-3.639812767505645752e-01
-3.631885647773742676e-01
-3.634940087795257568e-01
-3.639120757579803467e-01
-3.635861575603485107e-01
-3.629773259162902832e-01
-3.642750978469848633e-01
-3.633458316326141357e-01
-3.619221448898315430e-01
-3.626322448253631592e-01
-3.630117475986480713e-01
-3.635632991790771484e-01
-3.634728491306304932e-01
-3.627863526344299316e-01
-3.640182614326477051e-01
-3.635776638984680176e-01
-3.634018599987030029e-01
-3.628227412700653076e-01
-3.639402091503143311e-01
-3.625089824199676514e-01
-3.633469939231872559e-01
-3.628281354904174805e-01
-3.621917665004730225e-01
-3.633114099502563477e-01
-3.636197447776794434e-01
-3.639256954193115234e-01
-3.617711067199707031e-01
-3.632291853427886963e-01
-3.634842634201049805e-01
-3.633368611335754395e-01
-3.626420795917510986e-01
-3.640733957290649414e-01
-3.636925518512725830e-01
-3.629855811595916748e-01
-3.625726997852325439e-01
-3.636006414890289307e-01
-3.631837666034698486e-01
-3.635630309581756592e-01
-3.619770705699920654e-01
-3.628002405166625977e-01
-3.636304438114166260e-01
-3.628154098987579346e-01
-3.629287183284759521e-01
-3.643101751804351807e-01
-3.636762797832489014e-01
-3.634543418884277344e-01
-3.634082376956939697e-01
-3.632743060588836670e-01
-3.634131848812103271e-01
-3.630941808223724365e-01
-3.626906275749206543e-01
-3.625657260417938232e-01
-3.638302683830261230e-01
-3.641372323036193848e-01
-3.627888262271881104e-01
-3.635480999946594238e-01
-3.639396727085113525e-01
-3.633785545825958252e-01
-3.632032275199890137e-01
-3.637475669384002686e-01
-3.649117946624755859e-01
-3.638481497764587402e-01
-3.631160557270050049e-01
-3.630824089050292969e-01
-3.634525239467620850e-01
-3.639592528343200684e-01
-3.633933663368225098e-01
-3.638431429862976074e-01
-3.628712296485900879e-01
-3.637203276157379150e-01
-3.630834519863128662e-01
-3.645926415920257568e-01
-3.635146617889404297e-01
-3.637844920158386230e-01
-3.636122941970825195e-01
-3.636464774608612061e-01
-3.639341294765472412e-01
-3.632954657077789307e-01
-3.647216260433197021e-01
-3.640901148319244385e-01
-3.640872538089752197e-01
-3.630032837390899658e-01
-3.639672100543975830e-01
-3.649192750453948975e-01
-3.637518584728240967e-01
-3.647076785564422607e-01
-3.640928864479064941e-01
-3.630930185317993164e-01
-3.640799522399902344e-01
-3.646606206893920898e-01
-3.645244836807250977e-01
-3.646787703037261963e-01
-3.650703132152557373e-01
-3.635333478450775146e-01
-3.637667894363403320e-01
-3.639222681522369385e-01
-3.641132414340972900e-01
-3.641682267189025879e-01
-3.635219931602478027e-01
-3.643838763236999512e-01
-3.639917075634002686e-01
-3.642590641975402832e-01
-3.636902570724487305e-01
-3.634392023086547852e-01
-3.648495078086853027e-01
-3.640600144863128662e-01
-3.644076287746429443e-01
-3.651125431060791016e-01
-3.641651570796966553e-01
-3.648005425930023193e-01
-3.641759753227233887e-01
-3.645809292793273926e-01
-3.640123605728149414e-01
-3.646324276924133301e-01
-3.632231354713439941e-01
-3.653537631034851074e-01
-3.642455935478210449e-01
-3.632809519767761230e-01
-3.633023798465728760e-01
-3.639688193798065186e-01
-3.637804388999938965e-01
-3.638615012168884277e-01
-3.647947311401367188e-01
-3.643485009670257568e-01
-3.632951676845550537e-01
-3.650355041027069092e-01
-3.637594878673553467e-01
-3.636168837547302246e-01
-3.645622134208679199e-01
-3.643806278705596924e-01
-3.641118705272674561e-01
-3.636673390865325928e-01
-3.644468486309051514e-01
-3.645480275154113770e-01
-3.644771277904510498e-01
-3.641724288463592529e-01
-3.642570078372955322e-01
-3.638768196105957031e-01
-3.644267022609710693e-01
-3.646574616432189941e-01
-3.643409609794616699e-01
-3.637890815734863281e-01
-3.650650084018707275e-01
-3.642767965793609619e-01
-3.643508851528167725e-01
-3.639435470104217529e-01
-3.644206225872039795e-01
-3.644782602787017822e-01
-3.644765019416809082e-01
-3.653960227966308594e-01
-3.644004464149475098e-01
-3.650388121604919434e-01
-3.635312020778656006e-01
-3.651120662689208984e-01
-3.645158708095550537e-01
-3.641728460788726807e-01
-3.642701506614685059e-01
-3.647852838039398193e-01
-3.644677102565765381e-01
-3.643790781497955322e-01
-3.644270002841949463e-01
-3.648554086685180664e-01
-3.641301393508911133e-01
-3.653478920459747314e-01
-3.648974001407623291e-01
-3.649281561374664307e-01
-3.642848730087280273e-01
-3.657190203666687012e-01
-3.650076985359191895e-01
-3.651107847690582275e-01
-3.647318184375762939e-01
-3.648841679096221924e-01
-3.644515275955200195e-01
-3.650286197662353516e-01
-3.647261261940002441e-01
-3.639771640300750732e-01
-3.652493655681610107e-01
-3.644345104694366455e-01
-3.646645545959472656e-01
-3.652656972408294678e-01
-3.637563288211822510e-01
-3.640958368778228760e-01
-3.645386397838592529e-01
-3.654803931713104248e-01
-3.639504611492156982e-01
-3.639234006404876709e-01
-3.642522692680358887e-01
-3.646480739116668701e-01
-3.647560477256774902e-01
-3.650818467140197754e-01
-3.657780885696411133e-01
-3.654788732528686523e-01
-3.639870882034301758e-01
-3.635765910148620605e-01
-3.642562627792358398e-01
-3.641182184219360352e-01
-3.650717139244079590e-01
-3.657973110675811768e-01
-3.648560047149658203e-01
-3.649619221687316895e-01
-3.646916449069976807e-01
-3.645328283309936523e-01
-3.650024533271789551e-01
-3.644502758979797363e-01
-3.643792867660522461e-01
-3.651595413684844971e-01
-3.642643988132476807e-01
-3.646741807460784912e-01
-3.656682670116424561e-01
-3.647752702236175537e-01
-3.657169640064239502e-01
-3.651070594787597656e-01
-3.640923500061035156e-01
-3.648931682109832764e-01
-3.648448288440704346e-01
-3.646392822265625000e-01
-3.651560246944427490e-01
-3.652093708515167236e-01
-3.659102320671081543e-01
-3.651766479015350342e-01
-3.645500540733337402e-01
-3.653188347816467285e-01
-3.643444776535034180e-01
-3.654571473598480225e-01
-3.642307519912719727e-01
-3.648874163627624512e-01
-3.654487133026123047e-01
-3.647935688495635986e-01
-3.638473451137542725e-01
-3.646811842918395996e-01
-3.652643859386444092e-01
-3.642911314964294434e-01
-3.656124770641326904e-01
-3.660562038421630859e-01
-3.651732206344604492e-01
-3.650428354740142822e-01
-3.647726178169250488e-01
-3.654068708419799805e-01
-3.651161491870880127e-01
-3.655584752559661865e-01
-3.647634387016296387e-01
-3.657585382461547852e-01
-3.663184940814971924e-01
-3.651610910892486572e-01
-3.641810417175292969e-01
-3.644763231277465820e-01
-3.646986186504364014e-01
-3.655701279640197754e-01
-3.644399344921112061e-01
-3.656391501426696777e-01
-3.650914728641510010e-01
-3.650362193584442139e-01
-3.653672337532043457e-01
-3.654804527759552002e-01
-3.646899759769439697e-01
-3.649487197399139404e-01
-3.648212254047393799e-01
-3.646019995212554932e-01
-3.657829463481903076e-01
-3.649656474590301514e-01
-3.651019632816314697e-01
-3.654351234436035156e-01
-3.641556799411773682e-01
-3.646578490734100342e-01
-3.660469353199005127e-01
-3.650555908679962158e-01
-3.647434711456298828e-01
-3.651709556579589844e-01
-3.653752505779266357e-01
-3.655779063701629639e-01
-3.653968870639801025e-01
-3.654650449752807617e-01
-3.658219575881958008e-01
-3.649365901947021484e-01
-3.650884628295898438e-01
-3.638848066329956055e-01
-3.645564317703247070e-01
-3.649221360683441162e-01
-3.660508394241333008e-01
-3.655372858047485352e-01
-3.641825318336486816e-01
-3.654612898826599121e-01
-3.650036156177520752e-01
-3.657848536968231201e-01
-3.651807904243469238e-01
-3.645062744617462158e-01
-3.655706346035003662e-01
-3.655272424221038818e-01
-3.652852475643157959e-01
-3.651312291622161865e-01
-3.653735220432281494e-01
-3.651776015758514404e-01
-3.655705451965332031e-01
-3.649967610836029053e-01
-3.659519851207733154e-01
-3.644844293594360352e-01
-3.655554652214050293e-01
-3.639692962169647217e-01
-3.660171627998352051e-01
-3.648192882537841797e-01
-3.653580248355865479e-01
-3.657149076461791992e-01
-3.657433390617370605e-01
-3.656752407550811768e-01
-3.651868700981140137e-01
-3.653027415275573730e-01
-3.651328682899475098e-01
-3.650938272476196289e-01
-3.650788068771362305e-01
-3.651799261569976807e-01
-3.653554618358612061e-01
-3.657070398330688477e-01
-3.654581308364868164e-01
-3.640992343425750732e-01
-3.654863834381103516e-01
-3.654545843601226807e-01
-3.652423024177551270e-01
-3.644181191921234131e-01
-3.648962378501892090e-01
-3.647642135620117188e-01
-3.660899996757507324e-01
-3.657391369342803955e-01
-3.649905920028686523e-01
-3.662165403366088867e-01
-3.652753829956054688e-01
-3.664355278015136719e-01
-3.653542697429656982e-01
-3.647922277450561523e-01
-3.643756806850433350e-01
-3.654569685459136963e-01
-3.652525246143341064e-01
-3.650754988193511963e-01
-3.659296929836273193e-01
-3.649768531322479248e-01
-3.654272854328155518e-01
-3.655604720115661621e-01
-3.657435178756713867e-01
-3.654810190200805664e-01
-3.659239411354064941e-01
-3.671114742755889893e-01
-3.654001951217651367e-01
-3.664008677005767822e-01
-3.655159175395965576e-01
-3.660378158092498779e-01
-3.653728067874908447e-01
-3.653921484947204590e-01
-3.656459748744964600e-01
-3.656553924083709717e-01
-3.661419749259948730e-01
-3.656186461448669434e-01
-3.656073808670043945e-01
-3.661004304885864258e-01
-3.658187985420227051e-01
-3.653600513935089111e-01
-3.657636046409606934e-01
-3.662818372249603271e-01
-3.665334880352020264e-01
-3.653796613216400146e-01
-3.653747439384460449e-01
-3.663763999938964844e-01
-3.666774332523345947e-01
-3.662243485450744629e-01
-3.668625056743621826e-01
-3.667631149291992188e-01
-3.658341467380523682e-01
-3.652571141719818115e-01
-3.665316104888916016e-01
-3.659286499023437500e-01
-3.659568727016448975e-01
-3.657329082489013672e-01
-3.654195666313171387e-01
-3.658851981163024902e-01
-3.649626970291137695e-01
-3.661967813968658447e-01
-3.654077053070068359e-01
-3.658822774887084961e-01
-3.655770421028137207e-01
-3.662409782409667969e-01
-3.654407858848571777e-01
-3.661740720272064209e-01
-3.659965693950653076e-01
-3.661907613277435303e-01
-3.661344051361083984e-01
-3.654991686344146729e-01
-3.659348189830780029e-01
-3.657408952713012695e-01
-3.652151525020599365e-01
-3.654403984546661377e-01
-3.652304112911224365e-01
-3.661649823188781738e-01
-3.652859628200531006e-01
-3.651761412620544434e-01
-3.660581111907958984e-01
-3.667412400245666504e-01
-3.662098944187164307e-01
-3.658294677734375000e-01
-3.664940595626831055e-01
-3.654443025588989258e-01
-3.647729456424713135e-01
-3.654879629611968994e-01
-3.652840852737426758e-01
-3.655680716037750244e-01
-3.658468127250671387e-01
-3.654954731464385986e-01
-3.658336699008941650e-01
-3.655917346477508545e-01
-3.651225566864013672e-01
-3.650254309177398682e-01
-3.661829233169555664e-01
-3.659291267395019531e-01
-3.655206263065338135e-01
-3.658550381660461426e-01
-3.652230799198150635e-01
-3.664338588714599609e-01
-3.656536936759948730e-01
-3.658818900585174561e-01
-3.660730719566345215e-01
-3.660935461521148682e-01
-3.659936189651489258e-01
-3.660778999328613281e-01
-3.660018742084503174e-01
-3.668701052665710449e-01
-3.657196760177612305e-01
-3.654886484146118164e-01
-3.652203977108001709e-01
-3.654742240905761719e-01
-3.656033277511596680e-01
-3.655596673488616943e-01
-3.658016920089721680e-01
-3.661464154720306396e-01
-3.665048182010650635e-01
-3.654891848564147949e-01
-3.663330078125000000e-01
-3.662411570549011230e-01
-3.666490614414215088e-01
-3.663224577903747559e-01
-3.669124543666839600e-01
-3.660894036293029785e-01
-3.667327165603637695e-01
-3.652369379997253418e-01
-3.651244044303894043e-01
-3.657048344612121582e-01
-3.660353422164916992e-01
-3.662672638893127441e-01
-3.661234378814697266e-01
-3.663763403892517090e-01
-3.650737106800079346e-01
-3.653686642646789551e-01
-3.667641580104827881e-01
-3.656988441944122314e-01
-3.655269443988800049e-01
-3.653491139411926270e-01
-3.662277162075042725e-01
-3.668240904808044434e-01
-3.657725751399993896e-01
-3.656774759292602539e-01
-3.658510744571685791e-01
-3.660940527915954590e-01
-3.664542436599731445e-01
-3.663673102855682373e-01
-3.662457764148712158e-01
-3.664652109146118164e-01
-3.657031059265136719e-01
-3.653346598148345947e-01
-3.659486770629882812e-01
-3.659380972385406494e-01
-3.657540678977966309e-01
-3.663299381732940674e-01
-3.662613034248352051e-01
-3.654266893863677979e-01
-3.668425083160400391e-01
-3.659160137176513672e-01
-3.664686381816864014e-01
-3.654348850250244141e-01
-3.655701875686645508e-01
-3.666128218173980713e-01
-3.664840161800384521e-01
-3.661483228206634521e-01
-3.663820326328277588e-01
-3.657099604606628418e-01
-3.661349415779113770e-01
-3.661582171916961670e-01
-3.656887114048004150e-01
-3.661846220493316650e-01
-3.662516474723815918e-01
-3.657404482364654541e-01
-3.655814230442047119e-01
-3.663809597492218018e-01
-3.663259148597717285e-01
-3.670834898948669434e-01
-3.664489686489105225e-01
-3.668230473995208740e-01
-3.661998212337493896e-01
-3.670029938220977783e-01
-3.665894567966461182e-01
-3.665130138397216797e-01
-3.666492700576782227e-01
-3.664218783378601074e-01
-3.665957152843475342e-01
-3.669286966323852539e-01
-3.656567931175231934e-01
-3.658176958560943604e-01
-3.671106696128845215e-01
-3.662037551403045654e-01
-3.659451901912689209e-01
-3.653167188167572021e-01
-3.667903840541839600e-01
-3.663181960582733154e-01
-3.663383126258850098e-01
-3.663508892059326172e-01
-3.662034869194030762e-01
-3.662784099578857422e-01
-3.663807809352874756e-01
-3.660983145236968994e-01
-3.666871190071105957e-01
-3.662800788879394531e-01
-3.669239580631256104e-01
-3.657182455062866211e-01
-3.655548095703125000e-01
-3.676542937755584717e-01
-3.654374182224273682e-01
-3.675293028354644775e-01
-3.662762045860290527e-01
-3.665244281291961670e-01
-3.670216202735900879e-01
-3.667714297771453857e-01
-3.663941919803619385e-01
-3.653820455074310303e-01
-3.667882978916168213e-01
-3.663029968738555908e-01
-3.660212457180023193e-01
-3.662684857845306396e-01
-3.665666580200195312e-01
-3.652393221855163574e-01
-3.664602935314178467e-01
-3.658375144004821777e-01
-3.658245801925659180e-01
-3.655061423778533936e-01
-3.668770194053649902e-01
-3.666575849056243896e-01
-3.665220737457275391e-01
-3.664229512214660645e-01
-3.666775822639465332e-01
-3.661157190799713135e-01
-3.659967184066772461e-01
-3.662423491477966309e-01
-3.654721677303314209e-01
-3.675327897071838379e-01
-3.666737079620361328e-01
-3.663850128650665283e-01
-3.659500777721405029e-01
-3.669925630092620850e-01
-3.666497766971588135e-01
-3.659690618515014648e-01
-3.667006790637969971e-01
-3.660278320312500000e-01
-3.668331801891326904e-01
-3.665617108345031738e-01
-3.668723106384277344e-01
-3.665735125541687012e-01
-3.665775656700134277e-01
-3.668394982814788818e-01
-3.668258190155029297e-01
-3.666249513626098633e-01
-3.656868338584899902e-01
-3.663101196289062500e-01
-3.669136464595794678e-01
-3.666761517524719238e-01
-3.658509552478790283e-01
-3.667039871215820312e-01
-3.672315180301666260e-01
-3.675429821014404297e-01
-3.660304248332977295e-01
-3.663372695446014404e-01
-3.660919070243835449e-01
-3.666630685329437256e-01
-3.664254248142242432e-01
-3.665006756782531738e-01
-3.670915663242340088e-01
-3.668240904808044434e-01
-3.664799630641937256e-01
-3.668776750564575195e-01
-3.661672174930572510e-01
-3.673720657825469971e-01
-3.664836287498474121e-01
-3.663730919361114502e-01
-3.662130534648895264e-01
-3.667209446430206299e-01
-3.668627440929412842e-01
-3.658366203308105469e-01
-3.661872446537017822e-01
-3.668237626552581787e-01
-3.661226630210876465e-01
-3.664840161800384521e-01
-3.663296997547149658e-01
-3.669823706150054932e-01
-3.676182925701141357e-01
-3.671557009220123291e-01
-3.670297265052795410e-01
-3.666756451129913330e-01
-3.670637607574462891e-01
-3.657503128051757812e-01
-3.667508661746978760e-01
-3.674812614917755127e-01
-3.670161068439483643e-01
-3.664850592613220215e-01
-3.670236170291900635e-01
-3.666695654392242432e-01
-3.673765957355499268e-01
-3.668185472488403320e-01
-3.665577769279479980e-01
-3.668870925903320312e-01
-3.668293356895446777e-01
-3.665384054183959961e-01
-3.665094077587127686e-01
-3.673366606235504150e-01
-3.668121993541717529e-01
-3.668716549873352051e-01
-3.668552935123443604e-01
-3.663052320480346680e-01
-3.673385083675384521e-01
-3.661541044712066650e-01
-3.668336272239685059e-01
-3.666913211345672607e-01
-3.668574094772338867e-01
-3.665546178817749023e-01
-3.670080602169036865e-01
-3.663859963417053223e-01
-3.672145903110504150e-01
-3.671236932277679443e-01
-3.662768304347991943e-01
-3.665288388729095459e-01
-3.666966557502746582e-01
-3.661872148513793945e-01
-3.665215373039245605e-01
-3.660228550434112549e-01
-3.677019476890563965e-01
-3.673808574676513672e-01
-3.661791384220123291e-01
-3.661280572414398193e-01
-3.671940267086029053e-01
-3.666515648365020752e-01
-3.657605051994323730e-01
-3.663701117038726807e-01
-3.673871457576751709e-01
-3.665045797824859619e-01
-3.666813373565673828e-01
-3.673097491264343262e-01
-3.669505417346954346e-01
-3.666725456714630127e-01
-3.663678467273712158e-01
-3.668592274188995361e-01
-3.666400015354156494e-01
-3.662990033626556396e-01
-3.676125407218933105e-01
-3.668527901172637939e-01
-3.671920895576477051e-01
-3.671997487545013428e-01
-3.672389388084411621e-01
-3.672161400318145752e-01
-3.676325082778930664e-01
-3.673044145107269287e-01
-3.666140735149383545e-01
-3.670161068439483643e-01
-3.669623434543609619e-01
-3.659253120422363281e-01
-3.668670058250427246e-01
-3.671050369739532471e-01
-3.668077290058135986e-01
-3.674958348274230957e-01
-3.665427565574645996e-01
-3.666388392448425293e-01
-3.664751648902893066e-01
-3.672539591789245605e-01
-3.672305941581726074e-01
-3.672887682914733887e-01
-3.663739264011383057e-01
-3.670469224452972412e-01
-3.671639263629913330e-01
-3.672610819339752197e-01
-3.667939007282257080e-01
-3.662383556365966797e-01
-3.667100965976715088e-01
-3.671028316020965576e-01
-3.670332729816436768e-01
-3.675583302974700928e-01
-3.671442270278930664e-01
-3.674676120281219482e-01
-3.673512637615203857e-01
-3.673716783523559570e-01
-3.674333989620208740e-01
-3.667965233325958252e-01
-3.670234382152557373e-01
-3.672283291816711426e-01
-3.669708371162414551e-01
-3.673722445964813232e-01
-3.670762181282043457e-01
-3.677251338958740234e-01
-3.667245507240295410e-01
-3.665994405746459961e-01
-3.680679202079772949e-01
-3.667707145214080811e-01
-3.665721118450164795e-01
-3.671486973762512207e-01
-3.666940331459045410e-01
-3.672423064708709717e-01
-3.676824569702148438e-01
-3.677096366882324219e-01
-3.675700724124908447e-01
-3.675369322299957275e-01
-3.669829666614532471e-01
-3.671585321426391602e-01
-3.661305308341979980e-01
-3.671005368232727051e-01
-3.679871857166290283e-01
-3.674735128879547119e-01
-3.665227591991424561e-01
-3.677251636981964111e-01
-3.663828969001770020e-01
-3.674970567226409912e-01
-3.668669462203979492e-01
-3.670592606067657471e-01
-3.671586513519287109e-01
-3.663868010044097900e-01
-3.668865859508514404e-01
-3.669964969158172607e-01
-3.672176599502563477e-01
-3.672600090503692627e-01
-3.672479689121246338e-01
-3.663572371006011963e-01
-3.678914010524749756e-01
-3.663173317909240723e-01
-3.670879602432250977e-01
-3.680522441864013672e-01
-3.667280375957489014e-01
-3.666024804115295410e-01
-3.675516843795776367e-01
-3.661015629768371582e-01
-3.671559393405914307e-01
-3.668850362300872803e-01
-3.665522336959838867e-01
-3.670090138912200928e-01
-3.661381900310516357e-01
-3.666397929191589355e-01
-3.679150640964508057e-01
-3.664388954639434814e-01
-3.661617040634155273e-01
-3.675468862056732178e-01
-3.671645224094390869e-01
-3.668921291828155518e-01
-3.671903014183044434e-01
-3.674817979335784912e-01
-3.674464821815490723e-01
-3.673596680164337158e-01
-3.671352863311767578e-01
-3.676422834396362305e-01
-3.666842579841613770e-01
-3.671508729457855225e-01
-3.666569292545318604e-01
-3.669505715370178223e-01
-3.665425181388854980e-01
-3.677907586097717285e-01
-3.666563928127288818e-01
-3.678010106086730957e-01
-3.664671778678894043e-01
-3.666783571243286133e-01
-3.667558729648590088e-01
-3.671745061874389648e-01
-3.679296374320983887e-01
-3.677841424942016602e-01
-3.677980899810791016e-01
-3.672166764736175537e-01
-3.682746589183807373e-01
-3.674165010452270508e-01
-3.673253655433654785e-01
-3.673300147056579590e-01
-3.671936094760894775e-01
-3.678019344806671143e-01
-3.676922619342803955e-01
-3.680462837219238281e-01
-3.681344091892242432e-01
-3.665976524353027344e-01
-3.670678734779357910e-01
-3.672963976860046387e-01
-3.676355481147766113e-01
-3.675877749919891357e-01
-3.671308457851409912e-01
-3.674103617668151855e-01
-3.674312829971313477e-01
-3.675644099712371826e-01
-3.675086498260498047e-01
-3.675850927829742432e-01
-3.670120239257812500e-01
-3.679633736610412598e-01
-3.675988018512725830e-01
-3.673262894153594971e-01
-3.680788278579711914e-01
-3.666129708290100098e-01
-3.670509755611419678e-01
-3.672935664653778076e-01
-3.669961988925933838e-01
-3.671715557575225830e-01
-3.681831657886505127e-01
-3.675389289855957031e-01
-3.676244616508483887e-01
-3.674644231796264648e-01
-3.682475686073303223e-01
-3.670305013656616211e-01
-3.674364089965820312e-01
-3.669458627700805664e-01
-3.675231039524078369e-01
-3.678363263607025146e-01
-3.677536845207214355e-01
-3.678009510040283203e-01
-3.666369318962097168e-01
-3.671828508377075195e-01
-3.677757084369659424e-01
-3.672604858875274658e-01
-3.676175475120544434e-01
-3.674966990947723389e-01
-3.665259480476379395e-01
-3.678917884826660156e-01
-3.671898245811462402e-01
-3.675710260868072510e-01
-3.667828738689422607e-01
-3.677424192428588867e-01
-3.678954541683197021e-01
-3.678735494613647461e-01
-3.679724335670471191e-01
-3.668312430381774902e-01
-3.668834865093231201e-01
-3.672940433025360107e-01
-3.673243522644042969e-01
-3.666439354419708252e-01
-3.673881292343139648e-01
-3.667594790458679199e-01
-3.675775527954101562e-01
-3.683643937110900879e-01
-3.670763969421386719e-01
-3.680631518363952637e-01
-3.683518767356872559e-01
-3.680315613746643066e-01
-3.673088252544403076e-01
-3.676516711711883545e-01
-3.673690855503082275e-01
-3.672876358032226562e-01
-3.680786192417144775e-01
-3.677937686443328857e-01
-3.677587509155273438e-01
-3.672339320182800293e-01
-3.677395284175872803e-01
-3.675920665264129639e-01
-3.672262132167816162e-01
-3.677474856376647949e-01
-3.681426346302032471e-01
-3.679985404014587402e-01
-3.667108118534088135e-01
-3.677129745483398438e-01
-3.672562837600708008e-01
-3.680522441864013672e-01
-3.677068948745727539e-01
-3.674558997154235840e-01
-3.677525520324707031e-01
-3.676520884037017822e-01
-3.677186965942382812e-01
-3.674400150775909424e-01
-3.678500652313232422e-01
-3.673380911350250244e-01
-3.674334585666656494e-01
-3.669569790363311768e-01
-3.668204247951507568e-01
-3.678285479545593262e-01
-3.679035604000091553e-01
-3.671019971370697021e-01
-3.676129877567291260e-01
-3.682544827461242676e-01
-3.680581450462341309e-01
-3.674890697002410889e-01
-3.674023747444152832e-01
-3.671488463878631592e-01
-3.677242994308471680e-01
-3.680596649646759033e-01
-3.678851425647735596e-01
-3.675109148025512695e-01
-3.681233525276184082e-01
-3.671522140502929688e-01
-3.678219914436340332e-01
-3.677254915237426758e-01
-3.686193823814392090e-01
-3.679100573062896729e-01
-3.673389852046966553e-01
-3.672055006027221680e-01
-3.673362135887145996e-01
-3.677188754081726074e-01
-3.678829967975616455e-01
-3.671864271163940430e-01
-3.678803145885467529e-01
-3.681636452674865723e-01
-3.679793775081634521e-01
-3.682402074337005615e-01
-3.669610619544982910e-01
-3.672427237033843994e-01
-3.675930202007293701e-01
-3.670424818992614746e-01
-3.676104843616485596e-01
-3.678727149963378906e-01
-3.679628670215606689e-01
-3.676774799823760986e-01
-3.670458197593688965e-01
-3.675847351551055908e-01
-3.675554394721984863e-01
-3.677440881729125977e-01
-3.685082197189331055e-01
-3.671933710575103760e-01
-3.675726950168609619e-01
-3.672901093959808350e-01
-3.677426874637603760e-01
-3.680293560028076172e-01
-3.674830198287963867e-01
-3.669711351394653320e-01
-3.669036924839019775e-01
-3.678212463855743408e-01
-3.677814304828643799e-01
-3.676681518554687500e-01
-3.672369420528411865e-01
-3.673947155475616455e-01
-3.679884076118469238e-01
-3.683200180530548096e-01
-3.679738640785217285e-01
-3.672932088375091553e-01
-3.670486211776733398e-01
-3.673994839191436768e-01
-3.678096532821655273e-01
-3.674398362636566162e-01
-3.671436607837677002e-01
-3.673310577869415283e-01
-3.678588569164276123e-01
-3.679442703723907471e-01
-3.674424886703491211e-01
-3.676545321941375732e-01
-3.673260509967803955e-01
-3.672628104686737061e-01
-3.674840927124023438e-01
-3.680615723133087158e-01
-3.675527274608612061e-01
-3.675830662250518799e-01
-3.676246106624603271e-01
-3.678360879421234131e-01
-3.679478466510772705e-01
-3.680609464645385742e-01
-3.678118288516998291e-01
-3.675448298454284668e-01
-3.683255016803741455e-01
-3.677914142608642578e-01
-3.684320151805877686e-01
-3.675615191459655762e-01
-3.675298988819122314e-01
-3.680282831192016602e-01
-3.687207698822021484e-01
-3.683780431747436523e-01
-3.671948909759521484e-01
-3.678899109363555908e-01
-3.673256933689117432e-01
-3.668307960033416748e-01
-3.678408265113830566e-01
-3.674120008945465088e-01
-3.677211999893188477e-01
-3.676395118236541748e-01
-3.671867549419403076e-01
-3.680694103240966797e-01
-3.677791655063629150e-01
-3.673120737075805664e-01
-3.673724234104156494e-01
-3.671289980411529541e-01
-3.682535290718078613e-01
-3.676817715167999268e-01
-3.670523166656494141e-01
-3.684270381927490234e-01
-3.682070374488830566e-01
-3.675940632820129395e-01
-3.683056235313415527e-01
-3.677409589290618896e-01
-3.686574101448059082e-01
-3.676441013813018799e-01
-3.678829371929168701e-01
-3.674941956996917725e-01
-3.676085770130157471e-01
-3.681424558162689209e-01
-3.682532608509063721e-01
-3.679789900779724121e-01
-3.667373359203338623e-01
-3.676964640617370605e-01
-3.681750595569610596e-01
-3.681574165821075439e-01
-3.676705360412597656e-01
-3.677712380886077881e-01
-3.684621453285217285e-01
-3.680332005023956299e-01
-3.683550953865051270e-01
-3.682667315006256104e-01
-3.677962720394134521e-01
-3.680103719234466553e-01
-3.687339425086975098e-01
-3.680278956890106201e-01
-3.682024776935577393e-01
-3.679088652133941650e-01
-3.681467175483703613e-01
-3.673403263092041016e-01
-3.684375584125518799e-01
-3.681522905826568604e-01
-3.675274848937988281e-01
-3.672794103622436523e-01
-3.680552244186401367e-01
-3.675761818885803223e-01
-3.680230081081390381e-01
-3.678787648677825928e-01
-3.676697909832000732e-01
-3.681349456310272217e-01
-3.675394952297210693e-01
-3.680587708950042725e-01
-3.676893413066864014e-01
-3.680212497711181641e-01
-3.676973879337310791e-01
-3.672773241996765137e-01
-3.683022856712341309e-01
-3.680275082588195801e-01
-3.681875467300415039e-01
-3.681589365005493164e-01
-3.684517741203308105e-01
-3.676496446132659912e-01
-3.681880533695220947e-01
-3.677423596382141113e-01
-3.675258457660675049e-01
-3.680617809295654297e-01
-3.679284155368804932e-01
-3.686830401420593262e-01
-3.682153820991516113e-01
-3.688686490058898926e-01
-3.682942092418670654e-01
-3.676810264587402344e-01
-3.684248328208923340e-01
-3.684136271476745605e-01
-3.676985502243041992e-01
-3.691102266311645508e-01
-3.682276904582977295e-01
-3.672762513160705566e-01
-3.684673011302947998e-01
-3.681277036666870117e-01
-3.677027225494384766e-01
-3.675679862499237061e-01
-3.685285747051239014e-01
-3.683301210403442383e-01
-3.671023547649383545e-01
-3.688520491123199463e-01
-3.682806789875030518e-01
-3.681400120258331299e-01
-3.677105903625488281e-01
-3.678326010704040527e-01
-3.677093088626861572e-01
-3.688109219074249268e-01
-3.680470585823059082e-01
-3.679971396923065186e-01
-3.679365813732147217e-01
-3.684973716735839844e-01
-3.673343062400817871e-01
-3.677435219287872314e-01
-3.679939806461334229e-01
-3.681599199771881104e-01
-3.675504028797149658e-01
-3.680640161037445068e-01
-3.679711818695068359e-01
-3.682526350021362305e-01
-3.682714104652404785e-01
-3.681570291519165039e-01
-3.679528832435607910e-01
-3.688366413116455078e-01
-3.686820566654205322e-01
-3.685176372528076172e-01
-3.684774041175842285e-01
-3.679431080818176270e-01
-3.680336773395538330e-01
-3.685497939586639404e-01
-3.685992360115051270e-01
-3.679734766483306885e-01
-3.682809472084045410e-01
-3.681738376617431641e-01
-3.684171140193939209e-01
-3.676682710647583008e-01
-3.677499890327453613e-01
-3.682304620742797852e-01
-3.685939908027648926e-01
-3.686979413032531738e-01
-3.686056435108184814e-01
-3.681102991104125977e-01
-3.681666254997253418e-01
-3.676159679889678955e-01
-3.687376081943511963e-01
-3.677535951137542725e-01
-3.684186935424804688e-01
-3.688650727272033691e-01
-3.673471808433532715e-01
-3.684786856174468994e-01
-3.687130808830261230e-01
-3.682964444160461426e-01
-3.687402904033660889e-01
-3.689778149127960205e-01
-3.677828013896942139e-01
-3.683150112628936768e-01
-3.681803643703460693e-01
-3.684248030185699463e-01
-3.678819537162780762e-01
-3.683758080005645752e-01
-3.690453469753265381e-01
-3.678883910179138184e-01
-3.673696815967559814e-01
-3.682372272014617920e-01
-3.677102625370025635e-01
-3.682121634483337402e-01
-3.678894042968750000e-01
-3.677546977996826172e-01
-3.679164648056030273e-01
-3.683881163597106934e-01
-3.679638504981994629e-01
-3.687806427478790283e-01
-3.677951991558074951e-01
-3.684951663017272949e-01
-3.682979345321655273e-01
-3.676913976669311523e-01
-3.682431280612945557e-01
-3.687818646430969238e-01
-3.679612278938293457e-01
-3.671501874923706055e-01
-3.680791556835174561e-01
-3.684674501419067383e-01
-3.681742250919342041e-01
-3.684673905372619629e-01
-3.684713840484619141e-01
-3.677029311656951904e-01
-3.691091835498809814e-01
-3.686096072196960449e-01
-3.685115575790405273e-01
-3.686429560184478760e-01
-3.692839443683624268e-01
-3.689744770526885986e-01
-3.681888282299041748e-01
-3.675308823585510254e-01
-3.675253391265869141e-01
-3.681862652301788330e-01
-3.680552840232849121e-01
-3.685025572776794434e-01
-3.680789172649383545e-01
-3.681823313236236572e-01
-3.681540191173553467e-01
-3.684061169624328613e-01
-3.683055937290191650e-01
-3.685073256492614746e-01
-3.687567114830017090e-01
-3.679162561893463135e-01
-3.679443895816802979e-01
-3.680564165115356445e-01
-3.688532710075378418e-01
-3.684785664081573486e-01
-3.680129945278167725e-01
-3.685013949871063232e-01
-3.682817518711090088e-01
-3.679482340812683105e-01
-3.690070807933807373e-01
-3.686577081680297852e-01
-3.683173358440399170e-01
-3.681923151016235352e-01
-3.689469695091247559e-01
-3.686821460723876953e-01
-3.684175908565521240e-01
-3.676022291183471680e-01
-3.685910105705261230e-01
-3.687116801738739014e-01
-3.684489428997039795e-01
-3.681051731109619141e-01
-3.688006103038787842e-01
-3.689938783645629883e-01
-3.682495355606079102e-01
-3.681237697601318359e-01
-3.684833645820617676e-01
-3.686429560184478760e-01
-3.686554133892059326e-01
-3.683455884456634521e-01
-3.684746623039245605e-01
-3.687077462673187256e-01
-3.677963018417358398e-01
-3.681560754776000977e-01
-3.683581650257110596e-01
-3.684172928333282471e-01
-3.682348132133483887e-01
-3.685295283794403076e-01
-3.682586848735809326e-01
-3.689563274383544922e-01
-3.679444789886474609e-01
-3.686829805374145508e-01
-3.689117431640625000e-01
-3.685662746429443359e-01
-3.688545525074005127e-01
-3.687202632427215576e-01
-3.690139055252075195e-01
-3.681136369705200195e-01
-3.681952357292175293e-01
-3.683834969997406006e-01
-3.685174584388732910e-01
-3.685857951641082764e-01
-3.684775531291961670e-01
-3.688674867153167725e-01
-3.686598539352416992e-01
-3.683753609657287598e-01
-3.683663010597229004e-01
-3.681920766830444336e-01
-3.688520193099975586e-01
-3.684963285923004150e-01
-3.698631227016448975e-01
-3.690635859966278076e-01
-3.687968254089355469e-01
-3.681643903255462646e-01
-3.678057789802551270e-01
-3.689188063144683838e-01
-3.690623044967651367e-01
-3.687791824340820312e-01
-3.684308230876922607e-01
-3.685580492019653320e-01
-3.689935803413391113e-01
-3.685650825500488281e-01
-3.685854673385620117e-01
-3.685832023620605469e-01
-3.688912391662597656e-01
-3.689270615577697754e-01
-3.690139055252075195e-01
-3.682706058025360107e-01
-3.682581782341003418e-01
-3.684299290180206299e-01
-3.687094449996948242e-01
-3.680429756641387939e-01
-3.690907657146453857e-01
-3.691495954990386963e-01
-3.691452741622924805e-01
-3.685095012187957764e-01
-3.682508170604705811e-01
-3.695515692234039307e-01
-3.682275414466857910e-01
-3.686766326427459717e-01
-3.684008717536926270e-01
-3.682912290096282959e-01
-3.689595162868499756e-01
-3.688645064830780029e-01
-3.691074550151824951e-01
-3.682539165019989014e-01
-3.688976466655731201e-01
-3.684547543525695801e-01
-3.687605559825897217e-01
-3.686392307281494141e-01
-3.685977756977081299e-01
-3.683217763900756836e-01
-3.685646355152130127e-01
-3.680372536182403564e-01
-3.687587678432464600e-01
-3.689292073249816895e-01
-3.684539198875427246e-01
-3.682201504707336426e-01
-3.682719767093658447e-01
-3.685447871685028076e-01
-3.691009581089019775e-01
-3.676303923130035400e-01
-3.684370815753936768e-01
-3.679742515087127686e-01
-3.681705892086029053e-01
-3.677576780319213867e-01
-3.688258826732635498e-01
-3.684962987899780273e-01
-3.682562112808227539e-01
-3.688214123249053955e-01
-3.685394823551177979e-01
-3.688003718852996826e-01
-3.679059147834777832e-01
-3.680185079574584961e-01
-3.689740598201751709e-01
-3.690665960311889648e-01
-3.688075244426727295e-01
-3.686353862285614014e-01
-3.682925105094909668e-01
-3.681442141532897949e-01
-3.686723113059997559e-01
-3.691526353359222412e-01
-3.685785830020904541e-01
-3.689792454242706299e-01
-3.686383068561553955e-01
-3.692394495010375977e-01
-3.681835234165191650e-01
-3.679876029491424561e-01
-3.690272569656372070e-01
-3.690434098243713379e-01
-3.683458268642425537e-01
-3.688822388648986816e-01
-3.689993321895599365e-01
-3.690415024757385254e-01
-3.683479130268096924e-01
-3.688910007476806641e-01
-3.689304292201995850e-01
-3.686118721961975098e-01
-3.686105310916900635e-01
-3.687008023262023926e-01
-3.689048886299133301e-01
-3.686718046665191650e-01
-3.685787618160247803e-01
-3.686911761760711670e-01
-3.689119815826416016e-01
-3.690623641014099121e-01
-3.685197830200195312e-01
-3.689716756343841553e-01
-3.685471713542938232e-01
-3.690782487392425537e-01
-3.689083755016326904e-01
-3.683978319168090820e-01
-3.685755729675292969e-01
-3.684394359588623047e-01
-3.691505193710327148e-01
-3.687303662300109863e-01
-3.685114681720733643e-01
-3.690019249916076660e-01
-3.690353333950042725e-01
-3.688847720623016357e-01
-3.688001036643981934e-01
-3.688933551311492920e-01
-3.689231872558593750e-01
-3.686850965023040771e-01
-3.687708079814910889e-01
-3.678710460662841797e-01
-3.686679601669311523e-01
-3.686578869819641113e-01
-3.680068254470825195e-01
-3.699471950531005859e-01
-3.686637580394744873e-01
-3.690927028656005859e-01
-3.696049153804779053e-01
-3.689342737197875977e-01
-3.685832321643829346e-01
-3.691417872905731201e-01
-3.684872984886169434e-01
-3.686550259590148926e-01
-3.687786757946014404e-01
-3.690686523914337158e-01
-3.688045144081115723e-01
-3.686670660972595215e-01
-3.692121505737304688e-01
-3.689107596874237061e-01
-3.691226243972778320e-01
-3.685948550701141357e-01
-3.685471713542938232e-01
-3.688161075115203857e-01
-3.689266443252563477e-01
-3.690630495548248291e-01
-3.686483800411224365e-01
-3.687766194343566895e-01
-3.690208494663238525e-01
-3.687242567539215088e-01
-3.688685297966003418e-01
-3.685810565948486328e-01
-3.683173954486846924e-01
-3.697924315929412842e-01
-3.688366711139678955e-01
-3.689598441123962402e-01
-3.688567578792572021e-01
-3.687268197536468506e-01
-3.691085278987884521e-01
-3.692827224731445312e-01
-3.685298562049865723e-01
-3.684343397617340088e-01
-3.689513504505157471e-01
-3.687956035137176514e-01
-3.688993155956268311e-01
-3.689045310020446777e-01
-3.692958652973175049e-01
-3.691633939743041992e-01
-3.689618408679962158e-01
-3.688494265079498291e-01
-3.687171339988708496e-01
-3.684511780738830566e-01
-3.684114813804626465e-01
-3.694743514060974121e-01
-3.692494034767150879e-01
-3.692365884780883789e-01
-3.692275285720825195e-01
-3.689698576927185059e-01
-3.691486120223999023e-01
-3.684462010860443115e-01
-3.693607747554779053e-01
-3.690483272075653076e-01
-3.690146505832672119e-01
-3.692617714405059814e-01
-3.690723776817321777e-01
-3.693993091583251953e-01
-3.695184290409088135e-01
-3.692932724952697754e-01
-3.700134158134460449e-01
-3.692597150802612305e-01
-3.696677088737487793e-01
-3.690352737903594971e-01
-3.685360252857208252e-01
-3.693204522132873535e-01
-3.689429461956024170e-01
-3.690164089202880859e-01
-3.693913817405700684e-01
-3.695458769798278809e-01
-3.688416182994842529e-01
-3.692195415496826172e-01
-3.689514100551605225e-01
-3.690074384212493896e-01
-3.686994016170501709e-01
-3.693594932556152344e-01
-3.684170842170715332e-01
-3.692409694194793701e-01
-3.689966201782226562e-01
-3.686499297618865967e-01
-3.689844310283660889e-01
-3.691794872283935547e-01
-3.695049881935119629e-01
-3.689709603786468506e-01
-3.696704804897308350e-01
-3.683306872844696045e-01
-3.691737055778503418e-01
-3.682127594947814941e-01
-3.686432540416717529e-01
-3.689240813255310059e-01
-3.687733709812164307e-01
-3.689901828765869141e-01
-3.687956929206848145e-01
-3.687708079814910889e-01
-3.690309822559356689e-01
-3.686757087707519531e-01
-3.685083985328674316e-01
-3.692792952060699463e-01
-3.690353929996490479e-01
-3.692477345466613770e-01
-3.682381808757781982e-01
-3.689329028129577637e-01
-3.690349757671356201e-01
-3.697384595870971680e-01
-3.690060377120971680e-01
-3.682579994201660156e-01
-3.691539168357849121e-01
-3.694294989109039307e-01
-3.690657913684844971e-01
-3.690844774246215820e-01
-3.691114783287048340e-01
-3.694968819618225098e-01
-3.691787123680114746e-01
-3.691644370555877686e-01
-3.693424463272094727e-01
-3.690167665481567383e-01
-3.691707849502563477e-01
-3.689435422420501709e-01
-3.687142729759216309e-01
-3.689878880977630615e-01
-3.691451847553253174e-01
-3.692718148231506348e-01
-3.686653971672058105e-01
-3.688893318176269531e-01
-3.695152103900909424e-01
-3.689464926719665527e-01
-3.693174421787261963e-01
-3.699328899383544922e-01
-3.694932460784912109e-01
-3.690835535526275635e-01
-3.691860437393188477e-01
-3.691245019435882568e-01
-3.683602213859558105e-01
-3.688348829746246338e-01
-3.691200613975524902e-01
-3.694036006927490234e-01
-3.687517046928405762e-01
-3.685988783836364746e-01
-3.688375949859619141e-01
-3.689844906330108643e-01
-3.698336482048034668e-01
-3.696579039096832275e-01
-3.690083026885986328e-01
-3.693869113922119141e-01
-3.692488074302673340e-01
-3.692454695701599121e-01
-3.689318001270294189e-01
-3.693234026432037354e-01
-3.698496222496032715e-01
-3.688873350620269775e-01
-3.692343533039093018e-01
-3.691000640392303467e-01
-3.695900142192840576e-01
-3.689797222614288330e-01
-3.694149255752563477e-01
-3.693979084491729736e-01
-3.686652183532714844e-01
-3.692077696323394775e-01
-3.691339194774627686e-01
-3.686219155788421631e-01
-3.693676292896270752e-01
-3.694113194942474365e-01
-3.689022362232208252e-01
-3.700389266014099121e-01
-3.690448999404907227e-01
-3.687765300273895264e-01
-3.691887557506561279e-01
-3.685621917247772217e-01
-3.684848546981811523e-01
-3.688297867774963379e-01
-3.689996600151062012e-01
-3.687445819377899170e-01
-3.696525692939758301e-01
-3.690335750579833984e-01
-3.686410486698150635e-01
-3.693045377731323242e-01
-3.689202070236206055e-01
-3.695546686649322510e-01
-3.689712584018707275e-01
-3.691363036632537842e-01
-3.694307506084442139e-01
-3.693155646324157715e-01
-3.688844740390777588e-01
-3.689953684806823730e-01
-3.694498240947723389e-01
-3.684964478015899658e-01
-3.694621026515960693e-01
-3.687873482704162598e-01
-3.692938089370727539e-01
-3.696898519992828369e-01
-3.684921264648437500e-01
-3.690094351768493652e-01
-3.688153624534606934e-01
-3.688731789588928223e-01
-3.685235381126403809e-01
-3.697192966938018799e-01
-3.687622249126434326e-01
-3.696156740188598633e-01
-3.685994744300842285e-01
-3.684048354625701904e-01
-3.687200248241424561e-01
-3.698949217796325684e-01
-3.695367574691772461e-01
-3.691894710063934326e-01
-3.689005672931671143e-01
-3.690159916877746582e-01
-3.692975342273712158e-01
-3.685248494148254395e-01
-3.685813546180725098e-01
-3.693134784698486328e-01
-3.685813844203948975e-01
-3.691423237323760986e-01
-3.695588409900665283e-01
-3.694098591804504395e-01
-3.695297837257385254e-01
-3.690302968025207520e-01
-3.690428733825683594e-01
-3.700437545776367188e-01
-3.691763877868652344e-01
-3.692805171012878418e-01
-3.688942790031433105e-01
-3.690991103649139404e-01
-3.696390092372894287e-01
-3.691303133964538574e-01
-3.690731823444366455e-01
-3.695144355297088623e-01
-3.694619238376617432e-01
-3.691899180412292480e-01
-3.691258132457733154e-01
-3.692292571067810059e-01
-3.697458207607269287e-01
-3.693968653678894043e-01
-3.697029352188110352e-01
-3.692596256732940674e-01
-3.695667684078216553e-01
-3.696673512458801270e-01
-3.694359660148620605e-01
-3.695837855339050293e-01
-3.692946434020996094e-01
-3.690392374992370605e-01
-3.690479099750518799e-01
-3.686678707599639893e-01
-3.704936504364013672e-01
-3.697271049022674561e-01
-3.692249655723571777e-01
-3.697876036167144775e-01
-3.690498769283294678e-01
-3.689833879470825195e-01
-3.687791228294372559e-01
-3.687622547149658203e-01
-3.687000870704650879e-01
-3.693841695785522461e-01
-3.689121603965759277e-01
-3.690657615661621094e-01
-3.699548244476318359e-01
-3.694157302379608154e-01
-3.699909746646881104e-01
-3.694303035736083984e-01
-3.697715699672698975e-01
-3.686901926994323730e-01
-3.690791726112365723e-01
-3.692918717861175537e-01
-3.696109354496002197e-01
-3.690667748451232910e-01
-3.689879775047302246e-01
-3.699465990066528320e-01
-3.694504499435424805e-01
-3.695655465126037598e-01
-3.691832721233367920e-01
-3.690164089202880859e-01
-3.691821098327636719e-01
-3.691496849060058594e-01
-3.696660101413726807e-01
-3.685413599014282227e-01
-3.700088560581207275e-01
-3.686975538730621338e-01
-3.694678843021392822e-01
-3.691058456897735596e-01
-3.694944381713867188e-01
-3.695079386234283447e-01
-3.689555227756500244e-01
-3.690705299377441406e-01
-3.702551722526550293e-01
-3.700307011604309082e-01
-3.689785599708557129e-01
-3.701438307762145996e-01
-3.691314458847045898e-01
-3.690609335899353027e-01
-3.697382807731628418e-01
-3.696632087230682373e-01
-3.694141805171966553e-01
-3.689583837985992432e-01
-3.694558739662170410e-01
-3.692933619022369385e-01
-3.697358965873718262e-01
-3.693611323833465576e-01
-3.697285652160644531e-01
-3.691137731075286865e-01
-3.699888885021209717e-01
-3.692254126071929932e-01
-3.694420754909515381e-01
-3.695617318153381348e-01
-3.691901862621307373e-01
-3.699600100517272949e-01
-3.691733479499816895e-01
-3.691106438636779785e-01
-3.696223199367523193e-01
-3.697236180305480957e-01
-3.697866797447204590e-01
-3.698599934577941895e-01
-3.701720237731933594e-01
-3.691754639148712158e-01
-3.698840141296386719e-01
-3.694128394126892090e-01
-3.691603541374206543e-01
-3.694811165332794189e-01
-3.693580329418182373e-01
-3.691520988941192627e-01
-3.693518340587615967e-01
-3.698817491531372070e-01
-3.694456815719604492e-01
-3.697564303874969482e-01
-3.694526255130767822e-01
-3.691951930522918701e-01
-3.688614368438720703e-01
-3.698973953723907471e-01
-3.693835139274597168e-01
-3.693175017833709717e-01
-3.691904246807098389e-01
-3.693416416645050049e-01
-3.687586784362792969e-01
-3.689073324203491211e-01
-3.704575598239898682e-01
-3.688151240348815918e-01
-3.689182102680206299e-01
-3.690901994705200195e-01
-3.695130646228790283e-01
-3.694158792495727539e-01
-3.692069947719573975e-01
-3.691991567611694336e-01
-3.692056834697723389e-01
-3.698979616165161133e-01
-3.693934977054595947e-01
-3.695402145385742188e-01
-3.689849972724914551e-01
-3.695454597473144531e-01
-3.701486289501190186e-01
-3.698473572731018066e-01
-3.698899447917938232e-01
-3.690236806869506836e-01
-3.691163361072540283e-01
-3.692465126514434814e-01
-3.696495294570922852e-01
-3.689965307712554932e-01
-3.695655167102813721e-01
-3.690347373485565186e-01
-3.694983720779418945e-01
-3.690678179264068604e-01
-3.695326149463653564e-01
-3.688809275627136230e-01
-3.689021766185760498e-01
-3.692103326320648193e-01
-3.698028624057769775e-01
-3.688343763351440430e-01
-3.690612316131591797e-01
-3.699091672897338867e-01
-3.692901134490966797e-01
-3.685778975486755371e-01
-3.692233264446258545e-01
-3.695164322853088379e-01
-3.690654337406158447e-01
-3.703711330890655518e-01
-3.697632253170013428e-01
-3.702570796012878418e-01
-3.692922890186309814e-01
-3.690679967403411865e-01
-3.692020773887634277e-01
-3.702808022499084473e-01
-3.696968555450439453e-01
-3.698117733001708984e-01
-3.699015974998474121e-01
-3.690035641193389893e-01
-3.701820671558380127e-01
-3.699364662170410156e-01
-3.697368204593658447e-01
-3.693474233150482178e-01
-3.697897195816040039e-01
-3.694803416728973389e-01
-3.697980046272277832e-01
-3.698484897613525391e-01
-3.688257038593292236e-01
-3.697856366634368896e-01
-3.696185946464538574e-01
-3.692376911640167236e-01
-3.692028820514678955e-01
-3.694251179695129395e-01
-3.704042434692382812e-01
-3.696673512458801270e-01
-3.699932396411895752e-01
-3.694940209388732910e-01
-3.696730434894561768e-01
-3.689790666103363037e-01
-3.694877922534942627e-01
-3.695774674415588379e-01
-3.697283864021301270e-01
-3.700059056282043457e-01
-3.695147633552551270e-01
-3.692080974578857422e-01
-3.694247603416442871e-01
-3.692396879196166992e-01
-3.700680434703826904e-01
-3.701352477073669434e-01
-3.695279061794281006e-01
-3.695375323295593262e-01
-3.699339926242828369e-01
-3.699040412902832031e-01
-3.696399033069610596e-01
-3.693776726722717285e-01
-3.691731095314025879e-01
-3.695817589759826660e-01
-3.691048622131347656e-01
-3.700812458992004395e-01
-3.695428967475891113e-01
-3.697493970394134521e-01
-3.693304955959320068e-01
-3.694946765899658203e-01
-3.696832954883575439e-01
-3.698795735836029053e-01
-3.690041005611419678e-01
-3.694519698619842529e-01
-3.692632615566253662e-01
-3.698306083679199219e-01
-3.694019019603729248e-01
-3.694982826709747314e-01
-3.693314790725708008e-01
-3.696468472480773926e-01
-3.700447976589202881e-01
-3.695116639137268066e-01
-3.697115480899810791e-01
-3.704977333545684814e-01
-3.701053261756896973e-01
-3.698357641696929932e-01
-3.696955442428588867e-01
-3.701000511646270752e-01
-3.694579601287841797e-01
-3.693204820156097412e-01
-3.697555065155029297e-01
-3.694536089897155762e-01
-3.694693446159362793e-01
-3.694621920585632324e-01
-3.702108860015869141e-01
-3.694083988666534424e-01
-3.695122599601745605e-01
-3.696317374706268311e-01
-3.687875866889953613e-01
-3.696590662002563477e-01
-3.698020577430725098e-01
-3.696804642677307129e-01
-3.697174489498138428e-01
-3.696051537990570068e-01
-3.698879182338714600e-01
-3.695607781410217285e-01
-3.694463074207305908e-01
-3.694203495979309082e-01
-3.698432147502899170e-01
-3.691431879997253418e-01
-3.692137002944946289e-01
-3.699531257152557373e-01
-3.691953718662261963e-01
-3.700184822082519531e-01
-3.688530921936035156e-01
-3.696767687797546387e-01
-3.697426915168762207e-01
-3.697418570518493652e-01
-3.700107932090759277e-01
-3.692576587200164795e-01
-3.697700798511505127e-01
-3.700144588947296143e-01
-3.699134886264801025e-01
-3.693342208862304688e-01
-3.696279823780059814e-01
-3.694260716438293457e-01
-3.691562414169311523e-01
-3.694884181022644043e-01
-3.696697950363159180e-01
-3.691238462924957275e-01
-3.690196573734283447e-01
-3.696588277816772461e-01
-3.695759773254394531e-01
-3.701456487178802490e-01
-3.697902262210845947e-01
-3.693605363368988037e-01
-3.692032098770141602e-01
-3.694436252117156982e-01
-3.691652715206146240e-01
-3.696238994598388672e-01
-3.692338764667510986e-01
-3.698031604290008545e-01
-3.696056008338928223e-01
-3.695014715194702148e-01
-3.700878620147705078e-01
-3.696797192096710205e-01
-3.690515756607055664e-01
-3.699405491352081299e-01
-3.700607419013977051e-01
-3.704807162284851074e-01
-3.695869743824005127e-01
-3.694183826446533203e-01
-3.695388138294219971e-01
-3.696706593036651611e-01
-3.701812326908111572e-01
-3.697697222232818604e-01
-3.695749640464782715e-01
-3.693644404411315918e-01
-3.703868687152862549e-01
-3.697039484977722168e-01
-3.699018657207489014e-01
-3.696820139884948730e-01
-3.692832589149475098e-01
-3.692260384559631348e-01
-3.699759840965270996e-01
-3.698519170284271240e-01
-3.700568974018096924e-01
-3.699522018432617188e-01
-3.699974715709686279e-01
-3.694440424442291260e-01
-3.700447380542755127e-01
-3.698259294033050537e-01
-3.694068193435668945e-01
-3.704643547534942627e-01
-3.696162104606628418e-01
-3.700056672096252441e-01
-3.694222271442413330e-01
-3.699082732200622559e-01
-3.698704242706298828e-01
-3.696554601192474365e-01
-3.690998852252960205e-01
-3.698966205120086670e-01
-3.692390620708465576e-01
-3.697208762168884277e-01
-3.700513243675231934e-01
-3.697001039981842041e-01
-3.701976537704467773e-01
-3.695488274097442627e-01
-3.696867823600769043e-01
-3.696730732917785645e-01
-3.691762089729309082e-01
-3.693515062332153320e-01
-3.694566488265991211e-01
-3.707246780395507812e-01
-3.698658645153045654e-01
-3.699558079242706299e-01
-3.698732256889343262e-01
-3.699288964271545410e-01
-3.694930970668792725e-01
-3.695866465568542480e-01
-3.697180747985839844e-01
-3.702561557292938232e-01
-3.694921135902404785e-01
-3.697443902492523193e-01
-3.702962994575500488e-01
-3.690715432167053223e-01
-3.691938519477844238e-01
-3.695136010646820068e-01
-3.699980974197387695e-01
-3.691543340682983398e-01
-3.699359595775604248e-01
-3.695762157440185547e-01
-3.687413930892944336e-01
-3.699250221252441406e-01
-3.694579601287841797e-01
-3.688527941703796387e-01
-3.694007098674774170e-01
-3.698685169219970703e-01
-3.694723546504974365e-01
-3.696339726448059082e-01
-3.696624636650085449e-01
-3.689627349376678467e-01
-3.698187768459320068e-01
-3.700309693813323975e-01
-3.696599602699279785e-01
-3.698815107345581055e-01
-3.699302375316619873e-01
-3.689001202583312988e-01
-3.689715862274169922e-01
-3.697001338005065918e-01
-3.697350025177001953e-01
-3.696055412292480469e-01
-3.704228699207305908e-01
-3.698092699050903320e-01
-3.697996735572814941e-01
-3.699527680873870850e-01
-3.694058656692504883e-01
-3.695770204067230225e-01
-3.693996667861938477e-01
-3.697432875633239746e-01
-3.694268763065338135e-01
-3.701957762241363525e-01
-3.702620863914489746e-01
-3.698573708534240723e-01
-3.696251511573791504e-01
-3.697377741336822510e-01
-3.705555200576782227e-01
-3.699613511562347412e-01
-3.695598244667053223e-01
-3.698357939720153809e-01
-3.695682883262634277e-01
-3.690178394317626953e-01
-3.703199326992034912e-01
-3.698225319385528564e-01
-3.696058392524719238e-01
-3.693253993988037109e-01
-3.698859214782714844e-01
-3.690311908721923828e-01
-3.698349595069885254e-01
-3.703780770301818848e-01
-3.698595464229583740e-01
-3.699116110801696777e-01
-3.697792291641235352e-01
-3.695181310176849365e-01
-3.691967129707336426e-01
-3.699368238449096680e-01
-3.701724112033843994e-01
-3.701741397380828857e-01
-3.699959218502044678e-01
-3.698084652423858643e-01
-3.699224591255187988e-01
-3.696838915348052979e-01
-3.694784641265869141e-01
-3.699775338172912598e-01
-3.700551092624664307e-01
-3.700215220451354980e-01
-3.699809014797210693e-01
-3.699297606945037842e-01
-3.703029453754425049e-01
-3.695688545703887939e-01
-3.700883090496063232e-01
-3.703162968158721924e-01
-3.700518310070037842e-01
-3.698507249355316162e-01
-3.703552186489105225e-01
-3.700914978981018066e-01
-3.700002133846282959e-01
-3.704253733158111572e-01
-3.704735040664672852e-01
-3.699472546577453613e-01
-3.706458806991577148e-01
-3.698156177997589111e-01
-3.697742819786071777e-01
-3.694610595703125000e-01
-3.702641129493713379e-01
-3.702023625373840332e-01
-3.695819675922393799e-01
-3.695662915706634521e-01
-3.698846101760864258e-01
-3.694920837879180908e-01
-3.697835803031921387e-01
-3.701303601264953613e-01
-3.702412247657775879e-01
-3.704763650894165039e-01
-3.696108460426330566e-01
-3.691457509994506836e-01
-3.704032599925994873e-01
-3.698834180831909180e-01
-3.696644902229309082e-01
-3.704111278057098389e-01
-3.704613149166107178e-01
-3.700437247753143311e-01
-3.703514933586120605e-01
-3.702212572097778320e-01
-3.698198199272155762e-01
-3.702054321765899658e-01
-3.697496354579925537e-01
-3.701318502426147461e-01
-3.696151077747344971e-01
-3.702673912048339844e-01
-3.698936998844146729e-01
-3.690254986286163330e-01
-3.696886003017425537e-01
-3.694475591182708740e-01
-3.705854117870330811e-01
-3.706728816032409668e-01
-3.696603775024414062e-01
-3.700088560581207275e-01
-3.705147504806518555e-01
-3.698548972606658936e-01
-3.704072833061218262e-01
-3.692817389965057373e-01
-3.706662952899932861e-01
-3.696964085102081299e-01
-3.695291280746459961e-01
-3.703047633171081543e-01
-3.697715699672698975e-01
-3.700456619262695312e-01
-3.703494668006896973e-01
-3.701718151569366455e-01
-3.697463572025299072e-01
-3.702123463153839111e-01
-3.697542846202850342e-01
-3.696760833263397217e-01
-3.700499236583709717e-01
