2.435669422149658203e+00
1.276903033256530762e+00
2.923322916030883789e-01
-1.652867347002029419e-01
-1.806041896343231201e-01
-9.529451280832290649e-02
-7.359453290700912476e-02
-1.080712899565696716e-01
-1.337839961051940918e-01
-1.284901797771453857e-01
-1.206166222691535950e-01
-1.343512237071990967e-01
-1.403643190860748291e-01
-1.459098160266876221e-01
-1.429284363985061646e-01
-1.470443159341812134e-01
-1.584242433309555054e-01
-1.698429435491561890e-01
-1.763346344232559204e-01
-1.699066758155822754e-01
-1.762040704488754272e-01
-1.829317957162857056e-01
-1.825888603925704956e-01
-1.911386698484420776e-01
-1.935424357652664185e-01
-1.949101686477661133e-01
-1.976947933435440063e-01
-1.989864259958267212e-01
-2.034793198108673096e-01
-2.111888527870178223e-01
-2.083036303520202637e-01
-2.121780663728713989e-01
-2.128817588090896606e-01
-2.133828997611999512e-01
-2.157047390937805176e-01
-2.162569165229797363e-01
-2.204985022544860840e-01
-2.170058935880661011e-01
-2.197505086660385132e-01
-2.224721312522888184e-01
-2.176862210035324097e-01
-2.216123491525650024e-01
-2.280146330595016479e-01
-2.213541567325592041e-01
-2.258453369140625000e-01
-2.253615558147430420e-01
-2.280373275279998779e-01
-2.262600958347320557e-01
-2.239689379930496216e-01
-2.307598888874053955e-01
-2.224453389644622803e-01
-2.317322939634323120e-01
-2.254437208175659180e-01
-2.334656715393066406e-01
-2.297821640968322754e-01
-2.327354401350021362e-01
-2.231080681085586548e-01
-2.341607511043548584e-01
-2.354025095701217651e-01
-2.333407551050186157e-01
-2.350738942623138428e-01
-2.289428561925888062e-01
-2.294695675373077393e-01
-2.391363978385925293e-01
-2.357235997915267944e-01
-2.347034662961959839e-01
-2.355449646711349487e-01
-2.356925904750823975e-01
-2.362746000289916992e-01
-2.391762733459472656e-01
-2.387200295925140381e-01
-2.383319139480590820e-01
-2.456982135772705078e-01
-2.464840710163116455e-01
-2.390773147344589233e-01
-2.410115152597427368e-01
-2.344958335161209106e-01
-2.353797256946563721e-01
-2.367627620697021484e-01
-2.349765449762344360e-01
-2.401431500911712646e-01
-2.352055609226226807e-01
-2.368658781051635742e-01
-2.374371290206909180e-01
-2.443827539682388306e-01
-2.471124380826950073e-01
-2.454323172569274902e-01
-2.433350533246994019e-01
-2.391888201236724854e-01
-2.498362064361572266e-01
-2.460192590951919556e-01
-2.483767271041870117e-01
-2.453553974628448486e-01
-2.447405606508255005e-01
-2.506462037563323975e-01
-2.481459677219390869e-01
-2.555518150329589844e-01
-2.555907666683197021e-01
-2.559122443199157715e-01
-2.530190646648406982e-01
-2.504347860813140869e-01
-2.583655416965484619e-01
-2.552365362644195557e-01
-2.510492801666259766e-01
-2.464000284671783447e-01
-2.525829076766967773e-01
-2.465998530387878418e-01
-2.489745914936065674e-01
-2.513294219970703125e-01
-2.539702057838439941e-01
-2.478011846542358398e-01
-2.551165223121643066e-01
-2.564360499382019043e-01
-2.538315653800964355e-01
-2.473972439765930176e-01
-2.602326571941375732e-01
-2.553295493125915527e-01
-2.558430135250091553e-01
-2.486623525619506836e-01
-2.521448731422424316e-01
-2.538676261901855469e-01
-2.581650018692016602e-01
-2.597171664237976074e-01
-2.646830379962921143e-01
-2.620605826377868652e-01
-2.551763355731964111e-01
-2.552722394466400146e-01
-2.478721141815185547e-01
-2.498541325330734253e-01
-2.490676045417785645e-01
-2.538798749446868896e-01
-2.546848952770233154e-01
-2.593919634819030762e-01
-2.559502422809600830e-01
-2.647642791271209717e-01
-2.553076744079589844e-01
-2.606454491615295410e-01
-2.569479048252105713e-01
-2.624744474887847900e-01
-2.571055293083190918e-01
-2.580799162387847900e-01
-2.601684927940368652e-01
-2.665384709835052490e-01
-2.603059113025665283e-01
-2.648765742778778076e-01
-2.639286518096923828e-01
-2.640507817268371582e-01
-2.599202394485473633e-01
-2.676955759525299072e-01
-2.649694681167602539e-01
-2.583617866039276123e-01
-2.648093402385711670e-01
-2.686767578125000000e-01
-2.697025239467620850e-01
-2.608259320259094238e-01
-2.659090459346771240e-01
-2.708111107349395752e-01
-2.736495733261108398e-01
-2.754850387573242188e-01
-2.703285217285156250e-01
-2.618858814239501953e-01
-2.655601203441619873e-01
-2.797901630401611328e-01
-2.709999978542327881e-01
-2.727919220924377441e-01
-2.744853794574737549e-01
-2.703210413455963135e-01
-2.682074010372161865e-01
-2.675433158874511719e-01
-2.669946253299713135e-01
-2.674161791801452637e-01
-2.663735449314117432e-01
-2.664338946342468262e-01
-2.721815407276153564e-01
-2.665608823299407959e-01
-2.705107331275939941e-01
-2.681478261947631836e-01
-2.709696590900421143e-01
-2.673708498477935791e-01
-2.790032923221588135e-01
-2.820014059543609619e-01
-2.638311386108398438e-01
-2.671543657779693604e-01
-2.655359208583831787e-01
-2.679622173309326172e-01
-2.765913903713226318e-01
-2.729390859603881836e-01
-2.756454348564147949e-01
-2.749160230159759521e-01
-2.764178514480590820e-01
-2.763954997062683105e-01
-2.742092907428741455e-01
-2.746583819389343262e-01
-2.728108465671539307e-01
-2.796210348606109619e-01
-2.702510058879852295e-01
-2.706559300422668457e-01
-2.741048038005828857e-01
-2.699014842510223389e-01
-2.711405754089355469e-01
-2.762161791324615479e-01
-2.709498405456542969e-01
-2.793043255805969238e-01
-2.797955572605133057e-01
-2.774296998977661133e-01
-2.730509638786315918e-01
-2.717154622077941895e-01
-2.719751000404357910e-01
-2.722634971141815186e-01
-2.742995619773864746e-01
-2.799743711948394775e-01
-2.732041478157043457e-01
-2.720156311988830566e-01
-2.674582898616790771e-01
-2.698003649711608887e-01
-2.703585922718048096e-01
-2.771090567111968994e-01
-2.791819870471954346e-01
-2.727590203285217285e-01
-2.747434973716735840e-01
-2.712866663932800293e-01
-2.744347453117370605e-01
-2.803741097450256348e-01
-2.802262902259826660e-01
-2.735991775989532471e-01
-2.743751406669616699e-01
-2.806445360183715820e-01
-2.833612561225891113e-01
-2.788126766681671143e-01
-2.747860848903656006e-01
-2.719698846340179443e-01
-2.741849422454833984e-01
-2.739636898040771484e-01
-2.818919718265533447e-01
-2.740734219551086426e-01
-2.791527509689331055e-01
-2.793553769588470459e-01
-2.792814671993255615e-01
-2.823753654956817627e-01
-2.744354009628295898e-01
-2.740276753902435303e-01
-2.822168469429016113e-01
-2.847621440887451172e-01
-2.798463404178619385e-01
-2.776279747486114502e-01
-2.747907042503356934e-01
-2.733527421951293945e-01
-2.794366478919982910e-01
-2.822211682796478271e-01
-2.796451449394226074e-01
-2.790349125862121582e-01
-2.870226204395294189e-01
-2.859818637371063232e-01
-2.810631990432739258e-01
-2.827673852443695068e-01
-2.864407896995544434e-01
-2.784902751445770264e-01
-2.731631398200988770e-01
-2.890216410160064697e-01
-2.885458171367645264e-01
-2.802377343177795410e-01
-2.920990586280822754e-01
-2.843028008937835693e-01
-2.936839163303375244e-01
-2.877779901027679443e-01
-2.876559793949127197e-01
-2.870559990406036377e-01
-2.859992086887359619e-01
-2.850373387336730957e-01
-2.953251004219055176e-01
-2.906017601490020752e-01
-2.904978692531585693e-01
-2.892757058143615723e-01
-2.968915402889251709e-01
-2.913182079792022705e-01
-2.880374491214752197e-01
-2.915308773517608643e-01
-2.951443791389465332e-01
-2.896941602230072021e-01
-2.874411046504974365e-01
-2.901602685451507568e-01
-2.943052947521209717e-01
-2.859024703502655029e-01
-2.858334481716156006e-01
-2.897404432296752930e-01
-2.878136634826660156e-01
-2.790348529815673828e-01
-2.867614626884460449e-01
-3.004814982414245605e-01
-2.978090643882751465e-01
-2.860274314880371094e-01
-2.928233146667480469e-01
-2.917698919773101807e-01
-2.928095757961273193e-01
-2.873803973197937012e-01
-2.998369634151458740e-01
-3.016726672649383545e-01
-2.928026616573333740e-01
-2.850376367568969727e-01
-2.862876653671264648e-01
-2.932764887809753418e-01
-2.929362952709197998e-01
-2.943372726440429688e-01
-2.937925755977630615e-01
-2.916228175163269043e-01
-2.864367663860321045e-01
-2.901206016540527344e-01
-2.952527403831481934e-01
-2.953076362609863281e-01
-2.918764352798461914e-01
-2.933567464351654053e-01
-2.949281334877014160e-01
-2.819512486457824707e-01
-2.822377085685729980e-01
-2.922051250934600830e-01
-3.019470274448394775e-01
-2.997777760028839111e-01
-2.932163774967193604e-01
-2.930092811584472656e-01
-2.896095812320709229e-01
-2.882738113403320312e-01
-2.844874560832977295e-01
-2.883413136005401611e-01
-3.000832498073577881e-01
-3.016216158866882324e-01
-2.935506403446197510e-01
-2.909251451492309570e-01
-2.922366857528686523e-01
-2.979716062545776367e-01
-2.908315956592559814e-01
-2.992151081562042236e-01
-2.928582131862640381e-01
-2.934471368789672852e-01
-2.911243140697479248e-01
-3.033482730388641357e-01
-2.942215502262115479e-01
-2.969290912151336670e-01
-2.965480387210845947e-01
-2.953119874000549316e-01
-2.920040488243103027e-01
-3.004956543445587158e-01
-2.932547926902770996e-01
-2.945136129856109619e-01
-2.880603373050689697e-01
-2.958438992500305176e-01
-3.019693791866302490e-01
-3.027694225311279297e-01
-2.929560840129852295e-01
-2.940887510776519775e-01
-2.949549555778503418e-01
-2.939188182353973389e-01
-2.978425920009613037e-01
-2.918983697891235352e-01
-2.987274825572967529e-01
-2.962422370910644531e-01
-2.975983321666717529e-01
-3.044387102127075195e-01
-2.913782894611358643e-01
-2.969959080219268799e-01
-3.032456636428833008e-01
-2.892993390560150146e-01
-2.982457280158996582e-01
-2.957191169261932373e-01
-2.968046367168426514e-01
-2.888787090778350830e-01
-3.053874671459197998e-01
-2.976907491683959961e-01
-2.903542816638946533e-01
-2.951757907867431641e-01
-2.957942783832550049e-01
-3.027658164501190186e-01
-2.872624397277832031e-01
-2.964880168437957764e-01
-3.008350729942321777e-01
-3.023310303688049316e-01
-2.980671226978302002e-01
-2.990333735942840576e-01
-2.954663932323455811e-01
-2.998694479465484619e-01
-2.952128648757934570e-01
-3.030667901039123535e-01
-3.014076650142669678e-01
-2.927307784557342529e-01
-3.066078722476959229e-01
-3.019342124462127686e-01
-2.950696349143981934e-01
-2.986715137958526611e-01
-2.962529361248016357e-01
-3.075802624225616455e-01
-2.901700139045715332e-01
-3.041782081127166748e-01
-2.894296348094940186e-01
-2.980888485908508301e-01
-3.057737350463867188e-01
-2.993988692760467529e-01
-2.968011796474456787e-01
-2.961772382259368896e-01
-3.099969625473022461e-01
-2.986919581890106201e-01
-3.029584884643554688e-01
-2.986066341400146484e-01
-3.070299923419952393e-01
-3.039812743663787842e-01
-2.914406061172485352e-01
-3.089999258518218994e-01
-3.022627532482147217e-01
-2.945465147495269775e-01
-3.034923076629638672e-01
-3.075748383998870850e-01
-2.961049973964691162e-01
-3.031851649284362793e-01
-2.999865412712097168e-01
-3.070438206195831299e-01
-3.032107651233673096e-01
-2.963986992835998535e-01
-3.097324669361114502e-01
-2.976667284965515137e-01
-3.036483526229858398e-01
-3.032382130622863770e-01
-3.031199872493743896e-01
-3.026476204395294189e-01
-3.099647462368011475e-01
-3.007870614528656006e-01
-3.060834705829620361e-01
-3.081970214843750000e-01
-3.025807440280914307e-01
-3.114532828330993652e-01
-3.045827150344848633e-01
-3.068295419216156006e-01
-3.127799928188323975e-01
-3.010525107383728027e-01
-3.031981289386749268e-01
-3.068752586841583252e-01
-3.078205585479736328e-01
-3.131042420864105225e-01
-3.077093362808227539e-01
-3.075349032878875732e-01
-3.063454329967498779e-01
-3.028679490089416504e-01
-3.097681105136871338e-01
-3.045204281806945801e-01
-3.100510835647583008e-01
-3.109862804412841797e-01
-3.121157288551330566e-01
-3.053458929061889648e-01
-3.159719407558441162e-01
-3.051390945911407471e-01
-3.164556920528411865e-01
-3.104208111763000488e-01
-3.196925520896911621e-01
-3.083370029926300049e-01
-3.118664026260375977e-01
-3.151396214962005615e-01
-3.117472827434539795e-01
-3.136751353740692139e-01
-3.126083612442016602e-01
-3.148866593837738037e-01
-3.153660893440246582e-01
-3.123775720596313477e-01
-3.016630113124847412e-01
-3.170778751373291016e-01
-3.177323937416076660e-01
-3.085398674011230469e-01
-3.120960891246795654e-01
-3.201225697994232178e-01
-3.185552954673767090e-01
-3.152188658714294434e-01
-3.102426528930664062e-01
-3.143656849861145020e-01
-3.198298811912536621e-01
-3.107876181602478027e-01
-3.211855888366699219e-01
-3.198475241661071777e-01
-3.195084333419799805e-01
-3.155161738395690918e-01
-3.179771006107330322e-01
-3.135703206062316895e-01
-3.224211335182189941e-01
-3.154815733432769775e-01
-3.192891776561737061e-01
-3.158145248889923096e-01
-3.224125802516937256e-01
-3.172068595886230469e-01
-3.210645020008087158e-01
-3.206545710563659668e-01
-3.239704370498657227e-01
-3.164077699184417725e-01
-3.151915371417999268e-01
-3.202002346515655518e-01
-3.226565420627593994e-01
-3.168109059333801270e-01
-3.217634260654449463e-01
-3.266861140727996826e-01
-3.192363381385803223e-01
-3.212006390094757080e-01
-3.225598931312561035e-01
-3.256233036518096924e-01
-3.178126215934753418e-01
-3.262483179569244385e-01
-3.219619095325469971e-01
-3.219622671604156494e-01
-3.270901143550872803e-01
-3.219138681888580322e-01
-3.182238042354583740e-01
-3.210180103778839111e-01
-3.273568749427795410e-01
-3.211853206157684326e-01
-3.224860429763793945e-01
-3.281250000000000000e-01
-3.192464113235473633e-01
-3.191956579685211182e-01
-3.262216150760650635e-01
-3.262361884117126465e-01
-3.277029991149902344e-01
-3.260828852653503418e-01
-3.175890743732452393e-01
-3.248618245124816895e-01
-3.232126533985137939e-01
-3.250490128993988037e-01
-3.267069756984710693e-01
-3.241295218467712402e-01
-3.307609856128692627e-01
-3.286086618900299072e-01
-3.237479031085968018e-01
-3.318741321563720703e-01
-3.314353525638580322e-01
-3.305898904800415039e-01
-3.229412734508514404e-01
-3.254677355289459229e-01
-3.298299312591552734e-01
-3.179194331169128418e-01
-3.280285298824310303e-01
-3.279221057891845703e-01
-3.269083201885223389e-01
-3.222849071025848389e-01
-3.329194188117980957e-01
-3.288586437702178955e-01
-3.223154246807098389e-01
-3.292126059532165527e-01
-3.297467529773712158e-01
-3.247895538806915283e-01
-3.354746699333190918e-01
-3.285213112831115723e-01
-3.262808918952941895e-01
-3.308571279048919678e-01
-3.280154168605804443e-01
-3.288341462612152100e-01
-3.322728872299194336e-01
-3.269346356391906738e-01
-3.289185166358947754e-01
-3.283998966217041016e-01
-3.283907473087310791e-01
-3.310544490814208984e-01
-3.286233544349670410e-01
-3.284077048301696777e-01
-3.345261216163635254e-01
-3.311915993690490723e-01
-3.326029181480407715e-01
-3.315164744853973389e-01
-3.287641704082489014e-01
-3.322235345840454102e-01
-3.332242369651794434e-01
-3.338278830051422119e-01
-3.259363174438476562e-01
-3.342784345149993896e-01
-3.337197899818420410e-01
-3.281894028186798096e-01
-3.315275907516479492e-01
-3.359810113906860352e-01
-3.306704163551330566e-01
-3.321464359760284424e-01
-3.355611860752105713e-01
-3.347603678703308105e-01
-3.321456313133239746e-01
-3.255302011966705322e-01
-3.312733769416809082e-01
-3.369230926036834717e-01
-3.351880013942718506e-01
-3.325782418251037598e-01
-3.299749195575714111e-01
-3.319688439369201660e-01
-3.353246450424194336e-01
-3.287872374057769775e-01
-3.323007225990295410e-01
-3.325026929378509521e-01
-3.322946727275848389e-01
-3.276832401752471924e-01
-3.366874158382415771e-01
-3.321235179901123047e-01
-3.372710943222045898e-01
-3.336789309978485107e-01
-3.332967758178710938e-01
-3.345220983028411865e-01
-3.332320451736450195e-01
-3.331478238105773926e-01
-3.334669172763824463e-01
-3.354589641094207764e-01
-3.356905877590179443e-01
-3.314007818698883057e-01
-3.330050706863403320e-01
-3.379614949226379395e-01
-3.400095701217651367e-01
-3.376788496971130371e-01
-3.334076106548309326e-01
-3.343613743782043457e-01
-3.359868824481964111e-01
-3.371866941452026367e-01
-3.320070505142211914e-01
-3.339831531047821045e-01
-3.343666791915893555e-01
-3.387248218059539795e-01
-3.360403478145599365e-01
-3.335995376110076904e-01
-3.353992402553558350e-01
-3.385223150253295898e-01
-3.353237211704254150e-01
-3.348506689071655273e-01
-3.351928591728210449e-01
-3.309301435947418213e-01
-3.370454013347625732e-01
-3.384310305118560791e-01
-3.309028744697570801e-01
-3.335363268852233887e-01
-3.375120162963867188e-01
-3.380991518497467041e-01
-3.348348736763000488e-01
-3.346092402935028076e-01
-3.329601585865020752e-01
-3.345645666122436523e-01
-3.349136710166931152e-01
-3.348107039928436279e-01
-3.367703557014465332e-01
-3.353457748889923096e-01
-3.356227576732635498e-01
-3.345016539096832275e-01
-3.376403152942657471e-01
-3.349120020866394043e-01
-3.336588442325592041e-01
-3.381231129169464111e-01
-3.379090428352355957e-01
-3.368313312530517578e-01
-3.338075280189514160e-01
-3.351605236530303955e-01
-3.344197273254394531e-01
-3.326061367988586426e-01
-3.344100713729858398e-01
-3.332340717315673828e-01
-3.363802134990692139e-01
-3.358971476554870605e-01
-3.344377577304840088e-01
-3.392459750175476074e-01
-3.388530313968658447e-01
-3.381083011627197266e-01
-3.341872096061706543e-01
-3.389081358909606934e-01
-3.388547003269195557e-01
-3.366312980651855469e-01
-3.326078057289123535e-01
-3.383987545967102051e-01
-3.391848206520080566e-01
-3.348614573478698730e-01
-3.373364210128784180e-01
-3.332492709159851074e-01
-3.348078727722167969e-01
-3.370480835437774658e-01
-3.381217122077941895e-01
-3.376505076885223389e-01
-3.381258249282836914e-01
-3.365707695484161377e-01
-3.368388116359710693e-01
-3.404462039470672607e-01
-3.337531685829162598e-01
-3.384273648262023926e-01
-3.406051695346832275e-01
-3.364779651165008545e-01
-3.333259224891662598e-01
-3.393707275390625000e-01
-3.395754992961883545e-01
-3.352304995059967041e-01
-3.370273411273956299e-01
-3.410722017288208008e-01
-3.420630395412445068e-01
-3.361032009124755859e-01
-3.343959152698516846e-01
-3.375934362411499023e-01
-3.367114365100860596e-01
-3.369693458080291748e-01
-3.393093645572662354e-01
-3.349732160568237305e-01
-3.333160281181335449e-01
-3.385766744613647461e-01
-3.376440405845642090e-01
-3.384308218955993652e-01
-3.363495469093322754e-01
-3.405625522136688232e-01
-3.428408503532409668e-01
-3.351657986640930176e-01
-3.381325602531433105e-01
-3.389550447463989258e-01
-3.394435048103332520e-01
-3.393459618091583252e-01
-3.426856398582458496e-01
-3.382172882556915283e-01
-3.386043012142181396e-01
-3.386815488338470459e-01
-3.422726392745971680e-01
-3.360871672630310059e-01
-3.340956568717956543e-01
-3.400771617889404297e-01
-3.397997319698333740e-01
-3.394579589366912842e-01
-3.379223644733428955e-01
-3.433458805084228516e-01
-3.407018184661865234e-01
-3.424980342388153076e-01
-3.370662331581115723e-01
-3.407318890094757080e-01
-3.401813209056854248e-01
-3.357196152210235596e-01
-3.394790887832641602e-01
-3.376032412052154541e-01
-3.356799781322479248e-01
-3.391917049884796143e-01
-3.433441519737243652e-01
-3.404516577720642090e-01
-3.389105796813964844e-01
-3.353317379951477051e-01
-3.348660469055175781e-01
-3.436676859855651855e-01
-3.394949436187744141e-01
-3.373804390430450439e-01
-3.434388935565948486e-01
-3.383789658546447754e-01
-3.360966742038726807e-01
-3.395056426525115967e-01
-3.400973677635192871e-01
-3.440918922424316406e-01
-3.393513262271881104e-01
-3.412610590457916260e-01
-3.424810171127319336e-01
-3.397848606109619141e-01
-3.392923176288604736e-01
-3.410166203975677490e-01
-3.391013145446777344e-01
-3.403593003749847412e-01
-3.433731496334075928e-01
-3.395480811595916748e-01
-3.398494124412536621e-01
-3.399719893932342529e-01
-3.422275781631469727e-01
-3.436916470527648926e-01
-3.399166166782379150e-01
-3.398629426956176758e-01
-3.384734094142913818e-01
-3.358535468578338623e-01
-3.401182293891906738e-01
-3.410387039184570312e-01
-3.398568630218505859e-01
-3.383487462997436523e-01
-3.409562408924102783e-01
-3.428115248680114746e-01
-3.378579914569854736e-01
-3.406027257442474365e-01
-3.403209745883941650e-01
-3.409593403339385986e-01
-3.388382494449615479e-01
-3.335359096527099609e-01
-3.433011770248413086e-01
-3.389788568019866943e-01
-3.415189087390899658e-01
-3.422051370143890381e-01
-3.401316404342651367e-01
-3.388842940330505371e-01
-3.430951535701751709e-01
-3.393661379814147949e-01
-3.415540158748626709e-01
-3.399085998535156250e-01
-3.421998620033264160e-01
-3.403637111186981201e-01
-3.409427404403686523e-01
-3.405013978481292725e-01
-3.461127877235412598e-01
-3.360573351383209229e-01
-3.376491665840148926e-01
-3.400714695453643799e-01
-3.413955569267272949e-01
-3.426806032657623291e-01
-3.385223746299743652e-01
-3.388299345970153809e-01
-3.377902209758758545e-01
-3.419477641582489014e-01
-3.418608009815216064e-01
-3.413746953010559082e-01
-3.375261127948760986e-01
-3.356811702251434326e-01
-3.390026390552520752e-01
-3.431996703147888184e-01
-3.422835171222686768e-01
-3.391689360141754150e-01
-3.395037353038787842e-01
-3.427382111549377441e-01
-3.402053117752075195e-01
-3.404083251953125000e-01
-3.450425267219543457e-01
-3.349006772041320801e-01
-3.401153087615966797e-01
-3.421106338500976562e-01
-3.414738774299621582e-01
-3.419897854328155518e-01
-3.386449515819549561e-01
-3.407613635063171387e-01
-3.420435190200805664e-01
-3.350954055786132812e-01
-3.374674022197723389e-01
-3.397992253303527832e-01
-3.389851152896881104e-01
-3.383988738059997559e-01
-3.416288197040557861e-01
-3.432809710502624512e-01
-3.386969566345214844e-01
-3.372151553630828857e-01
-3.394296169281005859e-01
-3.412047028541564941e-01
-3.423415422439575195e-01
-3.401027321815490723e-01
-3.361702561378479004e-01
-3.384891450405120850e-01
-3.406785130500793457e-01
-3.387021720409393311e-01
-3.380317986011505127e-01
-3.400470316410064697e-01
-3.389883339405059814e-01
-3.369862735271453857e-01
-3.362004756927490234e-01
-3.428559601306915283e-01
-3.400371670722961426e-01
-3.396229743957519531e-01
-3.394225239753723145e-01
-3.366548120975494385e-01
-3.401607573032379150e-01
-3.360833227634429932e-01
-3.397524654865264893e-01
-3.387639522552490234e-01
-3.410713970661163330e-01
-3.382775783538818359e-01
-3.424458503723144531e-01
-3.389549553394317627e-01
-3.425676226615905762e-01
-3.397979736328125000e-01
-3.406597077846527100e-01
-3.395995795726776123e-01
-3.393218815326690674e-01
-3.361851274967193604e-01
-3.381669223308563232e-01
-3.394795656204223633e-01
-3.404946923255920410e-01
-3.368092775344848633e-01
-3.390204310417175293e-01
-3.416561782360076904e-01
-3.408491313457489014e-01
-3.405194580554962158e-01
-3.425627350807189941e-01
-3.389734029769897461e-01
-3.377904891967773438e-01
-3.394307196140289307e-01
-3.357413113117218018e-01
-3.420032858848571777e-01
-3.442243635654449463e-01
-3.385535776615142822e-01
-3.393837213516235352e-01
-3.415007293224334717e-01
-3.411660194396972656e-01
-3.391872644424438477e-01
-3.398959040641784668e-01
-3.401792347431182861e-01
-3.392460644245147705e-01
-3.429064452648162842e-01
-3.432931005954742432e-01
-3.402229547500610352e-01
-3.388900160789489746e-01
-3.395925164222717285e-01
-3.385387063026428223e-01
-3.372873067855834961e-01
-3.359933495521545410e-01
-3.393976986408233643e-01
-3.374606966972351074e-01
-3.369245529174804688e-01
-3.418989181518554688e-01
-3.372783064842224121e-01
-3.359808921813964844e-01
-3.387235105037689209e-01
-3.400591909885406494e-01
-3.403151333332061768e-01
-3.368487060070037842e-01
-3.395958244800567627e-01
-3.377583026885986328e-01
-3.354909121990203857e-01
-3.377495706081390381e-01
-3.427542746067047119e-01
-3.386763334274291992e-01
-3.335238695144653320e-01
-3.356937468051910400e-01
-3.408505916595458984e-01
-3.418367803096771240e-01
-3.395327031612396240e-01
-3.372070789337158203e-01
-3.364333510398864746e-01
-3.418516218662261963e-01
-3.422550559043884277e-01
-3.375920355319976807e-01
-3.407192826271057129e-01
-3.402018547058105469e-01
-3.413458764553070068e-01
-3.360728323459625244e-01
-3.376230299472808838e-01
-3.344581127166748047e-01
-3.367387056350708008e-01
-3.405237793922424316e-01
-3.404348790645599365e-01
-3.382631242275238037e-01
-3.365311622619628906e-01
-3.350682258605957031e-01
-3.388157188892364502e-01
-3.397567868232727051e-01
-3.401602208614349365e-01
-3.392174541950225830e-01
-3.403230011463165283e-01
-3.396874964237213135e-01
-3.367834985256195068e-01
-3.375957608222961426e-01
-3.377935886383056641e-01
-3.405079841613769531e-01
-3.370105028152465820e-01
-3.404629826545715332e-01
-3.387147784233093262e-01
-3.395454883575439453e-01
-3.408977091312408447e-01
-3.378515541553497314e-01
-3.385065197944641113e-01
-3.364569842815399170e-01
-3.380014598369598389e-01
-3.383415639400482178e-01
-3.388776481151580811e-01
-3.378948867321014404e-01
-3.369806408882141113e-01
-3.353547453880310059e-01
-3.391597270965576172e-01
-3.369306325912475586e-01
-3.374154865741729736e-01
-3.413758575916290283e-01
-3.376244008541107178e-01
-3.299932181835174561e-01
-3.378501236438751221e-01
-3.422158062458038330e-01
-3.366355597972869873e-01
-3.406320214271545410e-01
-3.387257158756256104e-01
-3.392561078071594238e-01
-3.369268178939819336e-01
-3.340785801410675049e-01
-3.358219563961029053e-01
-3.378831446170806885e-01
-3.353461027145385742e-01
-3.382733762264251709e-01
-3.338610827922821045e-01
-3.367271125316619873e-01
-3.371872007846832275e-01
-3.402560949325561523e-01
-3.354610502719879150e-01
-3.351360857486724854e-01
-3.387973606586456299e-01
-3.421990275382995605e-01
-3.379640877246856689e-01
-3.351270556449890137e-01
-3.373845815658569336e-01
-3.389151692390441895e-01
-3.377235829830169678e-01
-3.365262448787689209e-01
-3.375707864761352539e-01
-3.363889753818511963e-01
-3.376207053661346436e-01
-3.368832767009735107e-01
-3.383255302906036377e-01
-3.392845690250396729e-01
-3.342861235141754150e-01
-3.366521000862121582e-01
-3.360849320888519287e-01
-3.396658301353454590e-01
-3.392258882522583008e-01
-3.357264399528503418e-01
-3.356225192546844482e-01
-3.326086997985839844e-01
-3.333305418491363525e-01
-3.378023803234100342e-01
-3.337187469005584717e-01
-3.382008969783782959e-01
-3.361006975173950195e-01
-3.361072242259979248e-01
-3.376950025558471680e-01
-3.316548466682434082e-01
-3.353299498558044434e-01
-3.352259099483489990e-01
-3.368618190288543701e-01
-3.357327282428741455e-01
-3.357761800289154053e-01
-3.377641737461090088e-01
-3.362562358379364014e-01
-3.362677097320556641e-01
-3.362337946891784668e-01
-3.355130553245544434e-01
-3.372222185134887695e-01
-3.373195827007293701e-01
-3.321521580219268799e-01
-3.363780379295349121e-01
-3.361019194126129150e-01
-3.355918526649475098e-01
-3.305859267711639404e-01
-3.342490196228027344e-01
-3.370095789432525635e-01
-3.357689678668975830e-01
-3.336410522460937500e-01
-3.337998092174530029e-01
-3.334725499153137207e-01
-3.362863063812255859e-01
-3.332496881484985352e-01
-3.364065885543823242e-01
-3.350827693939208984e-01
-3.342853784561157227e-01
-3.301548361778259277e-01
-3.367298841476440430e-01
-3.378487229347229004e-01
-3.359920680522918701e-01
-3.335455656051635742e-01
-3.368178009986877441e-01
-3.347452878952026367e-01
-3.340214490890502930e-01
-3.365851640701293945e-01
-3.351449668407440186e-01
-3.333035707473754883e-01
-3.372969031333923340e-01
-3.380198478698730469e-01
-3.338207304477691650e-01
-3.357913196086883545e-01
-3.320933580398559570e-01
-3.339253664016723633e-01
-3.330018520355224609e-01
-3.337318003177642822e-01
-3.358710110187530518e-01
-3.310308158397674561e-01
-3.329757153987884521e-01
-3.312524557113647461e-01
-3.311782777309417725e-01
-3.304952383041381836e-01
-3.339640200138092041e-01
-3.326382339000701904e-01
-3.296616673469543457e-01
-3.327273130416870117e-01
-3.313375115394592285e-01
-3.267332017421722412e-01
-3.316772580146789551e-01
-3.325559794902801514e-01
-3.350957632064819336e-01
-3.305090367794036865e-01
-3.344572186470031738e-01
-3.370596170425415039e-01
-3.344509303569793701e-01
-3.308527171611785889e-01
-3.318956196308135986e-01
-3.359069228172302246e-01
-3.347157537937164307e-01
-3.295858204364776611e-01
-3.301373124122619629e-01
-3.320108354091644287e-01
-3.328621089458465576e-01
-3.308461904525756836e-01
-3.330079615116119385e-01
-3.303219676017761230e-01
-3.320654630661010742e-01
-3.342646062374114990e-01
-3.333811461925506592e-01
-3.302894234657287598e-01
-3.304053246974945068e-01
-3.298996686935424805e-01
-3.322111368179321289e-01
-3.273700773715972900e-01
-3.294210135936737061e-01
-3.298386335372924805e-01
-3.337593376636505127e-01
-3.344216346740722656e-01
-3.343275785446166992e-01
-3.364233672618865967e-01
-3.333742618560791016e-01
-3.289493024349212646e-01
-3.315908908843994141e-01
-3.318843245506286621e-01
-3.294745385646820068e-01
-3.314366042613983154e-01
-3.341754674911499023e-01
-3.299153745174407959e-01
-3.305621445178985596e-01
-3.328674733638763428e-01
-3.289777934551239014e-01
-3.280397951602935791e-01
-3.303126692771911621e-01
-3.308351337909698486e-01
-3.330374956130981445e-01
-3.274917006492614746e-01
-3.290486931800842285e-01
-3.311325311660766602e-01
-3.314577639102935791e-01
-3.315101861953735352e-01
-3.325587809085845947e-01
-3.278213143348693848e-01
-3.313240408897399902e-01
-3.310006856918334961e-01
-3.272092044353485107e-01
-3.298490941524505615e-01
-3.285166919231414795e-01
-3.319074809551239014e-01
-3.324027657508850098e-01
-3.315410912036895752e-01
-3.314754962921142578e-01
-3.307536542415618896e-01
-3.264892101287841797e-01
-3.310609757900238037e-01
-3.300426602363586426e-01
-3.257557153701782227e-01
-3.318916261196136475e-01
-3.311438262462615967e-01
-3.295518159866333008e-01
-3.307552039623260498e-01
-3.332193791866302490e-01
-3.297298252582550049e-01
-3.294916450977325439e-01
-3.305826187133789062e-01
-3.291954398155212402e-01
-3.231881856918334961e-01
-3.354391157627105713e-01
-3.346026241779327393e-01
-3.306818306446075439e-01
-3.274179100990295410e-01
-3.292025029659271240e-01
-3.283565044403076172e-01
-3.264557421207427979e-01
-3.254028260707855225e-01
-3.259710073471069336e-01
-3.277699053287506104e-01
-3.296074867248535156e-01
-3.306562602519989014e-01
-3.309902846813201904e-01
-3.295516967773437500e-01
-3.299120068550109863e-01
-3.237822949886322021e-01
-3.320116102695465088e-01
-3.291408419609069824e-01
-3.257824480533599854e-01
-3.292550742626190186e-01
-3.278270959854125977e-01
-3.267351388931274414e-01
-3.275300562381744385e-01
-3.269905447959899902e-01
-3.247852921485900879e-01
-3.275932073593139648e-01
-3.311525583267211914e-01
-3.269458413124084473e-01
-3.291078805923461914e-01
-3.268622457981109619e-01
-3.217984735965728760e-01
-3.280778229236602783e-01
-3.274384140968322754e-01
-3.260211348533630371e-01
-3.285674750804901123e-01
-3.270260393619537354e-01
-3.298517465591430664e-01
-3.279067873954772949e-01
-3.287264406681060791e-01
-3.260896205902099609e-01
-3.314493298530578613e-01
-3.232242465019226074e-01
-3.218442499637603760e-01
-3.304548561573028564e-01
-3.308655917644500732e-01
-3.297841250896453857e-01
-3.246215283870697021e-01
-3.270087838172912598e-01
-3.254475295543670654e-01
-3.255252540111541748e-01
-3.289027214050292969e-01
-3.305040895938873291e-01
-3.277876079082489014e-01
-3.244026899337768555e-01
-3.283063471317291260e-01
-3.303087353706359863e-01
-3.256555199623107910e-01
-3.257689177989959717e-01
-3.297099173069000244e-01
-3.291262686252593994e-01
-3.251976966857910156e-01
-3.291115164756774902e-01
-3.263218700885772705e-01
-3.276730477809906006e-01
-3.227451741695404053e-01
-3.239784240722656250e-01
-3.286010026931762695e-01
-3.274513185024261475e-01
-3.272455036640167236e-01
-3.225424289703369141e-01
-3.183339536190032959e-01
-3.282142579555511475e-01
-3.250255286693572998e-01
-3.235274553298950195e-01
-3.214987814426422119e-01
-3.249347805976867676e-01
-3.271612226963043213e-01
-3.306888043880462646e-01
-3.253041803836822510e-01
-3.283075094223022461e-01
-3.239742517471313477e-01
-3.230786919593811035e-01
-3.261181712150573730e-01
-3.273647427558898926e-01
-3.249125480651855469e-01
-3.209043145179748535e-01
-3.238325417041778564e-01
-3.249828815460205078e-01
-3.267347216606140137e-01
-3.225466907024383545e-01
-3.224599361419677734e-01
-3.236775100231170654e-01
-3.250501751899719238e-01
-3.227896094322204590e-01
-3.246459364891052246e-01
-3.237009346485137939e-01
-3.251776695251464844e-01
-3.239586949348449707e-01
-3.227326869964599609e-01
-3.227228224277496338e-01
-3.214551806449890137e-01
-3.226671218872070312e-01
-3.271405100822448730e-01
-3.258290290832519531e-01
-3.258214592933654785e-01
-3.228024542331695557e-01
-3.233255743980407715e-01
-3.222651183605194092e-01
-3.234510719776153564e-01
-3.241865932941436768e-01
-3.244947493076324463e-01
-3.226370215415954590e-01
-3.229235112667083740e-01
-3.200148344039916992e-01
-3.228687644004821777e-01
-3.257420361042022705e-01
-3.205900788307189941e-01
-3.239091038703918457e-01
-3.249834477901458740e-01
-3.196380734443664551e-01
-3.225313723087310791e-01
-3.233077526092529297e-01
-3.188779652118682861e-01
-3.230508863925933838e-01
-3.254410624504089355e-01
-3.180455565452575684e-01
-3.222956657409667969e-01
-3.268433809280395508e-01
-3.201483488082885742e-01
-3.206204771995544434e-01
-3.236889839172363281e-01
-3.213245272636413574e-01
-3.176212012767791748e-01
-3.243129849433898926e-01
-3.213969767093658447e-01
-3.278099000453948975e-01
-3.212602138519287109e-01
-3.222658038139343262e-01
-3.229821026325225830e-01
-3.260100185871124268e-01
-3.185529112815856934e-01
-3.232167363166809082e-01
-3.245448470115661621e-01
-3.218718171119689941e-01
-3.242256343364715576e-01
-3.206902146339416504e-01
-3.259495198726654053e-01
-3.220050632953643799e-01
-3.222890496253967285e-01
-3.197202086448669434e-01
-3.218066692352294922e-01
-3.250772058963775635e-01
-3.241715729236602783e-01
-3.224918842315673828e-01
-3.181551396846771240e-01
-3.258464932441711426e-01
-3.224146366119384766e-01
-3.230515718460083008e-01
-3.221574723720550537e-01
-3.187375366687774658e-01
-3.214999437332153320e-01
-3.218311667442321777e-01
-3.259649574756622314e-01
-3.160488605499267578e-01
-3.189682662487030029e-01
-3.221675753593444824e-01
-3.219237923622131348e-01
-3.242228925228118896e-01
-3.176968395709991455e-01
-3.222605586051940918e-01
-3.239346444606781006e-01
-3.209417462348937988e-01
-3.219658136367797852e-01
-3.200039565563201904e-01
-3.209248185157775879e-01
-3.224835097789764404e-01
-3.210854530334472656e-01
-3.242914974689483643e-01
-3.189367651939392090e-01
-3.174459934234619141e-01
-3.195759057998657227e-01
-3.154953718185424805e-01
-3.252413570880889893e-01
-3.259894251823425293e-01
-3.254367113113403320e-01
-3.166845142841339111e-01
-3.218464553356170654e-01
-3.212530910968780518e-01
-3.165130615234375000e-01
-3.175331950187683105e-01
-3.228356242179870605e-01
-3.246824145317077637e-01
-3.166288733482360840e-01
-3.198044300079345703e-01
-3.222732245922088623e-01
-3.243377804756164551e-01
-3.194108009338378906e-01
-3.226475119590759277e-01
-3.148264586925506592e-01
-3.217675387859344482e-01
-3.177738487720489502e-01
-3.217335939407348633e-01
-3.220477998256683350e-01
-3.160901069641113281e-01
-3.161004185676574707e-01
-3.185232579708099365e-01
-3.190593123435974121e-01
-3.202167153358459473e-01
-3.188638985157012939e-01
-3.174432814121246338e-01
-3.166479468345642090e-01
-3.177075088024139404e-01
-3.131793737411499023e-01
-3.186481297016143799e-01
-3.224915266036987305e-01
-3.204261958599090576e-01
-3.204563558101654053e-01
-3.201712071895599365e-01
-3.219969570636749268e-01
-3.187465071678161621e-01
-3.149466514587402344e-01
-3.197669088840484619e-01
-3.169183135032653809e-01
-3.179969489574432373e-01
-3.204925358295440674e-01
-3.197935819625854492e-01
-3.225408196449279785e-01
-3.191962242126464844e-01
-3.154653608798980713e-01
-3.167671561241149902e-01
-3.199945092201232910e-01
-3.211546540260314941e-01
-3.183087110519409180e-01
-3.160670399665832520e-01
-3.226127922534942627e-01
-3.198631703853607178e-01
-3.156008124351501465e-01
-3.190866708755493164e-01
-3.184437155723571777e-01
-3.208259344100952148e-01
-3.179127871990203857e-01
-3.209264278411865234e-01
-3.125449717044830322e-01
-3.169719278812408447e-01
-3.199524581432342529e-01
-3.164934217929840088e-01
-3.173498213291168213e-01
-3.149072825908660889e-01
-3.210072219371795654e-01
-3.195295929908752441e-01
-3.144912123680114746e-01
-3.177627623081207275e-01
-3.173149824142456055e-01
-3.179053366184234619e-01
-3.133584558963775635e-01
-3.178480267524719238e-01
-3.188418745994567871e-01
-3.191422522068023682e-01
-3.174929618835449219e-01
-3.173239827156066895e-01
-3.191323280334472656e-01
-3.138235509395599365e-01
-3.300723731517791748e-01
-3.353366553783416748e-01
-3.307606279850006104e-01
-3.297801613807678223e-01
-3.318538963794708252e-01
-3.345709741115570068e-01
-3.378073871135711670e-01
-3.401258587837219238e-01
-3.394241929054260254e-01
-3.361289799213409424e-01
-3.401595056056976318e-01
-3.437327742576599121e-01
-3.472736775875091553e-01
-3.471954464912414551e-01
-3.491821885108947754e-01
-3.495348393917083740e-01
-3.509339988231658936e-01
-3.512561321258544922e-01
-3.527694344520568848e-01
-3.525499999523162842e-01
-3.525234460830688477e-01
-3.523004651069641113e-01
-3.548961281776428223e-01
-3.547390699386596680e-01
-3.550603985786437988e-01
-3.556764423847198486e-01
-3.558488190174102783e-01
-3.557701110839843750e-01
-3.559430837631225586e-01
-3.556567430496215820e-01
-3.561042249202728271e-01
-3.559555709362030029e-01
-3.568330705165863037e-01
-3.567114472389221191e-01
-3.567794859409332275e-01
-3.577443361282348633e-01
-3.590445518493652344e-01
-3.589746952056884766e-01
-3.581773340702056885e-01
-3.577690720558166504e-01
-3.583643436431884766e-01
-3.573521077632904053e-01
-3.571945130825042725e-01
-3.591260313987731934e-01
-3.584577739238739014e-01
-3.599916994571685791e-01
-3.590492606163024902e-01
-3.589030802249908447e-01
-3.591262698173522949e-01
-3.584605753421783447e-01
-3.589095473289489746e-01
-3.592241704463958740e-01
-3.595673143863677979e-01
-3.597510159015655518e-01
-3.599076569080352783e-01
-3.588384091854095459e-01
-3.599816858768463135e-01
-3.607255220413208008e-01
-3.593014478683471680e-01
-3.597173988819122314e-01
-3.598470985889434814e-01
-3.593076765537261963e-01
-3.591730892658233643e-01
-3.605715930461883545e-01
-3.599837720394134521e-01
-3.593959212303161621e-01
-3.611433207988739014e-01
-3.599966168403625488e-01
-3.607664704322814941e-01
-3.602025806903839111e-01
-3.606084287166595459e-01
-3.605580329895019531e-01
-3.608850240707397461e-01
-3.600079417228698730e-01
-3.611349463462829590e-01
-3.605157434940338135e-01
-3.596069812774658203e-01
-3.610187768936157227e-01
-3.612675964832305908e-01
-3.606555461883544922e-01
-3.609018921852111816e-01
-3.614540398120880127e-01
-3.608886301517486572e-01
-3.617334365844726562e-01
-3.604457974433898926e-01
-3.607446849346160889e-01
-3.607523143291473389e-01
-3.618395328521728516e-01
-3.614157438278198242e-01
-3.617362380027770996e-01
-3.623623549938201904e-01
-3.618586957454681396e-01
-3.618631064891815186e-01
-3.617033064365386963e-01
-3.605803251266479492e-01
-3.609883487224578857e-01
-3.607828319072723389e-01
-3.619549572467803955e-01
-3.609440326690673828e-01
-3.608787357807159424e-01
-3.615669608116149902e-01
-3.607724010944366455e-01
-3.617217540740966797e-01
-3.609906136989593506e-01
-3.615311980247497559e-01
-3.605462610721588135e-01
-3.617265224456787109e-01
-3.621227741241455078e-01
-3.611942827701568604e-01
-3.616180121898651123e-01
-3.611835241317749023e-01
-3.629290163516998291e-01
-3.608373701572418213e-01
-3.619475662708282471e-01
-3.612877726554870605e-01
-3.626901507377624512e-01
-3.624510467052459717e-01
-3.610148727893829346e-01
-3.622915744781494141e-01
-3.607131242752075195e-01
-3.621495068073272705e-01
-3.622286915779113770e-01
-3.624021410942077637e-01
-3.622898459434509277e-01
-3.629706203937530518e-01
-3.622391223907470703e-01
-3.621050417423248291e-01
-3.626835346221923828e-01
-3.622114956378936768e-01
-3.619515299797058105e-01
-3.622331619262695312e-01
-3.620063066482543945e-01
-3.621636331081390381e-01
-3.617419302463531494e-01
-3.624626696109771729e-01
-3.630977272987365723e-01
-3.636137843132019043e-01
-3.622464835643768311e-01
-3.620550036430358887e-01
-3.616246581077575684e-01
-3.624880611896514893e-01
-3.626504540443420410e-01
-3.613602817058563232e-01
-3.622370064258575439e-01
-3.625346124172210693e-01
-3.621358871459960938e-01
-3.633565306663513184e-01
-3.624072074890136719e-01
-3.622916638851165771e-01
-3.619109392166137695e-01
-3.624304533004760742e-01
-3.627175986766815186e-01
-3.628676235675811768e-01
-3.630837202072143555e-01
-3.632279634475708008e-01
-3.623283803462982178e-01
-3.624301850795745850e-01
-3.625786602497100830e-01
-3.621890842914581299e-01
-3.619249463081359863e-01
-3.620388805866241455e-01
-3.624431788921356201e-01
-3.629879355430603027e-01
-3.625170886516571045e-01
-3.620243668556213379e-01
-3.628364801406860352e-01
-3.630007207393646240e-01
-3.632918000221252441e-01
-3.620140254497528076e-01
-3.634987771511077881e-01
-3.616925179958343506e-01
-3.629403710365295410e-01
-3.619231283664703369e-01
-3.625717163085937500e-01
-3.622651994228363037e-01
-3.627818822860717773e-01
-3.633442819118499756e-01
-3.626725673675537109e-01
-3.635628521442413330e-01
-3.627853691577911377e-01
-3.630167245864868164e-01
-3.626251220703125000e-01
-3.636635541915893555e-01
-3.627878427505493164e-01
-3.621178269386291504e-01
-3.617703914642333984e-01
-3.631912767887115479e-01
-3.625955879688262939e-01
-3.625017404556274414e-01
-3.626106679439544678e-01
-3.628560304641723633e-01
-3.635198771953582764e-01
-3.634378612041473389e-01
-3.640365004539489746e-01
-3.633636534214019775e-01
-3.632660210132598877e-01
-3.633735775947570801e-01
-3.625545203685760498e-01
-3.633555769920349121e-01
-3.636140227317810059e-01
-3.631218969821929932e-01
-3.629631996154785156e-01
-3.624552190303802490e-01
-3.633677065372467041e-01
-3.636095523834228516e-01
-3.628583550453186035e-01
-3.636161684989929199e-01
-3.632727861404418945e-01
-3.632416129112243652e-01
-3.631854951381683350e-01
-3.636453747749328613e-01
-3.636771738529205322e-01
-3.637584447860717773e-01
-3.628836572170257568e-01
-3.632443845272064209e-01
-3.631761670112609863e-01
-3.631669282913208008e-01
-3.630029261112213135e-01
-3.640270531177520752e-01
-3.625315725803375244e-01
-3.634373247623443604e-01
-3.629838824272155762e-01
-3.638383746147155762e-01
-3.635058701038360596e-01
-3.637543022632598877e-01
-3.639419078826904297e-01
-3.633994758129119873e-01
-3.638783395290374756e-01
-3.633767068386077881e-01
-3.642420768737792969e-01
-3.638863861560821533e-01
-3.638866841793060303e-01
-3.623385131359100342e-01
-3.637945055961608887e-01
-3.639023303985595703e-01
-3.636996448040008545e-01
-3.643170297145843506e-01
-3.633096814155578613e-01
-3.628827333450317383e-01
-3.639603257179260254e-01
-3.644672632217407227e-01
-3.633543848991394043e-01
-3.637223541736602783e-01
-3.642857670783996582e-01
-3.638741374015808105e-01
-3.629557490348815918e-01
-3.633176982402801514e-01
-3.633851706981658936e-01
-3.633615076541900635e-01
-3.636916279792785645e-01
-3.646633923053741455e-01
-3.642913103103637695e-01
-3.643487095832824707e-01
-3.637370467185974121e-01
-3.635067939758300781e-01
-3.644034564495086670e-01
-3.636620342731475830e-01
-3.643354475498199463e-01
-3.648718893527984619e-01
-3.637962341308593750e-01
-3.635967373847961426e-01
-3.640380799770355225e-01
-3.643721938133239746e-01
-3.629213273525238037e-01
-3.641518354415893555e-01
-3.626832962036132812e-01
-3.637216687202453613e-01
-3.634852766990661621e-01
-3.634739518165588379e-01
-3.637045621871948242e-01
-3.638398945331573486e-01
-3.630040287971496582e-01
-3.632541000843048096e-01
-3.647104501724243164e-01
-3.641014397144317627e-01
-3.627969920635223389e-01
-3.648968040943145752e-01
-3.637505769729614258e-01
-3.642391264438629150e-01
-3.646668493747711182e-01
-3.644177317619323730e-01
-3.634877502918243408e-01
-3.636451065540313721e-01
-3.640406429767608643e-01
-3.642005324363708496e-01
-3.640427887439727783e-01
-3.637792170047760010e-01
-3.634335994720458984e-01
-3.635149598121643066e-01
-3.637392818927764893e-01
-3.638793826103210449e-01
-3.644936382770538330e-01
-3.633626699447631836e-01
-3.639158308506011963e-01
-3.634290099143981934e-01
-3.636988699436187744e-01
-3.635221719741821289e-01
-3.643195331096649170e-01
-3.642748892307281494e-01
-3.645767867565155029e-01
-3.638747632503509521e-01
-3.634398877620697021e-01
-3.649557530879974365e-01
-3.636796772480010986e-01
-3.647644519805908203e-01
-3.643573522567749023e-01
-3.638331294059753418e-01
-3.648654222488403320e-01
-3.645051121711730957e-01
-3.640752136707305908e-01
-3.635389208793640137e-01
-3.638060092926025391e-01
-3.643355071544647217e-01
-3.634241223335266113e-01
-3.650661110877990723e-01
-3.647354841232299805e-01
-3.641942739486694336e-01
-3.646398186683654785e-01
-3.651197552680969238e-01
-3.650852739810943604e-01
-3.642426729202270508e-01
-3.648038804531097412e-01
-3.651011288166046143e-01
-3.639755845069885254e-01
-3.649590313434600830e-01
-3.649609684944152832e-01
-3.650215566158294678e-01
-3.649314045906066895e-01
-3.644662499427795410e-01
-3.645682930946350098e-01
-3.647917509078979492e-01
-3.641411066055297852e-01
-3.637805283069610596e-01
-3.644773662090301514e-01
-3.648736476898193359e-01
-3.646279871463775635e-01
-3.643803596496582031e-01
-3.641193509101867676e-01
-3.647205829620361328e-01
-3.643076121807098389e-01
-3.641475141048431396e-01
-3.648085892200469971e-01
-3.647077083587646484e-01
-3.634811937808990479e-01
-3.635828793048858643e-01
-3.638306260108947754e-01
-3.641769289970397949e-01
-3.645792305469512939e-01
-3.652918040752410889e-01
-3.637867569923400879e-01
-3.645518124103546143e-01
-3.643994927406311035e-01
-3.638873398303985596e-01
-3.647611737251281738e-01
-3.639464676380157471e-01
-3.641971945762634277e-01
-3.652145266532897949e-01
-3.643327653408050537e-01
-3.642972111701965332e-01
-3.645771443843841553e-01
-3.647688329219818115e-01
-3.653432726860046387e-01
-3.648500442504882812e-01
-3.640816509723663330e-01
-3.642695844173431396e-01
-3.646263778209686279e-01
-3.643108010292053223e-01
-3.642851114273071289e-01
-3.638176620006561279e-01
-3.649650216102600098e-01
-3.647111058235168457e-01
-3.646100461483001709e-01
-3.648626804351806641e-01
-3.641605079174041748e-01
-3.650666475296020508e-01
-3.636755049228668213e-01
-3.641437590122222900e-01
-3.645562529563903809e-01
-3.644534945487976074e-01
-3.639943897724151611e-01
-3.646396994590759277e-01
-3.651939034461975098e-01
-3.642834126949310303e-01
-3.655120134353637695e-01
-3.651535511016845703e-01
-3.644805848598480225e-01
-3.650965094566345215e-01
-3.647147119045257568e-01
-3.653678596019744873e-01
-3.645236492156982422e-01
-3.656528294086456299e-01
-3.643495440483093262e-01
-3.655839264392852783e-01
-3.658454716205596924e-01
-3.646255135536193848e-01
-3.639391660690307617e-01
-3.640781342983245850e-01
-3.642423748970031738e-01
-3.651194572448730469e-01
-3.644620478153228760e-01
-3.651998043060302734e-01
-3.650597035884857178e-01
-3.646611869335174561e-01
-3.648410737514495850e-01
-3.651991486549377441e-01
-3.644152283668518066e-01
-3.641062974929809570e-01
-3.644385039806365967e-01
-3.646881580352783203e-01
-3.657810091972351074e-01
-3.643826842308044434e-01
-3.645498156547546387e-01
-3.648560643196105957e-01
-3.645693361759185791e-01
-3.646275699138641357e-01
-3.654587268829345703e-01
-3.652777671813964844e-01
-3.646908700466156006e-01
-3.658979535102844238e-01
-3.655994534492492676e-01
-3.653364777565002441e-01
-3.644853532314300537e-01
-3.654468059539794922e-01
-3.660764694213867188e-01
-3.643665909767150879e-01
-3.647578060626983643e-01
-3.644273579120635986e-01
-3.643994927406311035e-01
-3.653299510478973389e-01
-3.659210801124572754e-01
-3.655849993228912354e-01
-3.642178475856781006e-01
-3.654625713825225830e-01
-3.651782274246215820e-01
-3.650266230106353760e-01
-3.654548823833465576e-01
-3.653990626335144043e-01
-3.651812374591827393e-01
-3.648028075695037842e-01
-3.655822873115539551e-01
-3.646071851253509521e-01
-3.653669059276580811e-01
-3.645736575126647949e-01
-3.653843998908996582e-01
-3.648515343666076660e-01
-3.653158545494079590e-01
-3.651832342147827148e-01
-3.646769523620605469e-01
-3.639778494834899902e-01
-3.656594157218933105e-01
-3.642588257789611816e-01
-3.660004138946533203e-01
-3.651053905487060547e-01
-3.656014502048492432e-01
-3.654573857784271240e-01
-3.648069500923156738e-01
-3.647867143154144287e-01
-3.643721342086791992e-01
-3.648054301738739014e-01
-3.649753630161285400e-01
-3.650152981281280518e-01
-3.653844594955444336e-01
-3.653783500194549561e-01
-3.651478886604309082e-01
-3.635981082916259766e-01
-3.654550909996032715e-01
-3.655633628368377686e-01
-3.650021553039550781e-01
-3.645658195018768311e-01
-3.645810484886169434e-01
-3.648232519626617432e-01
-3.654370605945587158e-01
-3.653502464294433594e-01
-3.649154305458068848e-01
-3.658105432987213135e-01
-3.653726875782012939e-01
-3.656127452850341797e-01
-3.652792870998382568e-01
-3.652401566505432129e-01
-3.647424876689910889e-01
-3.649295270442962646e-01
-3.653849959373474121e-01
-3.648060858249664307e-01
-3.656890392303466797e-01
-3.649074435234069824e-01
-3.644292354583740234e-01
-3.657341897487640381e-01
-3.654460310935974121e-01
-3.650705814361572266e-01
-3.653856217861175537e-01
-3.662859797477722168e-01
-3.647285103797912598e-01
-3.658668398857116699e-01
-3.653335869312286377e-01
-3.653957545757293701e-01
-3.649974763393402100e-01
-3.649267852306365967e-01
-3.649816513061523438e-01
-3.651009500026702881e-01
-3.655229210853576660e-01
-3.649206161499023438e-01
-3.650405406951904297e-01
-3.659695982933044434e-01
-3.650988042354583740e-01
-3.648333847522735596e-01
-3.654046058654785156e-01
-3.659048378467559814e-01
-3.659982383251190186e-01
-3.652593195438385010e-01
-3.648119568824768066e-01
-3.658230006694793701e-01
-3.656722307205200195e-01
-3.657295405864715576e-01
-3.665423393249511719e-01
-3.669102489948272705e-01
-3.652092218399047852e-01
-3.647733032703399658e-01
-3.660222291946411133e-01
-3.656586110591888428e-01
-3.660713434219360352e-01
-3.655597269535064697e-01
-3.647500872611999512e-01
-3.659722506999969482e-01
-3.652982711791992188e-01
-3.657208383083343506e-01
-3.642334640026092529e-01
-3.658459186553955078e-01
-3.651945292949676514e-01
-3.657765984535217285e-01
-3.657304644584655762e-01
-3.659317791461944580e-01
-3.655736744403839111e-01
-3.655286729335784912e-01
-3.655532896518707275e-01
-3.652650117874145508e-01
-3.652494549751281738e-01
-3.652701079845428467e-01
-3.663456439971923828e-01
-3.659874200820922852e-01
-3.646762967109680176e-01
-3.659268319606781006e-01
-3.653343915939331055e-01
-3.646752238273620605e-01
-3.653973340988159180e-01
-3.666611909866333008e-01
-3.657629191875457764e-01
-3.654948770999908447e-01
-3.654865920543670654e-01
-3.658339977264404297e-01
-3.641391098499298096e-01
-3.653480112552642822e-01
-3.646503090858459473e-01
-3.654588758945465088e-01
-3.653893470764160156e-01
-3.655016422271728516e-01
-3.648993372917175293e-01
-3.648780584335327148e-01
-3.650059700012207031e-01
-3.644950091838836670e-01
-3.656687736511230469e-01
-3.655802011489868164e-01
-3.650862574577331543e-01
-3.656139969825744629e-01
-3.655121922492980957e-01
-3.663415014743804932e-01
-3.654481470584869385e-01
-3.653986155986785889e-01
-3.656086027622222900e-01
-3.659656345844268799e-01
-3.658513426780700684e-01
-3.660029172897338867e-01
-3.659267723560333252e-01
-3.665738403797149658e-01
-3.653171956539154053e-01
-3.651294410228729248e-01
-3.652799725532531738e-01
-3.652043938636779785e-01
-3.656221330165863037e-01
-3.654573857784271240e-01
-3.651305437088012695e-01
-3.655711710453033447e-01
-3.659097254276275635e-01
-3.651984632015228271e-01
-3.660362660884857178e-01
-3.661939799785614014e-01
-3.663030266761779785e-01
-3.658204972743988037e-01
-3.668624758720397949e-01
-3.655146658420562744e-01
-3.669367432594299316e-01
-3.650885522365570068e-01
-3.644419312477111816e-01
-3.659786581993103027e-01
-3.659636974334716797e-01
-3.660868406295776367e-01
-3.659072816371917725e-01
-3.663556277751922607e-01
-3.653787374496459961e-01
-3.653964102268218994e-01
-3.662053942680358887e-01
-3.662692308425903320e-01
-3.651856780052185059e-01
-3.648920059204101562e-01
-3.660983741283416748e-01
-3.665958642959594727e-01
-3.649679422378540039e-01
-3.653456568717956543e-01
-3.653959929943084717e-01
-3.659245073795318604e-01
-3.656965494155883789e-01
-3.659349381923675537e-01
-3.657948076725006104e-01
-3.659316301345825195e-01
-3.657496571540832520e-01
-3.654549419879913330e-01
-3.656869232654571533e-01
-3.653900027275085449e-01
-3.654097914695739746e-01
-3.660181164741516113e-01
-3.659186065196990967e-01
-3.653091490268707275e-01
-3.664662241935729980e-01
-3.658919334411621094e-01
-3.659269511699676514e-01
-3.648619949817657471e-01
-3.651843965053558350e-01
-3.655844926834106445e-01
-3.664512932300567627e-01
-3.661451935768127441e-01
-3.658829331398010254e-01
-3.653791248798370361e-01
-3.659214079380035400e-01
-3.659998774528503418e-01
-3.647646605968475342e-01
-3.653118908405303955e-01
-3.657636642456054688e-01
-3.657954037189483643e-01
-3.653969764709472656e-01
-3.658518791198730469e-01
-3.657731711864471436e-01
-3.665342926979064941e-01
-3.665340840816497803e-01
-3.666221201419830322e-01
-3.666760921478271484e-01
-3.661126792430877686e-01
-3.660364151000976562e-01
-3.658648431301116943e-01
-3.657907247543334961e-01
-3.661339879035949707e-01
-3.660240769386291504e-01
-3.663902580738067627e-01
-3.656779229640960693e-01
-3.667356073856353760e-01
-3.672961592674255371e-01
-3.662596344947814941e-01
-3.654713034629821777e-01
-3.655432760715484619e-01
-3.663485944271087646e-01
-3.659502267837524414e-01
-3.655686080455780029e-01
-3.658877313137054443e-01
-3.655663430690765381e-01
-3.654634058475494385e-01
-3.662743270397186279e-01
-3.655388057231903076e-01
-3.663006126880645752e-01
-3.662451207637786865e-01
-3.660550415515899658e-01
-3.656849861145019531e-01
-3.646552264690399170e-01
-3.666894435882568359e-01
-3.663598597049713135e-01
-3.668698966503143311e-01
-3.658893108367919922e-01
-3.660442829132080078e-01
-3.664236068725585938e-01
-3.667224645614624023e-01
-3.662597239017486572e-01
-3.654364347457885742e-01
-3.668480217456817627e-01
-3.664141595363616943e-01
-3.657523095607757568e-01
-3.660567998886108398e-01
-3.659232854843139648e-01
-3.651483058929443359e-01
-3.656597733497619629e-01
-3.657137453556060791e-01
-3.654644787311553955e-01
-3.655398488044738770e-01
-3.661336600780487061e-01
-3.657366633415222168e-01
-3.662148118019104004e-01
-3.659901022911071777e-01
-3.664288222789764404e-01
-3.654323220252990723e-01
-3.654367625713348389e-01
-3.657658100128173828e-01
-3.653481006622314453e-01
-3.667909502983093262e-01
-3.660706579685211182e-01
-3.658739924430847168e-01
-3.652061223983764648e-01
-3.664624989032745361e-01
-3.659473657608032227e-01
-3.661078512668609619e-01
-3.655871152877807617e-01
-3.656831383705139160e-01
-3.663307130336761475e-01
-3.655542433261871338e-01
-3.666096329689025879e-01
-3.660872876644134521e-01
-3.655784428119659424e-01
-3.664307594299316406e-01
-3.664462566375732422e-01
-3.660941123962402344e-01
-3.653738796710968018e-01
-3.650935590267181396e-01
-3.665465712547302246e-01
-3.664488494396209717e-01
-3.655498623847961426e-01
-3.656679987907409668e-01
-3.663110435009002686e-01
-3.669449388980865479e-01
-3.653426170349121094e-01
-3.654677569866180420e-01
-3.655295372009277344e-01
-3.661990463733673096e-01
-3.658185899257659912e-01
-3.664228320121765137e-01
-3.669454455375671387e-01
-3.664143085479736328e-01
-3.665228784084320068e-01
-3.664259910583496094e-01
-3.659211695194244385e-01
-3.658321499824523926e-01
-3.663853704929351807e-01
-3.661352097988128662e-01
-3.653288483619689941e-01
-3.659944534301757812e-01
-3.657623231410980225e-01
-3.657140433788299561e-01
-3.658124506473541260e-01
-3.657557368278503418e-01
-3.655054271221160889e-01
-3.664567768573760986e-01
-3.655886948108673096e-01
-3.664039671421051025e-01
-3.671722412109375000e-01
-3.665143549442291260e-01
-3.664663434028625488e-01
-3.661142885684967041e-01
-3.665575981140136719e-01
-3.654028773307800293e-01
-3.670099377632141113e-01
-3.663280010223388672e-01
-3.665117919445037842e-01
-3.661654591560363770e-01
-3.664868175983428955e-01
-3.665240406990051270e-01
-3.662924170494079590e-01
-3.660233020782470703e-01
-3.661930561065673828e-01
-3.663088381290435791e-01
-3.665728271007537842e-01
-3.667916357517242432e-01
-3.657142817974090576e-01
-3.666366040706634521e-01
-3.665788471698760986e-01
-3.665965795516967773e-01
-3.659777939319610596e-01
-3.661402463912963867e-01
-3.670375943183898926e-01
-3.656261563301086426e-01
-3.664555549621582031e-01
-3.662144839763641357e-01
-3.660188019275665283e-01
-3.663581609725952148e-01
-3.663315773010253906e-01
-3.656779229640960693e-01
-3.663615882396697998e-01
-3.666117191314697266e-01
-3.659669160842895508e-01
-3.659080266952514648e-01
-3.661927580833435059e-01
-3.655894100666046143e-01
-3.665142357349395752e-01
-3.659239411354064941e-01
-3.670201301574707031e-01
-3.666662275791168213e-01
-3.658810555934906006e-01
-3.656015694141387939e-01
-3.672238290309906006e-01
-3.662556111812591553e-01
-3.659889400005340576e-01
-3.668123781681060791e-01
-3.667856752872467041e-01
-3.665270805358886719e-01
-3.665479123592376709e-01
-3.670550584793090820e-01
-3.666298091411590576e-01
-3.661420643329620361e-01
-3.661190569400787354e-01
-3.664980828762054443e-01
-3.661408126354217529e-01
-3.667146265506744385e-01
-3.671629726886749268e-01
-3.665264844894409180e-01
-3.671072125434875488e-01
-3.666352331638336182e-01
-3.670713901519775391e-01
-3.666284084320068359e-01
-3.665321171283721924e-01
-3.667551279067993164e-01
-3.659595847129821777e-01
-3.671533763408660889e-01
-3.664779067039489746e-01
-3.658733665943145752e-01
-3.663489222526550293e-01
-3.666381239891052246e-01
-3.669215142726898193e-01
-3.664367198944091797e-01
-3.658869564533233643e-01
-3.662805259227752686e-01
-3.662979006767272949e-01
-3.664313256740570068e-01
-3.665230274200439453e-01
-3.669489026069641113e-01
-3.661823570728302002e-01
-3.667472004890441895e-01
-3.670225739479064941e-01
-3.666514456272125244e-01
-3.665174841880798340e-01
-3.656656146049499512e-01
-3.666900396347045898e-01
-3.663642704486846924e-01
-3.656206727027893066e-01
-3.669968545436859131e-01
-3.666230142116546631e-01
-3.667039871215820312e-01
-3.665897250175476074e-01
-3.668156266212463379e-01
-3.667288124561309814e-01
-3.666510581970214844e-01
-3.659376204013824463e-01
-3.666118085384368896e-01
-3.661760389804840088e-01
-3.663403689861297607e-01
-3.666387200355529785e-01
-3.675950169563293457e-01
-3.666895031929016113e-01
-3.666817545890808105e-01
-3.678109645843505859e-01
-3.668102920055389404e-01
-3.667338788509368896e-01
-3.663021624088287354e-01
-3.666423857212066650e-01
-3.671041131019592285e-01
-3.670367896556854248e-01
-3.668439388275146484e-01
-3.672648966312408447e-01
-3.676030933856964111e-01
-3.667828440666198730e-01
-3.667837083339691162e-01
-3.660200238227844238e-01
-3.667517304420471191e-01
-3.671861588954925537e-01
-3.670544922351837158e-01
-3.660152852535247803e-01
-3.671402931213378906e-01
-3.659721314907073975e-01
-3.672222197055816650e-01
-3.663284182548522949e-01
-3.664903044700622559e-01
-3.663715124130249023e-01
-3.656150102615356445e-01
-3.658997118473052979e-01
-3.666953742504119873e-01
-3.669448792934417725e-01
-3.665041625499725342e-01
-3.674041032791137695e-01
-3.665248453617095947e-01
-3.668349087238311768e-01
-3.669360280036926270e-01
-3.670172989368438721e-01
-3.674354255199432373e-01
-3.661015629768371582e-01
-3.668908178806304932e-01
-3.674420714378356934e-01
-3.663384616374969482e-01
-3.679572641849517822e-01
-3.671594858169555664e-01
-3.662342131137847900e-01
-3.664824962615966797e-01
-3.666156828403472900e-01
-3.665762841701507568e-01
-3.675819337368011475e-01
-3.669444024562835693e-01
-3.662928342819213867e-01
-3.669051527976989746e-01
-3.669158220291137695e-01
-3.666971325874328613e-01
-3.669770956039428711e-01
-3.666796386241912842e-01
-3.671498000621795654e-01
-3.672745525836944580e-01
-3.669715523719787598e-01
-3.662228882312774658e-01
-3.658341765403747559e-01
-3.667721748352050781e-01
-3.658973872661590576e-01
-3.665247857570648193e-01
-3.665700554847717285e-01
-3.669827878475189209e-01
-3.665107190608978271e-01
-3.673134744167327881e-01
-3.662393391132354736e-01
-3.660634756088256836e-01
-3.659792542457580566e-01
-3.663773536682128906e-01
-3.672776520252227783e-01
-3.670162856578826904e-01
-3.670399188995361328e-01
-3.667581081390380859e-01
-3.675926029682159424e-01
-3.664874136447906494e-01
-3.670094609260559082e-01
-3.667387366294860840e-01
-3.669612407684326172e-01
-3.667363822460174561e-01
-3.672424256801605225e-01
-3.675355613231658936e-01
-3.673869371414184570e-01
-3.664432764053344727e-01
-3.663038909435272217e-01
-3.669878542423248291e-01
-3.667739331722259521e-01
-3.672235012054443359e-01
-3.665209412574768066e-01
-3.669608831405639648e-01
-3.664914667606353760e-01
-3.668402135372161865e-01
-3.671197593212127686e-01
-3.671294152736663818e-01
-3.667601644992828369e-01
-3.673156201839447021e-01
-3.665632903575897217e-01
-3.665289282798767090e-01
-3.675589263439178467e-01
-3.666331470012664795e-01
-3.668104112148284912e-01
-3.669038712978363037e-01
-3.667952418327331543e-01
-3.663344681262969971e-01
-3.674169182777404785e-01
-3.669998049736022949e-01
-3.667929768562316895e-01
-3.666372597217559814e-01
-3.672667145729064941e-01
-3.667280077934265137e-01
-3.670837879180908203e-01
-3.663475811481475830e-01
-3.667007982730865479e-01
-3.675591349601745605e-01
-3.671322762966156006e-01
-3.675196170806884766e-01
-3.664890825748443604e-01
-3.666011989116668701e-01
-3.671621084213256836e-01
-3.667605519294738770e-01
-3.674393296241760254e-01
-3.669639825820922852e-01
-3.660916090011596680e-01
-3.669624626636505127e-01
-3.662914931774139404e-01
-3.669770061969757080e-01
-3.660004436969757080e-01
-3.672273755073547363e-01
-3.671150505542755127e-01
-3.674658834934234619e-01
-3.674296736717224121e-01
-3.671007752418518066e-01
-3.665745258331298828e-01
-3.670201301574707031e-01
-3.669146895408630371e-01
-3.662365078926086426e-01
-3.673726320266723633e-01
-3.668611943721771240e-01
-3.670254051685333252e-01
-3.680917620658874512e-01
-3.664522767066955566e-01
-3.677315711975097656e-01
-3.674736618995666504e-01
-3.669215738773345947e-01
-3.660648763179779053e-01
-3.671237826347351074e-01
-3.670559823513031006e-01
-3.670814335346221924e-01
-3.675773143768310547e-01
-3.668202459812164307e-01
-3.668252527713775635e-01
-3.663024306297302246e-01
-3.669288754463195801e-01
-3.674485385417938232e-01
-3.667969703674316406e-01
-3.673790097236633301e-01
-3.677651286125183105e-01
-3.679277896881103516e-01
-3.663229942321777344e-01
-3.674549460411071777e-01
-3.666489124298095703e-01
-3.676601052284240723e-01
-3.669653236865997314e-01
-3.669540584087371826e-01
-3.671441674232482910e-01
-3.668326437473297119e-01
-3.672808110713958740e-01
-3.675612211227416992e-01
-3.664304912090301514e-01
-3.666940331459045410e-01
-3.667706549167633057e-01
-3.663865923881530762e-01
-3.666912615299224854e-01
-3.673171997070312500e-01
-3.676448464393615723e-01
-3.664101958274841309e-01
-3.674010634422302246e-01
-3.676930069923400879e-01
-3.672527968883514404e-01
-3.667955398559570312e-01
-3.669444322586059570e-01
-3.666028678417205811e-01
-3.670648336410522461e-01
-3.672122061252593994e-01
-3.668858110904693604e-01
-3.674410283565521240e-01
-3.675971329212188721e-01
-3.669194877147674561e-01
-3.672130107879638672e-01
-3.676053583621978760e-01
-3.681152462959289551e-01
-3.675387799739837646e-01
-3.666852712631225586e-01
-3.669187724590301514e-01
-3.671163022518157959e-01
-3.674367070198059082e-01
-3.672504127025604248e-01
-3.667815029621124268e-01
-3.667932748794555664e-01
-3.673274517059326172e-01
-3.672412335872650146e-01
-3.676135241985321045e-01
-3.663188815116882324e-01
-3.670431971549987793e-01
-3.671038150787353516e-01
-3.674544990062713623e-01
-3.670227825641632080e-01
-3.674617707729339600e-01
-3.668787777423858643e-01
-3.669882714748382568e-01
-3.665924668312072754e-01
-3.671146333217620850e-01
-3.668677210807800293e-01
-3.672625720500946045e-01
-3.679721057415008545e-01
-3.665212988853454590e-01
-3.666434586048126221e-01
-3.670192062854766846e-01
-3.674435615539550781e-01
-3.673210442066192627e-01
-3.675748109817504883e-01
-3.669723570346832275e-01
-3.662554323673248291e-01
-3.671997487545013428e-01
-3.674401342868804932e-01
-3.671960234642028809e-01
-3.669368922710418701e-01
-3.675377666950225830e-01
-3.675099015235900879e-01
-3.672116696834564209e-01
-3.669968843460083008e-01
-3.667449057102203369e-01
-3.666986227035522461e-01
-3.671668767929077148e-01
-3.669452369213104248e-01
-3.670123815536499023e-01
-3.669984042644500732e-01
-3.666692972183227539e-01
-3.670175075531005859e-01
-3.676599860191345215e-01
-3.673054873943328857e-01
-3.669272959232330322e-01
-3.677893877029418945e-01
-3.668470084667205811e-01
-3.673243820667266846e-01
-3.676802814006805420e-01
-3.672290742397308350e-01
-3.676292002201080322e-01
-3.672144412994384766e-01
-3.678281605243682861e-01
-3.665829896926879883e-01
-3.667209446430206299e-01
-3.674730360507965088e-01
-3.671549260616302490e-01
-3.670121133327484131e-01
-3.672278225421905518e-01
-3.675026297569274902e-01
-3.669345676898956299e-01
-3.667553067207336426e-01
-3.676805794239044189e-01
-3.674004077911376953e-01
-3.678267896175384521e-01
-3.669849932193756104e-01
-3.672028779983520508e-01
-3.671157062053680420e-01
-3.666198849678039551e-01
-3.671383261680603027e-01
-3.666066825389862061e-01
-3.675609230995178223e-01
-3.676114380359649658e-01
-3.670195639133453369e-01
-3.670981526374816895e-01
-3.676686286926269531e-01
-3.672599494457244873e-01
-3.673520386219024658e-01
-3.667044639587402344e-01
-3.683116137981414795e-01
-3.675152063369750977e-01
-3.660210669040679932e-01
-3.680964708328247070e-01
-3.678013682365417480e-01
-3.671724200248718262e-01
-3.675352036952972412e-01
-3.672868609428405762e-01
-3.678977191448211670e-01
-3.671463131904602051e-01
-3.674843907356262207e-01
-3.667826354503631592e-01
-3.672387301921844482e-01
-3.674141764640808105e-01
-3.677865564823150635e-01
-3.670784235000610352e-01
-3.670326173305511475e-01
-3.675546944141387939e-01
-3.678946495056152344e-01
-3.672206699848175049e-01
-3.674292862415313721e-01
-3.667956292629241943e-01
-3.679287433624267578e-01
-3.671600818634033203e-01
-3.673837482929229736e-01
-3.676995337009429932e-01
-3.676202893257141113e-01
-3.674556910991668701e-01
-3.680967390537261963e-01
-3.677731454372406006e-01
-3.679659962654113770e-01
-3.671036362648010254e-01
-3.676861822605133057e-01
-3.670638501644134521e-01
-3.672940135002136230e-01
-3.676329851150512695e-01
-3.672706186771392822e-01
-3.666992783546447754e-01
-3.669945597648620605e-01
-3.669578135013580322e-01
-3.681478202342987061e-01
-3.670079410076141357e-01
-3.675695061683654785e-01
-3.675898909568786621e-01
-3.667269945144653320e-01
-3.673097789287567139e-01
-3.670209348201751709e-01
-3.672616481781005859e-01
-3.669848442077636719e-01
-3.670581579208374023e-01
-3.676864802837371826e-01
-3.674483299255371094e-01
-3.675941228866577148e-01
-3.679164946079254150e-01
-3.675247132778167725e-01
-3.669266998767852783e-01
-3.674888312816619873e-01
-3.669237494468688965e-01
-3.668470978736877441e-01
-3.673251271247863770e-01
-3.672113120555877686e-01
-3.685252964496612549e-01
-3.675979077816009521e-01
-3.680098354816436768e-01
-3.674413859844207764e-01
-3.673371672630310059e-01
-3.677783906459808350e-01
-3.679488003253936768e-01
-3.675292432308197021e-01
-3.684975206851959229e-01
-3.672240674495697021e-01
-3.673640489578247070e-01
-3.674457669258117676e-01
-3.678008615970611572e-01
-3.679631054401397705e-01
-3.668051064014434814e-01
-3.685142695903778076e-01
-3.674967288970947266e-01
-3.663019537925720215e-01
-3.677594661712646484e-01
-3.677806556224822998e-01
-3.677014112472534180e-01
-3.671676516532897949e-01
-3.674148619174957275e-01
-3.671129345893859863e-01
-3.678374588489532471e-01
-3.676761984825134277e-01
-3.672252297401428223e-01
-3.671964108943939209e-01
-3.683659136295318604e-01
-3.670521080493927002e-01
-3.673245310783386230e-01
-3.678128123283386230e-01
-3.674406111240386963e-01
-3.670242428779602051e-01
-3.677906394004821777e-01
-3.676744997501373291e-01
-3.672820925712585449e-01
-3.676390945911407471e-01
-3.676940798759460449e-01
-3.673872649669647217e-01
-3.676024675369262695e-01
-3.681175112724304199e-01
-3.676751255989074707e-01
-3.681115806102752686e-01
-3.675499260425567627e-01
-3.672797977924346924e-01
-3.686309158802032471e-01
-3.675786256790161133e-01
-3.673855662345886230e-01
-3.678067624568939209e-01
-3.678395152091979980e-01
-3.681266009807586670e-01
-3.673220276832580566e-01
-3.670918047428131104e-01
-3.673956990242004395e-01
-3.676160573959350586e-01
-3.675178885459899902e-01
-3.681665658950805664e-01
-3.674727976322174072e-01
-3.672406077384948730e-01
-3.673262000083923340e-01
-3.685608506202697754e-01
-3.672866821289062500e-01
-3.677215278148651123e-01
-3.678956031799316406e-01
-3.668735325336456299e-01
-3.677044212818145752e-01
-3.677128553390502930e-01
-3.674237132072448730e-01
-3.682966530323028564e-01
-3.683513104915618896e-01
-3.669968843460083008e-01
-3.676437735557556152e-01
-3.673479557037353516e-01
-3.680351972579956055e-01
-3.674668073654174805e-01
-3.680135905742645264e-01
-3.682822883129119873e-01
-3.674609363079071045e-01
-3.670010268688201904e-01
-3.677711188793182373e-01
-3.668523728847503662e-01
-3.678669929504394531e-01
-3.671059608459472656e-01
-3.669685721397399902e-01
-3.671699166297912598e-01
-3.678120672702789307e-01
-3.673701882362365723e-01
-3.675489425659179688e-01
-3.676741719245910645e-01
-3.681282997131347656e-01
-3.673678338527679443e-01
-3.673611879348754883e-01
-3.678267300128936768e-01
-3.682314157485961914e-01
-3.676111698150634766e-01
-3.671061992645263672e-01
-3.677875399589538574e-01
-3.678677082061767578e-01
-3.680475652217864990e-01
-3.678791522979736328e-01
-3.671942353248596191e-01
-3.665289878845214844e-01
-3.682627677917480469e-01
-3.678378760814666748e-01
-3.677075207233428955e-01
-3.677432835102081299e-01
-3.685983717441558838e-01
-3.681328892707824707e-01
-3.669531941413879395e-01
-3.674106299877166748e-01
-3.669556975364685059e-01
-3.683793842792510986e-01
-3.675976991653442383e-01
-3.679633736610412598e-01
-3.676280379295349121e-01
-3.677500784397125244e-01
-3.675584197044372559e-01
-3.682401478290557861e-01
-3.676322996616363525e-01
-3.678293824195861816e-01
-3.678790628910064697e-01
-3.673294186592102051e-01
-3.673369288444519043e-01
-3.678495287895202637e-01
-3.681572973728179932e-01
-3.677086234092712402e-01
-3.673641979694366455e-01
-3.681964278221130371e-01
-3.679938316345214844e-01
-3.672291636466979980e-01
-3.684576749801635742e-01
-3.676777482032775879e-01
-3.677133321762084961e-01
-3.671919703483581543e-01
-3.686410188674926758e-01
-3.679251670837402344e-01
-3.677277565002441406e-01
-3.670490086078643799e-01
-3.681143820285797119e-01
-3.675276637077331543e-01
-3.677629530429840088e-01
-3.676665127277374268e-01
-3.674663603305816650e-01
-3.681436479091644287e-01
-3.676483035087585449e-01
-3.673965930938720703e-01
-3.684496879577636719e-01
-3.677604794502258301e-01
-3.673999011516571045e-01
-3.677298724651336670e-01
-3.683833479881286621e-01
-3.681484460830688477e-01
-3.670102059841156006e-01
-3.676049113273620605e-01
-3.679550290107727051e-01
-3.680461943149566650e-01
-3.675959408283233643e-01
-3.676952421665191650e-01
-3.677788674831390381e-01
-3.679572045803070068e-01
-3.680562674999237061e-01
-3.681015670299530029e-01
-3.679708838462829590e-01
-3.681107759475708008e-01
-3.679198920726776123e-01
-3.682576417922973633e-01
-3.683784306049346924e-01
-3.677976727485656738e-01
-3.678147196769714355e-01
-3.677460849285125732e-01
-3.677502572536468506e-01
-3.677796125411987305e-01
-3.679416477680206299e-01
-3.681010305881500244e-01
-3.679924905300140381e-01
-3.677934706211090088e-01
-3.680236041545867920e-01
-3.680523037910461426e-01
-3.683960139751434326e-01
-3.684089779853820801e-01
-3.689900934696197510e-01
-3.688343465328216553e-01
-3.684280514717102051e-01
-3.672944605350494385e-01
-3.675988018512725830e-01
-3.682451844215393066e-01
-3.681983351707458496e-01
-3.679210245609283447e-01
-3.675036728382110596e-01
-3.681403398513793945e-01
-3.685151934623718262e-01
-3.678334951400756836e-01
-3.682707250118255615e-01
-3.674756586551666260e-01
-3.682213723659515381e-01
-3.679264783859252930e-01
-3.681565225124359131e-01
-3.673727512359619141e-01
-3.680111169815063477e-01
-3.675042986869812012e-01
-3.683406412601470947e-01
-3.674418330192565918e-01
-3.680819571018218994e-01
-3.676453828811645508e-01
-3.681837916374206543e-01
-3.683406412601470947e-01
-3.675552010536193848e-01
-3.692083954811096191e-01
-3.678856194019317627e-01
-3.675062060356140137e-01
-3.674652278423309326e-01
-3.679513633251190186e-01
-3.680895864963531494e-01
-3.682274520397186279e-01
-3.679246008396148682e-01
-3.672886490821838379e-01
-3.685663342475891113e-01
-3.688221275806427002e-01
-3.677128851413726807e-01
-3.680685162544250488e-01
-3.674698173999786377e-01
-3.673534095287322998e-01
-3.683202564716339111e-01
-3.670973479747772217e-01
-3.680742681026458740e-01
-3.683342337608337402e-01
-3.675560951232910156e-01
-3.678149580955505371e-01
-3.680574297904968262e-01
-3.674067854881286621e-01
-3.680626153945922852e-01
-3.673892021179199219e-01
-3.673393428325653076e-01
-3.675797283649444580e-01
-3.680126368999481201e-01
-3.673410713672637939e-01
-3.681882023811340332e-01
-3.678118288516998291e-01
-3.676627874374389648e-01
-3.682798743247985840e-01
-3.677566349506378174e-01
-3.682084381580352783e-01
-3.678165674209594727e-01
-3.673346340656280518e-01
-3.683823943138122559e-01
-3.684718906879425049e-01
-3.680565059185028076e-01
-3.680539429187774658e-01
-3.674368262290954590e-01
-3.671517372131347656e-01
-3.678497374057769775e-01
-3.684463202953338623e-01
-3.676252365112304688e-01
-3.683389425277709961e-01
-3.681803941726684570e-01
-3.682060539722442627e-01
-3.677833378314971924e-01
-3.677310049533843994e-01
-3.679402470588684082e-01
-3.682203888893127441e-01
-3.680748939514160156e-01
-3.678278923034667969e-01
-3.678758144378662109e-01
-3.681271374225616455e-01
-3.679150342941284180e-01
-3.681113421916961670e-01
-3.684959709644317627e-01
-3.676511943340301514e-01
-3.678168058395385742e-01
-3.682444393634796143e-01
-3.682755827903747559e-01
-3.678390383720397949e-01
-3.675729334354400635e-01
-3.681330680847167969e-01
-3.687259554862976074e-01
-3.685408830642700195e-01
-3.681989014148712158e-01
-3.686263561248779297e-01
-3.678411245346069336e-01
-3.683181703090667725e-01
-3.685208857059478760e-01
-3.676271438598632812e-01
-3.682014644145965576e-01
-3.682138025760650635e-01
-3.681870996952056885e-01
-3.681736290454864502e-01
-3.678933978080749512e-01
-3.686792552471160889e-01
-3.685413300991058350e-01
-3.681586980819702148e-01
-3.683213293552398682e-01
-3.682222068309783936e-01
-3.684725165367126465e-01
-3.678977191448211670e-01
-3.680750727653503418e-01
-3.675905764102935791e-01
-3.680289983749389648e-01
-3.684103488922119141e-01
-3.672146499156951904e-01
-3.691121339797973633e-01
-3.685672879219055176e-01
-3.681437373161315918e-01
-3.692663609981536865e-01
-3.680918812751770020e-01
-3.681771755218505859e-01
-3.682219386100769043e-01
-3.677777051925659180e-01
-3.684422671794891357e-01
-3.680551648139953613e-01
-3.682278394699096680e-01
-3.681486546993255615e-01
-3.680608570575714111e-01
-3.681260645389556885e-01
-3.685246706008911133e-01
-3.679839372634887695e-01
-3.672175109386444092e-01
-3.676669895648956299e-01
-3.674721121788024902e-01
-3.676981627941131592e-01
-3.683901429176330566e-01
-3.678429722785949707e-01
-3.684334456920623779e-01
-3.683324754238128662e-01
-3.683333694934844971e-01
-3.683104813098907471e-01
-3.675244748592376709e-01
-3.678608238697052002e-01
-3.688255250453948975e-01
-3.674506247043609619e-01
-3.681779205799102783e-01
-3.678103685379028320e-01
-3.681965470314025879e-01
-3.679697811603546143e-01
-3.686931431293487549e-01
-3.678852617740631104e-01
-3.672020733356475830e-01
-3.678808510303497314e-01
-3.683871924877166748e-01
-3.680931329727172852e-01
-3.678160905838012695e-01
-3.686352074146270752e-01
-3.680510818958282471e-01
-3.677180707454681396e-01
-3.684738278388977051e-01
-3.679967224597930908e-01
-3.678030967712402344e-01
-3.673827648162841797e-01
-3.682916164398193359e-01
-3.681986033916473389e-01
-3.683534562587738037e-01
-3.688258528709411621e-01
-3.678668141365051270e-01
-3.685943186283111572e-01
-3.673897385597229004e-01
-3.687072098255157471e-01
-3.681319057941436768e-01
-3.681331276893615723e-01
-3.681458234786987305e-01
-3.689375519752502441e-01
-3.687367141246795654e-01
-3.684208095073699951e-01
-3.691570758819580078e-01
-3.690104484558105469e-01
-3.682665526866912842e-01
-3.686177134513854980e-01
-3.687596023082733154e-01
-3.677933812141418457e-01
-3.685929477214813232e-01
-3.683846294879913330e-01
-3.685335814952850342e-01
-3.689120113849639893e-01
-3.686666786670684814e-01
-3.686208128929138184e-01
-3.687460422515869141e-01
-3.682235777378082275e-01
-3.685091137886047363e-01
-3.681866228580474854e-01
-3.682886958122253418e-01
-3.684025406837463379e-01
-3.681608140468597412e-01
-3.682675063610076904e-01
-3.678006529808044434e-01
-3.680872619152069092e-01
-3.680757880210876465e-01
-3.679477572441101074e-01
-3.679434061050415039e-01
-3.692452907562255859e-01
-3.679430186748504639e-01
-3.679233491420745850e-01
-3.682960569858551025e-01
-3.681674301624298096e-01
-3.682983517646789551e-01
-3.687061071395874023e-01
-3.681652247905731201e-01
-3.678996562957763672e-01
-3.686350286006927490e-01
-3.682648539543151855e-01
-3.683723211288452148e-01
-3.683008551597595215e-01
-3.684506714344024658e-01
-3.683276474475860596e-01
-3.686937689781188965e-01
-3.673017024993896484e-01
-3.678658306598663330e-01
-3.686171472072601318e-01
-3.688654601573944092e-01
-3.684069514274597168e-01
-3.673840463161468506e-01
-3.685350418090820312e-01
-3.688004612922668457e-01
-3.685619831085205078e-01
-3.686752021312713623e-01
-3.683643043041229248e-01
-3.683331310749053955e-01
-3.678227663040161133e-01
-3.680423498153686523e-01
-3.688682317733764648e-01
-3.683049976825714111e-01
-3.683927059173583984e-01
-3.681637644767761230e-01
-3.681316673755645752e-01
-3.678869605064392090e-01
-3.682878315448760986e-01
-3.690479695796966553e-01
-3.683905303478240967e-01
-3.680236339569091797e-01
-3.690456449985504150e-01
-3.682893812656402588e-01
-3.681521117687225342e-01
-3.692298531532287598e-01
-3.681827485561370850e-01
-3.689237534999847412e-01
-3.681234419345855713e-01
-3.686020672321319580e-01
-3.676246404647827148e-01
-3.680007457733154297e-01
-3.684039115905761719e-01
-3.684647083282470703e-01
-3.684563040733337402e-01
-3.677719831466674805e-01
-3.680272698402404785e-01
-3.684392869472503662e-01
-3.688840866088867188e-01
-3.686460554599761963e-01
-3.680933415889739990e-01
-3.684880435466766357e-01
-3.686776161193847656e-01
-3.684932887554168701e-01
-3.683476448059082031e-01
-3.680686056613922119e-01
-3.686739504337310791e-01
-3.679084181785583496e-01
-3.684331178665161133e-01
-3.680238127708435059e-01
-3.693863451480865479e-01
-3.686951398849487305e-01
-3.690770268440246582e-01
-3.691428303718566895e-01
-3.681918978691101074e-01
-3.687825500965118408e-01
-3.682895600795745850e-01
-3.678182363510131836e-01
-3.689517378807067871e-01
-3.687304556369781494e-01
-3.680512011051177979e-01
-3.689939081668853760e-01
-3.686200976371765137e-01
-3.683800697326660156e-01
-3.690727055072784424e-01
-3.682418763637542725e-01
-3.677343130111694336e-01
-3.679899275302886963e-01
-3.680966198444366455e-01
-3.682287037372589111e-01
-3.686426579952239990e-01
-3.682784438133239746e-01
-3.681755065917968750e-01
-3.689672946929931641e-01
-3.685369789600372314e-01
-3.691067993640899658e-01
-3.683978915214538574e-01
-3.684576153755187988e-01
-3.683040738105773926e-01
-3.686701655387878418e-01
-3.681612014770507812e-01
-3.683497905731201172e-01
-3.683556616306304932e-01
-3.682196736335754395e-01
-3.686934113502502441e-01
-3.684725761413574219e-01
-3.692352175712585449e-01
-3.691048026084899902e-01
-3.675721287727355957e-01
-3.681623041629791260e-01
-3.679688572883605957e-01
-3.684622049331665039e-01
-3.677042722702026367e-01
-3.686858415603637695e-01
-3.681282401084899902e-01
-3.690278232097625732e-01
-3.680546283721923828e-01
-3.674622774124145508e-01
-3.679387867450714111e-01
-3.694903254508972168e-01
-3.683557510375976562e-01
-3.684184551239013672e-01
-3.687399923801422119e-01
-3.682324588298797607e-01
-3.682315647602081299e-01
-3.680963218212127686e-01
-3.677562773227691650e-01
-3.681427538394927979e-01
-3.680854737758636475e-01
-3.678636550903320312e-01
-3.684649467468261719e-01
-3.681777119636535645e-01
-3.686107099056243896e-01
-3.678638339042663574e-01
-3.686958551406860352e-01
-3.690598011016845703e-01
-3.688045740127563477e-01
-3.682917058467864990e-01
-3.683102726936340332e-01
-3.689607977867126465e-01
-3.685725629329681396e-01
-3.688068091869354248e-01
-3.685822188854217529e-01
-3.688566982746124268e-01
-3.682616949081420898e-01
-3.684948086738586426e-01
-3.690081536769866943e-01
-3.686047494411468506e-01
-3.686721920967102051e-01
-3.687988817691802979e-01
-3.686918318271636963e-01
-3.685164749622344971e-01
-3.681960403919219971e-01
-3.692696392536163330e-01
-3.686585724353790283e-01
-3.687554299831390381e-01
-3.688821792602539062e-01
-3.675873279571533203e-01
-3.682859539985656738e-01
-3.678302168846130371e-01
-3.691247701644897461e-01
-3.686868846416473389e-01
-3.680550158023834229e-01
-3.689031004905700684e-01
-3.688525259494781494e-01
-3.687262535095214844e-01
-3.681532144546508789e-01
-3.677952885627746582e-01
-3.682402372360229492e-01
-3.677117228507995605e-01
-3.685448169708251953e-01
-3.683903217315673828e-01
-3.688079118728637695e-01
-3.689405620098114014e-01
-3.694911599159240723e-01
-3.689589500427246094e-01
-3.688183724880218506e-01
-3.679682910442352295e-01
-3.684883713722229004e-01
-3.692427277565002441e-01
-3.689163327217102051e-01
-3.677949309349060059e-01
-3.685381412506103516e-01
-3.687047660350799561e-01
-3.687539398670196533e-01
-3.688512742519378662e-01
-3.687447309494018555e-01
-3.686160743236541748e-01
-3.685763776302337646e-01
-3.682402670383453369e-01
-3.689331114292144775e-01
-3.679875433444976807e-01
-3.692488372325897217e-01
-3.680559694766998291e-01
-3.685828745365142822e-01
-3.689931035041809082e-01
-3.690093457698822021e-01
-3.685168325901031494e-01
-3.687325716018676758e-01
-3.685037791728973389e-01
-3.691082596778869629e-01
-3.689460158348083496e-01
-3.687900304794311523e-01
-3.694942891597747803e-01
-3.683272898197174072e-01
-3.682527542114257812e-01
-3.689844310283660889e-01
-3.686404526233673096e-01
-3.686720132827758789e-01
-3.684892356395721436e-01
-3.684499859809875488e-01
-3.683049380779266357e-01
-3.688167035579681396e-01
-3.689054846763610840e-01
-3.691120445728302002e-01
-3.689490258693695068e-01
-3.689147233963012695e-01
-3.683203160762786865e-01
-3.687005937099456787e-01
-3.685901761054992676e-01
-3.688349127769470215e-01
-3.698796033859252930e-01
-3.684682548046112061e-01
-3.679705560207366943e-01
-3.689019083976745605e-01
-3.687246739864349365e-01
-3.687053918838500977e-01
-3.692055642604827881e-01
-3.695974946022033691e-01
-3.684234321117401123e-01
-3.690550625324249268e-01
-3.689297437667846680e-01
-3.681095242500305176e-01
-3.686560690402984619e-01
-3.686328530311584473e-01
-3.680564463138580322e-01
-3.684197366237640381e-01
-3.687622547149658203e-01
-3.689590394496917725e-01
-3.690565824508666992e-01
-3.686805367469787598e-01
-3.682816624641418457e-01
-3.680601119995117188e-01
-3.687398135662078857e-01
-3.687160015106201172e-01
-3.689310252666473389e-01
-3.687808811664581299e-01
-3.689214587211608887e-01
-3.681789636611938477e-01
-3.682668507099151611e-01
-3.697092533111572266e-01
-3.692809939384460449e-01
-3.688247501850128174e-01
-3.683371841907501221e-01
-3.691156506538391113e-01
-3.688994050025939941e-01
-3.688690662384033203e-01
-3.691175282001495361e-01
-3.691141903400421143e-01
-3.693310618400573730e-01
-3.684370815753936768e-01
-3.687365055084228516e-01
-3.688195049762725830e-01
-3.690195083618164062e-01
-3.699099719524383545e-01
-3.694536983966827393e-01
-3.689261376857757568e-01
-3.686431348323822021e-01
-3.687186837196350098e-01
-3.685870766639709473e-01
-3.693116903305053711e-01
-3.686061501502990723e-01
-3.684955537319183350e-01
-3.685068488121032715e-01
-3.692987859249114990e-01
-3.689007163047790527e-01
-3.688104748725891113e-01
-3.681131601333618164e-01
-3.685317635536193848e-01
-3.683845102787017822e-01
-3.690875470638275146e-01
-3.683366179466247559e-01
-3.688697516918182373e-01
-3.698874413967132568e-01
-3.683865368366241455e-01
-3.682490885257720947e-01
-3.687221109867095947e-01
-3.690025806427001953e-01
-3.680167794227600098e-01
-3.695169091224670410e-01
-3.688415586948394775e-01
-3.693196177482604980e-01
-3.688848912715911865e-01
-3.683451116085052490e-01
-3.688981831073760986e-01
-3.692319393157958984e-01
-3.692279458045959473e-01
-3.693577051162719727e-01
-3.690522015094757080e-01
-3.684855401515960693e-01
-3.694638609886169434e-01
-3.688738942146301270e-01
-3.689790964126586914e-01
-3.689153492450714111e-01
-3.692826032638549805e-01
-3.687134385108947754e-01
-3.687105178833007812e-01
-3.696892559528350830e-01
-3.684495091438293457e-01
-3.694215118885040283e-01
-3.691667318344116211e-01
-3.684401214122772217e-01
-3.685148358345031738e-01
-3.694577515125274658e-01
-3.698708713054656982e-01
-3.691572546958923340e-01
-3.696880638599395752e-01
-3.687836825847625732e-01
-3.688719570636749268e-01
-3.684688210487365723e-01
-3.690669834613800049e-01
-3.689589798450469971e-01
-3.694379031658172607e-01
-3.694254755973815918e-01
-3.686212897300720215e-01
-3.687538206577301025e-01
-3.690150678157806396e-01
-3.680965602397918701e-01
-3.693979978561401367e-01
-3.691080808639526367e-01
-3.690427839756011963e-01
-3.693291842937469482e-01
-3.689668476581573486e-01
-3.687793016433715820e-01
-3.690716922283172607e-01
-3.683412373065948486e-01
-3.687111139297485352e-01
-3.687760531902313232e-01
-3.683368265628814697e-01
-3.691847920417785645e-01
-3.688084185123443604e-01
-3.686665594577789307e-01
-3.684712052345275879e-01
-3.692133724689483643e-01
-3.689969480037689209e-01
-3.693025708198547363e-01
-3.682413995265960693e-01
-3.682670295238494873e-01
-3.689991533756256104e-01
-3.692749738693237305e-01
-3.685729205608367920e-01
-3.690164089202880859e-01
-3.689054548740386963e-01
-3.686508834362030029e-01
-3.695560693740844727e-01
-3.684833943843841553e-01
-3.686767518520355225e-01
-3.695619106292724609e-01
-3.691550791263580322e-01
-3.689097166061401367e-01
-3.681338429450988770e-01
-3.694150447845458984e-01
-3.688841164112091064e-01
-3.685858547687530518e-01
-3.685295283794403076e-01
-3.686635792255401611e-01
-3.690166771411895752e-01
-3.685789704322814941e-01
-3.689687848091125488e-01
-3.693147301673889160e-01
-3.686733543872833252e-01
-3.681784272193908691e-01
-3.678683340549468994e-01
-3.686411678791046143e-01
-3.684263825416564941e-01
-3.687634766101837158e-01
-3.689188361167907715e-01
-3.689630031585693359e-01
-3.691376745700836182e-01
-3.689435124397277832e-01
-3.691284656524658203e-01
-3.689576387405395508e-01
-3.688623011112213135e-01
-3.689465224742889404e-01
-3.687492907047271729e-01
-3.691927492618560791e-01
-3.685584664344787598e-01
-3.692174553871154785e-01
-3.682410717010498047e-01
-3.687893748283386230e-01
-3.692005276679992676e-01
-3.692615926265716553e-01
-3.690372109413146973e-01
-3.685185015201568604e-01
-3.695929944515228271e-01
-3.695026636123657227e-01
-3.692596554756164551e-01
-3.689205348491668701e-01
-3.691518008708953857e-01
-3.689688146114349365e-01
-3.690539598464965820e-01
-3.688591420650482178e-01
-3.688508272171020508e-01
-3.686334788799285889e-01
-3.686700165271759033e-01
-3.694813251495361328e-01
-3.688708543777465820e-01
-3.690665066242218018e-01
-3.694135248661041260e-01
-3.689260184764862061e-01
-3.686261773109436035e-01
-3.688044548034667969e-01
-3.688400387763977051e-01
-3.689474463462829590e-01
-3.685797750949859619e-01
-3.696520626544952393e-01
-3.690391182899475098e-01
-3.689559400081634521e-01
-3.692400455474853516e-01
-3.688880503177642822e-01
-3.683499693870544434e-01
-3.691903650760650635e-01
-3.693453967571258545e-01
-3.693380951881408691e-01
-3.688458204269409180e-01
-3.689973056316375732e-01
-3.688276410102844238e-01
-3.691403865814208984e-01
-3.695490062236785889e-01
-3.690748810768127441e-01
-3.691230416297912598e-01
-3.684922158718109131e-01
-3.699164092540740967e-01
-3.694398999214172363e-01
-3.692301511764526367e-01
-3.692789971828460693e-01
-3.689348697662353516e-01
-3.685783445835113525e-01
-3.694986701011657715e-01
-3.688721656799316406e-01
-3.692938089370727539e-01
-3.688681721687316895e-01
-3.692695200443267822e-01
-3.685196638107299805e-01
-3.698405921459197998e-01
-3.689595758914947510e-01
-3.688508272171020508e-01
-3.694841861724853516e-01
-3.689787685871124268e-01
-3.696706593036651611e-01
-3.688279986381530762e-01
-3.691447973251342773e-01
-3.691191971302032471e-01
-3.693056404590606689e-01
-3.684192597866058350e-01
-3.694806993007659912e-01
-3.687490522861480713e-01
-3.689268231391906738e-01
-3.698655664920806885e-01
-3.685388267040252686e-01
-3.697727620601654053e-01
-3.692254424095153809e-01
-3.693852722644805908e-01
-3.690895140171051025e-01
-3.686996400356292725e-01
-3.689126670360565186e-01
-3.687044978141784668e-01
-3.696253597736358643e-01
-3.692464530467987061e-01
-3.693895339965820312e-01
-3.693225383758544922e-01
-3.694741129875183105e-01
-3.685830831527709961e-01
-3.689408600330352783e-01
-3.685430288314819336e-01
-3.688671886920928955e-01
-3.693380653858184814e-01
-3.686881661415100098e-01
-3.690004944801330566e-01
-3.687593936920166016e-01
-3.685099482536315918e-01
-3.684957921504974365e-01
-3.694410324096679688e-01
-3.690942525863647461e-01
-3.691306114196777344e-01
-3.693778812885284424e-01
-3.690553009510040283e-01
-3.693145811557769775e-01
-3.694257140159606934e-01
-3.688495457172393799e-01
-3.689752817153930664e-01
-3.688980638980865479e-01
-3.693229258060455322e-01
-3.694080114364624023e-01
-3.690215349197387695e-01
-3.689319491386413574e-01
-3.692349195480346680e-01
-3.690922260284423828e-01
-3.691787123680114746e-01
-3.691338300704956055e-01
-3.693751394748687744e-01
-3.688217699527740479e-01
-3.687201440334320068e-01
-3.693299889564514160e-01
-3.689727485179901123e-01
-3.688192069530487061e-01
-3.700099587440490723e-01
-3.693743348121643066e-01
-3.695035278797149658e-01
-3.694727122783660889e-01
-3.689378798007965088e-01
-3.694041371345520020e-01
-3.690528869628906250e-01
-3.689370155334472656e-01
-3.692451715469360352e-01
-3.701754212379455566e-01
-3.692518174648284912e-01
-3.691821992397308350e-01
-3.693830668926239014e-01
-3.688592016696929932e-01
-3.696347773075103760e-01
-3.695355951786041260e-01
-3.692134916782379150e-01
-3.692401647567749023e-01
-3.689086735248565674e-01
-3.692022562026977539e-01
-3.694793581962585449e-01
-3.692360222339630127e-01
-3.690893054008483887e-01
-3.681744337081909180e-01
-3.692819774150848389e-01
-3.691276907920837402e-01
-3.694701492786407471e-01
-3.695495426654815674e-01
-3.690827488899230957e-01
-3.690898418426513672e-01
-3.690436184406280518e-01
-3.689907193183898926e-01
-3.686553835868835449e-01
-3.692973554134368896e-01
-3.692030906677246094e-01
-3.694000840187072754e-01
-3.691309094429016113e-01
-3.691509962081909180e-01
-3.695772588253021240e-01
-3.690181970596313477e-01
-3.683136105537414551e-01
-3.692582845687866211e-01
-3.694364726543426514e-01
-3.697298467159271240e-01
-3.690753281116485596e-01
-3.689246773719787598e-01
-3.694911003112792969e-01
-3.690320551395416260e-01
-3.692747056484222412e-01
-3.696054816246032715e-01
-3.685463070869445801e-01
-3.693176209926605225e-01
-3.694103360176086426e-01
-3.695935010910034180e-01
-3.696229159832000732e-01
-3.695144057273864746e-01
-3.697504997253417969e-01
-3.693737685680389404e-01
-3.695183098316192627e-01
-3.691067993640899658e-01
-3.687289953231811523e-01
-3.689343035221099854e-01
-3.692338168621063232e-01
-3.697319328784942627e-01
-3.692611157894134521e-01
-3.691866993904113770e-01
-3.694989979267120361e-01
-3.691416978836059570e-01
-3.695698976516723633e-01
-3.694212734699249268e-01
-3.693350851535797119e-01
-3.698848783969879150e-01
-3.687897920608520508e-01
-3.682842552661895752e-01
-3.694321215152740479e-01
-3.687361478805541992e-01
-3.688165843486785889e-01
-3.699450492858886719e-01
-3.699459731578826904e-01
-3.696259856224060059e-01
-3.699027299880981445e-01
-3.694382309913635254e-01
-3.688099980354309082e-01
-3.693660795688629150e-01
-3.693250715732574463e-01
-3.693073391914367676e-01
-3.694652616977691650e-01
-3.692793548107147217e-01
-3.691978752613067627e-01
-3.687757253646850586e-01
-3.691490888595581055e-01
-3.685366213321685791e-01
-3.695722222328186035e-01
-3.699310421943664551e-01
-3.689309060573577881e-01
-3.689577281475067139e-01
-3.692524731159210205e-01
-3.693449199199676514e-01
-3.692888617515563965e-01
-3.684805333614349365e-01
-3.696252405643463135e-01
-3.688659071922302246e-01
-3.685525655746459961e-01
-3.693021237850189209e-01
-3.692627549171447754e-01
-3.693661987781524658e-01
-3.696471750736236572e-01
-3.693515360355377197e-01
-3.692981302738189697e-01
-3.691655993461608887e-01
-3.692057132720947266e-01
-3.690291047096252441e-01
-3.696606457233428955e-01
-3.695338666439056396e-01
-3.693369626998901367e-01
-3.695470690727233887e-01
-3.689697682857513428e-01
-3.696472346782684326e-01
-3.693706095218658447e-01
-3.699832260608673096e-01
-3.701619207859039307e-01
-3.692338168621063232e-01
-3.697071969509124756e-01
-3.698298633098602295e-01
-3.694219589233398438e-01
-3.700935542583465576e-01
-3.691406846046447754e-01
-3.696401119232177734e-01
-3.691117763519287109e-01
-3.691047430038452148e-01
-3.697925508022308350e-01
-3.694553673267364502e-01
-3.700953423976898193e-01
-3.692211806774139404e-01
-3.688646256923675537e-01
-3.700696825981140137e-01
-3.690804541110992432e-01
-3.705787360668182373e-01
-3.692074120044708252e-01
-3.686345219612121582e-01
-3.695180714130401611e-01
-3.697519600391387939e-01
-3.693061769008636475e-01
-3.687787652015686035e-01
-3.691696822643280029e-01
-3.691748082637786865e-01
-3.694930970668792725e-01
-3.690336346626281738e-01
-3.688440918922424316e-01
-3.690831959247589111e-01
-3.697233200073242188e-01
-3.690320849418640137e-01
-3.699457943439483643e-01
-3.695963621139526367e-01
-3.689320981502532959e-01
-3.687356710433959961e-01
-3.693086504936218262e-01
