2.435669422149658203e+00
1.276903033256530762e+00
2.923322916030883789e-01
-1.652867347002029419e-01
-1.806041896343231201e-01
-9.529451280832290649e-02
-7.359453290700912476e-02
-1.080712899565696716e-01
-1.337839961051940918e-01
-1.284901797771453857e-01
-1.206166222691535950e-01
-1.343512237071990967e-01
-1.403643190860748291e-01
-1.459098160266876221e-01
-1.429284363985061646e-01
-1.470443159341812134e-01
-1.584242433309555054e-01
-1.698429435491561890e-01
-1.763346344232559204e-01
-1.699066758155822754e-01
-1.762040704488754272e-01
-1.829317957162857056e-01
-1.825888603925704956e-01
-1.911386698484420776e-01
-1.935424357652664185e-01
-1.949101686477661133e-01
-1.976947933435440063e-01
-1.989864259958267212e-01
-2.034793198108673096e-01
-2.111888527870178223e-01
-2.083036303520202637e-01
-2.121780663728713989e-01
-2.128817588090896606e-01
-2.133828997611999512e-01
-2.157047390937805176e-01
-2.162569165229797363e-01
-2.204985022544860840e-01
-2.170058935880661011e-01
-2.197505086660385132e-01
-2.224721312522888184e-01
-2.176862210035324097e-01
-2.216123491525650024e-01
-2.280146330595016479e-01
-2.213541567325592041e-01
-2.258453369140625000e-01
-2.253615558147430420e-01
-2.280373275279998779e-01
-2.262600958347320557e-01
-2.239689379930496216e-01
-2.307598888874053955e-01
-2.224453389644622803e-01
-2.317322939634323120e-01
-2.254437208175659180e-01
-2.334656715393066406e-01
-2.297821640968322754e-01
-2.327354401350021362e-01
-2.231080681085586548e-01
-2.341607511043548584e-01
-2.354025095701217651e-01
-2.333407551050186157e-01
-2.350738942623138428e-01
-2.289428561925888062e-01
-2.294695675373077393e-01
-2.391363978385925293e-01
-2.357235997915267944e-01
-2.347034662961959839e-01
-2.355449646711349487e-01
-2.356925904750823975e-01
-2.362746000289916992e-01
-2.391762733459472656e-01
-2.387200295925140381e-01
-2.383319139480590820e-01
-2.456982135772705078e-01
-2.464840710163116455e-01
-2.390773147344589233e-01
-2.410115152597427368e-01
-2.344958335161209106e-01
-2.353797256946563721e-01
-2.367627620697021484e-01
-2.349765449762344360e-01
-2.401431500911712646e-01
-2.352055609226226807e-01
-2.368658781051635742e-01
-2.374371290206909180e-01
-2.443827539682388306e-01
-2.471124380826950073e-01
-2.454323172569274902e-01
-2.433350533246994019e-01
-2.391888201236724854e-01
-2.498362064361572266e-01
-2.460192590951919556e-01
-2.483767271041870117e-01
-2.453553974628448486e-01
-2.447405606508255005e-01
-2.506462037563323975e-01
-2.481459677219390869e-01
-2.555518150329589844e-01
-2.555907666683197021e-01
-2.559122443199157715e-01
-2.530190646648406982e-01
-2.504347860813140869e-01
-2.583655416965484619e-01
-2.552365362644195557e-01
-2.510492801666259766e-01
-2.464000284671783447e-01
-2.525829076766967773e-01
-2.465998530387878418e-01
-2.489745914936065674e-01
-2.513294219970703125e-01
-2.539702057838439941e-01
-2.478011846542358398e-01
-2.551165223121643066e-01
-2.564360499382019043e-01
-2.538315653800964355e-01
-2.473972439765930176e-01
-2.602326571941375732e-01
-2.553295493125915527e-01
-2.558430135250091553e-01
-2.486623525619506836e-01
-2.521448731422424316e-01
-2.538676261901855469e-01
-2.581650018692016602e-01
-2.597171664237976074e-01
-2.646830379962921143e-01
-2.620605826377868652e-01
-2.551763355731964111e-01
-2.552722394466400146e-01
-2.478721141815185547e-01
-2.498541325330734253e-01
-2.490676045417785645e-01
-2.538798749446868896e-01
-2.546848952770233154e-01
-2.593919634819030762e-01
-2.559502422809600830e-01
-2.647642791271209717e-01
-2.553076744079589844e-01
-2.606454491615295410e-01
-2.569479048252105713e-01
-2.624744474887847900e-01
-2.571055293083190918e-01
-2.580799162387847900e-01
-2.601684927940368652e-01
-2.665384709835052490e-01
-2.603059113025665283e-01
-2.648765742778778076e-01
-2.639286518096923828e-01
-2.640507817268371582e-01
-2.599202394485473633e-01
-2.676955759525299072e-01
-2.649694681167602539e-01
-2.583617866039276123e-01
-2.648093402385711670e-01
-2.686767578125000000e-01
-2.697025239467620850e-01
-2.608259320259094238e-01
-2.659090459346771240e-01
-2.708111107349395752e-01
-2.736495733261108398e-01
-2.754850387573242188e-01
-2.703285217285156250e-01
-2.618858814239501953e-01
-2.655601203441619873e-01
-2.797901630401611328e-01
-2.709999978542327881e-01
-2.727919220924377441e-01
-2.744853794574737549e-01
-2.703210413455963135e-01
-2.682074010372161865e-01
-2.675433158874511719e-01
-2.669946253299713135e-01
-2.674161791801452637e-01
-2.663735449314117432e-01
-2.664338946342468262e-01
-2.721815407276153564e-01
-2.665608823299407959e-01
-2.705107331275939941e-01
-2.681478261947631836e-01
-2.709696590900421143e-01
-2.673708498477935791e-01
-2.790032923221588135e-01
-2.820014059543609619e-01
-2.638311386108398438e-01
-2.671543657779693604e-01
-2.655359208583831787e-01
-2.679622173309326172e-01
-2.765913903713226318e-01
-2.729390859603881836e-01
-2.756454348564147949e-01
-2.749160230159759521e-01
-2.764178514480590820e-01
-2.763954997062683105e-01
-2.742092907428741455e-01
-2.746583819389343262e-01
-2.728108465671539307e-01
-2.796210348606109619e-01
-2.702510058879852295e-01
-2.706559300422668457e-01
-2.741048038005828857e-01
-2.699014842510223389e-01
-3.121430575847625732e-01
-3.091666996479034424e-01
-2.881194353103637695e-01
-2.908445298671722412e-01
-3.086063563823699951e-01
-3.207374215126037598e-01
-3.126383125782012939e-01
-2.987666726112365723e-01
-3.056294023990631104e-01
-3.140669763088226318e-01
-3.232050240039825439e-01
-3.198042213916778564e-01
-3.168933391571044922e-01
-3.137072026729583740e-01
-3.180958032608032227e-01
-3.228132426738739014e-01
-3.221137821674346924e-01
-3.248453140258789062e-01
-3.232649862766265869e-01
-3.217580914497375488e-01
-3.210943043231964111e-01
-3.211947679519653320e-01
-3.250955343246459961e-01
-3.233419358730316162e-01
-3.244404792785644531e-01
-3.224065601825714111e-01
-3.236609399318695068e-01
-3.247662484645843506e-01
-3.261239528656005859e-01
-3.249209523200988770e-01
-3.227263689041137695e-01
-3.245619535446166992e-01
-3.254459202289581299e-01
-3.248065412044525146e-01
-3.262398838996887207e-01
-3.251640498638153076e-01
-3.277154564857482910e-01
-3.254066705703735352e-01
-3.260954916477203369e-01
-3.259100019931793213e-01
-3.248483538627624512e-01
-3.250688314437866211e-01
-3.265090882778167725e-01
-3.255243003368377686e-01
-3.271105885505676270e-01
-3.268575668334960938e-01
-3.270998299121856689e-01
-3.286054432392120361e-01
-3.261473476886749268e-01
-3.263515233993530273e-01
-3.273079693317413330e-01
-3.268271386623382568e-01
-3.272404074668884277e-01
-3.285262882709503174e-01
-3.278112411499023438e-01
-3.261967897415161133e-01
-3.279967308044433594e-01
-3.271392881870269775e-01
-3.277640342712402344e-01
-3.268703222274780273e-01
-3.266381323337554932e-01
-3.266244530677795410e-01
-3.274461030960083008e-01
-3.270889222621917725e-01
-3.277869820594787598e-01
-3.275121748447418213e-01
-3.272648751735687256e-01
-3.274258077144622803e-01
-3.276734650135040283e-01
-3.274010717868804932e-01
-3.259720504283905029e-01
-3.263270556926727295e-01
-3.278175890445709229e-01
-3.285767436027526855e-01
-3.275932073593139648e-01
-3.284075558185577393e-01
-3.278561830520629883e-01
-3.256529867649078369e-01
-3.277346193790435791e-01
-3.277999758720397949e-01
-3.269543349742889404e-01
-3.291738927364349365e-01
-3.273709118366241455e-01
-3.270806968212127686e-01
-3.265653550624847412e-01
-3.268043100833892822e-01
-3.266934156417846680e-01
-3.280706107616424561e-01
-3.279365897178649902e-01
-3.273465037345886230e-01
-3.267115652561187744e-01
-3.263527452945709229e-01
-3.293482065200805664e-01
-3.279876708984375000e-01
-3.281406760215759277e-01
-3.270191550254821777e-01
-3.279198706150054932e-01
-3.269426822662353516e-01
-3.276202976703643799e-01
-3.273192048072814941e-01
-3.277671933174133301e-01
-3.274321854114532471e-01
-3.270283341407775879e-01
-3.289083540439605713e-01
-3.279249370098114014e-01
-3.274965584278106689e-01
-3.278261423110961914e-01
-3.259234726428985596e-01
-3.278480172157287598e-01
-3.275996148586273193e-01
-3.265282511711120605e-01
-3.273587524890899658e-01
-3.269532322883605957e-01
-3.292501270771026611e-01
-3.274621069431304932e-01
-3.284924030303955078e-01
-3.280093669891357422e-01
-3.281156122684478760e-01
-3.276221454143524170e-01
-3.294987678527832031e-01
-3.285320103168487549e-01
-3.289077281951904297e-01
-3.265510797500610352e-01
-3.283452391624450684e-01
-3.268123269081115723e-01
-3.282386958599090576e-01
-3.281754255294799805e-01
-3.268369138240814209e-01
-3.285280764102935791e-01
-3.265032172203063965e-01
-3.298510611057281494e-01
-3.284627199172973633e-01
-3.280412256717681885e-01
-3.283013701438903809e-01
-3.296227157115936279e-01
-3.285482227802276611e-01
-3.282057046890258789e-01
-3.288293480873107910e-01
-3.273464441299438477e-01
-3.292581140995025635e-01
-3.290678858757019043e-01
-3.282131254673004150e-01
-3.278559744358062744e-01
-3.268367946147918701e-01
-3.283476531505584717e-01
-3.285402357578277588e-01
-3.287350535392761230e-01
-3.290724456310272217e-01
-3.277590870857238770e-01
-3.275859951972961426e-01
-3.293391168117523193e-01
-3.281786441802978516e-01
-3.270879685878753662e-01
-3.294812440872192383e-01
-3.291140198707580566e-01
-3.282159566879272461e-01
-3.286320567131042480e-01
-3.275583386421203613e-01
-3.282740414142608643e-01
-3.290319144725799561e-01
-3.294716775417327881e-01
-3.260787427425384521e-01
-3.281978070735931396e-01
-3.294933438301086426e-01
-3.295575082302093506e-01
-3.286625444889068604e-01
-3.281537294387817383e-01
-3.271649777889251709e-01
-3.291025459766387939e-01
-3.278404474258422852e-01
-3.288540542125701904e-01
-3.280461430549621582e-01
-3.290796279907226562e-01
-3.285379111766815186e-01
-3.287489116191864014e-01
-3.288117647171020508e-01
-3.286697268486022949e-01
-3.290876448154449463e-01
-3.284101784229278564e-01
-3.282656967639923096e-01
-3.288855552673339844e-01
-3.281347155570983887e-01
-3.279030919075012207e-01
-3.278582096099853516e-01
-3.292548954486846924e-01
-3.273267149925231934e-01
-3.284798562526702881e-01
-3.280606567859649658e-01
-3.285699188709259033e-01
-3.289749026298522949e-01
-3.282960951328277588e-01
-3.276106715202331543e-01
-3.291806876659393311e-01
-3.308874964714050293e-01
-3.285238742828369141e-01
-3.276513218879699707e-01
-3.283355832099914551e-01
-3.278382420539855957e-01
-3.289036154747009277e-01
-3.272579610347747803e-01
-3.304693698883056641e-01
-3.291405141353607178e-01
-3.277296125888824463e-01
-3.298114240169525146e-01
-3.266061544418334961e-01
-3.277133703231811523e-01
-3.287988007068634033e-01
-3.292119204998016357e-01
-3.301234245300292969e-01
-3.284952938556671143e-01
-3.288016617298126221e-01
-3.285706043243408203e-01
-3.292300105094909668e-01
-3.287899196147918701e-01
-3.297438323497772217e-01
-3.276653587818145752e-01
-3.314050436019897461e-01
-3.282975256443023682e-01
-3.271461129188537598e-01
-3.269266486167907715e-01
-3.298284411430358887e-01
-3.277975022792816162e-01
-3.288596272468566895e-01
-3.290044665336608887e-01
-3.290148973464965820e-01
-3.289003074169158936e-01
-3.292501568794250488e-01
-3.280551731586456299e-01
-3.286103904247283936e-01
-3.293429017066955566e-01
-3.300857543945312500e-01
-3.289128243923187256e-01
-3.278657793998718262e-01
-3.290944993495941162e-01
-3.277184367179870605e-01
-3.292066454887390137e-01
-3.300278782844543457e-01
-3.282476067543029785e-01
-3.292782008647918701e-01
-3.303966224193572998e-01
-3.288751840591430664e-01
-3.289253413677215576e-01
-3.292288482189178467e-01
-3.293865323066711426e-01
-3.275244534015655518e-01
-3.293439745903015137e-01
-3.274191915988922119e-01
-3.298651874065399170e-01
-3.289989233016967773e-01
-3.282296955585479736e-01
-3.284962177276611328e-01
-3.291654288768768311e-01
-3.306263983249664307e-01
-3.289372622966766357e-01
-3.298247456550598145e-01
-3.293840289115905762e-01
-3.287847638130187988e-01
-3.286855518817901611e-01
-3.295306563377380371e-01
-3.282804489135742188e-01
-3.283945620059967041e-01
-3.297857642173767090e-01
-3.301753699779510498e-01
-3.289144039154052734e-01
-3.296098709106445312e-01
-3.274243175983428955e-01
-3.294606804847717285e-01
-3.290539681911468506e-01
-3.290203809738159180e-01
-3.281242251396179199e-01
-3.295950293540954590e-01
-3.280412256717681885e-01
-3.307558596134185791e-01
-3.290892243385314941e-01
-3.297698795795440674e-01
-3.277617990970611572e-01
-3.276838660240173340e-01
-3.279488384723663330e-01
-3.287659883499145508e-01
-3.314455449581146240e-01
-3.287658095359802246e-01
-3.291836678981781006e-01
-3.278951346874237061e-01
-3.294534385204315186e-01
-3.300359547138214111e-01
-3.300514519214630127e-01
-3.309940397739410400e-01
-3.289231359958648682e-01
-3.287716805934906006e-01
-3.295184969902038574e-01
-3.295270502567291260e-01
-3.295167088508605957e-01
-3.273183703422546387e-01
-3.289769887924194336e-01
-3.304263353347778320e-01
-3.284315466880798340e-01
-3.286975622177124023e-01
-3.290313780307769775e-01
-3.281232118606567383e-01
-3.299463391304016113e-01
-3.307130932807922363e-01
-3.302731812000274658e-01
-3.295364975929260254e-01
-3.304637670516967773e-01
-3.282847404479980469e-01
-3.289175927639007568e-01
-3.297715485095977783e-01
-3.270674347877502441e-01
-3.286177515983581543e-01
-3.293824791908264160e-01
-3.285643458366394043e-01
-3.291990756988525391e-01
-3.292752802371978760e-01
-3.262256085872650146e-01
-3.288033008575439453e-01
-3.276821374893188477e-01
-3.282352387905120850e-01
-3.303693234920501709e-01
-3.309552073478698730e-01
-3.308090269565582275e-01
-3.293589949607849121e-01
-3.281582295894622803e-01
-3.281843364238739014e-01
-3.286432325839996338e-01
-3.284833431243896484e-01
-3.288881778717041016e-01
-3.291461169719696045e-01
-3.310674130916595459e-01
-3.301869928836822510e-01
-3.308117091655731201e-01
-3.296791613101959229e-01
-3.297033905982971191e-01
-3.282745480537414551e-01
-3.289910852909088135e-01
-3.301841318607330322e-01
-3.293305039405822754e-01
-3.292624652385711670e-01
-3.288891911506652832e-01
-3.301928639411926270e-01
-3.302317857742309570e-01
-3.299955129623413086e-01
-3.309260606765747070e-01
-3.289555013179779053e-01
-3.278209865093231201e-01
-3.302859663963317871e-01
-3.293135166168212891e-01
-3.290274143218994141e-01
-3.289792239665985107e-01
-3.299293816089630127e-01
-3.291638195514678955e-01
-3.297991156578063965e-01
-3.310302793979644775e-01
-3.292058706283569336e-01
-3.292888700962066650e-01
-3.304705023765563965e-01
-3.296762406826019287e-01
-3.306183218955993652e-01
-3.301272690296173096e-01
-3.289172351360321045e-01
-3.298220336437225342e-01
-3.297124505043029785e-01
-3.298828601837158203e-01
-3.312261402606964111e-01
-3.310176432132720947e-01
-3.295486569404602051e-01
-3.290383815765380859e-01
-3.296305239200592041e-01
-3.294149041175842285e-01
-3.300437033176422119e-01
-3.308556079864501953e-01
-3.287703394889831543e-01
-3.292682468891143799e-01
-3.300020396709442139e-01
-3.296822309494018555e-01
-3.295447528362274170e-01
-3.288986086845397949e-01
-3.308907151222229004e-01
-3.290062546730041504e-01
-3.306678235530853271e-01
-3.301690220832824707e-01
-3.288896083831787109e-01
-3.291641473770141602e-01
-3.286558091640472412e-01
-3.288161158561706543e-01
-3.304489254951477051e-01
-3.293879032135009766e-01
-3.298782408237457275e-01
-3.291318416595458984e-01
-3.291674554347991943e-01
-3.302851915359497070e-01
-3.315165042877197266e-01
-3.298955559730529785e-01
-3.308776319026947021e-01
-3.306746780872344971e-01
-3.297733664512634277e-01
-3.302688002586364746e-01
-3.296607136726379395e-01
-3.298184275627136230e-01
-3.322233259677886963e-01
-3.295947909355163574e-01
-3.311665654182434082e-01
-3.289377391338348389e-01
-3.298417925834655762e-01
-3.295018374919891357e-01
-3.305656611919403076e-01
-3.318638801574707031e-01
-3.301802873611450195e-01
-3.314189016819000244e-01
-3.292796015739440918e-01
-3.293915987014770508e-01
-3.291926383972167969e-01
-3.305858373641967773e-01
-3.306932747364044189e-01
-3.283488154411315918e-01
-3.319567739963531494e-01
-3.312262296676635742e-01
-3.302640914916992188e-01
-3.305836021900177002e-01
-3.305132091045379639e-01
-3.293716907501220703e-01
-3.301433622837066650e-01
-3.302236199378967285e-01
-3.311942517757415771e-01
-3.312443494796752930e-01
-3.301880359649658203e-01
-3.309442102909088135e-01
-3.305737376213073730e-01
-3.298634588718414307e-01
-3.293052613735198975e-01
-3.310479819774627686e-01
-3.320320546627044678e-01
-3.299072384834289551e-01
-3.292714357376098633e-01
-3.289938569068908691e-01
-3.295033276081085205e-01
-3.308955430984497070e-01
-3.313416838645935059e-01
-3.306447565555572510e-01
-3.319723606109619141e-01
-3.303358852863311768e-01
-3.303678929805755615e-01
-3.297747671604156494e-01
-3.319608569145202637e-01
-3.315398395061492920e-01
-3.323390185832977295e-01
-3.315373659133911133e-01
-3.306577503681182861e-01
-3.300136625766754150e-01
-3.295987546443939209e-01
-3.309991955757141113e-01
-3.311609029769897461e-01
-3.316287696361541748e-01
-3.302575647830963135e-01
-3.323045074939727783e-01
-3.307485282421112061e-01
-3.323717117309570312e-01
-3.295569419860839844e-01
-3.314747810363769531e-01
-3.306970894336700439e-01
-3.321380019187927246e-01
-3.320020437240600586e-01
-3.324128389358520508e-01
-3.309413492679595947e-01
-3.315873444080352783e-01
-3.298182487487792969e-01
-3.315382599830627441e-01
-3.311665654182434082e-01
-3.310905098915100098e-01
-3.320861160755157471e-01
-3.305559158325195312e-01
-3.301357924938201904e-01
-3.308125138282775879e-01
-3.297883272171020508e-01
-3.306007683277130127e-01
-3.321583271026611328e-01
-3.309300541877746582e-01
-3.320644497871398926e-01
-3.312528729438781738e-01
-3.330110907554626465e-01
-3.304564654827117920e-01
-3.310709297657012939e-01
-3.312772810459136963e-01
-3.317838013172149658e-01
-3.319262564182281494e-01
-3.314710557460784912e-01
-3.308360576629638672e-01
-3.325336277484893799e-01
-3.311425745487213135e-01
-3.314001560211181641e-01
-3.332169651985168457e-01
-3.316867053508758545e-01
-3.304472565650939941e-01
-3.312127590179443359e-01
-3.306263387203216553e-01
-3.328828215599060059e-01
-3.335428535938262939e-01
-3.316739499568939209e-01
-3.315638303756713867e-01
-3.314907252788543701e-01
-3.319990336894989014e-01
-3.307108283042907715e-01
-3.316041231155395508e-01
-3.306869566440582275e-01
-3.306502103805541992e-01
-3.313055336475372314e-01
-3.318744003772735596e-01
-3.322488367557525635e-01
-3.308194577693939209e-01
-3.324566781520843506e-01
-3.303260207176208496e-01
-3.331144452095031738e-01
-3.333563506603240967e-01
-3.315676152706146240e-01
-3.317731916904449463e-01
-3.335009217262268066e-01
-3.321769237518310547e-01
-3.316302895545959473e-01
-3.326402008533477783e-01
-3.321584463119506836e-01
-3.316879272460937500e-01
-3.309603035449981689e-01
-3.315646946430206299e-01
-3.319432437419891357e-01
-3.327015340328216553e-01
-3.336160778999328613e-01
-3.309522271156311035e-01
-3.317162990570068359e-01
-3.319802880287170410e-01
-3.321611285209655762e-01
-3.335270881652832031e-01
-3.328362405300140381e-01
-3.333132863044738770e-01
-3.335558176040649414e-01
-3.318867087364196777e-01
-3.327434062957763672e-01
-3.330143094062805176e-01
-3.341495990753173828e-01
-3.323671817779541016e-01
-3.340853750705718994e-01
-3.335255980491638184e-01
-3.344669938087463379e-01
-3.327770531177520752e-01
-3.340050578117370605e-01
-3.346038758754730225e-01
-3.341476917266845703e-01
-3.354787826538085938e-01
-3.333400487899780273e-01
-3.328573107719421387e-01
-3.359785676002502441e-01
-3.339149057865142822e-01
-3.345313370227813721e-01
-3.336199522018432617e-01
-3.354621827602386475e-01
-3.333372175693511963e-01
-3.348811566829681396e-01
-3.320041894912719727e-01
-3.350347280502319336e-01
-3.337264657020568848e-01
-3.337244689464569092e-01
-3.355117142200469971e-01
-3.344728946685791016e-01
-3.328983187675476074e-01
-3.341773152351379395e-01
-3.348163664340972900e-01
-3.341408669948577881e-01
-3.350558578968048096e-01
-3.352882564067840576e-01
-3.367154896259307861e-01
-3.367764353752136230e-01
-3.359541594982147217e-01
-3.346011340618133545e-01
-3.352558016777038574e-01
-3.373696208000183105e-01
-3.356723487377166748e-01
-3.350947797298431396e-01
-3.352862000465393066e-01
-3.357923626899719238e-01
-3.351583778858184814e-01
-3.364881575107574463e-01
-3.350971043109893799e-01
-3.351865112781524658e-01
-3.368958234786987305e-01
-3.350375592708587646e-01
-3.376635313034057617e-01
-3.349166810512542725e-01
-3.361289203166961670e-01
-3.370982706546783447e-01
-3.361273705959320068e-01
-3.357832729816436768e-01
-3.361241519451141357e-01
-3.364974856376647949e-01
-3.362400531768798828e-01
-3.360772430896759033e-01
-3.375639021396636963e-01
-3.360464572906494141e-01
-3.377009928226470947e-01
-3.366035521030426025e-01
-3.371288776397705078e-01
-3.370305895805358887e-01
-3.365021347999572754e-01
-3.358753621578216553e-01
-3.372215330600738525e-01
-3.367536664009094238e-01
-3.378212153911590576e-01
-3.373226523399353027e-01
-3.367979824542999268e-01
-3.372407257556915283e-01
-3.359987735748291016e-01
-3.374437391757965088e-01
-3.372274041175842285e-01
-3.371364772319793701e-01
-3.371151387691497803e-01
-3.368308246135711670e-01
-3.361110389232635498e-01
-3.367381989955902100e-01
-3.381278216838836670e-01
-3.373968005180358887e-01
-3.385670185089111328e-01
-3.374763727188110352e-01
-3.373334407806396484e-01
-3.373842239379882812e-01
-3.372175693511962891e-01
-3.363143205642700195e-01
-3.383232057094573975e-01
-3.369039893150329590e-01
-3.369487822055816650e-01
-3.360674977302551270e-01
-3.381646871566772461e-01
-3.358139097690582275e-01
-3.360255062580108643e-01
-3.375941812992095947e-01
-3.361383080482482910e-01
-3.367938101291656494e-01
-3.380270898342132568e-01
-3.370711803436279297e-01
-3.373711407184600830e-01
-3.372930288314819336e-01
-3.386315703392028809e-01
-3.382146656513214111e-01
-3.361858427524566650e-01
-3.379040658473968506e-01
-3.374340236186981201e-01
-3.366987407207489014e-01
-3.380143344402313232e-01
-3.373756110668182373e-01
-3.391329646110534668e-01
-3.372887372970581055e-01
-3.367433547973632812e-01
-3.366472721099853516e-01
-3.377563953399658203e-01
-3.380622863769531250e-01
-3.374416828155517578e-01
-3.374361097812652588e-01
-3.382786810398101807e-01
-3.367607295513153076e-01
-3.384413421154022217e-01
-3.372910618782043457e-01
-3.382773399353027344e-01
-3.371819257736206055e-01
-3.387957811355590820e-01
-3.377091586589813232e-01
-3.379676640033721924e-01
-3.387914896011352539e-01
-3.384312093257904053e-01
-3.375575542449951172e-01
-3.380479812622070312e-01
-3.387390077114105225e-01
-3.375150263309478760e-01
-3.376262784004211426e-01
-3.372513949871063232e-01
-3.391330540180206299e-01
-3.378424346446990967e-01
-3.375029861927032471e-01
-3.371193706989288330e-01
-3.385746479034423828e-01
-3.398483991622924805e-01
-3.389029800891876221e-01
-3.383094370365142822e-01
-3.372742235660552979e-01
-3.396432399749755859e-01
-3.383313417434692383e-01
-3.359540402889251709e-01
-3.383810520172119141e-01
-3.384443521499633789e-01
-3.379026651382446289e-01
-3.379561901092529297e-01
-3.386954367160797119e-01
-3.358029127120971680e-01
-3.377400636672973633e-01
-3.380241990089416504e-01
-3.394810557365417480e-01
-3.385784029960632324e-01
-3.386125266551971436e-01
-3.381785452365875244e-01
-3.383838534355163574e-01
-3.385030031204223633e-01
-3.394520282745361328e-01
-3.373264074325561523e-01
-3.386831879615783691e-01
-3.389059305191040039e-01
-3.381868898868560791e-01
-3.385679423809051514e-01
-3.367380499839782715e-01
-3.376177847385406494e-01
-3.394566476345062256e-01
-3.388375341892242432e-01
-3.377884328365325928e-01
-3.384194374084472656e-01
-3.388003110885620117e-01
-3.380504250526428223e-01
-3.394359946250915527e-01
-3.397061228752136230e-01
-3.390007615089416504e-01
-3.387249112129211426e-01
-3.387182950973510742e-01
-3.373289406299591064e-01
-3.382927179336547852e-01
-3.389707803726196289e-01
-3.400706648826599121e-01
-3.392294943332672119e-01
-3.385318815708160400e-01
-3.403819203376770020e-01
-3.402912020683288574e-01
-3.381818532943725586e-01
-3.379475772380828857e-01
-3.381027281284332275e-01
-3.389282226562500000e-01
-3.378016948699951172e-01
-3.386909663677215576e-01
-3.391451239585876465e-01
-3.387070894241333008e-01
-3.379058241844177246e-01
-3.392388224601745605e-01
-3.385890424251556396e-01
-3.385975360870361328e-01
-3.381324410438537598e-01
-3.385188877582550049e-01
-3.401244580745697021e-01
-3.394902944564819336e-01
-3.389567136764526367e-01
-3.383009731769561768e-01
-3.375750184059143066e-01
-3.377408981323242188e-01
-3.393197059631347656e-01
-3.388994336128234863e-01
-3.388806581497192383e-01
-3.386632800102233887e-01
-3.402481675148010254e-01
-3.385486900806427002e-01
-3.392199575901031494e-01
-3.381561934947967529e-01
-3.397914469242095947e-01
-3.379195630550384521e-01
-3.390628695487976074e-01
-3.385550379753112793e-01
-3.395971059799194336e-01
-3.389409184455871582e-01
-3.401331007480621338e-01
-3.404150903224945068e-01
-3.394758999347686768e-01
-3.386228680610656738e-01
-3.396601378917694092e-01
-3.383616209030151367e-01
-3.403977155685424805e-01
-3.393113017082214355e-01
-3.388735353946685791e-01
-3.391648232936859131e-01
-3.397645354270935059e-01
-3.389169871807098389e-01
-3.393900096416473389e-01
-3.399707376956939697e-01
-3.404970765113830566e-01
-3.382139801979064941e-01
-3.396175503730773926e-01
-3.382582962512969971e-01
-3.390142619609832764e-01
-3.408887088298797607e-01
-3.396630883216857910e-01
-3.396475017070770264e-01
-3.408188819885253906e-01
-3.393024206161499023e-01
-3.396211564540863037e-01
-3.396854102611541748e-01
-3.383401036262512207e-01
-3.389892578125000000e-01
-3.388330638408660889e-01
-3.386070728302001953e-01
-3.402117192745208740e-01
-3.385454416275024414e-01
-3.402062952518463135e-01
-3.381268978118896484e-01
-3.401317000389099121e-01
-3.388330042362213135e-01
-3.393284678459167480e-01
-3.397521972656250000e-01
-3.392572700977325439e-01
-3.391653299331665039e-01
-3.400202095508575439e-01
-3.406282365322113037e-01
-3.385251462459564209e-01
-3.389629423618316650e-01
-3.389584422111511230e-01
-3.401283621788024902e-01
-3.387701213359832764e-01
-3.394589722156524658e-01
-3.387780785560607910e-01
-3.395039737224578857e-01
-3.389564752578735352e-01
-3.415683507919311523e-01
-3.393236398696899414e-01
-3.399020731449127197e-01
-3.391427397727966309e-01
-3.395095467567443848e-01
-3.404703140258789062e-01
-3.407131135463714600e-01
-3.401632606983184814e-01
-3.391747474670410156e-01
-3.388187885284423828e-01
-3.391773104667663574e-01
-3.402306437492370605e-01
-3.392600119113922119e-01
-3.401879072189331055e-01
-3.391612768173217773e-01
-3.394805788993835449e-01
-3.397482037544250488e-01
-3.397555649280548096e-01
-3.401560783386230469e-01
-3.378341197967529297e-01
-3.393577337265014648e-01
-3.406835198402404785e-01
-3.401229977607727051e-01
-3.400073349475860596e-01
-3.382265865802764893e-01
-3.401908278465270996e-01
-3.400031030178070068e-01
-3.401452004909515381e-01
-3.404487967491149902e-01
-3.406677544116973877e-01
-3.393667936325073242e-01
-3.389075994491577148e-01
-3.412890732288360596e-01
-3.402935266494750977e-01
-3.398742377758026123e-01
-3.401481807231903076e-01
-3.394776880741119385e-01
-3.400188982486724854e-01
-3.399311602115631104e-01
-3.397943079471588135e-01
-3.405307829380035400e-01
-3.386738896369934082e-01
-3.405347764492034912e-01
-3.393301963806152344e-01
-3.391385376453399658e-01
-3.399617671966552734e-01
-3.404878377914428711e-01
-3.394767940044403076e-01
-3.412312269210815430e-01
-3.398878276348114014e-01
-3.403043448925018311e-01
-3.393385112285614014e-01
-3.400087952613830566e-01
-3.404518365859985352e-01
-3.410709202289581299e-01
-3.396887779235839844e-01
-3.414106965065002441e-01
-3.394065499305725098e-01
-3.400290906429290771e-01
-3.392103016376495361e-01
-3.407554030418395996e-01
-3.391394019126892090e-01
-3.402650654315948486e-01
-3.402023911476135254e-01
-3.397310376167297363e-01
-3.384701013565063477e-01
-3.395296633243560791e-01
-3.391494154930114746e-01
-3.402040004730224609e-01
-3.410310745239257812e-01
-3.394302129745483398e-01
-3.395622074604034424e-01
-3.404307365417480469e-01
-3.406625986099243164e-01
-3.395171463489532471e-01
-3.397342264652252197e-01
-3.409106433391571045e-01
-3.384099006652832031e-01
-3.404485881328582764e-01
-3.414804637432098389e-01
-3.405308425426483154e-01
-3.398471772670745850e-01
-3.398314714431762695e-01
-3.390382826328277588e-01
-3.389762043952941895e-01
-3.400811553001403809e-01
-3.412178456783294678e-01
-3.403742909431457520e-01
-3.404823839664459229e-01
-3.397262096405029297e-01
-3.407454788684844971e-01
-3.389923870563507080e-01
-3.394947648048400879e-01
-3.404882252216339111e-01
-3.397013843059539795e-01
-3.408710956573486328e-01
-3.404090702533721924e-01
-3.402472734451293945e-01
-3.391672670841217041e-01
-3.401343822479248047e-01
-3.413375914096832275e-01
-3.404035568237304688e-01
-3.389217555522918701e-01
-3.398558497428894043e-01
-3.416356742382049561e-01
-3.407342135906219482e-01
-3.397263884544372559e-01
-3.404277265071868896e-01
-3.400439918041229248e-01
-3.399629294872283936e-01
-3.399994075298309326e-01
-3.409938216209411621e-01
-3.408492505550384521e-01
-3.397904634475708008e-01
-3.412172198295593262e-01
-3.408535718917846680e-01
-3.414491713047027588e-01
-3.411637246608734131e-01
-3.411763906478881836e-01
-3.408366441726684570e-01
-3.408514857292175293e-01
-3.407241702079772949e-01
-3.414787948131561279e-01
-3.411776721477508545e-01
-3.408868908882141113e-01
-3.418954014778137207e-01
-3.410310745239257812e-01
-3.395827114582061768e-01
-3.398868441581726074e-01
-3.396753370761871338e-01
-3.396979868412017822e-01
-3.402852118015289307e-01
-3.400662243366241455e-01
-3.405994176864624023e-01
-3.409160673618316650e-01
-3.404822945594787598e-01
-3.405233025550842285e-01
-3.391890227794647217e-01
-3.410478532314300537e-01
-3.403210639953613281e-01
-3.398035168647766113e-01
-3.418386876583099365e-01
-3.407443761825561523e-01
-3.406313359737396240e-01
-3.408073782920837402e-01
-3.414373397827148438e-01
-3.412056267261505127e-01
-3.422124087810516357e-01
-3.404048383235931396e-01
-3.405529856681823730e-01
-3.396085500717163086e-01
-3.414019644260406494e-01
-3.397721052169799805e-01
-3.413481414318084717e-01
-3.406072258949279785e-01
-3.405753672122955322e-01
-3.409968912601470947e-01
-3.412944972515106201e-01
-3.411954939365386963e-01
-3.400897085666656494e-01
-3.399708271026611328e-01
-3.401376903057098389e-01
-3.422611057758331299e-01
-3.403132259845733643e-01
-3.410835564136505127e-01
-3.409121632575988770e-01
-3.409404158592224121e-01
-3.416540622711181641e-01
-3.412677049636840820e-01
-3.421715497970581055e-01
-3.417447507381439209e-01
-3.414442837238311768e-01
-3.417484164237976074e-01
-3.413343727588653564e-01
-3.411753475666046143e-01
-3.416626751422882080e-01
-3.411132693290710449e-01
-3.407069742679595947e-01
-3.406237661838531494e-01
-3.419724106788635254e-01
-3.420795202255249023e-01
-3.415230810642242432e-01
-3.422966301441192627e-01
-3.394661247730255127e-01
-3.409821689128875732e-01
-3.419323265552520752e-01
-3.426034450531005859e-01
-3.420735299587249756e-01
-3.409338593482971191e-01
-3.407369554042816162e-01
-3.416402935981750488e-01
-3.413569331169128418e-01
-3.403824865818023682e-01
-3.409381806850433350e-01
-3.423710167407989502e-01
-3.410194516181945801e-01
-3.414541184902191162e-01
-3.415161073207855225e-01
-3.409406244754791260e-01
-3.405903875827789307e-01
-3.402899801731109619e-01
-3.407862782478332520e-01
-3.402563333511352539e-01
-3.428174555301666260e-01
-3.409068882465362549e-01
-3.420788049697875977e-01
-3.395314812660217285e-01
-3.399096727371215820e-01
-3.413698375225067139e-01
-3.405861556529998779e-01
-3.401270508766174316e-01
-3.421195447444915771e-01
-3.406145572662353516e-01
-3.417697250843048096e-01
-3.415908217430114746e-01
-3.429450094699859619e-01
-3.418886065483093262e-01
-3.408975899219512939e-01
-3.412649333477020264e-01
-3.415589034557342529e-01
-3.417910933494567871e-01
-3.406493663787841797e-01
-3.412086069583892822e-01
-3.414268791675567627e-01
-3.422541618347167969e-01
-3.406322598457336426e-01
-3.412214517593383789e-01
-3.415901362895965576e-01
-3.411128818988800049e-01
-3.417573869228363037e-01
-3.421636521816253662e-01
-3.416858911514282227e-01
-3.413713872432708740e-01
-3.407279551029205322e-01
-3.405524194240570068e-01
-3.419135808944702148e-01
-3.411009013652801514e-01
-3.428741097450256348e-01
-3.422047495841979980e-01
-3.413795530796051025e-01
-3.410504460334777832e-01
-3.416644930839538574e-01
-3.415925800800323486e-01
-3.417365550994873047e-01
-3.414724171161651611e-01
-3.426700532436370850e-01
-3.419621288776397705e-01
-3.415598869323730469e-01
-3.419261574745178223e-01
-3.411055803298950195e-01
-3.417151570320129395e-01
-3.409197330474853516e-01
-3.415850400924682617e-01
-3.410480916500091553e-01
-3.394772410392761230e-01
-3.424089848995208740e-01
-3.414216935634613037e-01
-3.408024907112121582e-01
-3.417158126831054688e-01
-3.408146798610687256e-01
-3.420970737934112549e-01
-3.427150249481201172e-01
-3.414298593997955322e-01
-3.396119773387908936e-01
-3.417816758155822754e-01
-3.415969908237457275e-01
-3.415931463241577148e-01
-3.428469002246856689e-01
-3.414847552776336670e-01
-3.417813181877136230e-01
-3.419961631298065186e-01
-3.416405916213989258e-01
-3.417244255542755127e-01
-3.417203426361083984e-01
-3.417745232582092285e-01
-3.424164950847625732e-01
-3.408853709697723389e-01
-3.413985669612884521e-01
-3.414509892463684082e-01
-3.425327241420745850e-01
-3.416339159011840820e-01
-3.426576554775238037e-01
-3.404343128204345703e-01
-3.426994681358337402e-01
-3.415392935276031494e-01
-3.423604071140289307e-01
-3.410904407501220703e-01
-3.406717479228973389e-01
-3.429224789142608643e-01
-3.422515988349914551e-01
-3.408444225788116455e-01
-3.423787653446197510e-01
-3.420877754688262939e-01
-3.423865139484405518e-01
-3.435693383216857910e-01
-3.412175178527832031e-01
-3.419997096061706543e-01
-3.407808840274810791e-01
-3.419353067874908447e-01
-3.412346243858337402e-01
-3.429186642169952393e-01
-3.431307375431060791e-01
-3.437484800815582275e-01
-3.416040241718292236e-01
-3.420690298080444336e-01
-3.421083986759185791e-01
-3.428707718849182129e-01
-3.416645526885986328e-01
-3.422445356845855713e-01
-3.414603173732757568e-01
-3.427208364009857178e-01
-3.429262638092041016e-01
-3.416280448436737061e-01
-3.421759605407714844e-01
-3.427757620811462402e-01
-3.416101634502410889e-01
-3.431814908981323242e-01
-3.424864113330841064e-01
-3.421054184436798096e-01
-3.421685993671417236e-01
-3.430709242820739746e-01
-3.432505428791046143e-01
-3.422623276710510254e-01
-3.415523171424865723e-01
-3.423020541667938232e-01
-3.424608707427978516e-01
-3.417611122131347656e-01
-3.423459827899932861e-01
-3.431651890277862549e-01
-3.423497974872589111e-01
-3.425422906875610352e-01
-3.423917293548583984e-01
-3.424572050571441650e-01
-3.425285518169403076e-01
-3.428745567798614502e-01
-3.430705666542053223e-01
-3.425769209861755371e-01
-3.427416980266571045e-01
-3.416360914707183838e-01
-3.421144187450408936e-01
-3.430203199386596680e-01
-3.431896567344665527e-01
-3.430138528347015381e-01
-3.430172204971313477e-01
-3.424445092678070068e-01
-3.425565063953399658e-01
-3.413603603839874268e-01
-3.421758115291595459e-01
-3.424118459224700928e-01
-3.427568376064300537e-01
-3.419524431228637695e-01
-3.428345620632171631e-01
-3.421353101730346680e-01
-3.427193462848663330e-01
-3.421625196933746338e-01
-3.415001332759857178e-01
-3.428177535533905029e-01
-3.428662717342376709e-01
-3.419756591320037842e-01
-3.415387570858001709e-01
-3.429925441741943359e-01
-3.410928249359130859e-01
-3.415427207946777344e-01
-3.418772518634796143e-01
-3.424789309501647949e-01
-3.420411348342895508e-01
-3.422152996063232422e-01
-3.430763483047485352e-01
-3.429039716720581055e-01
-3.435480296611785889e-01
-3.433734774589538574e-01
-3.437944948673248291e-01
-3.416470885276794434e-01
-3.430469930171966553e-01
-3.418358862400054932e-01
-3.425114154815673828e-01
-3.430985212326049805e-01
-3.433517515659332275e-01
-3.420418798923492432e-01
-3.429338335990905762e-01
-3.432825207710266113e-01
-3.426581621170043945e-01
-3.431444764137268066e-01
-3.433105647563934326e-01
-3.430839180946350098e-01
-3.427939414978027344e-01
-3.436435163021087646e-01
-3.421728312969207764e-01
-3.427555263042449951e-01
-3.422089815139770508e-01
-3.435473144054412842e-01
-3.441317677497863770e-01
-3.428320288658142090e-01
-3.441339433193206787e-01
-3.440670371055603027e-01
-3.421482145786285400e-01
-3.417087495326995850e-01
-3.432258963584899902e-01
-3.435236215591430664e-01
-3.427632451057434082e-01
-3.427278697490692139e-01
-3.426494896411895752e-01
-3.438817262649536133e-01
-3.427700996398925781e-01
-3.433789014816284180e-01
-3.433097302913665771e-01
-3.421360552310943604e-01
-3.428094983100891113e-01
-3.433916568756103516e-01
-3.430975377559661865e-01
-3.433806598186492920e-01
-3.418417572975158691e-01
-3.424835205078125000e-01
-3.425186574459075928e-01
-3.426961004734039307e-01
-3.427973687648773193e-01
-3.425302207469940186e-01
-3.431961536407470703e-01
-3.433140218257904053e-01
-3.426117300987243652e-01
-3.432007431983947754e-01
-3.432891368865966797e-01
-3.430120348930358887e-01
-3.427018523216247559e-01
-3.427482247352600098e-01
-3.419750332832336426e-01
-3.430922329425811768e-01
-3.435097634792327881e-01
-3.441118299961090088e-01
-3.430700898170471191e-01
-3.422608673572540283e-01
-3.425631821155548096e-01
-3.443655371665954590e-01
-3.434036970138549805e-01
-3.436047434806823730e-01
-3.445147871971130371e-01
-3.440037071704864502e-01
-3.443556427955627441e-01
-3.439829349517822266e-01
-3.428920805454254150e-01
-3.417076766490936279e-01
-3.431360423564910889e-01
-3.446750044822692871e-01
-3.426551520824432373e-01
-3.442795574665069580e-01
-3.437731266021728516e-01
-3.435214757919311523e-01
-3.436425030231475830e-01
-3.443632721900939941e-01
-3.437864482402801514e-01
-3.438498973846435547e-01
-3.438268303871154785e-01
-3.433695435523986816e-01
-3.436565697193145752e-01
-3.443739712238311768e-01
-3.437478840351104736e-01
-3.426640033721923828e-01
-3.431158363819122314e-01
-3.433302044868469238e-01
-3.437000811100006104e-01
-3.446111083030700684e-01
-3.426393866539001465e-01
-3.449705839157104492e-01
-3.430468738079071045e-01
-3.440859317779541016e-01
-3.437227308750152588e-01
-3.443488776683807373e-01
-3.444714844226837158e-01
-3.446514904499053955e-01
-3.438184559345245361e-01
-3.433743119239807129e-01
-3.429107069969177246e-01
-3.443901240825653076e-01
-3.434055149555206299e-01
-3.435353040695190430e-01
-3.437694609165191650e-01
-3.444804549217224121e-01
-3.439453244209289551e-01
-3.443995416164398193e-01
-3.438416123390197754e-01
-3.435478508472442627e-01
-3.438504040241241455e-01
-3.440807461738586426e-01
-3.436455726623535156e-01
-3.430684208869934082e-01
-3.435978889465332031e-01
-3.447540402412414551e-01
-3.438506126403808594e-01
-3.432793617248535156e-01
-3.423618078231811523e-01
-3.439370989799499512e-01
-3.427404761314392090e-01
-3.440551161766052246e-01
-3.433239758014678955e-01
-3.454390168190002441e-01
-3.440922796726226807e-01
-3.444076478481292725e-01
-3.429932296276092529e-01
-3.445807695388793945e-01
-3.440006077289581299e-01
-3.432129621505737305e-01
-3.442075252532958984e-01
-3.435571193695068359e-01
-3.444347679615020752e-01
-3.436936140060424805e-01
-3.421890735626220703e-01
-3.444066643714904785e-01
-3.433116972446441650e-01
-3.436138033866882324e-01
-3.452667593955993652e-01
-3.441318571567535400e-01
-3.433035612106323242e-01
-3.434126675128936768e-01
-3.446251749992370605e-01
-3.429022431373596191e-01
-3.444051444530487061e-01
-3.439007699489593506e-01
-3.444251120090484619e-01
-3.445767164230346680e-01
-3.442619144916534424e-01
-3.453323841094970703e-01
-3.443458974361419678e-01
-3.439579606056213379e-01
-3.452228903770446777e-01
-3.447278738021850586e-01
-3.440911471843719482e-01
-3.442893624305725098e-01
-3.450030386447906494e-01
-3.446360826492309570e-01
-3.442150354385375977e-01
-3.445248901844024658e-01
-3.435536921024322510e-01
-3.439614474773406982e-01
-3.439704477787017822e-01
-3.451203703880310059e-01
-3.438996672630310059e-01
-3.444886505603790283e-01
-3.441796898841857910e-01
-3.449450433254241943e-01
-3.448890745639801025e-01
-3.426607847213745117e-01
-3.448705375194549561e-01
-3.442081212997436523e-01
-3.442527353763580322e-01
-3.448242843151092529e-01
-3.433653712272644043e-01
-3.435800075531005859e-01
-3.452216684818267822e-01
-3.441576659679412842e-01
-3.434717953205108643e-01
-3.446638584136962891e-01
-3.447221815586090088e-01
-3.456802964210510254e-01
-3.439870178699493408e-01
-3.431652188301086426e-01
-3.429781496524810791e-01
-3.435996174812316895e-01
-3.452693223953247070e-01
-3.435043990612030029e-01
-3.446802496910095215e-01
-3.431437313556671143e-01
-3.449710011482238770e-01
-3.449830710887908936e-01
-3.433763384819030762e-01
-3.444366455078125000e-01
-3.445696830749511719e-01
-3.443093001842498779e-01
-3.449704945087432861e-01
-3.423618078231811523e-01
-3.448955118656158447e-01
-3.450306355953216553e-01
-3.448121845722198486e-01
-3.438205420970916748e-01
-3.450358211994171143e-01
-3.438707888126373291e-01
-3.437300324440002441e-01
-3.440673351287841797e-01
-3.443730771541595459e-01
-3.447687327861785889e-01
-3.446098566055297852e-01
-3.450172543525695801e-01
-3.450918197631835938e-01
-3.451928198337554932e-01
-3.455924689769744873e-01
-3.455524146556854248e-01
-3.460187911987304688e-01
-3.458839654922485352e-01
-3.442201614379882812e-01
-3.463577330112457275e-01
-3.443647325038909912e-01
-3.441979289054870605e-01
-3.445111215114593506e-01
-3.461323380470275879e-01
-3.454993367195129395e-01
-3.446477949619293213e-01
-3.449552655220031738e-01
-3.448256254196166992e-01
-3.446457087993621826e-01
-3.445330262184143066e-01
-3.448090255260467529e-01
-3.451849222183227539e-01
-3.452202081680297852e-01
-3.453515172004699707e-01
-3.446542322635650635e-01
-3.456179797649383545e-01
-3.454957008361816406e-01
-3.446859121322631836e-01
-3.458073437213897705e-01
-3.445526063442230225e-01
-3.448123633861541748e-01
-3.458577990531921387e-01
-3.438743948936462402e-01
-3.443308174610137939e-01
-3.446644842624664307e-01
-3.443931341171264648e-01
-3.455519974231719971e-01
-3.443486094474792480e-01
-3.448456227779388428e-01
-3.443661332130432129e-01
-3.449043631553649902e-01
-3.445550501346588135e-01
-3.453553915023803711e-01
-3.447211682796478271e-01
-3.444666862487792969e-01
-3.444895148277282715e-01
-3.460811674594879150e-01
-3.445685207843780518e-01
-3.452952504158020020e-01
-3.458662629127502441e-01
-3.448835611343383789e-01
-3.459421396255493164e-01
-3.437473177909851074e-01
-3.454845547676086426e-01
-3.448489308357238770e-01
-3.454379141330718994e-01
-3.455338776111602783e-01
-3.450645804405212402e-01
-3.459476828575134277e-01
-3.467019796371459961e-01
-3.448384106159210205e-01
-3.450690507888793945e-01
-3.451741933822631836e-01
-3.452521860599517822e-01
-3.452208340167999268e-01
-3.464697003364562988e-01
-3.458875119686126709e-01
-3.453674912452697754e-01
-3.457297980785369873e-01
-3.456646203994750977e-01
-3.453817367553710938e-01
-3.449647426605224609e-01
-3.450691699981689453e-01
-3.458801209926605225e-01
-3.460310399532318115e-01
-3.457301259040832520e-01
-3.454924225807189941e-01
-3.466881811618804932e-01
-3.448494970798492432e-01
-3.459433019161224365e-01
-3.465345501899719238e-01
-3.441875874996185303e-01
-3.457110822200775146e-01
-3.456871807575225830e-01
-3.449719250202178955e-01
-3.440000712871551514e-01
-3.453432619571685791e-01
-3.455425500869750977e-01
-3.461554646492004395e-01
-3.459647595882415771e-01
-3.467539548873901367e-01
-3.456721901893615723e-01
-3.461100161075592041e-01
-3.455186784267425537e-01
-3.457337617874145508e-01
-3.451372683048248291e-01
-3.450701236724853516e-01
-3.457756340503692627e-01
-3.449867367744445801e-01
-3.467224836349487305e-01
-3.447809517383575439e-01
-3.458978831768035889e-01
-3.469947576522827148e-01
-3.444749116897583008e-01
-3.456466794013977051e-01
-3.466609418392181396e-01
-3.461908698081970215e-01
-3.453883528709411621e-01
-3.472250401973724365e-01
-3.460560441017150879e-01
-3.466220796108245850e-01
-3.445626199245452881e-01
-3.441507518291473389e-01
-3.457620143890380859e-01
-3.453837335109710693e-01
-3.455785512924194336e-01
-3.455777764320373535e-01
-3.467894196510314941e-01
-3.447443544864654541e-01
-3.454434871673583984e-01
-3.446215391159057617e-01
-3.453000187873840332e-01
-3.455276489257812500e-01
-3.449126482009887695e-01
-3.453655540943145752e-01
-3.461480736732482910e-01
-3.460448086261749268e-01
-3.461998403072357178e-01
-3.456248044967651367e-01
-3.471962213516235352e-01
-3.459241986274719238e-01
-3.456404507160186768e-01
-3.457876443862915039e-01
-3.474162220954895020e-01
-3.458073735237121582e-01
-3.458344042301177979e-01
-3.462877273559570312e-01
-3.452922403812408447e-01
-3.459269404411315918e-01
-3.444022834300994873e-01
-3.459854722023010254e-01
-3.457430303096771240e-01
-3.469303846359252930e-01
-3.474210202693939209e-01
-3.450660407543182373e-01
-3.459750711917877197e-01
-3.450980186462402344e-01
-3.474915027618408203e-01
-3.449702560901641846e-01
-3.459384143352508545e-01
-3.466676473617553711e-01
-3.453065156936645508e-01
-3.450777530670166016e-01
-3.445798158645629883e-01
-3.458064198493957520e-01
-3.460721969604492188e-01
-3.463625609874725342e-01
-3.457997143268585205e-01
-3.461307287216186523e-01
-3.463977873325347900e-01
-3.474214971065521240e-01
-3.467150926589965820e-01
-3.473169505596160889e-01
-3.449706435203552246e-01
-3.460131585597991943e-01
-3.466823101043701172e-01
-3.465675115585327148e-01
-3.466505110263824463e-01
-3.457233905792236328e-01
-3.444593548774719238e-01
-3.459352552890777588e-01
-3.463962376117706299e-01
-3.460620641708374023e-01
-3.465419709682464600e-01
-3.468931019306182861e-01
-3.461067080497741699e-01
-3.473040163516998291e-01
-3.467344343662261963e-01
-3.470333218574523926e-01
-3.465872704982757568e-01
-3.467952907085418701e-01
-3.459622859954833984e-01
-3.465066552162170410e-01
-3.467728197574615479e-01
-3.464371860027313232e-01
-3.467282056808471680e-01
-3.471796810626983643e-01
-3.458044230937957764e-01
-3.469948470592498779e-01
-3.462464511394500732e-01
-3.475065231323242188e-01
-3.464673161506652832e-01
-3.470415771007537842e-01
-3.457173109054565430e-01
-3.458618223667144775e-01
-3.472996354103088379e-01
-3.463996350765228271e-01
-3.471748828887939453e-01
-3.468309640884399414e-01
-3.459530770778656006e-01
-3.477410674095153809e-01
-3.453518152236938477e-01
-3.463324904441833496e-01
-3.457917273044586182e-01
-3.483116626739501953e-01
-3.468230068683624268e-01
-3.469143807888031006e-01
-3.463316857814788818e-01
-3.472721278667449951e-01
-3.463133573532104492e-01
-3.462553620338439941e-01
-3.457727134227752686e-01
-3.466716408729553223e-01
-3.454660773277282715e-01
-3.470542728900909424e-01
-3.477067947387695312e-01
-3.461267054080963135e-01
-3.466019332408905029e-01
-3.486328721046447754e-01
-3.463977575302124023e-01
-3.459489643573760986e-01
-3.466303050518035889e-01
-3.473831415176391602e-01
-3.473195135593414307e-01
-3.481848835945129395e-01
-3.484199941158294678e-01
-3.472487926483154297e-01
-3.465851247310638428e-01
-3.474315702915191650e-01
-3.465495705604553223e-01
-3.471645116806030273e-01
-3.477134406566619873e-01
-3.475008606910705566e-01
-3.468262553215026855e-01
-3.466782867908477783e-01
-3.481961786746978760e-01
-3.468507528305053711e-01
-3.465842306613922119e-01
-3.460558950901031494e-01
-3.462719023227691650e-01
-3.457050919532775879e-01
-3.478176295757293701e-01
-3.476116359233856201e-01
-3.460127711296081543e-01
-3.476690053939819336e-01
-3.475745916366577148e-01
-3.474512994289398193e-01
-3.467760086059570312e-01
-3.476308286190032959e-01
-3.472291231155395508e-01
-3.468135297298431396e-01
-3.474667072296142578e-01
-3.480449914932250977e-01
-3.475179970264434814e-01
-3.484637439250946045e-01
-3.482852280139923096e-01
-3.477482199668884277e-01
-3.483172953128814697e-01
-3.485718667507171631e-01
-3.490626215934753418e-01
-3.476938009262084961e-01
-3.469837307929992676e-01
-3.475506305694580078e-01
-3.470841050148010254e-01
-3.462511301040649414e-01
-3.475060164928436279e-01
-3.469732701778411865e-01
-3.470059931278228760e-01
-3.486482501029968262e-01
-3.478464782238006592e-01
-3.460335433483123779e-01
-3.464038670063018799e-01
-3.485485613346099854e-01
-3.476946055889129639e-01
-3.470768332481384277e-01
-3.471573889255523682e-01
-3.468605279922485352e-01
-3.473650217056274414e-01
-3.475382030010223389e-01
-3.476764559745788574e-01
-3.480044007301330566e-01
-3.473867774009704590e-01
-3.460151553153991699e-01
-3.480165302753448486e-01
-3.477498292922973633e-01
-3.478195667266845703e-01
-3.476672470569610596e-01
-3.476338982582092285e-01
-3.463808596134185791e-01
-3.462470173835754395e-01
-3.487367033958435059e-01
-3.472861945629119873e-01
-3.462252616882324219e-01
-3.479303121566772461e-01
-3.470967411994934082e-01
-3.475627005100250244e-01
-3.469007015228271484e-01
-3.475542366504669189e-01
-3.478928208351135254e-01
-3.472721278667449951e-01
-3.467739522457122803e-01
-3.474553823471069336e-01
-3.472226560115814209e-01
-3.482297658920288086e-01
-3.476995527744293213e-01
-3.481170535087585449e-01
-3.483904302120208740e-01
-3.497591912746429443e-01
-3.497743010520935059e-01
-3.479454815387725830e-01
-3.479540348052978516e-01
-3.485533893108367920e-01
-3.487830758094787598e-01
-3.483508825302124023e-01
-3.490446805953979492e-01
-3.478044271469116211e-01
-3.486448228359222412e-01
-3.480525016784667969e-01
-3.472757637500762939e-01
-3.493348360061645508e-01
-3.484770059585571289e-01
-3.473417460918426514e-01
-3.495480716228485107e-01
-3.490566015243530273e-01
-3.497256040573120117e-01
-3.490247130393981934e-01
-3.481775522232055664e-01
-3.494613170623779297e-01
-3.483912348747253418e-01
-3.487777709960937500e-01
-3.477669656276702881e-01
-3.485582172870635986e-01
-3.478902578353881836e-01
-3.482576310634613037e-01
-3.483914732933044434e-01
-3.486513197422027588e-01
-3.485026359558105469e-01
-3.481173813343048096e-01
-3.481275439262390137e-01
-3.486906886100769043e-01
-3.499568402767181396e-01
-3.481003642082214355e-01
-3.479816913604736328e-01
-3.492070436477661133e-01
-3.480020761489868164e-01
-3.487299680709838867e-01
-3.490986227989196777e-01
-3.480630218982696533e-01
-3.475798070430755615e-01
-3.481335043907165527e-01
-3.483868837356567383e-01
-3.481914699077606201e-01
-3.499214351177215576e-01
-3.486434817314147949e-01
-3.497042953968048096e-01
-3.484953641891479492e-01
-3.498485684394836426e-01
-3.483037948608398438e-01
-3.502917587757110596e-01
-3.494603931903839111e-01
-3.494324684143066406e-01
-3.480865359306335449e-01
-3.469447493553161621e-01
-3.498572409152984619e-01
-3.507458567619323730e-01
-3.487549424171447754e-01
-3.485638201236724854e-01
-3.495885729789733887e-01
-3.487478494644165039e-01
-3.484765589237213135e-01
-3.489707708358764648e-01
-3.495366275310516357e-01
-3.498652875423431396e-01
-3.485660254955291748e-01
-3.483452796936035156e-01
-3.489395081996917725e-01
-3.490218520164489746e-01
-3.484262526035308838e-01
-3.502182066440582275e-01
-3.492541611194610596e-01
-3.495745658874511719e-01
-3.502422571182250977e-01
-3.490184247493743896e-01
-3.490127623081207275e-01
-3.496982753276824951e-01
-3.508298397064208984e-01
-3.500967621803283691e-01
-3.501189649105072021e-01
-3.498096168041229248e-01
-3.502274155616760254e-01
-3.502825796604156494e-01
-3.497596085071563721e-01
-3.493443131446838379e-01
-3.494351506233215332e-01
-3.498187661170959473e-01
-3.490486145019531250e-01
-3.499320447444915771e-01
-3.497523367404937744e-01
-3.495233952999114990e-01
-3.489438593387603760e-01
-3.493626117706298828e-01
-3.481479585170745850e-01
-3.509714901447296143e-01
-3.498690724372863770e-01
-3.488865792751312256e-01
-3.501675426959991455e-01
-3.494747281074523926e-01
-3.501814603805541992e-01
-3.491718173027038574e-01
-3.496376276016235352e-01
-3.501444756984710693e-01
-3.501498103141784668e-01
-3.500007390975952148e-01
-3.497171700000762939e-01
-3.502459228038787842e-01
-3.495189249515533447e-01
-3.495828211307525635e-01
-3.506833016872406006e-01
-3.510608077049255371e-01
-3.494941294193267822e-01
-3.506403863430023193e-01
-3.504798114299774170e-01
-3.510251343250274658e-01
-3.492757380008697510e-01
-3.506266176700592041e-01
-3.494089245796203613e-01
-3.496880531311035156e-01
-3.501953780651092529e-01
-3.498990535736083984e-01
-3.496030271053314209e-01
-3.494951128959655762e-01
-3.510227799415588379e-01
-3.499807715415954590e-01
-3.496180176734924316e-01
-3.508681058883666992e-01
-3.495436310768127441e-01
-3.499896228313446045e-01
-3.505216240882873535e-01
-3.492312133312225342e-01
-3.514043688774108887e-01
-3.502685427665710449e-01
-3.509033024311065674e-01
-3.498348295688629150e-01
-3.506184816360473633e-01
-3.496773242950439453e-01
-3.509971797466278076e-01
-3.505581319332122803e-01
-3.504914343357086182e-01
-3.501259982585906982e-01
-3.505636453628540039e-01
-3.504952490329742432e-01
-3.503636717796325684e-01
-3.504033684730529785e-01
-3.500712513923645020e-01
-3.499994575977325439e-01
-3.496490120887756348e-01
-3.510925769805908203e-01
-3.509714305400848389e-01
-3.499963283538818359e-01
-3.507263660430908203e-01
-3.509597778320312500e-01
-3.512963354587554932e-01
-3.507409691810607910e-01
-3.502349853515625000e-01
-3.503167331218719482e-01
-3.501240909099578857e-01
-3.497290313243865967e-01
-3.508745431900024414e-01
-3.509384691715240479e-01
-3.502650260925292969e-01
-3.516213297843933105e-01
-3.506866097450256348e-01
-3.515332043170928955e-01
-3.515653014183044434e-01
-3.513900339603424072e-01
-3.509095311164855957e-01
-3.505784869194030762e-01
-3.501940965652465820e-01
-3.498872518539428711e-01
-3.513804376125335693e-01
-3.514985144138336182e-01
-3.502183854579925537e-01
-3.510675728321075439e-01
-3.497688770294189453e-01
-3.509272933006286621e-01
-3.512347936630249023e-01
-3.508221805095672607e-01
-3.508347272872924805e-01
-3.520423769950866699e-01
-3.507627546787261963e-01
-3.520044684410095215e-01
-3.506198525428771973e-01
-3.507907092571258545e-01
-3.519460856914520264e-01
-3.515192866325378418e-01
-3.514542579650878906e-01
-3.521551489830017090e-01
-3.519570231437683105e-01
-3.516553342342376709e-01
-3.515419960021972656e-01
-3.513372838497161865e-01
-3.507052659988403320e-01
-3.513504862785339355e-01
-3.518384099006652832e-01
-3.519740104675292969e-01
-3.517257571220397949e-01
-3.526467978954315186e-01
-3.526608347892761230e-01
-3.526280522346496582e-01
-3.513777256011962891e-01
-3.527863025665283203e-01
-3.514672517776489258e-01
-3.519337773323059082e-01
-3.524953126907348633e-01
-3.527112901210784912e-01
-3.521824479103088379e-01
-3.519596159458160400e-01
-3.513597249984741211e-01
-3.509106934070587158e-01
-3.506550192832946777e-01
-3.517287969589233398e-01
-3.522028923034667969e-01
-3.518231213092803955e-01
-3.518682122230529785e-01
-3.517290949821472168e-01
-3.529367446899414062e-01
-3.522627651691436768e-01
-3.518373966217041016e-01
-3.522188365459442139e-01
-3.516651690006256104e-01
-3.513288497924804688e-01
-3.512919843196868896e-01
-3.519265353679656982e-01
-3.530626296997070312e-01
-3.514328896999359131e-01
-3.519276678562164307e-01
-3.523147702217102051e-01
-3.518973886966705322e-01
-3.525363802909851074e-01
-3.517805039882659912e-01
-3.521981239318847656e-01
-3.530654013156890869e-01
-3.523728549480438232e-01
-3.512354791164398193e-01
-3.518959581851959229e-01
-3.527623414993286133e-01
-3.526702821254730225e-01
-3.522064983844757080e-01
-3.527453541755676270e-01
-3.519174158573150635e-01
-3.522567749023437500e-01
-3.516318500041961670e-01
-3.526207804679870605e-01
-3.520611226558685303e-01
-3.512286245822906494e-01
-3.515504896640777588e-01
-3.521994650363922119e-01
-3.514108359813690186e-01
-3.519373238086700439e-01
-3.527031838893890381e-01
-3.522129952907562256e-01
-3.532072901725769043e-01
-3.530150651931762695e-01
-3.518555760383605957e-01
-3.527848124504089355e-01
-3.527475893497467041e-01
-3.530583083629608154e-01
-3.517945408821105957e-01
-3.521522879600524902e-01
-3.526442348957061768e-01
-3.520726263523101807e-01
-3.532432019710540771e-01
-3.521246910095214844e-01
-3.525852560997009277e-01
-3.526520133018493652e-01
-3.522417545318603516e-01
-3.534395098686218262e-01
-3.522850871086120605e-01
-3.528836965560913086e-01
-3.526525497436523438e-01
-3.540081083774566650e-01
-3.526104092597961426e-01
-3.523272573947906494e-01
-3.525778949260711670e-01
-3.517476320266723633e-01
-3.525871038436889648e-01
-3.529859781265258789e-01
-3.531000316143035889e-01
-3.512359559535980225e-01
-3.525736033916473389e-01
-3.529555201530456543e-01
-3.526670336723327637e-01
-3.521668016910552979e-01
-3.514920771121978760e-01
-3.528024852275848389e-01
-3.524454236030578613e-01
-3.525666892528533936e-01
-3.517887592315673828e-01
-3.528665900230407715e-01
-3.524121642112731934e-01
-3.523061275482177734e-01
-3.530316352844238281e-01
-3.529243171215057373e-01
-3.523247539997100830e-01
-3.520874083042144775e-01
-3.523867726325988770e-01
-3.532291352748870850e-01
-3.533533513545989990e-01
-3.523897230625152588e-01
-3.531117737293243408e-01
-3.529746234416961670e-01
-3.524664342403411865e-01
-3.535774350166320801e-01
-3.535256683826446533e-01
-3.521290719509124756e-01
-3.528998494148254395e-01
-3.531259596347808838e-01
-3.525356948375701904e-01
-3.530215919017791748e-01
-3.526811301708221436e-01
-3.525894880294799805e-01
-3.517329096794128418e-01
-3.528424799442291260e-01
-3.527234494686126709e-01
-3.533542454242706299e-01
-3.533577024936676025e-01
-3.539982736110687256e-01
-3.534681499004364014e-01
-3.542580604553222656e-01
-3.532738089561462402e-01
-3.532384037971496582e-01
-3.537185192108154297e-01
-3.531434535980224609e-01
-3.536217510700225830e-01
-3.530158102512359619e-01
-3.536356687545776367e-01
-3.537840545177459717e-01
-3.541385233402252197e-01
-3.530195951461791992e-01
-3.540256917476654053e-01
-3.531677722930908203e-01
-3.533384799957275391e-01
-3.539824783802032471e-01
-3.543606698513031006e-01
-3.543065190315246582e-01
-3.534810841083526611e-01
-3.526478409767150879e-01
-3.529482483863830566e-01
-3.537411391735076904e-01
-3.538900613784790039e-01
-3.530718982219696045e-01
-3.535154461860656738e-01
-3.525337576866149902e-01
-3.534742295742034912e-01
-3.535100817680358887e-01
-3.540237247943878174e-01
-3.531616628170013428e-01
-3.541005849838256836e-01
-3.538741469383239746e-01
-3.532578945159912109e-01
-3.533767163753509521e-01
-3.540665209293365479e-01
-3.544276654720306396e-01
-3.523732125759124756e-01
-3.543343544006347656e-01
-3.537637293338775635e-01
-3.535286188125610352e-01
-3.539135754108428955e-01
-3.533093929290771484e-01
-3.541173338890075684e-01
-3.541735112667083740e-01
-3.545762896537780762e-01
-3.548182547092437744e-01
-3.533357381820678711e-01
-3.530750572681427002e-01
-3.528805077075958252e-01
-3.542049229145050049e-01
-3.532383739948272705e-01
-3.541255891323089600e-01
-3.537259995937347412e-01
-3.533966243267059326e-01
-3.544086813926696777e-01
-3.553938865661621094e-01
-3.542658686637878418e-01
-3.535732924938201904e-01
-3.539741635322570801e-01
-3.534917533397674561e-01
-3.544819355010986328e-01
-3.535899221897125244e-01
-3.549691736698150635e-01
-3.547362685203552246e-01
-3.545590043067932129e-01
-3.547313213348388672e-01
-3.545999526977539062e-01
-3.538320064544677734e-01
-3.537733256816864014e-01
-3.532514572143554688e-01
-3.530912697315216064e-01
-3.547506332397460938e-01
-3.551511168479919434e-01
-3.549135029315948486e-01
-3.535692989826202393e-01
-3.539136946201324463e-01
-3.537265360355377197e-01
-3.552042841911315918e-01
-3.543283045291900635e-01
-3.545757830142974854e-01
-3.531053960323333740e-01
-3.537195920944213867e-01
-3.548466563224792480e-01
-3.534627556800842285e-01
-3.545702695846557617e-01
-3.544059395790100098e-01
-3.534982204437255859e-01
-3.539133369922637939e-01
-3.537711799144744873e-01
-3.551857769489288330e-01
-3.554462194442749023e-01
-3.548897206783294678e-01
-3.535023331642150879e-01
-3.546720445156097412e-01
-3.539625108242034912e-01
-3.546198606491088867e-01
-3.545396625995635986e-01
-3.547150194644927979e-01
-3.536637127399444580e-01
-3.546113669872283936e-01
-3.545512259006500244e-01
-3.547606766223907471e-01
-3.549453616142272949e-01
-3.535788953304290771e-01
-3.536823987960815430e-01
-3.549204170703887939e-01
-3.540158569812774658e-01
-3.554493486881256104e-01
-3.544653952121734619e-01
-3.544957935810089111e-01
-3.554056286811828613e-01
-3.544014096260070801e-01
-3.544112443923950195e-01
-3.550811707973480225e-01
-3.542277812957763672e-01
-3.555857837200164795e-01
-3.555890619754791260e-01
-3.540968000888824463e-01
-3.548587560653686523e-01
-3.549654185771942139e-01
-3.537557423114776611e-01
-3.550052940845489502e-01
-3.558447062969207764e-01
-3.552695810794830322e-01
-3.550346791744232178e-01
-3.549268245697021484e-01
-3.546870648860931396e-01
-3.542284071445465088e-01
-3.535697758197784424e-01
-3.546727597713470459e-01
-3.539568483829498291e-01
-3.546547293663024902e-01
-3.541531264781951904e-01
-3.554467856884002686e-01
-3.542400300502777100e-01
-3.546360433101654053e-01
-3.546650111675262451e-01
-3.546620905399322510e-01
-3.541541695594787598e-01
-3.547287583351135254e-01
-3.552170395851135254e-01
-3.554174304008483887e-01
-3.544649481773376465e-01
-3.550392389297485352e-01
-3.537271022796630859e-01
-3.551888465881347656e-01
-3.558453321456909180e-01
-3.551943302154541016e-01
-3.548515141010284424e-01
-3.544772863388061523e-01
-3.550812900066375732e-01
-3.555109202861785889e-01
-3.540699779987335205e-01
-3.554665446281433105e-01
-3.550407290458679199e-01
-3.555438220500946045e-01
-3.553262948989868164e-01
-3.537392020225524902e-01
-3.552752137184143066e-01
-3.567023873329162598e-01
-3.552785217761993408e-01
-3.550471961498260498e-01
-3.553393483161926270e-01
-3.562616407871246338e-01
-3.544242084026336670e-01
-3.544306755065917969e-01
-3.558946549892425537e-01
-3.555018007755279541e-01
-3.556618988513946533e-01
-3.552798926830291748e-01
-3.546002805233001709e-01
-3.547315299510955811e-01
-3.548719584941864014e-01
-3.547636270523071289e-01
-3.542364537715911865e-01
-3.550660610198974609e-01
-3.546793162822723389e-01
-3.546987771987915039e-01
-3.556620478630065918e-01
-3.544316291809082031e-01
-3.547611534595489502e-01
-3.544567823410034180e-01
-3.552484214305877686e-01
-3.550490438938140869e-01
-3.544903695583343506e-01
-3.556811511516571045e-01
-3.558042943477630615e-01
-3.548857569694519043e-01
-3.556189239025115967e-01
-3.550557792186737061e-01
-3.546803295612335205e-01
-3.560001254081726074e-01
-3.561280369758605957e-01
-3.555106222629547119e-01
-3.543359339237213135e-01
-3.552171885967254639e-01
-3.553522527217864990e-01
-3.565353155136108398e-01
-3.558410704135894775e-01
-3.539874255657196045e-01
-3.544929027557373047e-01
-3.549865782260894775e-01
-3.561686277389526367e-01
-3.554393947124481201e-01
-3.557286858558654785e-01
-3.551354706287384033e-01
-3.543494641780853271e-01
-3.544306159019470215e-01
-3.558429479598999023e-01
-3.553162813186645508e-01
-3.554208576679229736e-01
-3.551114201545715332e-01
-3.553941547870635986e-01
-3.567517101764678955e-01
-3.550713360309600830e-01
-3.556288480758666992e-01
-3.560516536235809326e-01
-3.562738001346588135e-01
-3.569369614124298096e-01
-3.545195758342742920e-01
-3.552041351795196533e-01
-3.555285632610321045e-01
-3.558941185474395752e-01
-3.557590544223785400e-01
-3.557308614253997803e-01
-3.561556637287139893e-01
-3.571533858776092529e-01
-3.567582070827484131e-01
-3.559973239898681641e-01
-3.556223511695861816e-01
-3.559709489345550537e-01
-3.562789261341094971e-01
-3.565042912960052490e-01
-3.562253713607788086e-01
-3.552918732166290283e-01
-3.557437658309936523e-01
-3.554339110851287842e-01
-3.553238213062286377e-01
-3.558277785778045654e-01
-3.561514019966125488e-01
-3.555262982845306396e-01
-3.552662432193756104e-01
-3.556121587753295898e-01
-3.562619686126708984e-01
-3.561811149120330811e-01
-3.553921878337860107e-01
-3.557620644569396973e-01
-3.568502664566040039e-01
-3.563052713871002197e-01
-3.554581701755523682e-01
-3.560151457786560059e-01
-3.559440374374389648e-01
-3.554652035236358643e-01
-3.562255203723907471e-01
-3.555240035057067871e-01
-3.554247915744781494e-01
-3.559674322605133057e-01
-3.553682863712310791e-01
-3.560095727443695068e-01
-3.558753728866577148e-01
-3.554657101631164551e-01
-3.560413122177124023e-01
-3.551838397979736328e-01
-3.559336364269256592e-01
-3.565372824668884277e-01
-3.565522730350494385e-01
-3.560652732849121094e-01
-3.554442226886749268e-01
-3.570361733436584473e-01
-3.565427362918853760e-01
-3.561906218528747559e-01
-3.560754954814910889e-01
-3.558586835861206055e-01
-3.558519780635833740e-01
-3.572514653205871582e-01
-3.565261363983154297e-01
-3.564104735851287842e-01
-3.563805818557739258e-01
-3.570717275142669678e-01
-3.566458821296691895e-01
-3.562344610691070557e-01
-3.558755517005920410e-01
-3.571152389049530029e-01
-3.558994531631469727e-01
-3.563852608203887939e-01
-3.572412133216857910e-01
-3.560583889484405518e-01
-3.558022379875183105e-01
-3.548591732978820801e-01
-3.562911748886108398e-01
-3.577734827995300293e-01
-3.570875823497772217e-01
-3.558737933635711670e-01
-3.566896319389343262e-01
-3.552843928337097168e-01
-3.560443222522735596e-01
-3.565717637538909912e-01
-3.556147813796997070e-01
-3.564635515213012695e-01
-3.564143180847167969e-01
-3.567974269390106201e-01
-3.570108115673065186e-01
-3.561058044433593750e-01
-3.566999137401580811e-01
-3.566806018352508545e-01
-3.566914200782775879e-01
-3.567612469196319580e-01
-3.573069274425506592e-01
-3.573031127452850342e-01
-3.559000194072723389e-01
-3.565284609794616699e-01
-3.562602400779724121e-01
-3.562896251678466797e-01
-3.567914664745330811e-01
-3.573846518993377686e-01
-3.562321662902832031e-01
-3.558398187160491943e-01
-3.566734194755554199e-01
-3.560160994529724121e-01
-3.572844266891479492e-01
-3.566879630088806152e-01
-3.578468859195709229e-01
-3.570142090320587158e-01
-3.562073111534118652e-01
-3.569644987583160400e-01
-3.571649789810180664e-01
-3.567262887954711914e-01
-3.566296696662902832e-01
-3.568454682826995850e-01
-3.576947748661041260e-01
-3.570183217525482178e-01
-3.566223680973052979e-01
-3.560079932212829590e-01
-3.562718927860260010e-01
-3.570237755775451660e-01
-3.574659526348114014e-01
-3.569153547286987305e-01
-3.569339513778686523e-01
-3.564659953117370605e-01
-3.571877479553222656e-01
-3.558817803859710693e-01
-3.567524850368499756e-01
-3.566238284111022949e-01
-3.572831451892852783e-01
-3.568722009658813477e-01
-3.572949469089508057e-01
-3.570102453231811523e-01
-3.557057380676269531e-01
-3.562919497489929199e-01
-3.568489551544189453e-01
-3.570247888565063477e-01
-3.565559387207031250e-01
-3.574136793613433838e-01
-3.565278351306915283e-01
-3.577851653099060059e-01
-3.562787771224975586e-01
-3.562771081924438477e-01
-3.557035028934478760e-01
-3.568048775196075439e-01
-3.564520776271820068e-01
-3.573176860809326172e-01
-3.582172095775604248e-01
-3.566976785659790039e-01
-3.567084968090057373e-01
-3.577576279640197754e-01
-3.571375310420989990e-01
-3.566634654998779297e-01
-3.570565581321716309e-01
-3.574668169021606445e-01
-3.576131165027618408e-01
-3.573540151119232178e-01
-3.576536476612091064e-01
-3.568807542324066162e-01
-3.566635847091674805e-01
-3.574860692024230957e-01
-3.573347032070159912e-01
-3.574475944042205811e-01
-3.573486208915710449e-01
-3.569782376289367676e-01
-3.575779497623443604e-01
-3.565721511840820312e-01
-3.571501374244689941e-01
-3.574289381504058838e-01
-3.569603264331817627e-01
-3.557221293449401855e-01
-3.574060201644897461e-01
-3.578278720378875732e-01
-3.581491708755493164e-01
-3.575577735900878906e-01
-3.576875627040863037e-01
-3.567027449607849121e-01
-3.580220937728881836e-01
-3.570681810379028320e-01
-3.570175170898437500e-01
-3.577812612056732178e-01
-3.571829795837402344e-01
-3.569341599941253662e-01
-3.575251400470733643e-01
-3.565318584442138672e-01
-3.576777875423431396e-01
-3.567006587982177734e-01
-3.574661314487457275e-01
-3.576019406318664551e-01
-3.565318882465362549e-01
-3.572037220001220703e-01
-3.576301038265228271e-01
-3.570866584777832031e-01
-3.575398921966552734e-01
-3.572116792201995850e-01
-3.575992286205291748e-01
-3.578193783760070801e-01
-3.578181266784667969e-01
-3.586753904819488525e-01
-3.578556180000305176e-01
-3.573340475559234619e-01
-3.574497103691101074e-01
-3.567535877227783203e-01
-3.580195307731628418e-01
-3.573954701423645020e-01
-3.582404851913452148e-01
-3.579318225383758545e-01
-3.571345806121826172e-01
-3.576050400733947754e-01
-3.571271896362304688e-01
-3.576705455780029297e-01
-3.582544624805450439e-01
-3.578028678894042969e-01
-3.581051528453826904e-01
-3.569031953811645508e-01
-3.573369085788726807e-01
-3.572094738483428955e-01
-3.576124310493469238e-01
-3.573856651782989502e-01
-3.565977811813354492e-01
-3.570327460765838623e-01
-3.578862249851226807e-01
-3.578596115112304688e-01
-3.574570119380950928e-01
-3.588332235813140869e-01
-3.580545186996459961e-01
-3.575798571109771729e-01
-3.580432534217834473e-01
-3.578303754329681396e-01
-3.575587272644042969e-01
-3.570015132427215576e-01
-3.573191463947296143e-01
-3.571184575557708740e-01
-3.576120138168334961e-01
-3.586138784885406494e-01
-3.578737080097198486e-01
-3.566771745681762695e-01
-3.575957417488098145e-01
-3.574731945991516113e-01
-3.571344614028930664e-01
-3.572685122489929199e-01
-3.582150340080261230e-01
-3.583418726921081543e-01
-3.583981394767761230e-01
-3.590460717678070068e-01
-3.589684069156646729e-01
-3.584634363651275635e-01
-3.570136129856109619e-01
-3.585434257984161377e-01
-3.582729399204254150e-01
-3.586770892143249512e-01
-3.589556515216827393e-01
-3.574136495590209961e-01
-3.582357764244079590e-01
-3.578626215457916260e-01
-3.582493066787719727e-01
-3.583913743495941162e-01
-3.581183850765228271e-01
-3.580569326877593994e-01
-3.585349023342132568e-01
-3.588729202747344971e-01
-3.581738471984863281e-01
-3.579523265361785889e-01
-3.580101430416107178e-01
-3.586318790912628174e-01
-3.585714697837829590e-01
-3.590689003467559814e-01
-3.579956591129302979e-01
-3.576430678367614746e-01
-3.579702079296112061e-01
-3.577271401882171631e-01
-3.586666584014892578e-01
-3.583394289016723633e-01
-3.583015203475952148e-01
-3.582249879837036133e-01
-3.584955632686614990e-01
-3.586512804031372070e-01
-3.572843372821807861e-01
-3.581751585006713867e-01
-3.579271733760833740e-01
-3.595092892646789551e-01
-3.585519194602966309e-01
-3.589072227478027344e-01
-3.585700690746307373e-01
-3.590154647827148438e-01
-3.590180873870849609e-01
-3.589987158775329590e-01
-3.583872318267822266e-01
-3.592807054519653320e-01
-3.580811619758605957e-01
-3.580361008644104004e-01
-3.583832979202270508e-01
-3.569935262203216553e-01
-3.586683869361877441e-01
-3.594612181186676025e-01
-3.597161769866943359e-01
-3.582051992416381836e-01
-3.582688271999359131e-01
-3.590809404850006104e-01
-3.585011065006256104e-01
-3.580214381217956543e-01
-3.592410385608673096e-01
-3.592722117900848389e-01
-3.587698042392730713e-01
-3.574195802211761475e-01
-3.591122627258300781e-01
-3.581252396106719971e-01
-3.595646917819976807e-01
-3.574732542037963867e-01
-3.586399555206298828e-01
-3.581314980983734131e-01
-3.590789735317230225e-01
-3.581514060497283936e-01
-3.588633835315704346e-01
-3.588588535785675049e-01
-3.598170280456542969e-01
-3.598585128784179688e-01
-3.584274947643280029e-01
-3.580061793327331543e-01
-3.589544892311096191e-01
-3.591903746128082275e-01
-3.598037958145141602e-01
-3.593233525753021240e-01
-3.588452637195587158e-01
-3.593530058860778809e-01
-3.589664399623870850e-01
-3.589173555374145508e-01
-3.584936559200286865e-01
-3.583491444587707520e-01
-3.591807782649993896e-01
-3.585918545722961426e-01
-3.589736223220825195e-01
-3.593207597732543945e-01
-3.590463995933532715e-01
-3.591648042201995850e-01
-3.582142591476440430e-01
-3.592301607131958008e-01
-3.595698177814483643e-01
-3.596123754978179932e-01
-3.578434586524963379e-01
-3.595986962318420410e-01
-3.591946959495544434e-01
-3.589947223663330078e-01
-3.594027757644653320e-01
-3.595149815082550049e-01
-3.582051098346710205e-01
-3.583971560001373291e-01
-3.597100377082824707e-01
-3.577287495136260986e-01
-3.577300906181335449e-01
-3.597700893878936768e-01
-3.596021831035614014e-01
-3.597290813922882080e-01
-3.595505952835083008e-01
-3.593419194221496582e-01
-3.595899641513824463e-01
-3.586577475070953369e-01
-3.603195250034332275e-01
-3.589217662811279297e-01
-3.599740564823150635e-01
-3.591142296791076660e-01
-3.587593734264373779e-01
-3.603731989860534668e-01
-3.591736257076263428e-01
-3.592579960823059082e-01
-3.592056632041931152e-01
-3.593309819698333740e-01
-3.594380915164947510e-01
-3.592543900012969971e-01
-3.595776259899139404e-01
-3.601940870285034180e-01
-3.598611354827880859e-01
-3.597640693187713623e-01
-3.598580956459045410e-01
-3.594262897968292236e-01
-3.606199324131011963e-01
-3.588167130947113037e-01
-3.594277203083038330e-01
-3.589411675930023193e-01
-3.591472208499908447e-01
-3.599066436290740967e-01
-3.593192398548126221e-01
-3.600982427597045898e-01
-3.595020174980163574e-01
-3.599179685115814209e-01
-3.598987758159637451e-01
-3.603287935256958008e-01
-3.595404922962188721e-01
-3.593051135540008545e-01
-3.600797653198242188e-01
-3.592881560325622559e-01
-3.592766821384429932e-01
-3.598414957523345947e-01
-3.594647347927093506e-01
-3.596859872341156006e-01
-3.595291376113891602e-01
-3.592527508735656738e-01
-3.591841161251068115e-01
-3.605273962020874023e-01
-3.605442941188812256e-01
-3.595983386039733887e-01
-3.598706722259521484e-01
-3.607141077518463135e-01
-3.592632412910461426e-01
-3.602690994739532471e-01
-3.601677715778350830e-01
-3.597160577774047852e-01
-3.597732186317443848e-01
-3.601050376892089844e-01
-3.596359789371490479e-01
-3.597142994403839111e-01
-3.598756194114685059e-01
-3.608722388744354248e-01
-3.606495261192321777e-01
-3.595257103443145752e-01
-3.598361015319824219e-01
-3.604062497615814209e-01
-3.603101670742034912e-01
-3.607842028141021729e-01
-3.602458834648132324e-01
-3.594692945480346680e-01
-3.596399426460266113e-01
-3.602688312530517578e-01
-3.603214323520660400e-01
-3.594124615192413330e-01
-3.594982326030731201e-01
-3.611595630645751953e-01
-3.598424196243286133e-01
-3.607018589973449707e-01
-3.602686226367950439e-01
-3.602429330348968506e-01
-3.601433038711547852e-01
-3.616762161254882812e-01
-3.603132963180541992e-01
-3.607062995433807373e-01
-3.599118590354919434e-01
-3.608508706092834473e-01
-3.600576817989349365e-01
-3.610203862190246582e-01
-3.615894019603729248e-01
-3.601454794406890869e-01
-3.616954982280731201e-01
-3.604445159435272217e-01
-3.611126840114593506e-01
-3.600065410137176514e-01
-3.603878319263458252e-01
-3.616097271442413330e-01
-3.606454133987426758e-01
-3.607498407363891602e-01
-3.597428500652313232e-01
-3.601439297199249268e-01
-3.609744310379028320e-01
-3.615905344486236572e-01
-3.606626093387603760e-01
-3.611184060573577881e-01
-3.603367805480957031e-01
-3.600727617740631104e-01
-3.599382340908050537e-01
-3.593927025794982910e-01
-3.613288402557373047e-01
-3.612186908721923828e-01
-3.605413436889648438e-01
-3.602578043937683105e-01
-3.612000644207000732e-01
-3.603143990039825439e-01
-3.623992204666137695e-01
-3.609718382358551025e-01
-3.616273105144500732e-01
-3.611969649791717529e-01
-3.614534437656402588e-01
-3.609226346015930176e-01
-3.619324862957000732e-01
-3.607841134071350098e-01
-3.616248667240142822e-01
-3.614437580108642578e-01
-3.620796203613281250e-01
-3.603057861328125000e-01
-3.611752688884735107e-01
-3.608978688716888428e-01
-3.607874512672424316e-01
-3.607676625251770020e-01
-3.611904978752136230e-01
-3.618158400058746338e-01
-3.617139160633087158e-01
-3.618597388267517090e-01
-3.612827658653259277e-01
-3.613757491111755371e-01
-3.613339960575103760e-01
-3.621037602424621582e-01
-3.613240122795104980e-01
-3.618195354938507080e-01
-3.614686131477355957e-01
-3.618591427803039551e-01
-3.625129759311676025e-01
-3.618356883525848389e-01
-3.618718385696411133e-01
-3.612414896488189697e-01
-3.616999685764312744e-01
-3.615559637546539307e-01
-3.615408837795257568e-01
-3.620968163013458252e-01
-3.617449402809143066e-01
-3.615882694721221924e-01
-3.623954057693481445e-01
-3.612551391124725342e-01
-3.615554273128509521e-01
-3.619417250156402588e-01
-3.613366782665252686e-01
-3.625009655952453613e-01
-3.612887561321258545e-01
-3.620054721832275391e-01
-3.615817129611968994e-01
-3.628928065299987793e-01
-3.615312278270721436e-01
-3.617252707481384277e-01
-3.613043129444122314e-01
-3.617968261241912842e-01
-3.618468046188354492e-01
-3.626218140125274658e-01
-3.631366193294525146e-01
-3.618637919425964355e-01
-3.623767793178558350e-01
-3.624193668365478516e-01
-3.623285591602325439e-01
-3.631022274494171143e-01
-3.612730801105499268e-01
-3.616842925548553467e-01
-3.617409169673919678e-01
-3.614665269851684570e-01
-3.619355559349060059e-01
-3.624608814716339111e-01
-3.625901341438293457e-01
-3.627519607543945312e-01
-3.614525496959686279e-01
-3.615812361240386963e-01
-3.618049621582031250e-01
-3.621607720851898193e-01
-3.622204661369323730e-01
-3.630240559577941895e-01
-3.627890646457672119e-01
-3.627120852470397949e-01
-3.622880876064300537e-01
-3.630149066448211670e-01
-3.625805079936981201e-01
-3.619208335876464844e-01
-3.616490960121154785e-01
-3.627519011497497559e-01
-3.618794977664947510e-01
-3.633144497871398926e-01
-3.623031377792358398e-01
-3.628160357475280762e-01
-3.617670834064483643e-01
-3.627642691135406494e-01
-3.626077771186828613e-01
-3.625940084457397461e-01
-3.616243898868560791e-01
-3.624809980392456055e-01
-3.627626895904541016e-01
-3.627215921878814697e-01
-3.632077276706695557e-01
-3.618613481521606445e-01
-3.638344705104827881e-01
-3.625420629978179932e-01
-3.629672825336456299e-01
-3.616433143615722656e-01
-3.630728125572204590e-01
-3.630533218383789062e-01
-3.634752631187438965e-01
-3.633772730827331543e-01
-3.631129860877990723e-01
-3.634241819381713867e-01
-3.635716438293457031e-01
-3.627150952816009521e-01
-3.635979890823364258e-01
-3.625426292419433594e-01
-3.628422617912292480e-01
-3.635568022727966309e-01
-3.627912104129791260e-01
-3.637802600860595703e-01
-3.633560836315155029e-01
-3.631173074245452881e-01
-3.631184101104736328e-01
-3.632057607173919678e-01
-3.633554577827453613e-01
-3.634717464447021484e-01
-3.622038662433624268e-01
-3.629179894924163818e-01
-3.637847900390625000e-01
-3.637181520462036133e-01
-3.636160492897033691e-01
-3.631072342395782471e-01
-3.637389540672302246e-01
-3.630996048450469971e-01
-3.627913296222686768e-01
-3.642485439777374268e-01
-3.637240529060363770e-01
-3.638017177581787109e-01
-3.636878728866577148e-01
-3.633574843406677246e-01
-3.630612194538116455e-01
-3.634870350360870361e-01
-3.640170395374298096e-01
-3.640276193618774414e-01
-3.635826408863067627e-01
-3.639110624790191650e-01
-3.635718524456024170e-01
-3.634310662746429443e-01
-3.637115359306335449e-01
-3.630369603633880615e-01
-3.642427921295166016e-01
-3.643090128898620605e-01
-3.642314374446868896e-01
-3.640314936637878418e-01
-3.649361133575439453e-01
-3.648093640804290771e-01
-3.641186058521270752e-01
-3.637986481189727783e-01
-3.647236227989196777e-01
-3.633923828601837158e-01
-3.634716272354125977e-01
-3.638714551925659180e-01
-3.637022078037261963e-01
-3.640681207180023193e-01
-3.638681173324584961e-01
-3.655482232570648193e-01
-3.646217584609985352e-01
-3.636575341224670410e-01
-3.627654910087585449e-01
-3.630491197109222412e-01
-3.637292385101318359e-01
-3.639041483402252197e-01
-3.647215664386749268e-01
-3.635670840740203857e-01
-3.636927604675292969e-01
-3.638622462749481201e-01
-3.642096817493438721e-01
-3.640870153903961182e-01
-3.650949001312255859e-01
-3.635363876819610596e-01
-3.639376759529113770e-01
-3.636743724346160889e-01
-3.650126755237579346e-01
-3.639357984066009521e-01
-3.635461926460266113e-01
-3.638190925121307373e-01
-3.642241656780242920e-01
-3.645616769790649414e-01
-3.644776642322540283e-01
-3.650912344455718994e-01
-3.646089434623718262e-01
-3.648389875888824463e-01
-3.635978400707244873e-01
-3.645722270011901855e-01
-3.649905323982238770e-01
-3.637288808822631836e-01
-3.640141487121582031e-01
-3.654559254646301270e-01
-3.648023307323455811e-01
-3.651052713394165039e-01
-3.652733266353607178e-01
-3.637513518333435059e-01
-3.652166724205017090e-01
-3.632470667362213135e-01
-3.640875220298767090e-01
-3.653956949710845947e-01
-3.652256727218627930e-01
-3.653661608695983887e-01
-3.640970587730407715e-01
-3.645633161067962646e-01
-3.647629916667938232e-01
-3.652728796005249023e-01
-3.655463755130767822e-01
-3.655169010162353516e-01
-3.649813234806060791e-01
-3.647506833076477051e-01
-3.648245930671691895e-01
-3.648797571659088135e-01
-3.654313981533050537e-01
-3.654711246490478516e-01
-3.649105727672576904e-01
-3.653679192066192627e-01
-3.649039268493652344e-01
-3.659715056419372559e-01
-3.646956086158752441e-01
-3.659437000751495361e-01
-3.653614521026611328e-01
-3.654086887836456299e-01
-3.650358319282531738e-01
-3.650679290294647217e-01
-3.652893304824829102e-01
-3.644990026950836182e-01
-3.655410110950469971e-01
-3.659773766994476318e-01
-3.644387125968933105e-01
-3.651419878005981445e-01
-3.654188811779022217e-01
-3.649735748767852783e-01
-3.662334084510803223e-01
-3.649766743183135986e-01
-3.657340407371520996e-01
-3.654145598411560059e-01
-3.650469779968261719e-01
-3.661896586418151855e-01
-3.662810325622558594e-01
-3.648568093776702881e-01
-3.654905259609222412e-01
-3.658235669136047363e-01
-3.639873564243316650e-01
-3.655246198177337646e-01
-3.664300739765167236e-01
-3.649452626705169678e-01
-3.664453327655792236e-01
-3.658279478549957275e-01
-3.667742013931274414e-01
-3.661782443523406982e-01
-3.658116459846496582e-01
-3.667848706245422363e-01
-3.663135468959808350e-01
-3.662240505218505859e-01
-3.663609623908996582e-01
-3.665207326412200928e-01
-3.657362163066864014e-01
-3.662344217300415039e-01
-3.660716414451599121e-01
-3.663223683834075928e-01
-3.665693402290344238e-01
-3.659033775329589844e-01
-3.670611977577209473e-01
-3.659271597862243652e-01
-3.660542666912078857e-01
-3.658897280693054199e-01
-3.663691878318786621e-01
-3.657320439815521240e-01
-3.654252886772155762e-01
-3.668350875377655029e-01
-3.661057353019714355e-01
-3.667618334293365479e-01
-3.670434653759002686e-01
-3.664755225181579590e-01
-3.662884533405303955e-01
-3.661138713359832764e-01
-3.658014833927154541e-01
-3.661655187606811523e-01
-3.654105961322784424e-01
-3.651966452598571777e-01
-3.652584850788116455e-01
-3.659819960594177246e-01
-3.650300800800323486e-01
-3.662784397602081299e-01
-3.668405711650848389e-01
-3.667609393596649170e-01
-3.659618496894836426e-01
-3.663451671600341797e-01
-3.659614324569702148e-01
-3.660137951374053955e-01
-3.670514225959777832e-01
-3.650866448879241943e-01
-3.665767908096313477e-01
-3.665748238563537598e-01
-3.664458096027374268e-01
-3.652725815773010254e-01
-3.652697205543518066e-01
-3.659449219703674316e-01
-3.667254149913787842e-01
-3.662516772747039795e-01
-3.664085566997528076e-01
-3.666874468326568604e-01
-3.665278255939483643e-01
-3.667321801185607910e-01
-3.663956522941589355e-01
-3.664182722568511963e-01
-3.659456968307495117e-01
-3.661814033985137939e-01
-3.663491904735565186e-01
-3.664552569389343262e-01
-3.660051822662353516e-01
-3.661974668502807617e-01
-3.670836985111236572e-01
-3.666464984416961670e-01
-3.667631745338439941e-01
-3.666950166225433350e-01
-3.669443130493164062e-01
-3.672220408916473389e-01
-3.660817742347717285e-01
-3.665230870246887207e-01
-3.662299513816833496e-01
-3.666955828666687012e-01
-3.671289384365081787e-01
-3.669984042644500732e-01
-3.674582839012145996e-01
-3.673077523708343506e-01
-3.669461607933044434e-01
-3.664375543594360352e-01
-3.667879104614257812e-01
-3.665042221546173096e-01
-3.665279448032379150e-01
-3.668928742408752441e-01
-3.665970265865325928e-01
-3.660832047462463379e-01
-3.664449453353881836e-01
-3.668765127658843994e-01
-3.669735193252563477e-01
-3.665227293968200684e-01
-3.667707145214080811e-01
-3.672785758972167969e-01
-3.671471774578094482e-01
-3.672438859939575195e-01
-3.665414750576019287e-01
-3.673539459705352783e-01
-3.668326437473297119e-01
-3.665332496166229248e-01
-3.671464920043945312e-01
-3.676064014434814453e-01
-3.668939173221588135e-01
-3.667134940624237061e-01
-3.658792078495025635e-01
-3.668161034584045410e-01
-3.665457367897033691e-01
-3.666071891784667969e-01
-3.671806752681732178e-01
-3.678871989250183105e-01
-3.675334453582763672e-01
-3.678468763828277588e-01
-3.679547011852264404e-01
-3.673639893531799316e-01
-3.670624196529388428e-01
-3.667388260364532471e-01
-3.674537837505340576e-01
-3.676371574401855469e-01
-3.678042590618133545e-01
-3.675688803195953369e-01
-3.670276999473571777e-01
-3.663892149925231934e-01
-3.674606382846832275e-01
-3.683166205883026123e-01
-3.668569624423980713e-01
-3.672483563423156738e-01
-3.675813078880310059e-01
-3.674398660659790039e-01
-3.671798110008239746e-01
-3.675200343132019043e-01
-3.670933842658996582e-01
-3.676955401897430420e-01
-3.673219680786132812e-01
-3.671808838844299316e-01
-3.676568567752838135e-01
-3.677364587783813477e-01
-3.673903942108154297e-01
-3.668248951435089111e-01
-3.672738671302795410e-01
-3.668600320816040039e-01
-3.674120604991912842e-01
-3.676666617393493652e-01
-3.674428164958953857e-01
-3.676528334617614746e-01
-3.677435517311096191e-01
-3.670511245727539062e-01
-3.672362565994262695e-01
-3.673516511917114258e-01
-3.675929903984069824e-01
-3.681469559669494629e-01
-3.674044013023376465e-01
-3.674553334712982178e-01
-3.679668009281158447e-01
-3.674176633358001709e-01
-3.677949309349060059e-01
-3.676069378852844238e-01
-3.672536015510559082e-01
-3.679351508617401123e-01
-3.681986629962921143e-01
-3.681001067161560059e-01
-3.678258657455444336e-01
-3.682805299758911133e-01
-3.679583072662353516e-01
-3.670560419559478760e-01
-3.679119050502777100e-01
-3.678013086318969727e-01
-3.671104013919830322e-01
-3.681635558605194092e-01
-3.678549230098724365e-01
-3.675329089164733887e-01
-3.679392039775848389e-01
-3.684275448322296143e-01
-3.674545586109161377e-01
-3.685661256313323975e-01
-3.681497573852539062e-01
-3.675440549850463867e-01
-3.675456047058105469e-01
-3.674251735210418701e-01
-3.674698472023010254e-01
-3.675425946712493896e-01
-3.684067428112030029e-01
-3.679684102535247803e-01
-3.675233423709869385e-01
-3.673795759677886963e-01
-3.676171302795410156e-01
-3.675624132156372070e-01
-3.676896989345550537e-01
-3.684410452842712402e-01
-3.678945004940032959e-01
-3.681469857692718506e-01
-3.684255778789520264e-01
-3.684331476688385010e-01
-3.674671053886413574e-01
-3.677004873752593994e-01
-3.678172528743743896e-01
-3.677777349948883057e-01
-3.679914474487304688e-01
-3.671405613422393799e-01
-3.681004643440246582e-01
-3.687353432178497314e-01
-3.688494861125946045e-01
-3.682629764080047607e-01
-3.684349954128265381e-01
-3.676605224609375000e-01
-3.688749670982360840e-01
-3.682368695735931396e-01
-3.673442900180816650e-01
-3.680091500282287598e-01
-3.684163093566894531e-01
-3.673542737960815430e-01
-3.673325181007385254e-01
-3.677456676959991455e-01
-3.674618303775787354e-01
-3.677289485931396484e-01
-3.675568401813507080e-01
-3.679273128509521484e-01
-3.676556646823883057e-01
-3.680046498775482178e-01
-3.680571913719177246e-01
-3.682737350463867188e-01
-3.673343956470489502e-01
-3.679440021514892578e-01
-3.679615855216979980e-01
-3.675972223281860352e-01
-3.677742183208465576e-01
-3.670366108417510986e-01
-3.676486015319824219e-01
-3.674483895301818848e-01
-3.679988086223602295e-01
-3.681646585464477539e-01
-3.663307726383209229e-01
-3.671286702156066895e-01
-3.649108409881591797e-01
-3.671688139438629150e-01
-3.677062094211578369e-01
-3.656772971153259277e-01
-3.676016330718994141e-01
-3.634543418884277344e-01
-3.658024966716766357e-01
-3.676764667034149170e-01
-3.661808669567108154e-01
-3.675077259540557861e-01
-3.679691851139068604e-01
-3.661466538906097412e-01
-3.662640452384948730e-01
-3.685370683670043945e-01
-3.676489293575286865e-01
-3.679077625274658203e-01
-3.684691786766052246e-01
-3.671876192092895508e-01
-3.671331703662872314e-01
-3.679959774017333984e-01
-3.680245280265808105e-01
-3.677421510219573975e-01
-3.686662614345550537e-01
-3.679113686084747314e-01
-3.674296736717224121e-01
-3.677526712417602539e-01
-3.677026927471160889e-01
-3.682789206504821777e-01
-3.689300715923309326e-01
-3.677759468555450439e-01
-3.672534823417663574e-01
-3.676273524761199951e-01
-3.682013452053070068e-01
-3.683153092861175537e-01
-3.684525489807128906e-01
-3.683829605579376221e-01
-3.684426844120025635e-01
-3.677613139152526855e-01
-3.679957985877990723e-01
-3.682489395141601562e-01
-3.683317899703979492e-01
-3.679674565792083740e-01
-3.685431480407714844e-01
-3.672337830066680908e-01
-3.689363896846771240e-01
-3.687919378280639648e-01
-3.685176968574523926e-01
-3.683641850948333740e-01
-3.679114282131195068e-01
-3.681943416595458984e-01
-3.678528964519500732e-01
-3.682772517204284668e-01
-3.695324063301086426e-01
-3.678793609142303467e-01
-3.692158162593841553e-01
-3.681224584579467773e-01
-3.680966794490814209e-01
-3.682355284690856934e-01
-3.679628968238830566e-01
-3.678984344005584717e-01
-3.687587082386016846e-01
-3.683656752109527588e-01
-3.681434988975524902e-01
-3.677873611450195312e-01
-3.679371476173400879e-01
-3.676488995552062988e-01
-3.687801063060760498e-01
-3.682560920715332031e-01
-3.684805333614349365e-01
-3.679780662059783936e-01
-3.686284422874450684e-01
-3.689518570899963379e-01
-3.685560524463653564e-01
-3.684072196483612061e-01
-3.689795434474945068e-01
-3.681331872940063477e-01
-3.691648244857788086e-01
-3.687819242477416992e-01
-3.685492575168609619e-01
-3.689318895339965820e-01
-3.688595592975616455e-01
-3.690254390239715576e-01
-3.689079582691192627e-01
-3.683295845985412598e-01
-3.681464195251464844e-01
-3.685824275016784668e-01
-3.680360317230224609e-01
-3.687268197536468506e-01
-3.689813315868377686e-01
-3.685247898101806641e-01
-3.674750924110412598e-01
-3.680581152439117432e-01
-3.688902258872985840e-01
-3.675159215927124023e-01
-3.691034018993377686e-01
-3.688269555568695068e-01
-3.687865138053894043e-01
-3.689320683479309082e-01
-3.686438500881195068e-01
-3.680591285228729248e-01
-3.684799373149871826e-01
-3.680220842361450195e-01
-3.690056502819061279e-01
-3.689894974231719971e-01
-3.686696290969848633e-01
-3.691113293170928955e-01
-3.691877126693725586e-01
-3.685405850410461426e-01
-3.688608705997467041e-01
-3.682194054126739502e-01
-3.687370717525482178e-01
-3.689113855361938477e-01
-3.683853149414062500e-01
-3.683850467205047607e-01
-3.696666657924652100e-01
-3.685005009174346924e-01
-3.686082065105438232e-01
-3.692374825477600098e-01
-3.688547909259796143e-01
-3.686085343360900879e-01
-3.689943850040435791e-01
-3.681669533252716064e-01
-3.681299686431884766e-01
-3.679320514202117920e-01
-3.690558075904846191e-01
-3.687507212162017822e-01
-3.684727549552917480e-01
-3.687135577201843262e-01
-3.683302700519561768e-01
-3.681598603725433350e-01
-3.686791956424713135e-01
-3.675985336303710938e-01
-3.677868545055389404e-01
-3.682828247547149658e-01
-3.669575750827789307e-01
-3.684284090995788574e-01
-3.681932687759399414e-01
-3.681293725967407227e-01
-3.689331114292144775e-01
-3.691304922103881836e-01
-3.686180114746093750e-01
-3.688676655292510986e-01
-3.681204915046691895e-01
-3.677172362804412842e-01
-3.684359192848205566e-01
-3.687646389007568359e-01
-3.684742450714111328e-01
-3.683900833129882812e-01
-3.664177358150482178e-01
-3.687462806701660156e-01
-3.680971562862396240e-01
-3.673040568828582764e-01
-3.688781857490539551e-01
-3.682129085063934326e-01
-3.678192794322967529e-01
-3.679984807968139648e-01
-3.689909875392913818e-01
-3.679321110248565674e-01
-3.682850897312164307e-01
-3.681412339210510254e-01
-3.681369423866271973e-01
-3.674435317516326904e-01
-3.693504035472869873e-01
-3.687662482261657715e-01
-3.685614466667175293e-01
-3.683286607265472412e-01
-3.683738410472869873e-01
-3.687620759010314941e-01
-3.687941730022430420e-01
-3.684044182300567627e-01
-3.676640093326568604e-01
-3.682494461536407471e-01
-3.685348927974700928e-01
-3.678950071334838867e-01
-3.682969212532043457e-01
-3.690441250801086426e-01
-3.688518702983856201e-01
-3.688569962978363037e-01
-3.686904609203338623e-01
-3.680512011051177979e-01
-3.689627647399902344e-01
-3.687258660793304443e-01
-3.684865236282348633e-01
-3.689922392368316650e-01
-3.684515953063964844e-01
-3.696233630180358887e-01
-3.689578175544738770e-01
-3.688584566116333008e-01
-3.688021898269653320e-01
-3.687031269073486328e-01
-3.686313331127166748e-01
-3.686140775680541992e-01
-3.689182698726654053e-01
-3.694971501827239990e-01
-3.696749210357666016e-01
-3.685832917690277100e-01
-3.694101572036743164e-01
-3.681780397891998291e-01
-3.688486814498901367e-01
-3.686802685260772705e-01
-3.685255944728851318e-01
-3.686661422252655029e-01
-3.684399724006652832e-01
-3.683143854141235352e-01
-3.686506748199462891e-01
-3.690674006938934326e-01
-3.689222335815429688e-01
-3.687776327133178711e-01
-3.687309026718139648e-01
-3.682685494422912598e-01
-3.687478303909301758e-01
-3.685783743858337402e-01
-3.696200251579284668e-01
-3.693566620349884033e-01
-3.692406713962554932e-01
-3.696998655796051025e-01
-3.685338199138641357e-01
-3.688350915908813477e-01
-3.690571486949920654e-01
-3.691735267639160156e-01
-3.687986731529235840e-01
-3.686461150646209717e-01
-3.691763281822204590e-01
