2.435669422149658203e+00
1.276903033256530762e+00
2.923322916030883789e-01
-1.652867347002029419e-01
-1.806041896343231201e-01
-9.529451280832290649e-02
-7.359453290700912476e-02
-1.080712899565696716e-01
-1.337839961051940918e-01
-1.284901797771453857e-01
-1.206166222691535950e-01
-1.343512237071990967e-01
-1.403643190860748291e-01
-1.459098160266876221e-01
-1.429284363985061646e-01
-1.470443159341812134e-01
-1.584242433309555054e-01
-1.698429435491561890e-01
-1.763346344232559204e-01
-1.699066758155822754e-01
-1.762040704488754272e-01
-1.829317957162857056e-01
-1.825888603925704956e-01
-1.911386698484420776e-01
-1.935424357652664185e-01
-1.949101686477661133e-01
-1.976947933435440063e-01
-1.989864259958267212e-01
-2.034793198108673096e-01
-2.111888527870178223e-01
-2.083036303520202637e-01
-2.121780663728713989e-01
-2.128817588090896606e-01
-2.133828997611999512e-01
-2.157047390937805176e-01
-2.162569165229797363e-01
-2.204985022544860840e-01
-2.170058935880661011e-01
-2.197505086660385132e-01
-2.224721312522888184e-01
-2.176862210035324097e-01
-2.216123491525650024e-01
-2.280146330595016479e-01
-2.213541567325592041e-01
-2.258453369140625000e-01
-2.253615558147430420e-01
-2.280373275279998779e-01
-2.262600958347320557e-01
-2.239689379930496216e-01
-2.307598888874053955e-01
-2.224453389644622803e-01
-2.317322939634323120e-01
-2.254437208175659180e-01
-2.334656715393066406e-01
-2.297821640968322754e-01
-2.327354401350021362e-01
-2.231080681085586548e-01
-2.341607511043548584e-01
-2.354025095701217651e-01
-2.333407551050186157e-01
-2.350738942623138428e-01
-2.289428561925888062e-01
-2.294695675373077393e-01
-2.391363978385925293e-01
-2.357235997915267944e-01
-2.347034662961959839e-01
-2.355449646711349487e-01
-2.356925904750823975e-01
-2.362746000289916992e-01
-2.391762733459472656e-01
-2.387200295925140381e-01
-2.383319139480590820e-01
-2.456982135772705078e-01
-2.464840710163116455e-01
-2.390773147344589233e-01
-2.410115152597427368e-01
-2.344958335161209106e-01
-2.353797256946563721e-01
-2.367627620697021484e-01
-2.349765449762344360e-01
-2.401431500911712646e-01
-2.352055609226226807e-01
-2.368658781051635742e-01
-2.374371290206909180e-01
-2.443827539682388306e-01
-2.471124380826950073e-01
-2.454323172569274902e-01
-2.433350533246994019e-01
-2.391888201236724854e-01
-2.498362064361572266e-01
-2.460192590951919556e-01
-2.483767271041870117e-01
-2.453553974628448486e-01
-2.447405606508255005e-01
-2.506462037563323975e-01
-2.481459677219390869e-01
-2.555518150329589844e-01
-2.555907666683197021e-01
-2.559122443199157715e-01
-2.530190646648406982e-01
-2.504347860813140869e-01
-2.583655416965484619e-01
-2.552365362644195557e-01
-2.510492801666259766e-01
-2.464000284671783447e-01
-2.525829076766967773e-01
-2.465998530387878418e-01
-2.489745914936065674e-01
-2.513294219970703125e-01
-2.539702057838439941e-01
-2.478011846542358398e-01
-2.551165223121643066e-01
-2.564360499382019043e-01
-2.538315653800964355e-01
-2.473972439765930176e-01
-2.602326571941375732e-01
-2.553295493125915527e-01
-2.558430135250091553e-01
-2.486623525619506836e-01
-2.521448731422424316e-01
-2.538676261901855469e-01
-2.581650018692016602e-01
-2.597171664237976074e-01
-2.646830379962921143e-01
-2.620605826377868652e-01
-2.551763355731964111e-01
-2.552722394466400146e-01
-2.478721141815185547e-01
-2.498541325330734253e-01
-2.490676045417785645e-01
-2.538798749446868896e-01
-2.546848952770233154e-01
-2.593919634819030762e-01
-2.559502422809600830e-01
-2.647642791271209717e-01
-2.553076744079589844e-01
-2.606454491615295410e-01
-2.569479048252105713e-01
-2.624744474887847900e-01
-2.571055293083190918e-01
-2.580799162387847900e-01
-2.601684927940368652e-01
-2.665384709835052490e-01
-2.603059113025665283e-01
-2.648765742778778076e-01
-2.639286518096923828e-01
-2.640507817268371582e-01
-2.599202394485473633e-01
-2.676955759525299072e-01
-2.649694681167602539e-01
-2.583617866039276123e-01
-2.648093402385711670e-01
-2.686767578125000000e-01
-2.697025239467620850e-01
-2.608259320259094238e-01
-2.659090459346771240e-01
-2.708111107349395752e-01
-2.736495733261108398e-01
-2.754850387573242188e-01
-2.703285217285156250e-01
-2.618858814239501953e-01
-2.655601203441619873e-01
-2.797901630401611328e-01
-2.709999978542327881e-01
-2.727919220924377441e-01
-2.744853794574737549e-01
-2.703210413455963135e-01
-2.682074010372161865e-01
-2.675433158874511719e-01
-2.669946253299713135e-01
-2.674161791801452637e-01
-2.663735449314117432e-01
-2.664338946342468262e-01
-2.721815407276153564e-01
-2.665608823299407959e-01
-2.705107331275939941e-01
-2.681478261947631836e-01
-2.709696590900421143e-01
-2.673708498477935791e-01
-2.790032923221588135e-01
-2.820014059543609619e-01
-2.638311386108398438e-01
-2.671543657779693604e-01
-2.655359208583831787e-01
-2.679622173309326172e-01
-2.765913903713226318e-01
-2.729390859603881836e-01
-2.756454348564147949e-01
-2.749160230159759521e-01
-2.764178514480590820e-01
-2.763954997062683105e-01
-2.742092907428741455e-01
-2.746583819389343262e-01
-2.728108465671539307e-01
-2.796210348606109619e-01
-2.702510058879852295e-01
-2.706559300422668457e-01
-2.741048038005828857e-01
-2.699014842510223389e-01
-2.711405754089355469e-01
-2.762161791324615479e-01
-2.709498405456542969e-01
-2.793043255805969238e-01
-2.797955572605133057e-01
-2.774296998977661133e-01
-2.730509638786315918e-01
-2.717154622077941895e-01
-2.719751000404357910e-01
-2.722634971141815186e-01
-2.742995619773864746e-01
-2.799743711948394775e-01
-2.732041478157043457e-01
-2.720156311988830566e-01
-2.674582898616790771e-01
-2.698003649711608887e-01
-2.703585922718048096e-01
-2.771090567111968994e-01
-2.791819870471954346e-01
-2.727590203285217285e-01
-2.747434973716735840e-01
-2.712866663932800293e-01
-2.744347453117370605e-01
-2.803741097450256348e-01
-2.802262902259826660e-01
-2.735991775989532471e-01
-2.743751406669616699e-01
-2.806445360183715820e-01
-2.833612561225891113e-01
-2.788126766681671143e-01
-2.747860848903656006e-01
-2.719698846340179443e-01
-2.741849422454833984e-01
-2.739636898040771484e-01
-2.818919718265533447e-01
-2.740734219551086426e-01
-2.791527509689331055e-01
-2.793553769588470459e-01
-2.792814671993255615e-01
-2.823753654956817627e-01
-2.744354009628295898e-01
-2.740276753902435303e-01
-2.822168469429016113e-01
-2.847621440887451172e-01
-2.798463404178619385e-01
-2.776279747486114502e-01
-2.747907042503356934e-01
-2.733527421951293945e-01
-2.794366478919982910e-01
-2.822211682796478271e-01
-2.796451449394226074e-01
-2.790349125862121582e-01
-2.870226204395294189e-01
-2.859818637371063232e-01
-2.810631990432739258e-01
-2.827673852443695068e-01
-2.864407896995544434e-01
-2.784902751445770264e-01
-2.731631398200988770e-01
-2.890216410160064697e-01
-2.885458171367645264e-01
-2.802377343177795410e-01
-2.920990586280822754e-01
-2.843028008937835693e-01
-2.936839163303375244e-01
-2.877779901027679443e-01
-2.876559793949127197e-01
-2.870559990406036377e-01
-2.859992086887359619e-01
-2.850373387336730957e-01
-2.953251004219055176e-01
-2.906017601490020752e-01
-2.904978692531585693e-01
-2.892757058143615723e-01
-2.968915402889251709e-01
-2.913182079792022705e-01
-2.880374491214752197e-01
-2.915308773517608643e-01
-2.951443791389465332e-01
-2.896941602230072021e-01
-2.874411046504974365e-01
-2.901602685451507568e-01
-2.943052947521209717e-01
-2.859024703502655029e-01
-2.858334481716156006e-01
-2.897404432296752930e-01
-2.878136634826660156e-01
-2.790348529815673828e-01
-2.867614626884460449e-01
-3.004814982414245605e-01
-2.978090643882751465e-01
-2.860274314880371094e-01
-2.928233146667480469e-01
-2.917698919773101807e-01
-2.928095757961273193e-01
-2.873803973197937012e-01
-2.998369634151458740e-01
-3.016726672649383545e-01
-2.928026616573333740e-01
-2.850376367568969727e-01
-2.862876653671264648e-01
-2.932764887809753418e-01
-2.929362952709197998e-01
-2.943372726440429688e-01
-2.937925755977630615e-01
-2.916228175163269043e-01
-2.864367663860321045e-01
-2.901206016540527344e-01
-2.952527403831481934e-01
-2.953076362609863281e-01
-2.918764352798461914e-01
-2.933567464351654053e-01
-2.949281334877014160e-01
-2.819512486457824707e-01
-2.822377085685729980e-01
-2.922051250934600830e-01
-3.019470274448394775e-01
-2.997777760028839111e-01
-2.932163774967193604e-01
-2.930092811584472656e-01
-2.896095812320709229e-01
-2.882738113403320312e-01
-2.844874560832977295e-01
-2.883413136005401611e-01
-3.000832498073577881e-01
-3.016216158866882324e-01
-2.935506403446197510e-01
-2.909251451492309570e-01
-2.922366857528686523e-01
-2.979716062545776367e-01
-2.908315956592559814e-01
-2.992151081562042236e-01
-2.928582131862640381e-01
-2.934471368789672852e-01
-2.911243140697479248e-01
-3.033482730388641357e-01
-2.942215502262115479e-01
-2.969290912151336670e-01
-2.965480387210845947e-01
-2.953119874000549316e-01
-2.920040488243103027e-01
-3.004956543445587158e-01
-2.932547926902770996e-01
-2.945136129856109619e-01
-2.880603373050689697e-01
-2.958438992500305176e-01
-3.019693791866302490e-01
-3.027694225311279297e-01
-2.929560840129852295e-01
-2.940887510776519775e-01
-2.949549555778503418e-01
-2.939188182353973389e-01
-2.978425920009613037e-01
-2.918983697891235352e-01
-2.987274825572967529e-01
-2.962422370910644531e-01
-2.975983321666717529e-01
-3.044387102127075195e-01
-2.913782894611358643e-01
-2.969959080219268799e-01
-3.032456636428833008e-01
-2.892993390560150146e-01
-2.982457280158996582e-01
-2.957191169261932373e-01
-2.968046367168426514e-01
-2.888787090778350830e-01
-3.053874671459197998e-01
-2.976907491683959961e-01
-2.903542816638946533e-01
-2.951757907867431641e-01
-2.957942783832550049e-01
-3.027658164501190186e-01
-2.872624397277832031e-01
-2.964880168437957764e-01
-3.008350729942321777e-01
-3.023310303688049316e-01
-2.980671226978302002e-01
-2.990333735942840576e-01
-2.954663932323455811e-01
-2.998694479465484619e-01
-2.952128648757934570e-01
-3.030667901039123535e-01
-3.014076650142669678e-01
-2.927307784557342529e-01
-3.066078722476959229e-01
-3.019342124462127686e-01
-2.950696349143981934e-01
-2.986715137958526611e-01
-2.962529361248016357e-01
-3.075802624225616455e-01
-2.901700139045715332e-01
-3.041782081127166748e-01
-2.894296348094940186e-01
-2.980888485908508301e-01
-3.057737350463867188e-01
-2.993988692760467529e-01
-2.968011796474456787e-01
-2.961772382259368896e-01
-3.099969625473022461e-01
-2.986919581890106201e-01
-3.029584884643554688e-01
-2.986066341400146484e-01
-3.070299923419952393e-01
-3.039812743663787842e-01
-2.914406061172485352e-01
-3.089999258518218994e-01
-3.022627532482147217e-01
-2.945465147495269775e-01
-3.034923076629638672e-01
-3.075748383998870850e-01
-2.961049973964691162e-01
-3.031851649284362793e-01
-2.999865412712097168e-01
-3.070438206195831299e-01
-3.032107651233673096e-01
-2.963986992835998535e-01
-3.097324669361114502e-01
-2.976667284965515137e-01
-3.036483526229858398e-01
-3.032382130622863770e-01
-3.031199872493743896e-01
-3.026476204395294189e-01
-3.099647462368011475e-01
-3.007870614528656006e-01
-3.060834705829620361e-01
-3.081970214843750000e-01
-3.025807440280914307e-01
-3.114532828330993652e-01
-3.045827150344848633e-01
-3.068295419216156006e-01
-3.127799928188323975e-01
-3.010525107383728027e-01
-3.031981289386749268e-01
-3.068752586841583252e-01
-3.078205585479736328e-01
-3.131042420864105225e-01
-3.077093362808227539e-01
-3.075349032878875732e-01
-3.063454329967498779e-01
-3.028679490089416504e-01
-3.097681105136871338e-01
-3.045204281806945801e-01
-3.100510835647583008e-01
-3.109862804412841797e-01
-3.121157288551330566e-01
-3.053458929061889648e-01
-3.159719407558441162e-01
-3.051390945911407471e-01
-3.164556920528411865e-01
-3.104208111763000488e-01
-3.196925520896911621e-01
-3.083370029926300049e-01
-3.118664026260375977e-01
-3.151396214962005615e-01
-3.117472827434539795e-01
-3.136751353740692139e-01
-3.126083612442016602e-01
-3.148866593837738037e-01
-3.153660893440246582e-01
-3.123775720596313477e-01
-3.016630113124847412e-01
-3.170778751373291016e-01
-3.177323937416076660e-01
-3.085398674011230469e-01
-3.120960891246795654e-01
-3.201225697994232178e-01
-3.185552954673767090e-01
-3.152188658714294434e-01
-3.102426528930664062e-01
-3.143656849861145020e-01
-3.198298811912536621e-01
-3.107876181602478027e-01
-3.211855888366699219e-01
-3.198475241661071777e-01
-3.195084333419799805e-01
-3.155161738395690918e-01
-3.179771006107330322e-01
-3.135703206062316895e-01
-3.224211335182189941e-01
-3.154815733432769775e-01
-3.192891776561737061e-01
-3.158145248889923096e-01
-3.224125802516937256e-01
-3.172068595886230469e-01
-3.210645020008087158e-01
-3.206545710563659668e-01
-3.239704370498657227e-01
-3.164077699184417725e-01
-3.151915371417999268e-01
-3.202002346515655518e-01
-3.226565420627593994e-01
-3.168109059333801270e-01
-3.217634260654449463e-01
-3.266861140727996826e-01
-3.192363381385803223e-01
-3.212006390094757080e-01
-3.225598931312561035e-01
-3.256233036518096924e-01
-3.178126215934753418e-01
-3.262483179569244385e-01
-3.219619095325469971e-01
-3.219622671604156494e-01
-3.270901143550872803e-01
-3.219138681888580322e-01
-3.182238042354583740e-01
-3.210180103778839111e-01
-3.273568749427795410e-01
-3.211853206157684326e-01
-3.224860429763793945e-01
-3.281250000000000000e-01
-3.192464113235473633e-01
-3.191956579685211182e-01
-3.262216150760650635e-01
-3.262361884117126465e-01
-3.277029991149902344e-01
-3.260828852653503418e-01
-3.175890743732452393e-01
-3.248618245124816895e-01
-3.232126533985137939e-01
-3.250490128993988037e-01
-3.267069756984710693e-01
-3.241295218467712402e-01
-3.307609856128692627e-01
-3.286086618900299072e-01
-3.237479031085968018e-01
-3.318741321563720703e-01
-3.314353525638580322e-01
-3.305898904800415039e-01
-3.229412734508514404e-01
-3.254677355289459229e-01
-3.298299312591552734e-01
-3.179194331169128418e-01
-3.280285298824310303e-01
-3.279221057891845703e-01
-3.269083201885223389e-01
-3.222849071025848389e-01
-3.329194188117980957e-01
-3.288586437702178955e-01
-3.223154246807098389e-01
-3.292126059532165527e-01
-3.297467529773712158e-01
-3.247895538806915283e-01
-3.354746699333190918e-01
-3.285213112831115723e-01
-3.262808918952941895e-01
-3.308571279048919678e-01
-3.280154168605804443e-01
-3.288341462612152100e-01
-3.322728872299194336e-01
-3.269346356391906738e-01
-3.289185166358947754e-01
-3.283998966217041016e-01
-3.283907473087310791e-01
-3.310544490814208984e-01
-3.286233544349670410e-01
-3.284077048301696777e-01
-3.345261216163635254e-01
-3.311915993690490723e-01
-3.326029181480407715e-01
-3.315164744853973389e-01
-3.287641704082489014e-01
-3.322235345840454102e-01
-3.332242369651794434e-01
-3.338278830051422119e-01
-3.259363174438476562e-01
-3.342784345149993896e-01
-3.337197899818420410e-01
-3.281894028186798096e-01
-3.315275907516479492e-01
-3.359810113906860352e-01
-3.306704163551330566e-01
-3.321464359760284424e-01
-3.355611860752105713e-01
-3.347603678703308105e-01
-3.321456313133239746e-01
-3.255302011966705322e-01
-3.312733769416809082e-01
-3.369230926036834717e-01
-3.351880013942718506e-01
-3.325782418251037598e-01
-3.299749195575714111e-01
-3.319688439369201660e-01
-3.353246450424194336e-01
-3.287872374057769775e-01
-3.323007225990295410e-01
-3.325026929378509521e-01
-3.322946727275848389e-01
-3.276832401752471924e-01
-3.366874158382415771e-01
-3.321235179901123047e-01
-3.372710943222045898e-01
-3.336789309978485107e-01
-3.332967758178710938e-01
-3.345220983028411865e-01
-3.332320451736450195e-01
-3.331478238105773926e-01
-3.334669172763824463e-01
-3.354589641094207764e-01
-3.356905877590179443e-01
-3.314007818698883057e-01
-3.330050706863403320e-01
-3.379614949226379395e-01
-3.400095701217651367e-01
-3.376788496971130371e-01
-3.334076106548309326e-01
-3.343613743782043457e-01
-3.359868824481964111e-01
-3.371866941452026367e-01
-3.320070505142211914e-01
-3.339831531047821045e-01
-3.343666791915893555e-01
-3.387248218059539795e-01
-3.360403478145599365e-01
-3.335995376110076904e-01
-3.353992402553558350e-01
-3.385223150253295898e-01
-3.353237211704254150e-01
-3.348506689071655273e-01
-3.351928591728210449e-01
-3.309301435947418213e-01
-3.370454013347625732e-01
-3.384310305118560791e-01
-3.309028744697570801e-01
-3.335363268852233887e-01
-3.375120162963867188e-01
-3.380991518497467041e-01
-3.348348736763000488e-01
-3.346092402935028076e-01
-3.329601585865020752e-01
-3.345645666122436523e-01
-3.349136710166931152e-01
-3.348107039928436279e-01
-3.367703557014465332e-01
-3.353457748889923096e-01
-3.356227576732635498e-01
-3.345016539096832275e-01
-3.376403152942657471e-01
-3.349120020866394043e-01
-3.336588442325592041e-01
-3.381231129169464111e-01
-3.379090428352355957e-01
-3.368313312530517578e-01
-3.338075280189514160e-01
-3.351605236530303955e-01
-3.344197273254394531e-01
-3.326061367988586426e-01
-3.344100713729858398e-01
-3.332340717315673828e-01
-3.363802134990692139e-01
-3.358971476554870605e-01
-3.344377577304840088e-01
-3.392459750175476074e-01
-3.388530313968658447e-01
-3.381083011627197266e-01
-3.341872096061706543e-01
-3.389081358909606934e-01
-3.388547003269195557e-01
-3.366312980651855469e-01
-3.326078057289123535e-01
-3.383987545967102051e-01
-3.391848206520080566e-01
-3.348614573478698730e-01
-3.373364210128784180e-01
-3.332492709159851074e-01
-3.348078727722167969e-01
-3.370480835437774658e-01
-3.381217122077941895e-01
-3.376505076885223389e-01
-3.381258249282836914e-01
-3.365707695484161377e-01
-3.368388116359710693e-01
-3.404462039470672607e-01
-3.337531685829162598e-01
-3.384273648262023926e-01
-3.406051695346832275e-01
-3.364779651165008545e-01
-3.333259224891662598e-01
-3.393707275390625000e-01
-3.395754992961883545e-01
-3.352304995059967041e-01
-3.370273411273956299e-01
-3.410722017288208008e-01
-3.420630395412445068e-01
-3.361032009124755859e-01
-3.343959152698516846e-01
-3.375934362411499023e-01
-3.367114365100860596e-01
-3.369693458080291748e-01
-3.393093645572662354e-01
-3.349732160568237305e-01
-3.333160281181335449e-01
-3.385766744613647461e-01
-3.376440405845642090e-01
-3.384308218955993652e-01
-3.363495469093322754e-01
-3.405625522136688232e-01
-3.428408503532409668e-01
-3.351657986640930176e-01
-3.381325602531433105e-01
-3.389550447463989258e-01
-3.394435048103332520e-01
-3.393459618091583252e-01
-3.426856398582458496e-01
-3.382172882556915283e-01
-3.386043012142181396e-01
-3.386815488338470459e-01
-3.422726392745971680e-01
-3.360871672630310059e-01
-3.340956568717956543e-01
-3.400771617889404297e-01
-3.397997319698333740e-01
-3.394579589366912842e-01
-3.379223644733428955e-01
-3.433458805084228516e-01
-3.407018184661865234e-01
-3.424980342388153076e-01
-3.370662331581115723e-01
-3.407318890094757080e-01
-3.401813209056854248e-01
-3.357196152210235596e-01
-3.394790887832641602e-01
-3.376032412052154541e-01
-3.356799781322479248e-01
-3.391917049884796143e-01
-3.433441519737243652e-01
-3.404516577720642090e-01
-3.389105796813964844e-01
-3.353317379951477051e-01
-3.348660469055175781e-01
-3.436676859855651855e-01
-3.394949436187744141e-01
-3.373804390430450439e-01
-3.434388935565948486e-01
-3.383789658546447754e-01
-3.360966742038726807e-01
-3.395056426525115967e-01
-3.400973677635192871e-01
-3.440918922424316406e-01
-3.393513262271881104e-01
-3.412610590457916260e-01
-3.424810171127319336e-01
-3.397848606109619141e-01
-3.392923176288604736e-01
-3.410166203975677490e-01
-3.391013145446777344e-01
-3.403593003749847412e-01
-3.433731496334075928e-01
-3.395480811595916748e-01
-3.398494124412536621e-01
-3.399719893932342529e-01
-3.422275781631469727e-01
-3.436916470527648926e-01
-3.399166166782379150e-01
-3.398629426956176758e-01
-3.384734094142913818e-01
-3.358535468578338623e-01
-3.401182293891906738e-01
-3.410387039184570312e-01
-3.398568630218505859e-01
-3.383487462997436523e-01
-3.409562408924102783e-01
-3.428115248680114746e-01
-3.378579914569854736e-01
-3.406027257442474365e-01
-3.403209745883941650e-01
-3.409593403339385986e-01
-3.388382494449615479e-01
-3.335359096527099609e-01
-3.433011770248413086e-01
-3.389788568019866943e-01
-3.415189087390899658e-01
-3.422051370143890381e-01
-3.401316404342651367e-01
-3.388842940330505371e-01
-3.430951535701751709e-01
-3.393661379814147949e-01
-3.415540158748626709e-01
-3.399085998535156250e-01
-3.421998620033264160e-01
-3.403637111186981201e-01
-3.409427404403686523e-01
-3.405013978481292725e-01
-3.461127877235412598e-01
-3.360573351383209229e-01
-3.376491665840148926e-01
-3.400714695453643799e-01
-3.413955569267272949e-01
-3.426806032657623291e-01
-3.385223746299743652e-01
-3.388299345970153809e-01
-3.377902209758758545e-01
-3.419477641582489014e-01
-3.418608009815216064e-01
-3.413746953010559082e-01
-3.375261127948760986e-01
-3.356811702251434326e-01
-3.390026390552520752e-01
-3.431996703147888184e-01
-3.422835171222686768e-01
-3.391689360141754150e-01
-3.395037353038787842e-01
-3.427382111549377441e-01
-3.402053117752075195e-01
-3.404083251953125000e-01
-3.450425267219543457e-01
-3.349006772041320801e-01
-3.401153087615966797e-01
-3.421106338500976562e-01
-3.414738774299621582e-01
-3.419897854328155518e-01
-3.386449515819549561e-01
-3.407613635063171387e-01
-3.420435190200805664e-01
-3.350954055786132812e-01
-3.374674022197723389e-01
-3.397992253303527832e-01
-3.389851152896881104e-01
-3.383988738059997559e-01
-3.416288197040557861e-01
-3.432809710502624512e-01
-3.386969566345214844e-01
-3.372151553630828857e-01
-3.394296169281005859e-01
-3.412047028541564941e-01
-3.423415422439575195e-01
-3.401027321815490723e-01
-3.361702561378479004e-01
-3.384891450405120850e-01
-3.406785130500793457e-01
-3.387021720409393311e-01
-3.380317986011505127e-01
-3.400470316410064697e-01
-3.389883339405059814e-01
-3.369862735271453857e-01
-3.362004756927490234e-01
-3.428559601306915283e-01
-3.400371670722961426e-01
-3.396229743957519531e-01
-3.394225239753723145e-01
-3.366548120975494385e-01
-3.401607573032379150e-01
-3.360833227634429932e-01
-3.397524654865264893e-01
-3.387639522552490234e-01
-3.410713970661163330e-01
-3.382775783538818359e-01
-3.424458503723144531e-01
-3.389549553394317627e-01
-3.425676226615905762e-01
-3.397979736328125000e-01
-3.406597077846527100e-01
-3.395995795726776123e-01
-3.393218815326690674e-01
-3.361851274967193604e-01
-3.381669223308563232e-01
-3.394795656204223633e-01
-3.404946923255920410e-01
-3.368092775344848633e-01
-3.390204310417175293e-01
-3.416561782360076904e-01
-3.408491313457489014e-01
-3.405194580554962158e-01
-3.425627350807189941e-01
-3.389734029769897461e-01
-3.377904891967773438e-01
-3.394307196140289307e-01
-3.357413113117218018e-01
-3.420032858848571777e-01
-3.442243635654449463e-01
-3.385535776615142822e-01
-3.393837213516235352e-01
-3.415007293224334717e-01
-3.411660194396972656e-01
-3.391872644424438477e-01
-3.398959040641784668e-01
-3.401792347431182861e-01
-3.392460644245147705e-01
-3.429064452648162842e-01
-3.432931005954742432e-01
-3.402229547500610352e-01
-3.388900160789489746e-01
-3.395925164222717285e-01
-3.385387063026428223e-01
-3.372873067855834961e-01
-3.359933495521545410e-01
-3.393976986408233643e-01
-3.374606966972351074e-01
-3.369245529174804688e-01
-3.418989181518554688e-01
-3.372783064842224121e-01
-3.359808921813964844e-01
-3.387235105037689209e-01
-3.400591909885406494e-01
-3.403151333332061768e-01
-3.368487060070037842e-01
-3.395958244800567627e-01
-3.377583026885986328e-01
-3.354909121990203857e-01
-3.377495706081390381e-01
-3.427542746067047119e-01
-3.386763334274291992e-01
-3.335238695144653320e-01
-3.356937468051910400e-01
-3.408505916595458984e-01
-3.418367803096771240e-01
-3.395327031612396240e-01
-3.372070789337158203e-01
-3.364333510398864746e-01
-3.418516218662261963e-01
-3.422550559043884277e-01
-3.375920355319976807e-01
-3.407192826271057129e-01
-3.402018547058105469e-01
-3.413458764553070068e-01
-3.360728323459625244e-01
-3.376230299472808838e-01
-3.344581127166748047e-01
-3.367387056350708008e-01
-3.405237793922424316e-01
-3.404348790645599365e-01
-3.382631242275238037e-01
-3.365311622619628906e-01
-3.350682258605957031e-01
-3.388157188892364502e-01
-3.397567868232727051e-01
-3.401602208614349365e-01
-3.392174541950225830e-01
-3.403230011463165283e-01
-3.396874964237213135e-01
-3.367834985256195068e-01
-3.375957608222961426e-01
-3.377935886383056641e-01
-3.405079841613769531e-01
-3.370105028152465820e-01
-3.404629826545715332e-01
-3.387147784233093262e-01
-3.395454883575439453e-01
-3.408977091312408447e-01
-3.378515541553497314e-01
-3.385065197944641113e-01
-3.364569842815399170e-01
-3.380014598369598389e-01
-3.383415639400482178e-01
-3.388776481151580811e-01
-3.378948867321014404e-01
-3.369806408882141113e-01
-3.353547453880310059e-01
-3.391597270965576172e-01
-3.369306325912475586e-01
-3.374154865741729736e-01
-3.413758575916290283e-01
-3.376244008541107178e-01
-3.299932181835174561e-01
-3.378501236438751221e-01
-3.422158062458038330e-01
-3.366355597972869873e-01
-3.406320214271545410e-01
-3.387257158756256104e-01
-3.392561078071594238e-01
-3.369268178939819336e-01
-3.340785801410675049e-01
-3.358219563961029053e-01
-3.378831446170806885e-01
-3.353461027145385742e-01
-3.382733762264251709e-01
-3.338610827922821045e-01
-3.367271125316619873e-01
-3.371872007846832275e-01
-3.402560949325561523e-01
-3.354610502719879150e-01
-3.351360857486724854e-01
-3.387973606586456299e-01
-3.421990275382995605e-01
-3.379640877246856689e-01
-3.351270556449890137e-01
-3.373845815658569336e-01
-3.389151692390441895e-01
-3.377235829830169678e-01
-3.365262448787689209e-01
-3.375707864761352539e-01
-3.363889753818511963e-01
-3.376207053661346436e-01
-3.368832767009735107e-01
-3.383255302906036377e-01
-3.392845690250396729e-01
-3.342861235141754150e-01
-3.366521000862121582e-01
-3.360849320888519287e-01
-3.396658301353454590e-01
-3.392258882522583008e-01
-3.357264399528503418e-01
-3.356225192546844482e-01
-3.326086997985839844e-01
-3.333305418491363525e-01
-3.378023803234100342e-01
-3.337187469005584717e-01
-3.382008969783782959e-01
-3.361006975173950195e-01
-3.361072242259979248e-01
-3.376950025558471680e-01
-3.444409668445587158e-01
-3.479270637035369873e-01
-3.433421552181243896e-01
-3.416521549224853516e-01
-3.448905050754547119e-01
-3.474204242229461670e-01
-3.487692177295684814e-01
-3.492918014526367188e-01
-3.543782830238342285e-01
-3.549608886241912842e-01
-3.533203899860382080e-01
-3.509618639945983887e-01
-3.540056049823760986e-01
-3.547094762325286865e-01
-3.572904765605926514e-01
-3.566425740718841553e-01
-3.561027348041534424e-01
-3.587404191493988037e-01
-3.580987453460693359e-01
-3.561927974224090576e-01
-3.569514453411102295e-01
-3.565665781497955322e-01
-3.583615124225616455e-01
-3.585738241672515869e-01
-3.586832880973815918e-01
-3.588963747024536133e-01
-3.589411079883575439e-01
-3.600416183471679688e-01
-3.593621850013732910e-01
-3.586052954196929932e-01
-3.588960468769073486e-01
-3.597996532917022705e-01
-3.596667349338531494e-01
-3.596149682998657227e-01
-3.605226576328277588e-01
-3.607611656188964844e-01
-3.609827160835266113e-01
-3.609170019626617432e-01
-3.605463802814483643e-01
-3.607990145683288574e-01
-3.610488176345825195e-01
-3.612901866436004639e-01
-3.608792722225189209e-01
-3.608062565326690674e-01
-3.621627390384674072e-01
-3.611071109771728516e-01
-3.610540032386779785e-01
-3.614525198936462402e-01
-3.608601093292236328e-01
-3.611682951450347900e-01
-3.617936968803405762e-01
-3.612729310989379883e-01
-3.610763251781463623e-01
-3.614902794361114502e-01
-3.621936738491058350e-01
-3.609410524368286133e-01
-3.616009652614593506e-01
-3.614789545536041260e-01
-3.621190786361694336e-01
-3.618332147598266602e-01
-3.618629276752471924e-01
-3.616412878036499023e-01
-3.617731332778930664e-01
-3.635964393615722656e-01
-3.621403276920318604e-01
-3.620454370975494385e-01
-3.633131682872772217e-01
-3.618582189083099365e-01
-3.621735274791717529e-01
-3.618661463260650635e-01
-3.622682988643646240e-01
-3.624985516071319580e-01
-3.624802231788635254e-01
-3.622348904609680176e-01
-3.622599244117736816e-01
-3.626074790954589844e-01
-3.619989156723022461e-01
-3.626736104488372803e-01
-3.622405529022216797e-01
-3.625502884387969971e-01
-3.621591329574584961e-01
-3.630442023277282715e-01
-3.635471463203430176e-01
-3.633430302143096924e-01
-3.619056940078735352e-01
-3.626565635204315186e-01
-3.630475401878356934e-01
-3.629568517208099365e-01
-3.624484837055206299e-01
-3.625208139419555664e-01
-3.636803328990936279e-01
-3.633467555046081543e-01
-3.625051379203796387e-01
-3.629366159439086914e-01
-3.626971840858459473e-01
-3.623864948749542236e-01
-3.626838922500610352e-01
-3.624872267246246338e-01
-3.615017533302307129e-01
-3.620418310165405273e-01
-3.635656237602233887e-01
-3.620136976242065430e-01
-3.630275130271911621e-01
-3.618918955326080322e-01
-3.636637628078460693e-01
-3.619283437728881836e-01
-3.623104989528656006e-01
-3.634417057037353516e-01
-3.635607361793518066e-01
-3.630542457103729248e-01
-3.624795675277709961e-01
-3.639525175094604492e-01
-3.621279597282409668e-01
-3.631651699542999268e-01
-3.631727695465087891e-01
-3.632073998451232910e-01
-3.629627525806427002e-01
-3.621741235256195068e-01
-3.636710345745086670e-01
-3.621696233749389648e-01
-3.637521266937255859e-01
-3.635703921318054199e-01
-3.637786209583282471e-01
-3.630864918231964111e-01
-3.643265664577484131e-01
-3.625884354114532471e-01
-3.631351888179779053e-01
-3.636604547500610352e-01
-3.630183637142181396e-01
-3.635971844196319580e-01
-3.630195260047912598e-01
-3.637009263038635254e-01
-3.633390367031097412e-01
-3.632110059261322021e-01
-3.636332750320434570e-01
-3.635678589344024658e-01
-3.641500473022460938e-01
-3.633089959621429443e-01
-3.631166219711303711e-01
-3.634712398052215576e-01
-3.638305962085723877e-01
-3.638035953044891357e-01
-3.626115620136260986e-01
-3.631680905818939209e-01
-3.632240593433380127e-01
-3.630129396915435791e-01
-3.639102280139923096e-01
-3.634570240974426270e-01
-3.636037707328796387e-01
-3.636346459388732910e-01
-3.631263971328735352e-01
-3.644505143165588379e-01
-3.640989065170288086e-01
-3.637142479419708252e-01
-3.646723031997680664e-01
-3.645075261592864990e-01
-3.635452389717102051e-01
-3.644336462020874023e-01
-3.638552427291870117e-01
-3.628270626068115234e-01
-3.632849156856536865e-01
-3.639782071113586426e-01
-3.640002906322479248e-01
-3.637309670448303223e-01
-3.629241883754730225e-01
-3.642924129962921143e-01
-3.638875484466552734e-01
-3.640602529048919678e-01
-3.631696701049804688e-01
-3.644908070564270020e-01
-3.627892732620239258e-01
-3.644163906574249268e-01
-3.634450733661651611e-01
-3.629389703273773193e-01
-3.633184731006622314e-01
-3.634213507175445557e-01
-3.643073141574859619e-01
-3.629582226276397705e-01
-3.638287186622619629e-01
-3.634434342384338379e-01
-3.638715147972106934e-01
-3.632367551326751709e-01
-3.642757534980773926e-01
-3.636614978313446045e-01
-3.634042143821716309e-01
-3.632079362869262695e-01
-3.642515540122985840e-01
-3.629911541938781738e-01
-3.638660609722137451e-01
-3.634846210479736328e-01
-3.633448481559753418e-01
-3.641993701457977295e-01
-3.638147711753845215e-01
-3.636365234851837158e-01
-3.645317256450653076e-01
-3.637150526046752930e-01
-3.646833598613739014e-01
-3.642909526824951172e-01
-3.635731339454650879e-01
-3.640735745429992676e-01
-3.643553256988525391e-01
-3.642221093177795410e-01
-3.628177046775817871e-01
-3.644138276576995850e-01
-3.647390305995941162e-01
-3.636125624179840088e-01
-3.641100227832794189e-01
-3.642257153987884521e-01
-3.641290366649627686e-01
-3.639935255050659180e-01
-3.643798828125000000e-01
-3.648767173290252686e-01
-3.639689385890960693e-01
-3.635506629943847656e-01
-3.639035224914550781e-01
-3.638869225978851318e-01
-3.645288050174713135e-01
-3.639064133167266846e-01
-3.647367656230926514e-01
-3.634023070335388184e-01
-3.643547892570495605e-01
-3.638696372509002686e-01
-3.650945723056793213e-01
-3.642171323299407959e-01
-3.644459545612335205e-01
-3.645507097244262695e-01
-3.640936911106109619e-01
-3.641702234745025635e-01
-3.642405271530151367e-01
-3.650228977203369141e-01
-3.642407357692718506e-01
-3.645103871822357178e-01
-3.639292716979980469e-01
-3.645474314689636230e-01
-3.648841083049774170e-01
-3.643335700035095215e-01
-3.649970889091491699e-01
-3.642919361591339111e-01
-3.636802136898040771e-01
-3.646072447299957275e-01
-3.650416135787963867e-01
-3.644946217536926270e-01
-3.648619353771209717e-01
-3.654706180095672607e-01
-3.640193045139312744e-01
-3.638083636760711670e-01
-3.641014695167541504e-01
-3.645942211151123047e-01
-3.646156787872314453e-01
-3.641166687011718750e-01
-3.651212751865386963e-01
-3.646194934844970703e-01
-3.649299442768096924e-01
-3.641786575317382812e-01
-3.635410070419311523e-01
-3.649224340915679932e-01
-3.640756309032440186e-01
-3.648266792297363281e-01
-3.655756413936614990e-01
-3.648201525211334229e-01
-3.646668493747711182e-01
-3.645336925983428955e-01
-3.648287653923034668e-01
-3.642127811908721924e-01
-3.649457693099975586e-01
-3.631091713905334473e-01
-3.649223744869232178e-01
-3.643027842044830322e-01
-3.642767369747161865e-01
-3.638188540935516357e-01
-3.642292618751525879e-01
-3.638633489608764648e-01
-3.638062775135040283e-01
-3.652554154396057129e-01
-3.644942641258239746e-01
-3.635419607162475586e-01
-3.656434714794158936e-01
-3.641962409019470215e-01
-3.645894229412078857e-01
-3.645808696746826172e-01
-3.651521503925323486e-01
-3.643818497657775879e-01
-3.643496334552764893e-01
-3.651159703731536865e-01
-3.647955954074859619e-01
-3.646240830421447754e-01
-3.650342226028442383e-01
-3.647907376289367676e-01
-3.640590906143188477e-01
-3.647859096527099609e-01
-3.649557232856750488e-01
-3.646363019943237305e-01
-3.639191091060638428e-01
-3.653675615787506104e-01
-3.644959926605224609e-01
-3.640598058700561523e-01
-3.640765249729156494e-01
-3.652417063713073730e-01
-3.647539615631103516e-01
-3.645197451114654541e-01
-3.649931252002716064e-01
-3.645744323730468750e-01
-3.651072978973388672e-01
-3.639069795608520508e-01
-3.652169406414031982e-01
-3.654941916465759277e-01
-3.645887374877929688e-01
-3.643396496772766113e-01
-3.652413189411163330e-01
-3.644973039627075195e-01
-3.643757402896881104e-01
-3.645608425140380859e-01
-3.650162518024444580e-01
-3.649714887142181396e-01
-3.660652935504913330e-01
-3.655881285667419434e-01
-3.653448522090911865e-01
-3.652646839618682861e-01
-3.660058975219726562e-01
-3.655665814876556396e-01
-3.657418191432952881e-01
-3.650666177272796631e-01
-3.652608394622802734e-01
-3.647007048130035400e-01
-3.650371134281158447e-01
-3.654678463935852051e-01
-3.653242886066436768e-01
-3.654230833053588867e-01
-3.650690019130706787e-01
-3.653025329113006592e-01
-3.652505874633789062e-01
-3.649987280368804932e-01
-3.648543059825897217e-01
-3.647521436214447021e-01
-3.653544187545776367e-01
-3.646727502346038818e-01
-3.647238612174987793e-01
-3.648259341716766357e-01
-3.655105531215667725e-01
-3.654747307300567627e-01
-3.651670217514038086e-01
-3.663828074932098389e-01
-3.657066524028778076e-01
-3.641453385353088379e-01
-3.643201589584350586e-01
-3.646133244037628174e-01
-3.646943867206573486e-01
-3.653961122035980225e-01
-3.661001622676849365e-01
-3.651285469532012939e-01
-3.649826645851135254e-01
-3.653459250926971436e-01
-3.650102019309997559e-01
-3.649587035179138184e-01
-3.643414974212646484e-01
-3.644371330738067627e-01
-3.663467466831207275e-01
-3.646635115146636963e-01
-3.648574054241180420e-01
-3.661132156848907471e-01
-3.654019832611083984e-01
-3.661584556102752686e-01
-3.652290701866149902e-01
-3.652156591415405273e-01
-3.652417063713073730e-01
-3.652159869670867920e-01
-3.649525642395019531e-01
-3.654625117778778076e-01
-3.649076819419860840e-01
-3.662917912006378174e-01
-3.654805123805999756e-01
-3.647894561290740967e-01
-3.656293749809265137e-01
-3.651784360408782959e-01
-3.654588460922241211e-01
-3.643797338008880615e-01
-3.653127253055572510e-01
-3.654795587062835693e-01
-3.649725914001464844e-01
-3.644499480724334717e-01
-3.653428852558135986e-01
-3.656572997570037842e-01
-3.650580942630767822e-01
-3.657664656639099121e-01
-3.658676147460937500e-01
-3.660772442817687988e-01
-3.656255304813385010e-01
-3.651927411556243896e-01
-3.659157156944274902e-01
-3.653315603733062744e-01
-3.657999634742736816e-01
-3.646684587001800537e-01
-3.661773204803466797e-01
-3.665121793746948242e-01
-3.655367493629455566e-01
-3.646159172058105469e-01
-3.652015924453735352e-01
-3.648895621299743652e-01
-3.659013807773590088e-01
-3.648559749126434326e-01
-3.661217093467712402e-01
-3.650805056095123291e-01
-3.652368783950805664e-01
-3.657200336456298828e-01
-3.655745983123779297e-01
-3.650763034820556641e-01
-3.651446402072906494e-01
-3.650985658168792725e-01
-3.652374148368835449e-01
-3.660692274570465088e-01
-3.649893105030059814e-01
-3.655173182487487793e-01
-3.655401170253753662e-01
-3.645601868629455566e-01
-3.649053275585174561e-01
-3.662293255329132080e-01
-3.656662106513977051e-01
-3.655213117599487305e-01
-3.658585250377655029e-01
-3.661492168903350830e-01
-3.657070994377136230e-01
-3.654052615165710449e-01
-3.660299181938171387e-01
-3.661567568778991699e-01
-3.652849197387695312e-01
-3.655902147293090820e-01
-3.642662763595581055e-01
-3.648308515548706055e-01
-3.657285273075103760e-01
-3.665344715118408203e-01
-3.661871552467346191e-01
-3.643600046634674072e-01
-3.662753999233245850e-01
-3.660277724266052246e-01
-3.656203746795654297e-01
-3.652477860450744629e-01
-3.655925393104553223e-01
-3.660186231136322021e-01
-3.661124408245086670e-01
-3.654020428657531738e-01
-3.653614223003387451e-01
-3.654399514198303223e-01
-3.654948174953460693e-01
-3.657546341419219971e-01
-3.654307126998901367e-01
-3.663436174392700195e-01
-3.650711774826049805e-01
-3.654210567474365234e-01
-3.644265234470367432e-01
-3.665097653865814209e-01
-3.651493489742279053e-01
-3.655952215194702148e-01
-3.661217987537384033e-01
-3.660275340080261230e-01
-3.660537004470825195e-01
-3.656404316425323486e-01
-3.652791678905487061e-01
-3.652712404727935791e-01
-3.654364943504333496e-01
-3.654928505420684814e-01
-3.655299544334411621e-01
-3.659249842166900635e-01
-3.659162223339080811e-01
-3.660342395305633545e-01
-3.647770881652832031e-01
-3.664334118366241455e-01
-3.659892082214355469e-01
-3.654724955558776855e-01
-3.648070394992828369e-01
-3.652153909206390381e-01
-3.650661110877990723e-01
-3.661461472511291504e-01
-3.656834959983825684e-01
-3.655996024608612061e-01
-3.667349219322204590e-01
-3.658565580844879150e-01
-3.664940893650054932e-01
-3.659352362155914307e-01
-3.655261695384979248e-01
-3.650889098644256592e-01
-3.662313520908355713e-01
-3.658590316772460938e-01
-3.653661012649536133e-01
-3.661926984786987305e-01
-3.660279810428619385e-01
-3.655409514904022217e-01
-3.664476275444030762e-01
-3.660786747932434082e-01
-3.657454848289489746e-01
-3.659939467906951904e-01
-3.670690357685089111e-01
-3.653867244720458984e-01
-3.662407100200653076e-01
-3.655274510383605957e-01
-3.662402927875518799e-01
-3.658997118473052979e-01
-3.658603429794311523e-01
-3.657204210758209229e-01
-3.656495809555053711e-01
-3.661540448665618896e-01
-3.656826913356781006e-01
-3.658171594142913818e-01
-3.669436573982238770e-01
-3.657989203929901123e-01
-3.661036789417266846e-01
-3.663884401321411133e-01
-3.667008280754089355e-01
-3.668646514415740967e-01
-3.660156726837158203e-01
-3.655041158199310303e-01
-3.664617538452148438e-01
-3.666298091411590576e-01
-3.663696646690368652e-01
-3.676263988018035889e-01
-3.671991527080535889e-01
-3.658452630043029785e-01
-3.653487563133239746e-01
-3.665666580200195312e-01
-3.663445413112640381e-01
-3.665159046649932861e-01
-3.662659823894500732e-01
-3.653139173984527588e-01
-3.661568462848663330e-01
-3.661792278289794922e-01
-3.665991723537445068e-01
-3.655397295951843262e-01
-3.662011623382568359e-01
-3.656422793865203857e-01
-3.667963743209838867e-01
-3.661966025829315186e-01
-3.667056858539581299e-01
-3.664936721324920654e-01
-3.660972118377685547e-01
-3.663606643676757812e-01
-3.658651113510131836e-01
-3.659643232822418213e-01
-3.662288784980773926e-01
-3.659002780914306641e-01
-3.667798936367034912e-01
-3.654276728630065918e-01
-3.662487864494323730e-01
-3.660500347614288330e-01
-3.654318153858184814e-01
-3.664236962795257568e-01
-3.675115704536437988e-01
-3.667746484279632568e-01
-3.666313290596008301e-01
-3.666696846485137939e-01
-3.658616840839385986e-01
-3.651429712772369385e-01
-3.656753003597259521e-01
-3.654890358448028564e-01
-3.659921884536743164e-01
-3.658576607704162598e-01
-3.657076954841613770e-01
-3.658003509044647217e-01
-3.657532036304473877e-01
-3.656598627567291260e-01
-3.650821149349212646e-01
-3.661338984966278076e-01
-3.663422763347625732e-01
-3.657875657081604004e-01
-3.655889332294464111e-01
-3.656757771968841553e-01
-3.669548928737640381e-01
-3.661986887454986572e-01
-3.659642934799194336e-01
-3.657797574996948242e-01
-3.665170967578887939e-01
-3.666599094867706299e-01
-3.659164309501647949e-01
-3.657596409320831299e-01
-3.667898476123809814e-01
-3.660950660705566406e-01
-3.654165565967559814e-01
-3.658535778522491455e-01
-3.656808435916900635e-01
-3.658230602741241455e-01
-3.660564720630645752e-01
-3.657580912113189697e-01
-3.665744662284851074e-01
-3.668811917304992676e-01
-3.660719692707061768e-01
-3.662221133708953857e-01
-3.665930926799774170e-01
-3.670591711997985840e-01
-3.662947416305541992e-01
-3.673918545246124268e-01
-3.664779067039489746e-01
-3.670940995216369629e-01
-3.655216693878173828e-01
-3.652830123901367188e-01
-3.661135733127593994e-01
-3.661918342113494873e-01
-3.667210936546325684e-01
-3.663927614688873291e-01
-3.668768405914306641e-01
-3.654334545135498047e-01
-3.656621575355529785e-01
-3.666618168354034424e-01
-3.665522634983062744e-01
-3.654703795909881592e-01
-3.656217157840728760e-01
-3.663289248943328857e-01
-3.668825626373291016e-01
-3.659715950489044189e-01
-3.661480844020843506e-01
-3.661088943481445312e-01
-3.664912283420562744e-01
-3.662896156311035156e-01
-3.663534820079803467e-01
-3.663663566112518311e-01
-3.665648698806762695e-01
-3.663958013057708740e-01
-3.659740686416625977e-01
-3.664745688438415527e-01
-3.661193251609802246e-01
-3.660682141780853271e-01
-3.663739562034606934e-01
-3.662969768047332764e-01
-3.658227026462554932e-01
-3.669990301132202148e-01
-3.667271435260772705e-01
-3.668192923069000244e-01
-3.655260205268859863e-01
-3.656654655933380127e-01
-3.666733503341674805e-01
-3.670566380023956299e-01
-3.669028878211975098e-01
-3.663677275180816650e-01
-3.661839962005615234e-01
-3.667429983615875244e-01
-3.663409948348999023e-01
-3.658880591392517090e-01
-3.660649955272674561e-01
-3.665104210376739502e-01
-3.663060665130615234e-01
-3.658585548400878906e-01
-3.669158220291137695e-01
-3.668038249015808105e-01
-3.672079443931579590e-01
-3.669377565383911133e-01
-3.673789203166961670e-01
-3.667533099651336670e-01
-3.674208819866180420e-01
-3.666787743568420410e-01
-3.664557635784149170e-01
-3.667248189449310303e-01
-3.668782413005828857e-01
-3.666182160377502441e-01
-3.668342232704162598e-01
-3.663059771060943604e-01
-3.671263456344604492e-01
-3.680900335311889648e-01
-3.671320676803588867e-01
-3.659770190715789795e-01
-3.655174672603607178e-01
-3.671318590641021729e-01
-3.665852546691894531e-01
-3.660308718681335449e-01
-3.669835329055786133e-01
-3.662517666816711426e-01
-3.661061525344848633e-01
-3.664599061012268066e-01
-3.663817644119262695e-01
-3.671125471591949463e-01
-3.666912615299224854e-01
-3.667614758014678955e-01
-3.659887909889221191e-01
-3.660451471805572510e-01
-3.677745461463928223e-01
-3.664149641990661621e-01
-3.671004772186279297e-01
-3.664193749427795410e-01
-3.671694397926330566e-01
-3.669061660766601562e-01
-3.671186566352844238e-01
-3.665418922901153564e-01
-3.656586706638336182e-01
-3.675364255905151367e-01
-3.667183220386505127e-01
-3.660839796066284180e-01
-3.666970133781433105e-01
-3.669152855873107910e-01
-3.655229210853576660e-01
-3.667785525321960449e-01
-3.665318489074707031e-01
-3.657192587852478027e-01
-3.658384382724761963e-01
-3.665953874588012695e-01
-3.664713203907012939e-01
-3.667022585868835449e-01
-3.664382994174957275e-01
-3.669521510601043701e-01
-3.665412664413452148e-01
-3.663133382797241211e-01
-3.664555549621582031e-01
-3.661294281482696533e-01
-3.677944242954254150e-01
-3.670399188995361328e-01
-3.665867745876312256e-01
-3.660846948623657227e-01
-3.674470782279968262e-01
-3.667037189006805420e-01
-3.665117621421813965e-01
-3.669111132621765137e-01
-3.664433062076568604e-01
-3.674051463603973389e-01
-3.666232526302337646e-01
-3.673105537891387939e-01
-3.667475283145904541e-01
-3.668733835220336914e-01
-3.670932352542877197e-01
-3.670324683189392090e-01
-3.669205605983734131e-01
-3.660872876644134521e-01
-3.665144741535186768e-01
-3.667258918285369873e-01
-3.668482899665832520e-01
-3.663709461688995361e-01
-3.670427203178405762e-01
-3.676386773586273193e-01
-3.675886988639831543e-01
-3.662116229534149170e-01
-3.667691648006439209e-01
-3.662946820259094238e-01
-3.668904900550842285e-01
-3.666413426399230957e-01
-3.671934008598327637e-01
-3.674956262111663818e-01
-3.672343790531158447e-01
-3.667610585689544678e-01
-3.673278093338012695e-01
-3.666988015174865723e-01
-3.670632243156433105e-01
-3.670954704284667969e-01
-3.667256534099578857e-01
-3.664600849151611328e-01
-3.672206997871398926e-01
-3.666594922542572021e-01
-3.659942746162414551e-01
-3.663704693317413330e-01
-3.670717179775238037e-01
-3.661899268627166748e-01
-3.669021129608154297e-01
-3.665305674076080322e-01
-3.672108650207519531e-01
-3.680607378482818604e-01
-3.674003779888153076e-01
-3.674301207065582275e-01
-3.670777082443237305e-01
-3.675307035446166992e-01
-3.664430677890777588e-01
-3.670797049999237061e-01
-3.676022887229919434e-01
-3.669559061527252197e-01
-3.669210076332092285e-01
-3.675219118595123291e-01
-3.671115040779113770e-01
-3.676472008228302002e-01
-3.669724166393280029e-01
-3.669837713241577148e-01
-3.668398559093475342e-01
-3.670847415924072266e-01
-3.668447732925415039e-01
-3.670299649238586426e-01
-3.673709034919738770e-01
-3.671640753746032715e-01
-3.668310642242431641e-01
-3.670329749584197998e-01
-3.665159344673156738e-01
-3.673428297042846680e-01
-3.662629127502441406e-01
-3.670260012149810791e-01
-3.666847944259643555e-01
-3.669011592864990234e-01
-3.665993511676788330e-01
-3.671948313713073730e-01
-3.662492334842681885e-01
-3.672808110713958740e-01
-3.671793341636657715e-01
-3.664070665836334229e-01
-3.665181994438171387e-01
-3.669597208499908447e-01
-3.664852976799011230e-01
-3.674035966396331787e-01
-3.665648102760314941e-01
-3.677945435047149658e-01
-3.678923249244689941e-01
-3.665081560611724854e-01
-3.667831122875213623e-01
-3.673785328865051270e-01
-3.667091727256774902e-01
-3.667705059051513672e-01
-3.668170273303985596e-01
-3.673015236854553223e-01
-3.671406209468841553e-01
-3.668470978736877441e-01
-3.674991130828857422e-01
-3.668268024921417236e-01
-3.668078780174255371e-01
-3.667158186435699463e-01
-3.667995333671569824e-01
-3.670378029346466064e-01
-3.669646680355072021e-01
-3.676838278770446777e-01
-3.671751618385314941e-01
-3.678560256958007812e-01
-3.676581978797912598e-01
-3.676642477512359619e-01
-3.676040768623352051e-01
-3.676786720752716064e-01
-3.672336637973785400e-01
-3.666409254074096680e-01
-3.671580851078033447e-01
-3.673378229141235352e-01
-3.661245405673980713e-01
-3.668521642684936523e-01
-3.675425350666046143e-01
-3.673927783966064453e-01
-3.674467206001281738e-01
-3.668344020843505859e-01
-3.666740059852600098e-01
-3.668696582317352295e-01
-3.675291836261749268e-01
-3.671057820320129395e-01
-3.676287531852722168e-01
-3.663465380668640137e-01
-3.668833076953887939e-01
-3.676935434341430664e-01
-3.669093847274780273e-01
-3.668628036975860596e-01
-3.663999736309051514e-01
-3.671361207962036133e-01
-3.669911026954650879e-01
-3.667402267456054688e-01
-3.673860430717468262e-01
-3.673789501190185547e-01
-3.677177131175994873e-01
-3.673131167888641357e-01
-3.677573800086975098e-01
-3.674006462097167969e-01
-3.672564625740051270e-01
-3.669844865798950195e-01
-3.675385415554046631e-01
-3.673256933689117432e-01
-3.675687611103057861e-01
-3.670611381530761719e-01
-3.680117726325988770e-01
-3.675377964973449707e-01
-3.672802150249481201e-01
-3.684881627559661865e-01
-3.675431311130523682e-01
-3.667610287666320801e-01
-3.671591281890869141e-01
-3.669516742229461670e-01
-3.676714897155761719e-01
-3.678528070449829102e-01
-3.677293360233306885e-01
-3.679817616939544678e-01
-3.678454756736755371e-01
-3.674882650375366211e-01
-3.669368326663970947e-01
-3.666001856327056885e-01
-3.674215674400329590e-01
-3.679701685905456543e-01
-3.678257465362548828e-01
-3.665350377559661865e-01
-3.674714863300323486e-01
-3.667607307434082031e-01
-3.674666583538055420e-01
-3.671685159206390381e-01
-3.674103617668151855e-01
-3.674829602241516113e-01
-3.666329383850097656e-01
-3.670241236686706543e-01
-3.678882122039794922e-01
-3.670318126678466797e-01
-3.673398196697235107e-01
-3.677970468997955322e-01
-3.666272163391113281e-01
-3.681757450103759766e-01
-3.673383593559265137e-01
-3.678131401538848877e-01
-3.683102726936340332e-01
-3.669713139533996582e-01
-3.674639165401458740e-01
-3.675520122051239014e-01
-3.667947351932525635e-01
-3.680132329463958740e-01
-3.670933842658996582e-01
-3.671024143695831299e-01
-3.673200607299804688e-01
-3.669011294841766357e-01
-3.671837449073791504e-01
-3.683538734912872314e-01
-3.673206269741058350e-01
-3.666546642780303955e-01
-3.675561845302581787e-01
-3.673337697982788086e-01
-3.671695291996002197e-01
-3.676015734672546387e-01
-3.677071630954742432e-01
-3.678812682628631592e-01
-3.678637742996215820e-01
-3.673468530178070068e-01
-3.675242364406585693e-01
-3.668525516986846924e-01
-3.675206303596496582e-01
-3.670443594455718994e-01
-3.672113120555877686e-01
-3.671432137489318848e-01
-3.681342899799346924e-01
-3.669384121894836426e-01
-3.679797351360321045e-01
-3.666896224021911621e-01
-3.671191930770874023e-01
-3.674710690975189209e-01
-3.674124181270599365e-01
-3.681281805038452148e-01
-3.677044212818145752e-01
-3.677821159362792969e-01
-3.675889372825622559e-01
-3.679915070533752441e-01
-3.678292334079742432e-01
-3.673944771289825439e-01
-3.673812747001647949e-01
-3.674670457839965820e-01
-3.675253987312316895e-01
-3.677861392498016357e-01
-3.682277798652648926e-01
-3.681848049163818359e-01
-3.670305907726287842e-01
-3.672782480716705322e-01
-3.675261437892913818e-01
-3.679617941379547119e-01
-3.679439723491668701e-01
-3.667162358760833740e-01
-3.673456609249114990e-01
-3.672539591789245605e-01
-3.670480847358703613e-01
-3.675273656845092773e-01
-3.677100539207458496e-01
-3.673307597637176514e-01
-3.678532838821411133e-01
-3.680387139320373535e-01
-3.675447404384613037e-01
-3.682586550712585449e-01
-3.673602342605590820e-01
-3.674546182155609131e-01
-3.674010336399078369e-01
-3.670717775821685791e-01
-3.677251636981964111e-01
-3.681622445583343506e-01
-3.678672313690185547e-01
-3.676146268844604492e-01
-3.673541247844696045e-01
-3.679206669330596924e-01
-3.673323690891265869e-01
-3.677657544612884521e-01
-3.671979904174804688e-01
-3.677057325839996338e-01
-3.680818080902099609e-01
-3.678142726421356201e-01
-3.677575588226318359e-01
-3.671871423721313477e-01
-3.668951392173767090e-01
-3.675326108932495117e-01
-3.672952651977539062e-01
-3.680630326271057129e-01
-3.676636815071105957e-01
-3.669284582138061523e-01
-3.677689135074615479e-01
-3.673484325408935547e-01
-3.680830299854278564e-01
-3.666499555110931396e-01
-3.679746985435485840e-01
-3.678921461105346680e-01
-3.680807948112487793e-01
-3.678627908229827881e-01
-3.674401044845581055e-01
-3.673092424869537354e-01
-3.674395680427551270e-01
-3.676379919052124023e-01
-3.670715391635894775e-01
-3.677540421485900879e-01
-3.670797049999237061e-01
-3.678812086582183838e-01
-3.682800531387329102e-01
-3.669222295284271240e-01
-3.682944774627685547e-01
-3.681551814079284668e-01
-3.676510155200958252e-01
-3.672877550125122070e-01
-3.675360083580017090e-01
-3.675924241542816162e-01
-3.672963976860046387e-01
-3.677802085876464844e-01
-3.681153953075408936e-01
-3.679099380970001221e-01
-3.672379553318023682e-01
-3.677721023559570312e-01
-3.678740859031677246e-01
-3.673638403415679932e-01
-3.674632012844085693e-01
-3.678317368030548096e-01
-3.682200312614440918e-01
-3.669480085372924805e-01
-3.678540587425231934e-01
-3.671345710754394531e-01
-3.679774701595306396e-01
-3.678497076034545898e-01
-3.673160076141357422e-01
-3.682929575443267822e-01
-3.675997257232666016e-01
-3.675586283206939697e-01
-3.675349056720733643e-01
-3.674492835998535156e-01
-3.675169050693511963e-01
-3.677347004413604736e-01
-3.673069477081298828e-01
-3.668529093265533447e-01
-3.675310313701629639e-01
-3.680649399757385254e-01
-3.671671450138092041e-01
-3.680598735809326172e-01
-3.682069182395935059e-01
-3.681183755397796631e-01
-3.678922653198242188e-01
-3.672425448894500732e-01
-3.673691451549530029e-01
-3.678370416164398193e-01
-3.680868744850158691e-01
-3.677094578742980957e-01
-3.677924871444702148e-01
-3.680633604526519775e-01
-3.671504557132720947e-01
-3.680265545845031738e-01
-3.678517043590545654e-01
-3.685967326164245605e-01
-3.680451214313507080e-01
-3.672505617141723633e-01
-3.674549162387847900e-01
-3.677521347999572754e-01
-3.679404854774475098e-01
-3.682496845722198486e-01
-3.675977587699890137e-01
-3.681826591491699219e-01
-3.681406378746032715e-01
-3.679047226905822754e-01
-3.684558570384979248e-01
-3.669788241386413574e-01
-3.676444590091705322e-01
-3.678841590881347656e-01
-3.680036664009094238e-01
-3.675232529640197754e-01
-3.678461909294128418e-01
-3.680352866649627686e-01
-3.679910302162170410e-01
-3.674912750720977783e-01
-3.675729930400848389e-01
-3.670453727245330811e-01
-3.678311109542846680e-01
-3.687144219875335693e-01
-3.675656020641326904e-01
-3.675200343132019043e-01
-3.678424656391143799e-01
-3.679179251194000244e-01
-3.678795099258422852e-01
-3.678765892982482910e-01
-3.672925829887390137e-01
-3.669976294040679932e-01
-3.677457273006439209e-01
-3.679700493812561035e-01
-3.677497506141662598e-01
-3.676571547985076904e-01
-3.678393065929412842e-01
-3.683686554431915283e-01
-3.684855103492736816e-01
-3.677462637424468994e-01
-3.674786388874053955e-01
-3.671466708183288574e-01
-3.676148056983947754e-01
-3.678789734840393066e-01
-3.673965930938720703e-01
-3.676690757274627686e-01
-3.673057258129119873e-01
-3.679030835628509521e-01
-3.680296242237091064e-01
-3.679885864257812500e-01
-3.681179881095886230e-01
-3.677106797695159912e-01
-3.673822581768035889e-01
-3.675225079059600830e-01
-3.683303594589233398e-01
-3.678396046161651611e-01
-3.679074645042419434e-01
-3.679121136665344238e-01
-3.680460751056671143e-01
-3.675923645496368408e-01
-3.678979575634002686e-01
-3.680246174335479736e-01
-3.679834008216857910e-01
-3.685120940208435059e-01
-3.682139813899993896e-01
-3.684574663639068604e-01
-3.674731552600860596e-01
-3.677145242691040039e-01
-3.680621981620788574e-01
-3.683611452579498291e-01
-3.689138293266296387e-01
-3.675005137920379639e-01
-3.680724501609802246e-01
-3.677626252174377441e-01
-3.672007322311401367e-01
-3.679893314838409424e-01
-3.676971495151519775e-01
-3.679320812225341797e-01
-3.679990172386169434e-01
-3.674335181713104248e-01
-3.678350746631622314e-01
-3.678720593452453613e-01
-3.677105605602264404e-01
-3.675006330013275146e-01
-3.674338161945343018e-01
-3.686376810073852539e-01
-3.684596419334411621e-01
-3.667935729026794434e-01
-3.688407838344573975e-01
-3.686493635177612305e-01
-3.678758442401885986e-01
-3.685875236988067627e-01
-3.679594099521636963e-01
-3.684685528278350830e-01
-3.676182329654693604e-01
-3.682161867618560791e-01
-3.675291836261749268e-01
-3.679570257663726807e-01
-3.680877089500427246e-01
-3.687964975833892822e-01
-3.679789900779724121e-01
-3.672783076763153076e-01
-3.681887686252593994e-01
-3.685737550258636475e-01
-3.682110309600830078e-01
-3.679012954235076904e-01
-3.676771223545074463e-01
-3.687657415866851807e-01
-3.678376376628875732e-01
-3.682003319263458252e-01
-3.682067394256591797e-01
-3.679284453392028809e-01
-3.682303130626678467e-01
-3.690463602542877197e-01
-3.679288923740386963e-01
-3.681243658065795898e-01
-3.675485253334045410e-01
-3.684118092060089111e-01
-3.675393760204315186e-01
-3.683717250823974609e-01
-3.685819804668426514e-01
-3.678765296936035156e-01
-3.673754036426544189e-01
-3.679831624031066895e-01
-3.678279519081115723e-01
-3.688265383243560791e-01
-3.683902025222778320e-01
-3.679675757884979248e-01
-3.680556714534759521e-01
-3.674464225769042969e-01
-3.679682314395904541e-01
-3.679800331592559814e-01
-3.682292997837066650e-01
-3.676007091999053955e-01
-3.676705360412597656e-01
-3.684537410736083984e-01
-3.678950071334838867e-01
-3.683845102787017822e-01
-3.682545721530914307e-01
-3.684891760349273682e-01
-3.677980005741119385e-01
-3.683561980724334717e-01
-3.679547607898712158e-01
-3.676854968070983887e-01
-3.682552576065063477e-01
-3.681178689002990723e-01
-3.692846596240997314e-01
-3.685096502304077148e-01
-3.687266707420349121e-01
-3.686363995075225830e-01
-3.679153621196746826e-01
-3.683066964149475098e-01
-3.689213395118713379e-01
-3.684579133987426758e-01
-3.697255551815032959e-01
-3.685700595378875732e-01
-3.680239915847778320e-01
-3.685940504074096680e-01
-3.682937622070312500e-01
-3.681944012641906738e-01
-3.679841756820678711e-01
-3.687978386878967285e-01
-3.684417605400085449e-01
-3.673730194568634033e-01
-3.687058687210083008e-01
-3.680731952190399170e-01
-3.680886924266815186e-01
-3.679580688476562500e-01
-3.681431412696838379e-01
-3.680416345596313477e-01
-3.688181936740875244e-01
-3.680187463760375977e-01
-3.683593869209289551e-01
-3.681840896606445312e-01
-3.689655661582946777e-01
-3.678512871265411377e-01
-3.682965636253356934e-01
-3.681429922580718994e-01
-3.680219352245330811e-01
-3.676243424415588379e-01
-3.683602809906005859e-01
-3.682685196399688721e-01
-3.684237599372863770e-01
-3.681736588478088379e-01
-3.682877719402313232e-01
-3.683863878250122070e-01
-3.685697615146636963e-01
-3.688146770000457764e-01
-3.685621023178100586e-01
-3.687249720096588135e-01
-3.683205842971801758e-01
-3.680490851402282715e-01
-3.689841330051422119e-01
-3.684315681457519531e-01
-3.682268261909484863e-01
-3.684776425361633301e-01
-3.685368895530700684e-01
-3.683595359325408936e-01
-3.677996695041656494e-01
-3.680374324321746826e-01
-3.679401576519012451e-01
-3.685467243194580078e-01
-3.686033487319946289e-01
-3.685767352581024170e-01
-3.684854507446289062e-01
-3.681769371032714844e-01
-3.678728640079498291e-01
-3.687357008457183838e-01
-3.681720793247222900e-01
-3.686273694038391113e-01
-3.689632713794708252e-01
-3.679009974002838135e-01
-3.686242699623107910e-01
-3.687655329704284668e-01
-3.679407238960266113e-01
-3.689877390861511230e-01
-3.687430322170257568e-01
-3.680295944213867188e-01
-3.681524693965911865e-01
-3.683688938617706299e-01
-3.685056865215301514e-01
-3.681696951389312744e-01
-3.689453601837158203e-01
-3.691292107105255127e-01
-3.681594729423522949e-01
-3.677527308464050293e-01
-3.684178888797760010e-01
-3.679573833942413330e-01
-3.684553802013397217e-01
-3.679653406143188477e-01
-3.678167462348937988e-01
-3.681082725524902344e-01
-3.684799671173095703e-01
-3.684026300907135010e-01
-3.683736920356750488e-01
-3.682383298873901367e-01
-3.688051104545593262e-01
-3.684422075748443604e-01
-3.680576086044311523e-01
-3.686293363571166992e-01
-3.688342869281768799e-01
-3.680467307567596436e-01
-3.674980401992797852e-01
-3.683537542819976807e-01
-3.686284720897674561e-01
-3.685838282108306885e-01
-3.688278496265411377e-01
-3.683643043041229248e-01
-3.679486513137817383e-01
-3.690895438194274902e-01
-3.685462772846221924e-01
-3.685182929039001465e-01
-3.687200844287872314e-01
-3.694726526737213135e-01
-3.690828979015350342e-01
-3.682491779327392578e-01
-3.682708144187927246e-01
-3.679279685020446777e-01
-3.679641485214233398e-01
-3.681795597076416016e-01
-3.689572811126708984e-01
-3.678854703903198242e-01
-3.683115243911743164e-01
-3.684697747230529785e-01
-3.680770993232727051e-01
-3.679540157318115234e-01
-3.685163557529449463e-01
-3.692930936813354492e-01
-3.681359887123107910e-01
-3.682516515254974365e-01
-3.686177730560302734e-01
-3.688097596168518066e-01
-3.688018321990966797e-01
-3.684604167938232422e-01
-3.689300119876861572e-01
-3.684292733669281006e-01
-3.683898448944091797e-01
-3.689264953136444092e-01
-3.682722151279449463e-01
-3.681335151195526123e-01
-3.683943450450897217e-01
-3.687312602996826172e-01
-3.691421449184417725e-01
-3.685427308082580566e-01
-3.679847121238708496e-01
-3.689050972461700439e-01
-3.687504231929779053e-01
-3.684759736061096191e-01
-3.683851063251495361e-01
-3.684044182300567627e-01
-3.688434958457946777e-01
-3.682848513126373291e-01
-3.682389855384826660e-01
-3.685864806175231934e-01
-3.687425851821899414e-01
-3.684061169624328613e-01
-3.686151802539825439e-01
-3.686994016170501709e-01
-3.689956665039062500e-01
-3.677748143672943115e-01
-3.686321675777435303e-01
-3.687884807586669922e-01
-3.688064813613891602e-01
-3.684192001819610596e-01
-3.685403764247894287e-01
-3.680765926837921143e-01
-3.690437972545623779e-01
-3.686383068561553955e-01
-3.687657415866851807e-01
-3.690434694290161133e-01
-3.688867092132568359e-01
-3.689097166061401367e-01
-3.693046271800994873e-01
-3.691681027412414551e-01
-3.685875833034515381e-01
-3.683055937290191650e-01
-3.685749471187591553e-01
-3.685532808303833008e-01
-3.686164617538452148e-01
-3.681738972663879395e-01
-3.685997128486633301e-01
-3.688322007656097412e-01
-3.684761524200439453e-01
-3.686771690845489502e-01
-3.688634932041168213e-01
-3.691404759883880615e-01
-3.688381016254425049e-01
-3.699023723602294922e-01
-3.693767786026000977e-01
-3.688654899597167969e-01
-3.679366409778594971e-01
-3.679941296577453613e-01
-3.690496385097503662e-01
-3.688977062702178955e-01
-3.684984743595123291e-01
-3.685377240180969238e-01
-3.686258792877197266e-01
-3.692844808101654053e-01
-3.687029182910919189e-01
-3.687403798103332520e-01
-3.682602345943450928e-01
-3.688805401325225830e-01
-3.686119019985198975e-01
-3.689751923084259033e-01
-3.678920567035675049e-01
-3.685637414455413818e-01
-3.683868050575256348e-01
-3.689229488372802734e-01
-3.682895004749298096e-01
-3.693151175975799561e-01
-3.686433732509613037e-01
-3.687020242214202881e-01
-3.684587180614471436e-01
-3.685966432094573975e-01
-3.697506785392761230e-01
-3.684608340263366699e-01
-3.686344623565673828e-01
-3.684651553630828857e-01
-3.685565888881683350e-01
-3.689373731613159180e-01
-3.689630627632141113e-01
-3.690886199474334717e-01
-3.685264885425567627e-01
-3.692433238029479980e-01
-3.689973056316375732e-01
-3.684045970439910889e-01
-3.684258460998535156e-01
-3.687571883201599121e-01
-3.683228790760040283e-01
-3.686337769031524658e-01
-3.681710064411163330e-01
-3.689755201339721680e-01
-3.689713180065155029e-01
-3.684410154819488525e-01
-3.682648539543151855e-01
-3.685289323329925537e-01
-3.689560592174530029e-01
-3.689522147178649902e-01
-3.681321442127227783e-01
-3.684656322002410889e-01
-3.680966794490814209e-01
-3.685609698295593262e-01
-3.683238625526428223e-01
-3.690941929817199707e-01
-3.686476349830627441e-01
-3.684583604335784912e-01
-3.688753247261047363e-01
-3.685739636421203613e-01
-3.689314126968383789e-01
-3.681659102439880371e-01
-3.683200478553771973e-01
-3.687103688716888428e-01
-3.690021932125091553e-01
-3.689941465854644775e-01
-3.685449659824371338e-01
-3.686330616474151611e-01
-3.681790232658386230e-01
-3.689393997192382812e-01
-3.694012761116027832e-01
-3.691546618938446045e-01
-3.689958453178405762e-01
-3.686632812023162842e-01
-3.691540360450744629e-01
-3.685146570205688477e-01
-3.680858314037322998e-01
-3.686328232288360596e-01
-3.692245483398437500e-01
-3.685543537139892578e-01
-3.689536750316619873e-01
-3.690961897373199463e-01
-3.690997362136840820e-01
-3.688592016696929932e-01
-3.690366744995117188e-01
-3.688638210296630859e-01
-3.686562478542327881e-01
-3.685750663280487061e-01
-3.689251840114593506e-01
-3.687392473220825195e-01
-3.686337172985076904e-01
-3.683725595474243164e-01
-3.687146008014678955e-01
-3.686367571353912354e-01
-3.689304292201995850e-01
-3.683950901031494141e-01
-3.689885735511779785e-01
-3.687651455402374268e-01
-3.689831197261810303e-01
-3.690160512924194336e-01
-3.686289787292480469e-01
-3.687712550163269043e-01
-3.687304854393005371e-01
-3.692356646060943604e-01
-3.690683543682098389e-01
-3.687385022640228271e-01
-3.691419661045074463e-01
-3.694020509719848633e-01
-3.688745200634002686e-01
-3.687690794467926025e-01
-3.691866397857666016e-01
-3.689934909343719482e-01
-3.688175976276397705e-01
-3.690933287143707275e-01
-3.682968616485595703e-01
-3.688100576400756836e-01
-3.691157102584838867e-01
-3.679071068763732910e-01
-3.698707818984985352e-01
-3.691156208515167236e-01
-3.688730597496032715e-01
-3.696406781673431396e-01
-3.690192401409149170e-01
-3.685070276260375977e-01
-3.691097497940063477e-01
-3.684172332286834717e-01
-3.691532015800476074e-01
-3.689057528972625732e-01
-3.692619502544403076e-01
-3.688087463378906250e-01
-3.686682879924774170e-01
-3.689426779747009277e-01
-3.695071339607238770e-01
-3.691791892051696777e-01
-3.683584630489349365e-01
-3.686045110225677490e-01
-3.685509860515594482e-01
-3.693275749683380127e-01
-3.691471517086029053e-01
-3.686178028583526611e-01
-3.691328763961791992e-01
-3.691078722476959229e-01
-3.690222501754760742e-01
-3.688009083271026611e-01
-3.686905205249786377e-01
-3.687167465686798096e-01
-3.696291446685791016e-01
-3.688428103923797607e-01
-3.692812621593475342e-01
-3.687615096569061279e-01
-3.688908219337463379e-01
-3.691678941249847412e-01
-3.694424927234649658e-01
-3.689040541648864746e-01
-3.683661818504333496e-01
-3.688640892505645752e-01
-3.690097630023956299e-01
-3.688205480575561523e-01
-3.687509298324584961e-01
-3.694931566715240479e-01
-3.691388368606567383e-01
-3.686470687389373779e-01
-3.689626455307006836e-01
-3.685631752014160156e-01
-3.684732615947723389e-01
-3.683669567108154297e-01
-3.693307638168334961e-01
-3.691603541374206543e-01
-3.694128990173339844e-01
-3.696860373020172119e-01
-3.688322007656097412e-01
-3.693695068359375000e-01
-3.685894310474395752e-01
-3.696407675743103027e-01
-3.689100444316864014e-01
-3.691253066062927246e-01
-3.689647614955902100e-01
-3.692712485790252686e-01
-3.692131936550140381e-01
-3.694326877593994141e-01
-3.695059418678283691e-01
-3.698756992816925049e-01
-3.690923750400543213e-01
-3.692590296268463135e-01
-3.691145777702331543e-01
-3.686959445476531982e-01
-3.694365620613098145e-01
-3.689119219779968262e-01
-3.690451085567474365e-01
-3.696283996105194092e-01
-3.696648478507995605e-01
-3.691003918647766113e-01
-3.691166341304779053e-01
-3.688768148422241211e-01
-3.691489398479461670e-01
-3.688807487487792969e-01
-3.692747056484222412e-01
-3.688194453716278076e-01
-3.692166507244110107e-01
-3.688738346099853516e-01
-3.685739636421203613e-01
-3.690972030162811279e-01
-3.690122067928314209e-01
-3.695425987243652344e-01
-3.688177466392517090e-01
-3.695620596408843994e-01
-3.685283958911895752e-01
-3.693250119686126709e-01
-3.685498535633087158e-01
-3.689155876636505127e-01
-3.690536022186279297e-01
-3.690936565399169922e-01
-3.690258264541625977e-01
-3.686999380588531494e-01
-3.692039847373962402e-01
-3.689416646957397461e-01
-3.689314723014831543e-01
-3.688985705375671387e-01
-3.692673444747924805e-01
-3.694217503070831299e-01
-3.692244887351989746e-01
-3.680506050586700439e-01
-3.688728213310241699e-01
-3.693416118621826172e-01
-3.696735799312591553e-01
-3.692789375782012939e-01
-3.681342005729675293e-01
-3.690965473651885986e-01
-3.692453503608703613e-01
-3.694156408309936523e-01
-3.692246079444885254e-01
-3.689701557159423828e-01
-3.692114055156707764e-01
-3.690630793571472168e-01
-3.690977692604064941e-01
-3.695753216743469238e-01
-3.691105246543884277e-01
-3.695078492164611816e-01
-3.690161108970642090e-01
-3.690388500690460205e-01
-3.691810965538024902e-01
-3.691996037960052490e-01
-3.696664571762084961e-01
-3.689797222614288330e-01
-3.691557645797729492e-01
-3.697203695774078369e-01
-3.691039979457855225e-01
-3.695272803306579590e-01
-3.703038394451141357e-01
-3.694060742855072021e-01
-3.693827986717224121e-01
-3.689579665660858154e-01
-3.691718280315399170e-01
-3.684610128402709961e-01
-3.688644766807556152e-01
-3.691306412220001221e-01
-3.691487908363342285e-01
-3.691442310810089111e-01
-3.686089217662811279e-01
-3.687709867954254150e-01
-3.688122034072875977e-01
-3.696984350681304932e-01
-3.696259558200836182e-01
-3.686862885951995850e-01
-3.694257140159606934e-01
-3.692044615745544434e-01
-3.694467842578887939e-01
-3.689353764057159424e-01
-3.694159686565399170e-01
-3.697096109390258789e-01
-3.689864575862884521e-01
-3.693075478076934814e-01
-3.689945340156555176e-01
-3.699622750282287598e-01
-3.689564168453216553e-01
-3.697140514850616455e-01
-3.695854544639587402e-01
-3.687102794647216797e-01
-3.693555891513824463e-01
-3.690688312053680420e-01
-3.688667416572570801e-01
-3.695996701717376709e-01
-3.693179786205291748e-01
-3.687745928764343262e-01
-3.701719343662261963e-01
-3.690692186355590820e-01
-3.686066269874572754e-01
-3.696419000625610352e-01
-3.688681721687316895e-01
-3.684437274932861328e-01
-3.690943121910095215e-01
-3.690737187862396240e-01
-3.685773909091949463e-01
-3.696872591972351074e-01
-3.687347471714019775e-01
-3.688321113586425781e-01
-3.694145381450653076e-01
-3.693378269672393799e-01
-3.697005510330200195e-01
-3.693837821483612061e-01
-3.691940307617187500e-01
-3.693273067474365234e-01
-3.693776726722717285e-01
-3.691039085388183594e-01
-3.690201938152313232e-01
-3.691381812095642090e-01
-3.686703443527221680e-01
-3.692099750041961670e-01
-3.689440786838531494e-01
-3.695812821388244629e-01
-3.695705831050872803e-01
-3.686339855194091797e-01
-3.691752851009368896e-01
-3.689433634281158447e-01
-3.697243630886077881e-01
-3.683123290538787842e-01
-3.694675862789154053e-01
-3.688010573387145996e-01
-3.699722290039062500e-01
-3.684807419776916504e-01
-3.684852421283721924e-01
-3.686922490596771240e-01
-3.701533675193786621e-01
-3.694437146186828613e-01
-3.690479695796966553e-01
-3.694449365139007568e-01
-3.692871332168579102e-01
-3.691919147968292236e-01
-3.686082661151885986e-01
-3.684133887290954590e-01
-3.690493404865264893e-01
-3.686242699623107910e-01
-3.691392838954925537e-01
-3.696012496948242188e-01
-3.694249987602233887e-01
-3.693313598632812500e-01
-3.692082762718200684e-01
-3.694681823253631592e-01
-3.698126077651977539e-01
-3.693667650222778320e-01
-3.690848946571350098e-01
-3.688713610172271729e-01
-3.690021336078643799e-01
-3.695734739303588867e-01
-3.691852986812591553e-01
-3.691700100898742676e-01
-3.697433471679687500e-01
-3.695213496685028076e-01
-3.688676059246063232e-01
-3.691322505474090576e-01
-3.693920671939849854e-01
-3.690305352210998535e-01
-3.694606423377990723e-01
-3.697255253791809082e-01
-3.693124949932098389e-01
-3.689429759979248047e-01
-3.695391118526458740e-01
-3.693679571151733398e-01
-3.696648478507995605e-01
-3.695141673088073730e-01
-3.687452971935272217e-01
-3.689846098423004150e-01
-3.684720993041992188e-01
-3.704703748226165771e-01
-3.696143925189971924e-01
-3.689745366573333740e-01
-3.698839247226715088e-01
-3.691947162151336670e-01
-3.694784641265869141e-01
-3.691747486591339111e-01
-3.686266541481018066e-01
-3.690024912357330322e-01
-3.693667650222778320e-01
-3.691126406192779541e-01
-3.691563308238983154e-01
-3.699337840080261230e-01
-3.694879114627838135e-01
-3.699328005313873291e-01
-3.695646226406097412e-01
-3.697599172592163086e-01
-3.687522113323211670e-01
-3.688592612743377686e-01
-3.694301247596740723e-01
-3.696981072425842285e-01
-3.689572215080261230e-01
-3.690052330493927002e-01
-3.698149323463439941e-01
-3.697538375854492188e-01
-3.696825206279754639e-01
-3.692524135112762451e-01
-3.690308332443237305e-01
-3.689055740833282471e-01
-3.688812851905822754e-01
-3.700454831123352051e-01
-3.684879243373870850e-01
-3.700318038463592529e-01
-3.689430654048919678e-01
-3.693071305751800537e-01
-3.693890273571014404e-01
-3.695526123046875000e-01
-3.695368468761444092e-01
-3.690294921398162842e-01
-3.693734705448150635e-01
-3.700123727321624756e-01
-3.698383867740631104e-01
-3.691103458404541016e-01
-3.702599704265594482e-01
-3.691982328891754150e-01
-3.689211606979370117e-01
-3.698285520076751709e-01
-3.694720566272735596e-01
-3.693437576293945312e-01
-3.690607249736785889e-01
-3.694523572921752930e-01
-3.692093491554260254e-01
-3.694719374179840088e-01
-3.691499233245849609e-01
-3.696189522743225098e-01
-3.697561919689178467e-01
-3.701145946979522705e-01
-3.688007593154907227e-01
-3.694177269935607910e-01
-3.694859147071838379e-01
-3.691841065883636475e-01
-3.700055181980133057e-01
-3.689301013946533203e-01
-3.690482079982757568e-01
-3.696081638336181641e-01
-3.695608079433441162e-01
-3.695068359375000000e-01
-3.696240186691284180e-01
-3.701972067356109619e-01
-3.690446019172668457e-01
-3.699633181095123291e-01
-3.695486485958099365e-01
-3.691340386867523193e-01
-3.697347640991210938e-01
-3.694534897804260254e-01
-3.689609766006469727e-01
-3.694208860397338867e-01
-3.700706064701080322e-01
-3.697372376918792725e-01
-3.698219954967498779e-01
-3.695721924304962158e-01
-3.692177534103393555e-01
-3.686699867248535156e-01
-3.698442280292510986e-01
-3.695820271968841553e-01
-3.693079352378845215e-01
-3.692974746227264404e-01
-3.695489466190338135e-01
-3.687344491481781006e-01
-3.688203096389770508e-01
-3.700968027114868164e-01
-3.689660131931304932e-01
-3.689946830272674561e-01
-3.693634569644927979e-01
-3.696520924568176270e-01
-3.698088824748992920e-01
-3.692676126956939697e-01
-3.692598938941955566e-01
-3.693993389606475830e-01
-3.701691925525665283e-01
-3.691931068897247314e-01
-3.695557713508605957e-01
-3.689380884170532227e-01
-3.695496022701263428e-01
-3.701295256614685059e-01
-3.699061870574951172e-01
-3.699886798858642578e-01
-3.693854510784149170e-01
-3.691687583923339844e-01
-3.691706657409667969e-01
-3.697983026504516602e-01
-3.693114221096038818e-01
-3.694812059402465820e-01
-3.690029382705688477e-01
-3.695552051067352295e-01
-3.695958852767944336e-01
-3.695101141929626465e-01
-3.689264059066772461e-01
-3.690997958183288574e-01
-3.692197799682617188e-01
-3.697747886180877686e-01
-3.688295185565948486e-01
-3.692461550235748291e-01
-3.703239858150482178e-01
-3.694763183593750000e-01
-3.687981069087982178e-01
-3.693778216838836670e-01
-3.695837259292602539e-01
-3.691551983356475830e-01
-3.701124489307403564e-01
-3.695440292358398438e-01
-3.701890110969543457e-01
-3.693358898162841797e-01
-3.691459298133850098e-01
-3.696269392967224121e-01
-3.699353039264678955e-01
-3.699212670326232910e-01
-3.698943853378295898e-01
-3.696762621402740479e-01
-3.691993951797485352e-01
-3.701392412185668945e-01
-3.698931634426116943e-01
-3.698418438434600830e-01
-3.695492446422576904e-01
-3.696194887161254883e-01
-3.692747950553894043e-01
-3.697908222675323486e-01
-3.699236512184143066e-01
-3.688115477561950684e-01
-3.696799874305725098e-01
-3.695473670959472656e-01
-3.691470921039581299e-01
-3.694452345371246338e-01
-3.697590231895446777e-01
-3.703787922859191895e-01
-3.696688711643218994e-01
-3.698629140853881836e-01
-3.693480789661407471e-01
-3.696831166744232178e-01
-3.688188493251800537e-01
-3.695375323295593262e-01
-3.696191310882568359e-01
-3.694845438003540039e-01
-3.698634505271911621e-01
-3.694986104965209961e-01
-3.693272769451141357e-01
-3.695232868194580078e-01
-3.691807389259338379e-01
-3.702080249786376953e-01
-3.698973357677459717e-01
-3.693877458572387695e-01
-3.697661161422729492e-01
-3.699359297752380371e-01
-3.696283698081970215e-01
-3.694907128810882568e-01
-3.691921532154083252e-01
-3.692313134670257568e-01
-3.695372045040130615e-01
-3.691278696060180664e-01
-3.700698316097259521e-01
-3.696843087673187256e-01
-3.696753680706024170e-01
-3.691571056842803955e-01
-3.698003292083740234e-01
-3.697072565555572510e-01
-3.699443936347961426e-01
-3.691915571689605713e-01
-3.693654835224151611e-01
-3.695600032806396484e-01
-3.698097467422485352e-01
-3.695092201232910156e-01
-3.696904778480529785e-01
-3.696096837520599365e-01
-3.694939911365509033e-01
-3.700853586196899414e-01
-3.695339858531951904e-01
-3.699914515018463135e-01
-3.702735006809234619e-01
-3.700746297836303711e-01
-3.695730865001678467e-01
-3.695777356624603271e-01
-3.701805770397186279e-01
-3.695358633995056152e-01
-3.692269325256347656e-01
-3.696131706237792969e-01
-3.691852092742919922e-01
-3.694672584533691406e-01
-3.692999184131622314e-01
-3.700420558452606201e-01
-3.694917559623718262e-01
-3.695058524608612061e-01
-3.695112168788909912e-01
-3.687669634819030762e-01
-3.696744441986083984e-01
-3.695015609264373779e-01
-3.696862161159515381e-01
-3.697997331619262695e-01
-3.696440160274505615e-01
-3.702235817909240723e-01
-3.696532249450683594e-01
-3.699700236320495605e-01
-3.695554733276367188e-01
-3.692505955696105957e-01
-3.692452311515808105e-01
-3.694582879543304443e-01
-3.697009086608886719e-01
-3.693688213825225830e-01
-3.698994815349578857e-01
-3.684469461441040039e-01
-3.695045113563537598e-01
-3.701248168945312500e-01
-3.696489334106445312e-01
-3.697500526905059814e-01
-3.692009150981903076e-01
-3.696957528591156006e-01
-3.698357641696929932e-01
-3.699882924556732178e-01
-3.693136274814605713e-01
-3.697519004344940186e-01
-3.694575726985931396e-01
-3.690059185028076172e-01
-3.695206046104431152e-01
-3.694241940975189209e-01
-3.689418137073516846e-01
-3.688503205776214600e-01
-3.698410093784332275e-01
-3.692084848880767822e-01
-3.699993789196014404e-01
-3.698073625564575195e-01
-3.689010739326477051e-01
-3.691770136356353760e-01
-3.693940937519073486e-01
-3.692881464958190918e-01
-3.695929646492004395e-01
-3.691331148147583008e-01
-3.700247108936309814e-01
-3.696826100349426270e-01
-3.695536553859710693e-01
-3.701389133930206299e-01
-3.697203993797302246e-01
-3.689523339271545410e-01
-3.699831068515777588e-01
-3.700196444988250732e-01
-3.701847791671752930e-01
-3.698436021804809570e-01
-3.694378137588500977e-01
-3.695096075534820557e-01
-3.696871101856231689e-01
-3.700947761535644531e-01
-3.697506785392761230e-01
-3.698216676712036133e-01
-3.691301941871643066e-01
-3.705358207225799561e-01
-3.698022663593292236e-01
-3.700015246868133545e-01
-3.697599470615386963e-01
-3.693725168704986572e-01
-3.693537712097167969e-01
-3.698209524154663086e-01
-3.700245916843414307e-01
-3.701596558094024658e-01
-3.696781098842620850e-01
-3.697358369827270508e-01
-3.695161044597625732e-01
-3.703265488147735596e-01
-3.699295520782470703e-01
-3.694571554660797119e-01
-3.702460229396820068e-01
-3.697593510150909424e-01
-3.701488673686981201e-01
-3.697406649589538574e-01
-3.696357309818267822e-01
-3.698357045650482178e-01
-3.696801662445068359e-01
-3.691098988056182861e-01
-3.700369596481323242e-01
-3.693723082542419434e-01
-3.697020709514617920e-01
-3.702142834663391113e-01
-3.694620728492736816e-01
-3.701675534248352051e-01
-3.695896565914154053e-01
-3.697257637977600098e-01
-3.697615861892700195e-01
-3.692142963409423828e-01
-3.695173859596252441e-01
-3.692038059234619141e-01
-3.704928457736968994e-01
-3.697744607925415039e-01
-3.700049519538879395e-01
-3.701296746730804443e-01
-3.699709177017211914e-01
-3.696107864379882812e-01
-3.696096241474151611e-01
-3.697688579559326172e-01
-3.701336681842803955e-01
-3.696453571319580078e-01
-3.698379993438720703e-01
-3.700117468833923340e-01
-3.694446980953216553e-01
-3.694713711738586426e-01
-3.693437576293945312e-01
-3.701267540454864502e-01
-3.695760965347290039e-01
-3.696680963039398193e-01
-3.698073625564575195e-01
-3.694277703762054443e-01
-3.697722852230072021e-01
-3.694637119770050049e-01
-3.690277934074401855e-01
-3.691342771053314209e-01
-3.699612319469451904e-01
-3.692669868469238281e-01
-3.694061338901519775e-01
-3.694535791873931885e-01
-3.688791990280151367e-01
-3.689901828765869141e-01
-3.698690831661224365e-01
-3.695830702781677246e-01
-3.695517778396606445e-01
-3.699212670326232910e-01
-3.688112199306488037e-01
-3.686101734638214111e-01
-3.699474930763244629e-01
-3.697059154510498047e-01
-3.694520294666290283e-01
-3.699350059032440186e-01
-3.698914647102355957e-01
-3.698082566261291504e-01
-3.700213730335235596e-01
-3.696699142456054688e-01
-3.698798120021820068e-01
-3.691519796848297119e-01
-3.691958487033843994e-01
-3.695599734783172607e-01
-3.702998161315917969e-01
-3.701157271862030029e-01
-3.698967397212982178e-01
-3.699710071086883545e-01
-3.698362410068511963e-01
-3.704280257225036621e-01
-3.701843321323394775e-01
-3.698015213012695312e-01
-3.698997199535369873e-01
-3.695667684078216553e-01
-3.697040677070617676e-01
-3.702445030212402344e-01
-3.700061142444610596e-01
-3.698386847972869873e-01
-3.694212138652801514e-01
-3.699979782104492188e-01
-3.695255815982818604e-01
-3.701173067092895508e-01
-3.703036010265350342e-01
-3.699700236320495605e-01
-3.697974383831024170e-01
-3.695360720157623291e-01
-3.697234094142913818e-01
-3.694747090339660645e-01
-3.700027763843536377e-01
-3.699322044849395752e-01
-3.702279627323150635e-01
-3.696099221706390381e-01
-3.697281479835510254e-01
-3.701607286930084229e-01
-3.698330819606781006e-01
-3.695000410079956055e-01
-3.697882592678070068e-01
-3.699940741062164307e-01
-3.700085580348968506e-01
-3.699066042900085449e-01
-3.694350719451904297e-01
-3.700524270534515381e-01
-3.695015311241149902e-01
-3.702666163444519043e-01
-3.702097833156585693e-01
-3.699121773242950439e-01
-3.698722422122955322e-01
-3.701918423175811768e-01
-3.699778318405151367e-01
-3.700010478496551514e-01
-3.705872297286987305e-01
-3.703105449676513672e-01
-3.698871433734893799e-01
-3.703857958316802979e-01
-3.700571358203887939e-01
-3.695042431354522705e-01
-3.696646988391876221e-01
-3.703604340553283691e-01
-3.705475628376007080e-01
-3.695397973060607910e-01
-3.697164952754974365e-01
-3.701038062572479248e-01
-3.698112964630126953e-01
-3.698690831661224365e-01
-3.702327907085418701e-01
-3.704850673675537109e-01
-3.704389035701751709e-01
-3.694256544113159180e-01
-3.690230548381805420e-01
-3.701279759407043457e-01
-3.695022463798522949e-01
-3.695931732654571533e-01
-3.703545033931732178e-01
-3.705605566501617432e-01
-3.699257671833038330e-01
-3.702135682106018066e-01
-3.699259161949157715e-01
-3.698486089706420898e-01
-3.700192868709564209e-01
-3.699919879436492920e-01
-3.699958622455596924e-01
-3.698303103446960449e-01
-3.703065812587738037e-01
-3.698522448539733887e-01
-3.692835271358489990e-01
-3.697106242179870605e-01
-3.693196475505828857e-01
-3.705431520938873291e-01
-3.704887628555297852e-01
-3.697696626186370850e-01
-3.697606623172760010e-01
-3.701543509960174561e-01
-3.700489103794097900e-01
-3.700919151306152344e-01
-3.688303530216217041e-01
-3.704717457294464111e-01
-3.692944645881652832e-01
-3.694294393062591553e-01
-3.697574734687805176e-01
-3.697862625122070312e-01
-3.701986670494079590e-01
-3.699990808963775635e-01
-3.699634969234466553e-01
-3.697480261325836182e-01
-3.699135780334472656e-01
-3.696774244308471680e-01
