2.435669422149658203e+00
1.276903033256530762e+00
2.923322916030883789e-01
-1.652867347002029419e-01
-1.806041896343231201e-01
-9.529451280832290649e-02
-7.359453290700912476e-02
-1.080712899565696716e-01
-1.337839961051940918e-01
-1.284901797771453857e-01
-1.206166222691535950e-01
-1.343512237071990967e-01
-1.403643190860748291e-01
-1.459098160266876221e-01
-1.429284363985061646e-01
-1.470443159341812134e-01
-1.584242433309555054e-01
-1.698429435491561890e-01
-1.763346344232559204e-01
-1.699066758155822754e-01
-1.762040704488754272e-01
-1.829317957162857056e-01
-1.825888603925704956e-01
-1.911386698484420776e-01
-1.935424357652664185e-01
-1.949101686477661133e-01
-1.976947933435440063e-01
-1.989864259958267212e-01
-2.034793198108673096e-01
-2.111888527870178223e-01
-2.083036303520202637e-01
-2.121780663728713989e-01
-2.128817588090896606e-01
-2.133828997611999512e-01
-2.157047390937805176e-01
-2.162569165229797363e-01
-2.204985022544860840e-01
-2.170058935880661011e-01
-2.197505086660385132e-01
-2.224721312522888184e-01
-2.176862210035324097e-01
-2.216123491525650024e-01
-2.280146330595016479e-01
-2.213541567325592041e-01
-2.258453369140625000e-01
-2.253615558147430420e-01
-2.280373275279998779e-01
-2.262600958347320557e-01
-2.239689379930496216e-01
-2.307598888874053955e-01
-2.224453389644622803e-01
-2.317322939634323120e-01
-2.254437208175659180e-01
-2.334656715393066406e-01
-2.297821640968322754e-01
-2.327354401350021362e-01
-2.231080681085586548e-01
-2.341607511043548584e-01
-2.354025095701217651e-01
-2.333407551050186157e-01
-2.350738942623138428e-01
-2.289428561925888062e-01
-2.294695675373077393e-01
-2.391363978385925293e-01
-2.357235997915267944e-01
-2.347034662961959839e-01
-2.355449646711349487e-01
-2.356925904750823975e-01
-2.362746000289916992e-01
-2.391762733459472656e-01
-2.387200295925140381e-01
-2.383319139480590820e-01
-2.456982135772705078e-01
-2.464840710163116455e-01
-2.390773147344589233e-01
-2.410115152597427368e-01
-2.344958335161209106e-01
-2.353797256946563721e-01
-2.367627620697021484e-01
-2.349765449762344360e-01
-2.401431500911712646e-01
-2.352055609226226807e-01
-2.368658781051635742e-01
-2.374371290206909180e-01
-2.443827539682388306e-01
-2.471124380826950073e-01
-2.454323172569274902e-01
-2.433350533246994019e-01
-2.391888201236724854e-01
-2.498362064361572266e-01
-2.460192590951919556e-01
-2.483767271041870117e-01
-2.453553974628448486e-01
-2.447405606508255005e-01
-2.506462037563323975e-01
-2.481459677219390869e-01
-2.555518150329589844e-01
-2.555907666683197021e-01
-2.559122443199157715e-01
-2.530190646648406982e-01
-2.504347860813140869e-01
-2.583655416965484619e-01
-2.552365362644195557e-01
-2.510492801666259766e-01
-2.464000284671783447e-01
-2.525829076766967773e-01
-2.465998530387878418e-01
-2.489745914936065674e-01
-2.513294219970703125e-01
-2.539702057838439941e-01
-2.478011846542358398e-01
-2.551165223121643066e-01
-2.564360499382019043e-01
-2.538315653800964355e-01
-2.473972439765930176e-01
-2.602326571941375732e-01
-2.553295493125915527e-01
-2.558430135250091553e-01
-2.486623525619506836e-01
-2.521448731422424316e-01
-2.538676261901855469e-01
-2.581650018692016602e-01
-2.597171664237976074e-01
-2.646830379962921143e-01
-2.620605826377868652e-01
-2.551763355731964111e-01
-2.552722394466400146e-01
-2.478721141815185547e-01
-2.498541325330734253e-01
-2.490676045417785645e-01
-2.538798749446868896e-01
-2.546848952770233154e-01
-2.593919634819030762e-01
-2.559502422809600830e-01
-2.647642791271209717e-01
-2.553076744079589844e-01
-2.606454491615295410e-01
-2.569479048252105713e-01
-2.624744474887847900e-01
-2.571055293083190918e-01
-2.580799162387847900e-01
-2.601684927940368652e-01
-2.665384709835052490e-01
-2.603059113025665283e-01
-2.648765742778778076e-01
-2.639286518096923828e-01
-2.640507817268371582e-01
-2.599202394485473633e-01
-2.676955759525299072e-01
-2.649694681167602539e-01
-2.583617866039276123e-01
-2.648093402385711670e-01
-2.686767578125000000e-01
-2.697025239467620850e-01
-2.608259320259094238e-01
-2.659090459346771240e-01
-2.708111107349395752e-01
-2.736495733261108398e-01
-2.754850387573242188e-01
-2.703285217285156250e-01
-2.618858814239501953e-01
-2.655601203441619873e-01
-2.797901630401611328e-01
-2.709999978542327881e-01
-2.727919220924377441e-01
-2.744853794574737549e-01
-2.703210413455963135e-01
-2.682074010372161865e-01
-2.675433158874511719e-01
-2.669946253299713135e-01
-2.674161791801452637e-01
-2.663735449314117432e-01
-2.664338946342468262e-01
-2.721815407276153564e-01
-2.665608823299407959e-01
-2.705107331275939941e-01
-2.681478261947631836e-01
-2.709696590900421143e-01
-2.673708498477935791e-01
-2.790032923221588135e-01
-2.820014059543609619e-01
-2.638311386108398438e-01
-2.671543657779693604e-01
-2.655359208583831787e-01
-2.679622173309326172e-01
-2.765913903713226318e-01
-2.729390859603881836e-01
-2.756454348564147949e-01
-2.749160230159759521e-01
-2.764178514480590820e-01
-2.763954997062683105e-01
-2.742092907428741455e-01
-2.746583819389343262e-01
-2.728108465671539307e-01
-2.796210348606109619e-01
-2.702510058879852295e-01
-2.706559300422668457e-01
-2.741048038005828857e-01
-2.699014842510223389e-01
-2.711405754089355469e-01
-2.762161791324615479e-01
-2.709498405456542969e-01
-2.793043255805969238e-01
-2.797955572605133057e-01
-2.774296998977661133e-01
-2.730509638786315918e-01
-2.717154622077941895e-01
-2.719751000404357910e-01
-2.722634971141815186e-01
-2.742995619773864746e-01
-2.799743711948394775e-01
-2.732041478157043457e-01
-2.720156311988830566e-01
-2.674582898616790771e-01
-2.698003649711608887e-01
-2.703585922718048096e-01
-2.771090567111968994e-01
-2.791819870471954346e-01
-2.727590203285217285e-01
-2.747434973716735840e-01
-2.712866663932800293e-01
-2.744347453117370605e-01
-2.803741097450256348e-01
-2.802262902259826660e-01
-2.735991775989532471e-01
-2.743751406669616699e-01
-2.806445360183715820e-01
-2.833612561225891113e-01
-2.788126766681671143e-01
-2.747860848903656006e-01
-2.719698846340179443e-01
-2.741849422454833984e-01
-2.739636898040771484e-01
-2.818919718265533447e-01
-2.740734219551086426e-01
-2.791527509689331055e-01
-2.793553769588470459e-01
-2.792814671993255615e-01
-2.823753654956817627e-01
-2.744354009628295898e-01
-2.740276753902435303e-01
-2.822168469429016113e-01
-2.847621440887451172e-01
-2.798463404178619385e-01
-2.776279747486114502e-01
-2.747907042503356934e-01
-2.733527421951293945e-01
-2.794366478919982910e-01
-2.822211682796478271e-01
-2.796451449394226074e-01
-2.790349125862121582e-01
-2.870226204395294189e-01
-2.859818637371063232e-01
-2.810631990432739258e-01
-2.827673852443695068e-01
-2.864407896995544434e-01
-2.784902751445770264e-01
-2.731631398200988770e-01
-2.890216410160064697e-01
-2.885458171367645264e-01
-2.802377343177795410e-01
-2.920990586280822754e-01
-2.843028008937835693e-01
-2.936839163303375244e-01
-2.877779901027679443e-01
-2.876559793949127197e-01
-2.870559990406036377e-01
-2.859992086887359619e-01
-2.850373387336730957e-01
-2.953251004219055176e-01
-2.906017601490020752e-01
-2.904978692531585693e-01
-2.892757058143615723e-01
-2.968915402889251709e-01
-2.913182079792022705e-01
-2.880374491214752197e-01
-2.915308773517608643e-01
-2.951443791389465332e-01
-2.896941602230072021e-01
-2.874411046504974365e-01
-2.901602685451507568e-01
-2.943052947521209717e-01
-2.859024703502655029e-01
-2.858334481716156006e-01
-2.897404432296752930e-01
-2.878136634826660156e-01
-2.790348529815673828e-01
-2.867614626884460449e-01
-3.004814982414245605e-01
-2.978090643882751465e-01
-2.860274314880371094e-01
-2.928233146667480469e-01
-2.917698919773101807e-01
-2.928095757961273193e-01
-2.873803973197937012e-01
-2.998369634151458740e-01
-3.016726672649383545e-01
-2.928026616573333740e-01
-2.850376367568969727e-01
-2.862876653671264648e-01
-2.932764887809753418e-01
-2.929362952709197998e-01
-2.943372726440429688e-01
-2.937925755977630615e-01
-2.916228175163269043e-01
-2.864367663860321045e-01
-2.901206016540527344e-01
-2.952527403831481934e-01
-2.953076362609863281e-01
-2.918764352798461914e-01
-2.933567464351654053e-01
-2.949281334877014160e-01
-2.819512486457824707e-01
-2.822377085685729980e-01
-2.922051250934600830e-01
-3.019470274448394775e-01
-2.997777760028839111e-01
-2.932163774967193604e-01
-2.930092811584472656e-01
-2.896095812320709229e-01
-2.882738113403320312e-01
-2.844874560832977295e-01
-2.883413136005401611e-01
-3.000832498073577881e-01
-3.016216158866882324e-01
-2.935506403446197510e-01
-2.909251451492309570e-01
-2.922366857528686523e-01
-2.979716062545776367e-01
-2.908315956592559814e-01
-2.992151081562042236e-01
-2.928582131862640381e-01
-2.934471368789672852e-01
-2.911243140697479248e-01
-3.033482730388641357e-01
-2.942215502262115479e-01
-2.969290912151336670e-01
-2.965480387210845947e-01
-2.953119874000549316e-01
-2.920040488243103027e-01
-3.004956543445587158e-01
-2.932547926902770996e-01
-2.945136129856109619e-01
-2.880603373050689697e-01
-2.958438992500305176e-01
-3.019693791866302490e-01
-3.027694225311279297e-01
-2.929560840129852295e-01
-2.940887510776519775e-01
-2.949549555778503418e-01
-2.939188182353973389e-01
-2.978425920009613037e-01
-2.918983697891235352e-01
-2.987274825572967529e-01
-2.962422370910644531e-01
-2.975983321666717529e-01
-3.044387102127075195e-01
-2.913782894611358643e-01
-2.969959080219268799e-01
-3.032456636428833008e-01
-2.892993390560150146e-01
-2.982457280158996582e-01
-2.957191169261932373e-01
-2.968046367168426514e-01
-2.888787090778350830e-01
-3.053874671459197998e-01
-2.976907491683959961e-01
-2.903542816638946533e-01
-2.951757907867431641e-01
-2.957942783832550049e-01
-3.027658164501190186e-01
-2.872624397277832031e-01
-2.964880168437957764e-01
-3.008350729942321777e-01
-3.023310303688049316e-01
-2.980671226978302002e-01
-2.990333735942840576e-01
-2.954663932323455811e-01
-2.998694479465484619e-01
-2.952128648757934570e-01
-3.030667901039123535e-01
-3.014076650142669678e-01
-2.927307784557342529e-01
-3.066078722476959229e-01
-3.019342124462127686e-01
-2.950696349143981934e-01
-2.986715137958526611e-01
-2.962529361248016357e-01
-3.075802624225616455e-01
-2.901700139045715332e-01
-3.041782081127166748e-01
-2.894296348094940186e-01
-2.980888485908508301e-01
-3.057737350463867188e-01
-2.993988692760467529e-01
-2.968011796474456787e-01
-2.961772382259368896e-01
-3.099969625473022461e-01
-2.986919581890106201e-01
-3.029584884643554688e-01
-2.986066341400146484e-01
-3.070299923419952393e-01
-3.039812743663787842e-01
-2.914406061172485352e-01
-3.089999258518218994e-01
-3.022627532482147217e-01
-2.945465147495269775e-01
-3.034923076629638672e-01
-3.075748383998870850e-01
-2.961049973964691162e-01
-3.031851649284362793e-01
-2.999865412712097168e-01
-3.070438206195831299e-01
-3.032107651233673096e-01
-2.963986992835998535e-01
-3.097324669361114502e-01
-2.976667284965515137e-01
-3.036483526229858398e-01
-3.032382130622863770e-01
-3.031199872493743896e-01
-3.026476204395294189e-01
-3.099647462368011475e-01
-3.007870614528656006e-01
-3.060834705829620361e-01
-3.081970214843750000e-01
-3.025807440280914307e-01
-3.114532828330993652e-01
-3.045827150344848633e-01
-3.068295419216156006e-01
-3.127799928188323975e-01
-3.010525107383728027e-01
-3.031981289386749268e-01
-3.068752586841583252e-01
-3.078205585479736328e-01
-3.131042420864105225e-01
-3.077093362808227539e-01
-3.075349032878875732e-01
-3.063454329967498779e-01
-3.028679490089416504e-01
-3.097681105136871338e-01
-3.045204281806945801e-01
-3.100510835647583008e-01
-3.109862804412841797e-01
-3.121157288551330566e-01
-3.053458929061889648e-01
-3.159719407558441162e-01
-3.051390945911407471e-01
-3.164556920528411865e-01
-3.104208111763000488e-01
-3.196925520896911621e-01
-3.083370029926300049e-01
-3.118664026260375977e-01
-3.151396214962005615e-01
-3.117472827434539795e-01
-3.136751353740692139e-01
-3.126083612442016602e-01
-3.148866593837738037e-01
-3.153660893440246582e-01
-3.123775720596313477e-01
-3.016630113124847412e-01
-3.170778751373291016e-01
-3.177323937416076660e-01
-3.085398674011230469e-01
-3.120960891246795654e-01
-3.201225697994232178e-01
-3.185552954673767090e-01
-3.152188658714294434e-01
-3.102426528930664062e-01
-3.143656849861145020e-01
-3.198298811912536621e-01
-3.107876181602478027e-01
-3.211855888366699219e-01
-3.198475241661071777e-01
-3.195084333419799805e-01
-3.155161738395690918e-01
-3.179771006107330322e-01
-3.135703206062316895e-01
-3.224211335182189941e-01
-3.154815733432769775e-01
-3.192891776561737061e-01
-3.158145248889923096e-01
-3.224125802516937256e-01
-3.172068595886230469e-01
-3.210645020008087158e-01
-3.206545710563659668e-01
-3.239704370498657227e-01
-3.164077699184417725e-01
-3.151915371417999268e-01
-3.202002346515655518e-01
-3.226565420627593994e-01
-3.168109059333801270e-01
-3.217634260654449463e-01
-3.266861140727996826e-01
-3.192363381385803223e-01
-3.212006390094757080e-01
-3.225598931312561035e-01
-3.256233036518096924e-01
-3.178126215934753418e-01
-3.262483179569244385e-01
-3.219619095325469971e-01
-3.219622671604156494e-01
-3.270901143550872803e-01
-3.219138681888580322e-01
-3.182238042354583740e-01
-3.210180103778839111e-01
-3.273568749427795410e-01
-3.211853206157684326e-01
-3.224860429763793945e-01
-3.281250000000000000e-01
-3.192464113235473633e-01
-3.191956579685211182e-01
-3.262216150760650635e-01
-3.262361884117126465e-01
-3.277029991149902344e-01
-3.260828852653503418e-01
-3.175890743732452393e-01
-3.248618245124816895e-01
-3.232126533985137939e-01
-3.250490128993988037e-01
-3.267069756984710693e-01
-3.241295218467712402e-01
-3.307609856128692627e-01
-3.286086618900299072e-01
-3.237479031085968018e-01
-3.318741321563720703e-01
-3.314353525638580322e-01
-3.305898904800415039e-01
-3.229412734508514404e-01
-3.254677355289459229e-01
-3.298299312591552734e-01
-3.179194331169128418e-01
-3.280285298824310303e-01
-3.279221057891845703e-01
-3.269083201885223389e-01
-3.222849071025848389e-01
-3.329194188117980957e-01
-3.288586437702178955e-01
-3.223154246807098389e-01
-3.292126059532165527e-01
-3.297467529773712158e-01
-3.247895538806915283e-01
-3.354746699333190918e-01
-3.285213112831115723e-01
-3.262808918952941895e-01
-3.308571279048919678e-01
-3.280154168605804443e-01
-3.288341462612152100e-01
-3.322728872299194336e-01
-3.269346356391906738e-01
-3.289185166358947754e-01
-3.283998966217041016e-01
-3.283907473087310791e-01
-3.310544490814208984e-01
-3.286233544349670410e-01
-3.284077048301696777e-01
-3.345261216163635254e-01
-3.311915993690490723e-01
-3.326029181480407715e-01
-3.315164744853973389e-01
-3.287641704082489014e-01
-3.322235345840454102e-01
-3.332242369651794434e-01
-3.338278830051422119e-01
-3.259363174438476562e-01
-3.342784345149993896e-01
-3.337197899818420410e-01
-3.281894028186798096e-01
-3.315275907516479492e-01
-3.359810113906860352e-01
-3.306704163551330566e-01
-3.321464359760284424e-01
-3.355611860752105713e-01
-3.347603678703308105e-01
-3.321456313133239746e-01
-3.255302011966705322e-01
-3.312733769416809082e-01
-3.369230926036834717e-01
-3.351880013942718506e-01
-3.325782418251037598e-01
-3.299749195575714111e-01
-3.319688439369201660e-01
-3.353246450424194336e-01
-3.287872374057769775e-01
-3.323007225990295410e-01
-3.325026929378509521e-01
-3.322946727275848389e-01
-3.276832401752471924e-01
-3.366874158382415771e-01
-3.321235179901123047e-01
-3.372710943222045898e-01
-3.336789309978485107e-01
-3.332967758178710938e-01
-3.345220983028411865e-01
-3.332320451736450195e-01
-3.331478238105773926e-01
-3.334669172763824463e-01
-3.354589641094207764e-01
-3.356905877590179443e-01
-3.314007818698883057e-01
-3.330050706863403320e-01
-3.379614949226379395e-01
-3.400095701217651367e-01
-3.376788496971130371e-01
-3.334076106548309326e-01
-3.343613743782043457e-01
-3.359868824481964111e-01
-3.371866941452026367e-01
-3.320070505142211914e-01
-3.339831531047821045e-01
-3.343666791915893555e-01
-3.387248218059539795e-01
-3.360403478145599365e-01
-3.335995376110076904e-01
-3.353992402553558350e-01
-3.385223150253295898e-01
-3.353237211704254150e-01
-3.348506689071655273e-01
-3.351928591728210449e-01
-3.309301435947418213e-01
-3.370454013347625732e-01
-3.384310305118560791e-01
-3.309028744697570801e-01
-3.335363268852233887e-01
-3.375120162963867188e-01
-3.380991518497467041e-01
-3.348348736763000488e-01
-3.346092402935028076e-01
-3.329601585865020752e-01
-3.345645666122436523e-01
-3.349136710166931152e-01
-3.348107039928436279e-01
-3.367703557014465332e-01
-3.353457748889923096e-01
-3.356227576732635498e-01
-3.345016539096832275e-01
-3.376403152942657471e-01
-3.349120020866394043e-01
-3.336588442325592041e-01
-3.381231129169464111e-01
-3.379090428352355957e-01
-3.368313312530517578e-01
-3.338075280189514160e-01
-3.351605236530303955e-01
-3.344197273254394531e-01
-3.326061367988586426e-01
-3.344100713729858398e-01
-3.332340717315673828e-01
-3.363802134990692139e-01
-3.358971476554870605e-01
-3.344377577304840088e-01
-3.392459750175476074e-01
-3.388530313968658447e-01
-3.381083011627197266e-01
-3.341872096061706543e-01
-3.389081358909606934e-01
-3.388547003269195557e-01
-3.366312980651855469e-01
-3.326078057289123535e-01
-3.383987545967102051e-01
-3.391848206520080566e-01
-3.348614573478698730e-01
-3.373364210128784180e-01
-3.332492709159851074e-01
-3.348078727722167969e-01
-3.370480835437774658e-01
-3.381217122077941895e-01
-3.376505076885223389e-01
-3.381258249282836914e-01
-3.365707695484161377e-01
-3.368388116359710693e-01
-3.404462039470672607e-01
-3.337531685829162598e-01
-3.384273648262023926e-01
-3.406051695346832275e-01
-3.364779651165008545e-01
-3.333259224891662598e-01
-3.393707275390625000e-01
-3.395754992961883545e-01
-3.352304995059967041e-01
-3.370273411273956299e-01
-3.410722017288208008e-01
-3.420630395412445068e-01
-3.361032009124755859e-01
-3.343959152698516846e-01
-3.375934362411499023e-01
-3.367114365100860596e-01
-3.369693458080291748e-01
-3.393093645572662354e-01
-3.349732160568237305e-01
-3.333160281181335449e-01
-3.385766744613647461e-01
-3.376440405845642090e-01
-3.384308218955993652e-01
-3.363495469093322754e-01
-3.405625522136688232e-01
-3.428408503532409668e-01
-3.351657986640930176e-01
-3.381325602531433105e-01
-3.389550447463989258e-01
-3.394435048103332520e-01
-3.393459618091583252e-01
-3.426856398582458496e-01
-3.382172882556915283e-01
-3.386043012142181396e-01
-3.386815488338470459e-01
-3.422726392745971680e-01
-3.360871672630310059e-01
-3.340956568717956543e-01
-3.400771617889404297e-01
-3.397997319698333740e-01
-3.394579589366912842e-01
-3.379223644733428955e-01
-3.433458805084228516e-01
-3.407018184661865234e-01
-3.424980342388153076e-01
-3.370662331581115723e-01
-3.407318890094757080e-01
-3.401813209056854248e-01
-3.357196152210235596e-01
-3.394790887832641602e-01
-3.376032412052154541e-01
-3.356799781322479248e-01
-3.391917049884796143e-01
-3.433441519737243652e-01
-3.404516577720642090e-01
-3.389105796813964844e-01
-3.353317379951477051e-01
-3.348660469055175781e-01
-3.436676859855651855e-01
-3.394949436187744141e-01
-3.373804390430450439e-01
-3.434388935565948486e-01
-3.383789658546447754e-01
-3.360966742038726807e-01
-3.395056426525115967e-01
-3.400973677635192871e-01
-3.440918922424316406e-01
-3.393513262271881104e-01
-3.412610590457916260e-01
-3.424810171127319336e-01
-3.397848606109619141e-01
-3.392923176288604736e-01
-3.410166203975677490e-01
-3.391013145446777344e-01
-3.403593003749847412e-01
-3.433731496334075928e-01
-3.395480811595916748e-01
-3.398494124412536621e-01
-3.399719893932342529e-01
-3.422275781631469727e-01
-3.436916470527648926e-01
-3.399166166782379150e-01
-3.398629426956176758e-01
-3.384734094142913818e-01
-3.358535468578338623e-01
-3.401182293891906738e-01
-3.410387039184570312e-01
-3.398568630218505859e-01
-3.383487462997436523e-01
-3.409562408924102783e-01
-3.428115248680114746e-01
-3.378579914569854736e-01
-3.406027257442474365e-01
-3.403209745883941650e-01
-3.409593403339385986e-01
-3.388382494449615479e-01
-3.335359096527099609e-01
-3.433011770248413086e-01
-3.389788568019866943e-01
-3.415189087390899658e-01
-3.422051370143890381e-01
-3.401316404342651367e-01
-3.388842940330505371e-01
-3.430951535701751709e-01
-3.393661379814147949e-01
-3.415540158748626709e-01
-3.399085998535156250e-01
-3.421998620033264160e-01
-3.403637111186981201e-01
-3.409427404403686523e-01
-3.405013978481292725e-01
-3.461127877235412598e-01
-3.360573351383209229e-01
-3.376491665840148926e-01
-3.400714695453643799e-01
-3.413955569267272949e-01
-3.426806032657623291e-01
-3.385223746299743652e-01
-3.388299345970153809e-01
-3.377902209758758545e-01
-3.419477641582489014e-01
-3.418608009815216064e-01
-3.413746953010559082e-01
-3.375261127948760986e-01
-3.356811702251434326e-01
-3.390026390552520752e-01
-3.431996703147888184e-01
-3.422835171222686768e-01
-3.391689360141754150e-01
-3.395037353038787842e-01
-3.427382111549377441e-01
-3.402053117752075195e-01
-3.404083251953125000e-01
-3.450425267219543457e-01
-3.349006772041320801e-01
-3.401153087615966797e-01
-3.421106338500976562e-01
-3.414738774299621582e-01
-3.419897854328155518e-01
-3.386449515819549561e-01
-3.407613635063171387e-01
-3.420435190200805664e-01
-3.350954055786132812e-01
-3.374674022197723389e-01
-3.397992253303527832e-01
-3.389851152896881104e-01
-3.383988738059997559e-01
-3.416288197040557861e-01
-3.432809710502624512e-01
-3.386969566345214844e-01
-3.372151553630828857e-01
-3.394296169281005859e-01
-3.412047028541564941e-01
-3.423415422439575195e-01
-3.401027321815490723e-01
-3.361702561378479004e-01
-3.384891450405120850e-01
-3.406785130500793457e-01
-3.387021720409393311e-01
-3.380317986011505127e-01
-3.400470316410064697e-01
-3.389883339405059814e-01
-3.369862735271453857e-01
-3.362004756927490234e-01
-3.428559601306915283e-01
-3.400371670722961426e-01
-3.396229743957519531e-01
-3.394225239753723145e-01
-3.366548120975494385e-01
-3.401607573032379150e-01
-3.360833227634429932e-01
-3.397524654865264893e-01
-3.387639522552490234e-01
-3.410713970661163330e-01
-3.382775783538818359e-01
-3.424458503723144531e-01
-3.389549553394317627e-01
-3.425676226615905762e-01
-3.397979736328125000e-01
-3.406597077846527100e-01
-3.395995795726776123e-01
-3.393218815326690674e-01
-3.361851274967193604e-01
-3.381669223308563232e-01
-3.394795656204223633e-01
-3.404946923255920410e-01
-3.368092775344848633e-01
-3.390204310417175293e-01
-3.416561782360076904e-01
-3.408491313457489014e-01
-3.405194580554962158e-01
-3.425627350807189941e-01
-3.389734029769897461e-01
-3.377904891967773438e-01
-3.394307196140289307e-01
-3.357413113117218018e-01
-3.420032858848571777e-01
-3.442243635654449463e-01
-3.385535776615142822e-01
-3.393837213516235352e-01
-3.415007293224334717e-01
-3.411660194396972656e-01
-3.391872644424438477e-01
-3.398959040641784668e-01
-3.401792347431182861e-01
-3.392460644245147705e-01
-3.429064452648162842e-01
-3.432931005954742432e-01
-3.402229547500610352e-01
-3.388900160789489746e-01
-3.395925164222717285e-01
-3.385387063026428223e-01
-3.372873067855834961e-01
-3.359933495521545410e-01
-3.393976986408233643e-01
-3.374606966972351074e-01
-3.369245529174804688e-01
-3.418989181518554688e-01
-3.372783064842224121e-01
-3.359808921813964844e-01
-3.387235105037689209e-01
-3.400591909885406494e-01
-3.403151333332061768e-01
-3.368487060070037842e-01
-3.395958244800567627e-01
-3.377583026885986328e-01
-3.354909121990203857e-01
-3.377495706081390381e-01
-3.427542746067047119e-01
-3.386763334274291992e-01
-3.335238695144653320e-01
-3.356937468051910400e-01
-3.408505916595458984e-01
-3.418367803096771240e-01
-3.395327031612396240e-01
-3.372070789337158203e-01
-3.364333510398864746e-01
-3.418516218662261963e-01
-3.422550559043884277e-01
-3.375920355319976807e-01
-3.407192826271057129e-01
-3.402018547058105469e-01
-3.413458764553070068e-01
-3.360728323459625244e-01
-3.376230299472808838e-01
-3.344581127166748047e-01
-3.367387056350708008e-01
-3.405237793922424316e-01
-3.404348790645599365e-01
-3.382631242275238037e-01
-3.365311622619628906e-01
-3.350682258605957031e-01
-3.388157188892364502e-01
-3.397567868232727051e-01
-3.401602208614349365e-01
-3.392174541950225830e-01
-3.403230011463165283e-01
-3.396874964237213135e-01
-3.367834985256195068e-01
-3.375957608222961426e-01
-3.377935886383056641e-01
-3.405079841613769531e-01
-3.370105028152465820e-01
-3.404629826545715332e-01
-3.387147784233093262e-01
-3.395454883575439453e-01
-3.408977091312408447e-01
-3.378515541553497314e-01
-3.385065197944641113e-01
-3.364569842815399170e-01
-3.380014598369598389e-01
-3.383415639400482178e-01
-3.388776481151580811e-01
-3.378948867321014404e-01
-3.369806408882141113e-01
-3.353547453880310059e-01
-3.391597270965576172e-01
-3.369306325912475586e-01
-3.374154865741729736e-01
-3.413758575916290283e-01
-3.376244008541107178e-01
-3.299932181835174561e-01
-3.378501236438751221e-01
-3.422158062458038330e-01
-3.366355597972869873e-01
-3.406320214271545410e-01
-3.387257158756256104e-01
-3.392561078071594238e-01
-3.369268178939819336e-01
-3.340785801410675049e-01
-3.358219563961029053e-01
-3.378831446170806885e-01
-3.353461027145385742e-01
-3.382733762264251709e-01
-3.338610827922821045e-01
-3.367271125316619873e-01
-3.371872007846832275e-01
-3.402560949325561523e-01
-3.354610502719879150e-01
-3.351360857486724854e-01
-3.387973606586456299e-01
-3.421990275382995605e-01
-3.379640877246856689e-01
-3.351270556449890137e-01
-3.373845815658569336e-01
-3.389151692390441895e-01
-3.377235829830169678e-01
-3.365262448787689209e-01
-3.375707864761352539e-01
-3.363889753818511963e-01
-3.376207053661346436e-01
-3.368832767009735107e-01
-3.383255302906036377e-01
-3.392845690250396729e-01
-3.342861235141754150e-01
-3.366521000862121582e-01
-3.360849320888519287e-01
-3.396658301353454590e-01
-3.392258882522583008e-01
-3.357264399528503418e-01
-3.356225192546844482e-01
-3.326086997985839844e-01
-3.333305418491363525e-01
-3.378023803234100342e-01
-3.337187469005584717e-01
-3.382008969783782959e-01
-3.361006975173950195e-01
-3.361072242259979248e-01
-3.376950025558471680e-01
-3.316548466682434082e-01
-3.353299498558044434e-01
-3.352259099483489990e-01
-3.368618190288543701e-01
-3.357327282428741455e-01
-3.357761800289154053e-01
-3.377641737461090088e-01
-3.362562358379364014e-01
-3.362677097320556641e-01
-3.362337946891784668e-01
-3.355130553245544434e-01
-3.372222185134887695e-01
-3.373195827007293701e-01
-3.321521580219268799e-01
-3.363780379295349121e-01
-3.361019194126129150e-01
-3.355918526649475098e-01
-3.305859267711639404e-01
-3.342490196228027344e-01
-3.370095789432525635e-01
-3.357689678668975830e-01
-3.336410522460937500e-01
-3.337998092174530029e-01
-3.334725499153137207e-01
-3.362863063812255859e-01
-3.332496881484985352e-01
-3.364065885543823242e-01
-3.350827693939208984e-01
-3.342853784561157227e-01
-3.301548361778259277e-01
-3.367298841476440430e-01
-3.378487229347229004e-01
-3.359920680522918701e-01
-3.335455656051635742e-01
-3.368178009986877441e-01
-3.347452878952026367e-01
-3.340214490890502930e-01
-3.365851640701293945e-01
-3.351449668407440186e-01
-3.333035707473754883e-01
-3.372969031333923340e-01
-3.380198478698730469e-01
-3.338207304477691650e-01
-3.357913196086883545e-01
-3.320933580398559570e-01
-3.339253664016723633e-01
-3.330018520355224609e-01
-3.337318003177642822e-01
-3.358710110187530518e-01
-3.310308158397674561e-01
-3.329757153987884521e-01
-3.312524557113647461e-01
-3.311782777309417725e-01
-3.304952383041381836e-01
-3.339640200138092041e-01
-3.326382339000701904e-01
-3.296616673469543457e-01
-3.327273130416870117e-01
-3.313375115394592285e-01
-3.267332017421722412e-01
-3.316772580146789551e-01
-3.325559794902801514e-01
-3.350957632064819336e-01
-3.305090367794036865e-01
-3.344572186470031738e-01
-3.370596170425415039e-01
-3.344509303569793701e-01
-3.308527171611785889e-01
-3.318956196308135986e-01
-3.359069228172302246e-01
-3.347157537937164307e-01
-3.295858204364776611e-01
-3.301373124122619629e-01
-3.320108354091644287e-01
-3.328621089458465576e-01
-3.308461904525756836e-01
-3.330079615116119385e-01
-3.303219676017761230e-01
-3.320654630661010742e-01
-3.342646062374114990e-01
-3.333811461925506592e-01
-3.302894234657287598e-01
-3.304053246974945068e-01
-3.298996686935424805e-01
-3.322111368179321289e-01
-3.273700773715972900e-01
-3.294210135936737061e-01
-3.298386335372924805e-01
-3.337593376636505127e-01
-3.344216346740722656e-01
-3.343275785446166992e-01
-3.364233672618865967e-01
-3.333742618560791016e-01
-3.289493024349212646e-01
-3.315908908843994141e-01
-3.318843245506286621e-01
-3.294745385646820068e-01
-3.314366042613983154e-01
-3.341754674911499023e-01
-3.299153745174407959e-01
-3.305621445178985596e-01
-3.328674733638763428e-01
-3.289777934551239014e-01
-3.280397951602935791e-01
-3.303126692771911621e-01
-3.308351337909698486e-01
-3.330374956130981445e-01
-3.274917006492614746e-01
-3.290486931800842285e-01
-3.311325311660766602e-01
-3.314577639102935791e-01
-3.315101861953735352e-01
-3.325587809085845947e-01
-3.278213143348693848e-01
-3.313240408897399902e-01
-3.310006856918334961e-01
-3.272092044353485107e-01
-3.298490941524505615e-01
-3.285166919231414795e-01
-3.319074809551239014e-01
-3.324027657508850098e-01
-3.315410912036895752e-01
-3.314754962921142578e-01
-3.307536542415618896e-01
-3.264892101287841797e-01
-3.310609757900238037e-01
-3.300426602363586426e-01
-3.257557153701782227e-01
-3.318916261196136475e-01
-3.311438262462615967e-01
-3.295518159866333008e-01
-3.307552039623260498e-01
-3.332193791866302490e-01
-3.297298252582550049e-01
-3.294916450977325439e-01
-3.305826187133789062e-01
-3.291954398155212402e-01
-3.231881856918334961e-01
-3.354391157627105713e-01
-3.346026241779327393e-01
-3.306818306446075439e-01
-3.274179100990295410e-01
-3.292025029659271240e-01
-3.283565044403076172e-01
-3.264557421207427979e-01
-3.254028260707855225e-01
-3.259710073471069336e-01
-3.277699053287506104e-01
-3.296074867248535156e-01
-3.306562602519989014e-01
-3.309902846813201904e-01
-3.295516967773437500e-01
-3.299120068550109863e-01
-3.237822949886322021e-01
-3.320116102695465088e-01
-3.291408419609069824e-01
-3.257824480533599854e-01
-3.292550742626190186e-01
-3.278270959854125977e-01
-3.267351388931274414e-01
-3.275300562381744385e-01
-3.269905447959899902e-01
-3.247852921485900879e-01
-3.275932073593139648e-01
-3.311525583267211914e-01
-3.269458413124084473e-01
-3.291078805923461914e-01
-3.268622457981109619e-01
-3.217984735965728760e-01
-3.280778229236602783e-01
-3.274384140968322754e-01
-3.260211348533630371e-01
-3.285674750804901123e-01
-3.270260393619537354e-01
-3.298517465591430664e-01
-3.279067873954772949e-01
-3.287264406681060791e-01
-3.260896205902099609e-01
-3.314493298530578613e-01
-3.232242465019226074e-01
-3.218442499637603760e-01
-3.304548561573028564e-01
-3.308655917644500732e-01
-3.297841250896453857e-01
-3.246215283870697021e-01
-3.270087838172912598e-01
-3.254475295543670654e-01
-3.255252540111541748e-01
-3.289027214050292969e-01
-3.305040895938873291e-01
-3.277876079082489014e-01
-3.244026899337768555e-01
-3.283063471317291260e-01
-3.303087353706359863e-01
-3.256555199623107910e-01
-3.257689177989959717e-01
-3.297099173069000244e-01
-3.291262686252593994e-01
-3.251976966857910156e-01
-3.291115164756774902e-01
-3.263218700885772705e-01
-3.276730477809906006e-01
-3.227451741695404053e-01
-3.239784240722656250e-01
-3.286010026931762695e-01
-3.274513185024261475e-01
-3.272455036640167236e-01
-3.225424289703369141e-01
-3.183339536190032959e-01
-3.282142579555511475e-01
-3.250255286693572998e-01
-3.235274553298950195e-01
-3.214987814426422119e-01
-3.249347805976867676e-01
-3.271612226963043213e-01
-3.306888043880462646e-01
-3.253041803836822510e-01
-3.283075094223022461e-01
-3.239742517471313477e-01
-3.230786919593811035e-01
-3.261181712150573730e-01
-3.273647427558898926e-01
-3.249125480651855469e-01
-3.209043145179748535e-01
-3.238325417041778564e-01
-3.249828815460205078e-01
-3.267347216606140137e-01
-3.225466907024383545e-01
-3.224599361419677734e-01
-3.236775100231170654e-01
-3.250501751899719238e-01
-3.227896094322204590e-01
-3.246459364891052246e-01
-3.237009346485137939e-01
-3.251776695251464844e-01
-3.239586949348449707e-01
-3.227326869964599609e-01
-3.227228224277496338e-01
-3.214551806449890137e-01
-3.226671218872070312e-01
-3.271405100822448730e-01
-3.258290290832519531e-01
-3.258214592933654785e-01
-3.228024542331695557e-01
-3.233255743980407715e-01
-3.222651183605194092e-01
-3.234510719776153564e-01
-3.241865932941436768e-01
-3.244947493076324463e-01
-3.226370215415954590e-01
-3.229235112667083740e-01
-3.200148344039916992e-01
-3.228687644004821777e-01
-3.257420361042022705e-01
-3.205900788307189941e-01
-3.239091038703918457e-01
-3.249834477901458740e-01
-3.196380734443664551e-01
-3.225313723087310791e-01
-3.233077526092529297e-01
-3.188779652118682861e-01
-3.230508863925933838e-01
-3.254410624504089355e-01
-3.180455565452575684e-01
-3.222956657409667969e-01
-3.268433809280395508e-01
-3.201483488082885742e-01
-3.206204771995544434e-01
-3.236889839172363281e-01
-3.213245272636413574e-01
-3.176212012767791748e-01
-3.243129849433898926e-01
-3.213969767093658447e-01
-3.278099000453948975e-01
-3.212602138519287109e-01
-3.222658038139343262e-01
-3.229821026325225830e-01
-3.260100185871124268e-01
-3.185529112815856934e-01
-3.232167363166809082e-01
-3.245448470115661621e-01
-3.218718171119689941e-01
-3.242256343364715576e-01
-3.206902146339416504e-01
-3.259495198726654053e-01
-3.220050632953643799e-01
-3.222890496253967285e-01
-3.197202086448669434e-01
-3.218066692352294922e-01
-3.250772058963775635e-01
-3.241715729236602783e-01
-3.224918842315673828e-01
-3.181551396846771240e-01
-3.258464932441711426e-01
-3.224146366119384766e-01
-3.230515718460083008e-01
-3.221574723720550537e-01
-3.187375366687774658e-01
-3.214999437332153320e-01
-3.218311667442321777e-01
-3.259649574756622314e-01
-3.160488605499267578e-01
-3.189682662487030029e-01
-3.221675753593444824e-01
-3.219237923622131348e-01
-3.242228925228118896e-01
-3.176968395709991455e-01
-3.222605586051940918e-01
-3.239346444606781006e-01
-3.209417462348937988e-01
-3.219658136367797852e-01
-3.200039565563201904e-01
-3.209248185157775879e-01
-3.224835097789764404e-01
-3.210854530334472656e-01
-3.242914974689483643e-01
-3.189367651939392090e-01
-3.174459934234619141e-01
-3.195759057998657227e-01
-3.154953718185424805e-01
-3.252413570880889893e-01
-3.259894251823425293e-01
-3.254367113113403320e-01
-3.166845142841339111e-01
-3.218464553356170654e-01
-3.212530910968780518e-01
-3.165130615234375000e-01
-3.175331950187683105e-01
-3.228356242179870605e-01
-3.246824145317077637e-01
-3.166288733482360840e-01
-3.198044300079345703e-01
-3.222732245922088623e-01
-3.243377804756164551e-01
-3.194108009338378906e-01
-3.226475119590759277e-01
-3.148264586925506592e-01
-3.217675387859344482e-01
-3.177738487720489502e-01
-3.217335939407348633e-01
-3.220477998256683350e-01
-3.160901069641113281e-01
-3.161004185676574707e-01
-3.185232579708099365e-01
-3.190593123435974121e-01
-3.202167153358459473e-01
-3.188638985157012939e-01
-3.174432814121246338e-01
-3.166479468345642090e-01
-3.177075088024139404e-01
-3.131793737411499023e-01
-3.186481297016143799e-01
-3.224915266036987305e-01
-3.204261958599090576e-01
-3.204563558101654053e-01
-3.201712071895599365e-01
-3.219969570636749268e-01
-3.187465071678161621e-01
-3.149466514587402344e-01
-3.197669088840484619e-01
-3.169183135032653809e-01
-3.179969489574432373e-01
-3.204925358295440674e-01
-3.197935819625854492e-01
-3.225408196449279785e-01
-3.191962242126464844e-01
-3.154653608798980713e-01
-3.167671561241149902e-01
-3.199945092201232910e-01
-3.211546540260314941e-01
-3.183087110519409180e-01
-3.160670399665832520e-01
-3.226127922534942627e-01
-3.198631703853607178e-01
-3.156008124351501465e-01
-3.190866708755493164e-01
-3.184437155723571777e-01
-3.208259344100952148e-01
-3.179127871990203857e-01
-3.209264278411865234e-01
-3.125449717044830322e-01
-3.169719278812408447e-01
-3.199524581432342529e-01
-3.164934217929840088e-01
-3.173498213291168213e-01
-3.149072825908660889e-01
-3.210072219371795654e-01
-3.195295929908752441e-01
-3.144912123680114746e-01
-3.177627623081207275e-01
-3.173149824142456055e-01
-3.179053366184234619e-01
-3.133584558963775635e-01
-3.178480267524719238e-01
-3.188418745994567871e-01
-3.191422522068023682e-01
-3.174929618835449219e-01
-3.173239827156066895e-01
-3.191323280334472656e-01
-3.138235509395599365e-01
-3.172210156917572021e-01
-3.151184320449829102e-01
-3.213103711605072021e-01
-3.171061873435974121e-01
-3.153792023658752441e-01
-3.244741857051849365e-01
-3.201975822448730469e-01
-3.181060850620269775e-01
-3.144876658916473389e-01
-3.164232671260833740e-01
-3.124534785747528076e-01
-3.184020817279815674e-01
-3.140019178390502930e-01
-3.128658235073089600e-01
-3.146772086620330811e-01
-3.191117942333221436e-01
-3.145900666713714600e-01
-3.140635490417480469e-01
-3.164421916007995605e-01
-3.195934891700744629e-01
-3.170221447944641113e-01
-3.129390776157379150e-01
-3.145096004009246826e-01
-3.193621933460235596e-01
-3.190606236457824707e-01
-3.174294531345367432e-01
-3.174298107624053955e-01
-3.194477260112762451e-01
-3.149905502796173096e-01
-3.148061633110046387e-01
-3.160680830478668213e-01
-3.179742395877838135e-01
-3.161667585372924805e-01
-3.167205154895782471e-01
-3.143167793750762939e-01
-3.157493174076080322e-01
-3.208502829074859619e-01
-3.144234120845794678e-01
-3.153358101844787598e-01
-3.109088838100433350e-01
-3.138822615146636963e-01
-3.123104870319366455e-01
-3.184905052185058594e-01
-3.231846988201141357e-01
-3.159135878086090088e-01
-3.088608980178833008e-01
-3.177083730697631836e-01
-3.172324895858764648e-01
-3.134238719940185547e-01
-3.174733221530914307e-01
-3.156081736087799072e-01
-3.090326189994812012e-01
-3.141912221908569336e-01
-3.169909119606018066e-01
-3.133773207664489746e-01
-3.149966895580291748e-01
-3.187718391418457031e-01
-3.125064969062805176e-01
-3.163639605045318604e-01
-3.129150867462158203e-01
-3.149857521057128906e-01
-3.145988285541534424e-01
-3.205869197845458984e-01
-3.174134194850921631e-01
-3.132442831993103027e-01
-3.160336017608642578e-01
-3.154271543025970459e-01
-3.127599358558654785e-01
-3.103643357753753662e-01
-3.151218295097351074e-01
-3.153970241546630859e-01
-3.156016170978546143e-01
-3.138917684555053711e-01
-3.168532550334930420e-01
-3.132214844226837158e-01
-3.135632872581481934e-01
-3.143852055072784424e-01
-3.145213425159454346e-01
-3.167656958103179932e-01
-3.119471371173858643e-01
-3.171979188919067383e-01
-3.150747716426849365e-01
-3.119782209396362305e-01
-3.102085292339324951e-01
-3.137842416763305664e-01
-3.085256814956665039e-01
-3.159031867980957031e-01
-3.132419288158416748e-01
-3.067778348922729492e-01
-3.138792812824249268e-01
-3.130668997764587402e-01
-3.113222122192382812e-01
-3.143771886825561523e-01
-3.166892826557159424e-01
-3.116307258605957031e-01
-3.118938505649566650e-01
-3.134433031082153320e-01
-3.123941123485565186e-01
-3.050944209098815918e-01
-3.127238154411315918e-01
-3.174027204513549805e-01
-3.128161132335662842e-01
-3.149574100971221924e-01
-3.150680959224700928e-01
-3.192203342914581299e-01
-3.087952136993408203e-01
-3.103570044040679932e-01
-3.118764162063598633e-01
-3.103728890419006348e-01
-3.079743087291717529e-01
-3.081089854240417480e-01
-3.126004636287689209e-01
-3.114407658576965332e-01
-3.132843673229217529e-01
-3.139556944370269775e-01
-3.137368261814117432e-01
-3.120543956756591797e-01
-3.137173652648925781e-01
-3.096095621585845947e-01
-3.125371038913726807e-01
-3.133331537246704102e-01
-3.123230040073394775e-01
-3.071557581424713135e-01
-3.081808984279632568e-01
-3.133111596107482910e-01
-3.153835237026214600e-01
-3.133614361286163330e-01
-3.090882003307342529e-01
-3.178392946720123291e-01
-3.117881417274475098e-01
-3.128786981105804443e-01
-3.154766261577606201e-01
-3.085346817970275879e-01
-3.184860348701477051e-01
-3.163475394248962402e-01
-3.135485947132110596e-01
-3.139796555042266846e-01
-3.093870878219604492e-01
-3.084626495838165283e-01
-3.127657175064086914e-01
-3.087114989757537842e-01
-3.079067170619964600e-01
-3.104680180549621582e-01
-3.114514648914337158e-01
-3.104627132415771484e-01
-3.063150644302368164e-01
-3.074752986431121826e-01
-3.131786584854125977e-01
-3.088953793048858643e-01
-3.071963489055633545e-01
-3.139126598834991455e-01
-3.098304569721221924e-01
-3.102012872695922852e-01
-3.086568713188171387e-01
-3.082795739173889160e-01
-3.109581768512725830e-01
-3.087068498134613037e-01
-3.088090717792510986e-01
-3.079669773578643799e-01
-3.086169362068176270e-01
-3.090016543865203857e-01
-3.125411570072174072e-01
-3.061585426330566406e-01
-3.094770014286041260e-01
-3.051126897335052490e-01
-3.096530735492706299e-01
-3.099300265312194824e-01
-3.141862750053405762e-01
-3.132303357124328613e-01
-3.090147674083709717e-01
-3.104849755764007568e-01
-3.100534081459045410e-01
-3.093287348747253418e-01
-3.069552779197692871e-01
-3.082930743694305420e-01
-3.091837167739868164e-01
-3.134853541851043701e-01
-3.113542795181274414e-01
-3.057163059711456299e-01
-3.081112802028656006e-01
-3.058882653713226318e-01
-3.067902326583862305e-01
-3.150462508201599121e-01
-3.087445199489593506e-01
-3.111234903335571289e-01
-3.058373630046844482e-01
-3.117686510086059570e-01
-3.103521466255187988e-01
-3.092356026172637939e-01
-3.098019957542419434e-01
-3.099141120910644531e-01
-3.069329261779785156e-01
-3.044584393501281738e-01
-3.035877645015716553e-01
-3.052884042263031006e-01
-3.078219294548034668e-01
-3.089896738529205322e-01
-3.062382936477661133e-01
-3.101896941661834717e-01
-3.125442564487457275e-01
-3.233016431331634521e-01
-3.317937552928924561e-01
-3.354254364967346191e-01
-3.352519571781158447e-01
-3.304806351661682129e-01
-3.299192190170288086e-01
-3.302575349807739258e-01
-3.344569504261016846e-01
-3.363268971443176270e-01
-3.380029499530792236e-01
-3.404768109321594238e-01
-3.389049768447875977e-01
-3.430756628513336182e-01
-3.415700495243072510e-01
-3.452018797397613525e-01
-3.470142185688018799e-01
-3.466898202896118164e-01
-3.471633791923522949e-01
-3.493572473526000977e-01
-3.479441106319427490e-01
-3.506517708301544189e-01
-3.508134484291076660e-01
-3.510051667690277100e-01
-3.511981070041656494e-01
-3.510126471519470215e-01
-3.503760993480682373e-01
-3.533245623111724854e-01
-3.523921370506286621e-01
-3.536541759967803955e-01
-3.529827892780303955e-01
-3.533539474010467529e-01
-3.520988225936889648e-01
-3.541603982448577881e-01
-3.543696999549865723e-01
-3.541305363178253174e-01
-3.554081916809082031e-01
-3.564545214176177979e-01
-3.568112552165985107e-01
-3.566065132617950439e-01
-3.550289869308471680e-01
-3.564822971820831299e-01
-3.564177751541137695e-01
-3.557891249656677246e-01
-3.566688299179077148e-01
-3.566427528858184814e-01
-3.579395115375518799e-01
-3.562394976615905762e-01
-3.564700186252593994e-01
-3.568018674850463867e-01
-3.572178184986114502e-01
-3.564687371253967285e-01
-3.578343689441680908e-01
-3.590094745159149170e-01
-3.589328229427337646e-01
-3.590964972972869873e-01
-3.580768406391143799e-01
-3.586719036102294922e-01
-3.587532341480255127e-01
-3.584191799163818359e-01
-3.582387864589691162e-01
-3.582473993301391602e-01
-3.583988547325134277e-01
-3.582696318626403809e-01
-3.595289289951324463e-01
-3.585235476493835449e-01
-3.586974740028381348e-01
-3.596777319908142090e-01
-3.589276373386383057e-01
-3.588354885578155518e-01
-3.590424060821533203e-01
-3.595875799655914307e-01
-3.593194484710693359e-01
-3.602641522884368896e-01
-3.590635359287261963e-01
-3.601009547710418701e-01
-3.594288229942321777e-01
-3.587237298488616943e-01
-3.601273000240325928e-01
-3.596632182598114014e-01
-3.595777451992034912e-01
-3.599816262722015381e-01
-3.606395125389099121e-01
-3.601586222648620605e-01
-3.603633940219879150e-01
-3.596887886524200439e-01
-3.600929975509643555e-01
-3.598818480968475342e-01
-3.606868982315063477e-01
-3.606058359146118164e-01
-3.609336018562316895e-01
-3.614201843738555908e-01
-3.605951368808746338e-01
-3.614810109138488770e-01
-3.601921498775482178e-01
-3.603707849979400635e-01
-3.591733276844024658e-01
-3.604462742805480957e-01
-3.614148795604705811e-01
-3.595764935016632080e-01
-3.597184419631958008e-01
-3.603537380695343018e-01
-3.596809804439544678e-01
-3.605198264122009277e-01
-3.601334095001220703e-01
-3.602983355522155762e-01
-3.594974875450134277e-01
-3.608238399028778076e-01
-3.610587716102600098e-01
-3.606221973896026611e-01
-3.605096340179443359e-01
-3.602142632007598877e-01
-3.622789382934570312e-01
-3.599899411201477051e-01
-3.611577451229095459e-01
-3.613012731075286865e-01
-3.621452450752258301e-01
-3.618779182434082031e-01
-3.600513339042663574e-01
-3.615473508834838867e-01
-3.598394393920898438e-01
-3.615331947803497314e-01
-3.617023229598999023e-01
-3.615278005599975586e-01
-3.603853285312652588e-01
-3.619025349617004395e-01
-3.616150617599487305e-01
-3.610783219337463379e-01
-3.614276945590972900e-01
-3.613730370998382568e-01
-3.611450493335723877e-01
-3.612788021564483643e-01
-3.608369231224060059e-01
-3.612605929374694824e-01
-3.612511456012725830e-01
-3.616685271263122559e-01
-3.622246086597442627e-01
-3.629340231418609619e-01
-3.617559075355529785e-01
-3.617347478866577148e-01
-3.606125414371490479e-01
-3.616543412208557129e-01
-3.619692325592041016e-01
-3.610560894012451172e-01
-3.612605631351470947e-01
-3.618537187576293945e-01
-3.611031472682952881e-01
-3.622031807899475098e-01
-3.618963956832885742e-01
-3.612745404243469238e-01
-3.612841665744781494e-01
-3.620585799217224121e-01
-3.619917035102844238e-01
-3.613460361957550049e-01
-3.617918491363525391e-01
-3.621129095554351807e-01
-3.616732954978942871e-01
-3.621410131454467773e-01
-3.625470399856567383e-01
-3.616379499435424805e-01
-3.610054850578308105e-01
-3.613532185554504395e-01
-3.616995215415954590e-01
-3.618641197681427002e-01
-3.619107007980346680e-01
-3.613025546073913574e-01
-3.621589839458465576e-01
-3.627032041549682617e-01
-3.626140058040618896e-01
-3.610488176345825195e-01
-3.628634512424468994e-01
-3.609589636325836182e-01
-3.621970117092132568e-01
-3.610204160213470459e-01
-3.618586957454681396e-01
-3.617371916770935059e-01
-3.619057536125183105e-01
-3.622063994407653809e-01
-3.617894351482391357e-01
-3.623991012573242188e-01
-3.621010482311248779e-01
-3.625759780406951904e-01
-3.621427714824676514e-01
-3.625695407390594482e-01
-3.626453280448913574e-01
-3.618092238903045654e-01
-3.615511953830718994e-01
-3.621093630790710449e-01
-3.621315062046051025e-01
-3.621209859848022461e-01
-3.620361983776092529e-01
-3.621481359004974365e-01
-3.627762496471405029e-01
-3.627885878086090088e-01
-3.635933101177215576e-01
-3.631340265274047852e-01
-3.627013862133026123e-01
-3.630596399307250977e-01
-3.624331653118133545e-01
-3.626449406147003174e-01
-3.628858923912048340e-01
-3.626315891742706299e-01
-3.622358441352844238e-01
-3.619329333305358887e-01
-3.625606298446655273e-01
-3.632664978504180908e-01
-3.624789714813232422e-01
-3.629428744316101074e-01
-3.628565371036529541e-01
-3.628500401973724365e-01
-3.621544539928436279e-01
-3.628468513488769531e-01
-3.631202280521392822e-01
-3.635518848896026611e-01
-3.623653650283813477e-01
-3.625078797340393066e-01
-3.625884056091308594e-01
-3.631853163242340088e-01
-3.625742495059967041e-01
-3.629499077796936035e-01
-3.622073233127593994e-01
-3.629745841026306152e-01
-3.619030714035034180e-01
-3.632195591926574707e-01
-3.634246885776519775e-01
-3.632255494594573975e-01
-3.628764152526855469e-01
-3.626729249954223633e-01
-3.628404736518859863e-01
-3.628716468811035156e-01
-3.635937571525573730e-01
-3.632630705833435059e-01
-3.632339835166931152e-01
-3.620029389858245850e-01
-3.628147542476654053e-01
-3.633370399475097656e-01
-3.630936741828918457e-01
-3.642605543136596680e-01
-3.628658950328826904e-01
-3.625421822071075439e-01
-3.635901510715484619e-01
-3.641534447669982910e-01
-3.628079295158386230e-01
-3.636510074138641357e-01
-3.638375997543334961e-01
-3.630126416683197021e-01
-3.622323274612426758e-01
-3.628222346305847168e-01
-3.624816536903381348e-01
-3.629559874534606934e-01
-3.628984093666076660e-01
-3.636229336261749268e-01
-3.638646602630615234e-01
-3.634922206401824951e-01
-3.632736206054687500e-01
-3.632887005805969238e-01
-3.635382354259490967e-01
-3.629173934459686279e-01
-3.638035953044891357e-01
-3.638615906238555908e-01
-3.632723987102508545e-01
-3.631978332996368408e-01
-3.636359572410583496e-01
-3.635703623294830322e-01
-3.619308471679687500e-01
-3.637216091156005859e-01
-3.622847199440002441e-01
-3.631412088871002197e-01
-3.635570108890533447e-01
-3.627628684043884277e-01
-3.632518649101257324e-01
-3.635403513908386230e-01
-3.625916242599487305e-01
-3.630832433700561523e-01
-3.641066849231719971e-01
-3.639658689498901367e-01
-3.621821701526641846e-01
-3.646729588508605957e-01
-3.630376458168029785e-01
-3.636717796325683594e-01
-3.645501732826232910e-01
-3.638677895069122314e-01
-3.627020120620727539e-01
-3.634599745273590088e-01
-3.637072741985321045e-01
-3.638000488281250000e-01
-3.634991049766540527e-01
-3.635101318359375000e-01
-3.625857532024383545e-01
-3.630453944206237793e-01
-3.634435832500457764e-01
-3.637074530124664307e-01
-3.635650575160980225e-01
-3.623934984207153320e-01
-3.630900681018829346e-01
-3.626137673854827881e-01
-3.632586300373077393e-01
-3.633380234241485596e-01
-3.639066815376281738e-01
-3.639780282974243164e-01
-3.641249537467956543e-01
-3.626582026481628418e-01
-3.629288971424102783e-01
-3.641362190246582031e-01
-3.633401989936828613e-01
-3.643352687358856201e-01
-3.636757135391235352e-01
-3.635306358337402344e-01
-3.639624416828155518e-01
-3.637956678867340088e-01
-3.634729087352752686e-01
-3.633973300457000732e-01
-3.632166087627410889e-01
-3.635357320308685303e-01
-3.628943860530853271e-01
-3.642652928829193115e-01
-3.641264140605926514e-01
-3.634646832942962646e-01
-3.643028140068054199e-01
-3.645639121532440186e-01
-3.639815151691436768e-01
-3.630961775779724121e-01
-3.642148971557617188e-01
-3.641857802867889404e-01
-3.638219237327575684e-01
-3.638170361518859863e-01
-3.642629981040954590e-01
-3.643541634082794189e-01
-3.645492494106292725e-01
-3.642118871212005615e-01
-3.639540076255798340e-01
-3.640358150005340576e-01
-3.641433417797088623e-01
-3.626802265644073486e-01
-3.642065823078155518e-01
-3.641677498817443848e-01
-3.641388714313507080e-01
-3.635591566562652588e-01
-3.632005751132965088e-01
-3.643420338630676270e-01
-3.638149201869964600e-01
-3.639512956142425537e-01
-3.643023073673248291e-01
-3.637372851371765137e-01
-3.630307018756866455e-01
-3.627659976482391357e-01
-3.632647693157196045e-01
-3.638867437839508057e-01
-3.645052015781402588e-01
-3.649923205375671387e-01
-3.634477257728576660e-01
-3.642654418945312500e-01
-3.638299107551574707e-01
-3.633808493614196777e-01
-3.644020259380340576e-01
-3.634517788887023926e-01
-3.637747764587402344e-01
-3.645973205566406250e-01
-3.640546500682830811e-01
-3.637579679489135742e-01
-3.642314970493316650e-01
-3.643577396869659424e-01
-3.654262721538543701e-01
-3.645657896995544434e-01
-3.637510538101196289e-01
-3.636387884616851807e-01
-3.641448915004730225e-01
-3.639086186885833740e-01
-3.641059100627899170e-01
-3.631031513214111328e-01
-3.646940588951110840e-01
-3.640857636928558350e-01
-3.637970685958862305e-01
-3.648306131362915039e-01
-3.638027608394622803e-01
-3.642318248748779297e-01
-3.629548251628875732e-01
-3.637153208255767822e-01
-3.642204105854034424e-01
-3.635653853416442871e-01
-3.633436262607574463e-01
-3.642760515213012695e-01
-3.644096851348876953e-01
-3.641530275344848633e-01
-3.648579120635986328e-01
-3.643442392349243164e-01
-3.638634979724884033e-01
-3.642838001251220703e-01
-3.644363582134246826e-01
-3.645351231098175049e-01
-3.640795648097991943e-01
-3.650440573692321777e-01
-3.640490770339965820e-01
-3.650152087211608887e-01
-3.651540279388427734e-01
-3.640390634536743164e-01
-3.633800148963928223e-01
-3.638494312763214111e-01
-3.638441860675811768e-01
-3.644534349441528320e-01
-3.636546134948730469e-01
-3.646261096000671387e-01
-3.643251359462738037e-01
-3.643421232700347900e-01
-3.641580343246459961e-01
-3.649514913558959961e-01
-3.641062080860137939e-01
-3.632889389991760254e-01
-3.642844259738922119e-01
-3.642604351043701172e-01
-3.649331629276275635e-01
-3.641536831855773926e-01
-3.640938699245452881e-01
-3.646825253963470459e-01
-3.639545142650604248e-01
-3.642119169235229492e-01
-3.646281361579895020e-01
-3.640811145305633545e-01
-3.646315932273864746e-01
-3.654040396213531494e-01
-3.650492131710052490e-01
-3.649553954601287842e-01
-3.639338910579681396e-01
-3.651209175586700439e-01
-3.653553426265716553e-01
-3.640444576740264893e-01
-3.645106256008148193e-01
-3.638090789318084717e-01
-3.635609745979309082e-01
-3.645910918712615967e-01
-3.654166460037231445e-01
-3.648411929607391357e-01
-3.642211258411407471e-01
-3.649409413337707520e-01
-3.645344674587249756e-01
-3.645066916942596436e-01
-3.647304773330688477e-01
-3.647534251213073730e-01
-3.646242022514343262e-01
-3.643274605274200439e-01
-3.649544715881347656e-01
-3.642133176326751709e-01
-3.648685216903686523e-01
-3.642148375511169434e-01
-3.652848601341247559e-01
-3.646498322486877441e-01
-3.648695647716522217e-01
-3.649260401725769043e-01
-3.645520508289337158e-01
-3.633751571178436279e-01
-3.655042052268981934e-01
-3.644343912601470947e-01
-3.655191659927368164e-01
-3.643455505371093750e-01
-3.650945425033569336e-01
-3.649723529815673828e-01
-3.643373847007751465e-01
-3.644390404224395752e-01
-3.638745248317718506e-01
-3.644682765007019043e-01
-3.642153441905975342e-01
-3.650089800357818604e-01
-3.648110628128051758e-01
-3.647856414318084717e-01
-3.646452128887176514e-01
-3.632985651493072510e-01
-3.648235499858856201e-01
-3.648345470428466797e-01
-3.638697862625122070e-01
-3.642382025718688965e-01
-3.642345964908599854e-01
-3.640173673629760742e-01
-3.650420010089874268e-01
-3.649819493293762207e-01
-3.641656637191772461e-01
-3.652159571647644043e-01
-3.650449812412261963e-01
-3.656162023544311523e-01
-3.644689917564392090e-01
-3.646783232688903809e-01
-3.643428981304168701e-01
-3.646135330200195312e-01
-3.643166720867156982e-01
-3.641364872455596924e-01
-3.650398552417755127e-01
-3.641533851623535156e-01
-3.642367720603942871e-01
-3.648188412189483643e-01
-3.650007545948028564e-01
-3.644719123840332031e-01
-3.649230003356933594e-01
-3.659117221832275391e-01
-3.645505905151367188e-01
-3.652999699115753174e-01
-3.647523820400238037e-01
-3.651435673236846924e-01
-3.647385239601135254e-01
-3.644099235534667969e-01
-3.645119369029998779e-01
-3.644649684429168701e-01
-3.653781116008758545e-01
-3.644467294216156006e-01
-3.644116222858428955e-01
-3.650770783424377441e-01
-3.643709719181060791e-01
-3.646349608898162842e-01
-3.650452792644500732e-01
-3.651266396045684814e-01
-3.656138181686401367e-01
-3.645128011703491211e-01
-3.643402159214019775e-01
-3.650133013725280762e-01
-3.652678728103637695e-01
-3.648042082786560059e-01
-3.660819828510284424e-01
-3.662140667438507080e-01
-3.648604154586791992e-01
-3.643368482589721680e-01
-3.648899495601654053e-01
-3.652260899543762207e-01
-3.652676641941070557e-01
-3.649504482746124268e-01
-3.641235530376434326e-01
-3.654564917087554932e-01
-3.649683296680450439e-01
-3.653929531574249268e-01
-3.638568222522735596e-01
-3.654823601245880127e-01
-3.646736443042755127e-01
-3.655062317848205566e-01
-3.647594749927520752e-01
-3.654222488403320312e-01
-3.647448420524597168e-01
-3.649775981903076172e-01
-3.648553490638732910e-01
-3.650667369365692139e-01
-3.653306961059570312e-01
-3.647393286228179932e-01
-3.653715848922729492e-01
-3.652332425117492676e-01
-3.638724088668823242e-01
-3.658824563026428223e-01
-3.646895587444305420e-01
-3.639265000820159912e-01
-3.647863864898681641e-01
-3.660621345043182373e-01
-3.659370839595794678e-01
-3.649608790874481201e-01
-3.649510145187377930e-01
-3.657796382904052734e-01
-3.637705147266387939e-01
-3.647555410861968994e-01
-3.644619882106781006e-01
-3.651115298271179199e-01
-3.650692403316497803e-01
-3.645510375499725342e-01
-3.643155694007873535e-01
-3.642417788505554199e-01
-3.648985326290130615e-01
-3.641512989997863770e-01
-3.655870854854583740e-01
-3.654610514640808105e-01
-3.649568557739257812e-01
-3.646697103977203369e-01
-3.650965094566345215e-01
-3.659030199050903320e-01
-3.650384843349456787e-01
-3.650000691413879395e-01
-3.647827804088592529e-01
-3.652641773223876953e-01
-3.652117252349853516e-01
-3.656654953956604004e-01
-3.655573129653930664e-01
-3.657491505146026611e-01
-3.650211691856384277e-01
-3.647567033767700195e-01
-3.646080195903778076e-01
-3.643257319927215576e-01
-3.651044368743896484e-01
-3.648978769779205322e-01
-3.646827936172485352e-01
-3.653411865234375000e-01
-3.656748533248901367e-01
-3.644348084926605225e-01
-3.654265999794006348e-01
-3.654589354991912842e-01
-3.657185733318328857e-01
-3.654253482818603516e-01
-3.666011393070220947e-01
-3.650858998298645020e-01
-3.661545515060424805e-01
-3.644829094409942627e-01
-3.637033700942993164e-01
-3.657293617725372314e-01
-3.650190532207489014e-01
-3.655187487602233887e-01
-3.655511438846588135e-01
-3.659821748733520508e-01
-3.650644421577453613e-01
-3.649412095546722412e-01
-3.656716644763946533e-01
-3.654787242412567139e-01
-3.651343882083892822e-01
-3.641801774501800537e-01
-3.651452958583831787e-01
-3.662032186985015869e-01
-3.646375834941864014e-01
-3.650542497634887695e-01
-3.648288846015930176e-01
-3.653266727924346924e-01
-3.649249374866485596e-01
-3.652651906013488770e-01
-3.650850355625152588e-01
-3.651393353939056396e-01
-3.656761348247528076e-01
-3.652046620845794678e-01
-3.655327558517456055e-01
-3.645928204059600830e-01
-3.650727570056915283e-01
-3.653624355792999268e-01
-3.653353750705718994e-01
-3.645775020122528076e-01
-3.659286499023437500e-01
-3.652073740959167480e-01
-3.654662072658538818e-01
-3.645250201225280762e-01
-3.646588027477264404e-01
-3.654365837574005127e-01
-3.658108413219451904e-01
-3.652600646018981934e-01
-3.656248450279235840e-01
-3.647512197494506836e-01
-3.652010858058929443e-01
-3.650831282138824463e-01
-3.642593026161193848e-01
-3.646972477436065674e-01
-3.651978373527526855e-01
-3.647672235965728760e-01
-3.648576140403747559e-01
-3.658096194267272949e-01
-3.654090464115142822e-01
-3.662394583225250244e-01
-3.660725057125091553e-01
-3.656910657882690430e-01
-3.665212392807006836e-01
-3.656492233276367188e-01
-3.655842840671539307e-01
-3.655965328216552734e-01
-3.653397560119628906e-01
-3.659083545207977295e-01
-3.653279542922973633e-01
-3.660359978675842285e-01
-3.651774823665618896e-01
-3.660560250282287598e-01
-3.667362630367279053e-01
-3.655246496200561523e-01
-3.654174804687500000e-01
-3.650625050067901611e-01
-3.654096126556396484e-01
-3.658348321914672852e-01
-3.650617599487304688e-01
-3.651533126831054688e-01
-3.651643693447113037e-01
-3.649944067001342773e-01
-3.654190301895141602e-01
-3.648335933685302734e-01
-3.660771548748016357e-01
-3.655802607536315918e-01
-3.658558130264282227e-01
-3.652724325656890869e-01
-3.645626306533813477e-01
-3.664259612560272217e-01
-3.660695254802703857e-01
-3.665232062339782715e-01
-3.652522861957550049e-01
-3.654254078865051270e-01
-3.657339513301849365e-01
-3.662949800491333008e-01
-3.662972152233123779e-01
-3.649630248546600342e-01
-3.659257292747497559e-01
-3.655878901481628418e-01
-3.649897873401641846e-01
-3.654418289661407471e-01
-3.658655285835266113e-01
-3.647788166999816895e-01
-3.654352426528930664e-01
-3.653761148452758789e-01
-3.651109039783477783e-01
-3.656317889690399170e-01
-3.659589290618896484e-01
-3.656931221485137939e-01
-3.660374879837036133e-01
-3.655140995979309082e-01
-3.664140701293945312e-01
-3.653524816036224365e-01
-3.652044236660003662e-01
-3.654825985431671143e-01
-3.651162087917327881e-01
-3.665735721588134766e-01
-3.656884133815765381e-01
-3.656297624111175537e-01
-3.649265170097351074e-01
-3.655425310134887695e-01
-3.657162487506866455e-01
-3.661157786846160889e-01
-3.654407858848571777e-01
-3.650846481323242188e-01
-3.657335638999938965e-01
-3.644838333129882812e-01
-3.663944303989410400e-01
-3.656155467033386230e-01
-3.656002283096313477e-01
-3.657629489898681641e-01
-3.657119870185852051e-01
-3.654823601245880127e-01
-3.654415309429168701e-01
-3.648542165756225586e-01
-3.656786978244781494e-01
-3.656812906265258789e-01
-3.651143610477447510e-01
-3.652230501174926758e-01
-3.660062551498413086e-01
-3.665651082992553711e-01
-3.654729127883911133e-01
-3.657826483249664307e-01
-3.653919100761413574e-01
-3.657026886940002441e-01
-3.653551936149597168e-01
-3.659820258617401123e-01
-3.667890727519989014e-01
-3.661319911479949951e-01
-3.662463724613189697e-01
-3.665241599082946777e-01
-3.655551075935363770e-01
-3.658116459846496582e-01
-3.660901784896850586e-01
-3.654925823211669922e-01
-3.643635213375091553e-01
-3.659293353557586670e-01
-3.652877211570739746e-01
-3.654830455780029297e-01
-3.656843304634094238e-01
-3.656929135322570801e-01
-3.650409877300262451e-01
-3.658431172370910645e-01
-3.653350770473480225e-01
-3.659396469593048096e-01
-3.663192987442016602e-01
-3.662430644035339355e-01
-3.663932383060455322e-01
-3.657462298870086670e-01
-3.665695786476135254e-01
-3.651797771453857422e-01
-3.660879135131835938e-01
-3.656773567199707031e-01
-3.663090765476226807e-01
-3.656075000762939453e-01
-3.659846484661102295e-01
-3.661690652370452881e-01
-3.662758767604827881e-01
-3.659980595111846924e-01
-3.658829033374786377e-01
-3.660547137260437012e-01
-3.658648729324340820e-01
-3.665067553520202637e-01
-3.651283085346221924e-01
-3.662088215351104736e-01
-3.658829927444458008e-01
-3.661245405673980713e-01
-3.657939732074737549e-01
-3.657211661338806152e-01
-3.663704395294189453e-01
-3.654493987560272217e-01
-3.662501871585845947e-01
-3.659960329532623291e-01
-3.657638430595397949e-01
-3.660796582698822021e-01
-3.661357462406158447e-01
-3.654085695743560791e-01
-3.658750057220458984e-01
-3.663606345653533936e-01
-3.656032681465148926e-01
-3.654178977012634277e-01
-3.658061921596527100e-01
-3.658446073532104492e-01
-3.663983643054962158e-01
-3.652451634407043457e-01
-3.669178783893585205e-01
-3.661880195140838623e-01
-3.653152883052825928e-01
-3.654367029666900635e-01
-3.665484488010406494e-01
-3.663762807846069336e-01
-3.659895062446594238e-01
-3.664293289184570312e-01
-3.659805357456207275e-01
-3.664371967315673828e-01
-3.662155270576477051e-01
-3.667215406894683838e-01
-3.659316897392272949e-01
-3.658434450626373291e-01
-3.654860258102416992e-01
-3.661556541919708252e-01
-3.656377494335174561e-01
-3.660905957221984863e-01
-3.664808571338653564e-01
-3.663081526756286621e-01
-3.664931058883666992e-01
-3.664443790912628174e-01
-3.663571774959564209e-01
-3.663686811923980713e-01
-3.660598993301391602e-01
-3.662973046302795410e-01
-3.654041886329650879e-01
-3.666388988494873047e-01
-3.662622272968292236e-01
-3.654140532016754150e-01
-3.657466471195220947e-01
-3.660946190357208252e-01
-3.662702143192291260e-01
-3.654045462608337402e-01
-3.657836914062500000e-01
-3.652835786342620850e-01
-3.654760420322418213e-01
-3.658971488475799561e-01
-3.658421039581298828e-01
-3.667195439338684082e-01
-3.658434152603149414e-01
-3.663746118545532227e-01
-3.662657439708709717e-01
-3.657725453376770020e-01
-3.663521707057952881e-01
-3.650967776775360107e-01
-3.659266233444213867e-01
-3.658611178398132324e-01
-3.652549982070922852e-01
-3.667467236518859863e-01
-3.664222955703735352e-01
-3.659211993217468262e-01
-3.661630749702453613e-01
-3.663311600685119629e-01
-3.663132190704345703e-01
-3.660872578620910645e-01
-3.656971454620361328e-01
-3.662645220756530762e-01
-3.660147488117218018e-01
-3.658452928066253662e-01
-3.656296730041503906e-01
-3.658687174320220947e-01
-3.654793202877044678e-01
-3.662551641464233398e-01
-3.673223257064819336e-01
-3.659375011920928955e-01
-3.658073246479034424e-01
-3.652302920818328857e-01
-3.661379516124725342e-01
-3.663246631622314453e-01
-3.665030300617218018e-01
-3.665316104888916016e-01
-3.666168153285980225e-01
-3.667359650135040283e-01
-3.662007451057434082e-01
-3.665405213832855225e-01
-3.651768565177917480e-01
-3.661229014396667480e-01
-3.668775558471679688e-01
-3.666973412036895752e-01
-3.657086789608001709e-01
-3.669520914554595947e-01
-3.652216494083404541e-01
-3.670247197151184082e-01
-3.659259080886840820e-01
-3.660233616828918457e-01
-3.662336170673370361e-01
-3.652858138084411621e-01
-3.654146790504455566e-01
-3.662178218364715576e-01
-3.663347363471984863e-01
-3.662614226341247559e-01
-3.667961359024047852e-01
-3.665880858898162842e-01
-3.661182820796966553e-01
-3.668470978736877441e-01
-3.665167093276977539e-01
-3.665516376495361328e-01
-3.655354678630828857e-01
-3.667465150356292725e-01
-3.671350181102752686e-01
-3.657035827636718750e-01
-3.672833740711212158e-01
-3.669502139091491699e-01
-3.659011125564575195e-01
-3.662859499454498291e-01
-3.661740124225616455e-01
-3.661257922649383545e-01
-3.673473000526428223e-01
-3.665691316127777100e-01
-3.659724295139312744e-01
-3.662042021751403809e-01
-3.665748834609985352e-01
-3.660643994808197021e-01
-3.665260672569274902e-01
-3.662086725234985352e-01
-3.667165637016296387e-01
-3.668570518493652344e-01
-3.665009140968322754e-01
-3.656300604343414307e-01
-3.655590116977691650e-01
-3.664325475692749023e-01
-3.656251132488250732e-01
-3.660036027431488037e-01
-3.657226562500000000e-01
-3.666850626468658447e-01
-3.659114241600036621e-01
-3.670552968978881836e-01
-3.659307658672332764e-01
-3.658823668956756592e-01
-3.655201196670532227e-01
-3.659074306488037109e-01
-3.667704164981842041e-01
-3.665119707584381104e-01
-3.670823872089385986e-01
-3.664675056934356689e-01
-3.669305443763732910e-01
-3.663040101528167725e-01
-3.665223419666290283e-01
-3.662621676921844482e-01
-3.666158020496368408e-01
-3.662511706352233887e-01
-3.663573563098907471e-01
-3.666652441024780273e-01
-3.669015169143676758e-01
-3.659567832946777344e-01
-3.658522367477416992e-01
-3.664552867412567139e-01
-3.660037219524383545e-01
-3.668134212493896484e-01
-3.661569356918334961e-01
-3.668008744716644287e-01
-3.662392795085906982e-01
-3.664321899414062500e-01
-3.667753338813781738e-01
-3.663859367370605469e-01
-3.660726845264434814e-01
-3.671092092990875244e-01
-3.660691380500793457e-01
-3.660232722759246826e-01
-3.671476542949676514e-01
-3.662897944450378418e-01
-3.666784167289733887e-01
-3.667025268077850342e-01
-3.666755855083465576e-01
-3.663335442543029785e-01
-3.671007156372070312e-01
-3.667029440402984619e-01
-3.663723766803741455e-01
-3.664002418518066406e-01
-3.665293753147125244e-01
-3.661141395568847656e-01
-3.664479255676269531e-01
-3.659832477569580078e-01
-3.662188351154327393e-01
-3.671779930591583252e-01
-3.666640520095825195e-01
-3.670464754104614258e-01
-3.663147687911987305e-01
-3.662111759185791016e-01
-3.668088912963867188e-01
-3.666366338729858398e-01
-3.670872747898101807e-01
-3.663057386875152588e-01
-3.657542467117309570e-01
-3.665850758552551270e-01
-3.661862313747406006e-01
-3.667761087417602539e-01
-3.655427992343902588e-01
-3.667208254337310791e-01
-3.666638433933258057e-01
-3.670521378517150879e-01
-3.671625852584838867e-01
-3.664028346538543701e-01
-3.667958378791809082e-01
-3.665931820869445801e-01
-3.664104044437408447e-01
-3.655933737754821777e-01
-3.670868575572967529e-01
-3.661758303642272949e-01
-3.667358458042144775e-01
-3.677244484424591064e-01
-3.662309646606445312e-01
-3.677971065044403076e-01
-3.673453032970428467e-01
-3.671324551105499268e-01
-3.655181825160980225e-01
-3.664691150188446045e-01
-3.665402531623840332e-01
-3.665187954902648926e-01
-3.674737513065338135e-01
-3.664053976535797119e-01
-3.663278818130493164e-01
-3.656167089939117432e-01
-3.668360114097595215e-01
-3.666899502277374268e-01
-3.664514124393463135e-01
-3.663771450519561768e-01
-3.672815561294555664e-01
-3.672130703926086426e-01
-3.657552599906921387e-01
-3.669418394565582275e-01
-3.662069439888000488e-01
-3.672158122062683105e-01
-3.663104772567749023e-01
-3.668695390224456787e-01
-3.665436506271362305e-01
-3.664450645446777344e-01
-3.667782545089721680e-01
-3.672146797180175781e-01
-3.662154078483581543e-01
-3.661480545997619629e-01
-3.661181926727294922e-01
-3.661579489707946777e-01
-3.660408258438110352e-01
-3.670533895492553711e-01
-3.674212992191314697e-01
-3.657628297805786133e-01
-3.668939173221588135e-01
-3.670781552791595459e-01
-3.666563630104064941e-01
-3.666434884071350098e-01
-3.667432367801666260e-01
-3.659518063068389893e-01
-3.664053380489349365e-01
-3.667202889919281006e-01
-3.664494156837463379e-01
-3.669250011444091797e-01
-3.674735724925994873e-01
-3.664644062519073486e-01
-3.669155538082122803e-01
-3.670783936977386475e-01
-3.678874373435974121e-01
-3.666876256465911865e-01
-3.666906654834747314e-01
-3.662173449993133545e-01
-3.663028478622436523e-01
-3.671111762523651123e-01
-3.665115833282470703e-01
-3.660576343536376953e-01
-3.660877943038940430e-01
-3.667521774768829346e-01
-3.669437766075134277e-01
-3.669924736022949219e-01
-3.655132353305816650e-01
-3.665887415409088135e-01
-3.668929934501647949e-01
-3.666427731513977051e-01
-3.665751814842224121e-01
-3.671361804008483887e-01
-3.664070367813110352e-01
-3.664714694023132324e-01
-3.660856187343597412e-01
-3.666168153285980225e-01
-3.661355674266815186e-01
-3.664111793041229248e-01
-3.677014410495758057e-01
-3.662023842334747314e-01
-3.660878241062164307e-01
-3.663726150989532471e-01
-3.668465614318847656e-01
-3.666784167289733887e-01
-3.667913079261779785e-01
-3.665818870067596436e-01
-3.658587932586669922e-01
-3.667708039283752441e-01
-3.669936656951904297e-01
-3.667229115962982178e-01
-3.658596873283386230e-01
-3.667908906936645508e-01
-3.671367764472961426e-01
-3.667401671409606934e-01
-3.666685819625854492e-01
-3.663360476493835449e-01
-3.663632273674011230e-01
-3.667391836643218994e-01
-3.664269745349884033e-01
-3.669149875640869141e-01
-3.664758801460266113e-01
-3.667335212230682373e-01
-3.671552538871765137e-01
-3.669084608554840088e-01
-3.667102158069610596e-01
-3.667432665824890137e-01
-3.670523464679718018e-01
-3.665986955165863037e-01
-3.665087223052978516e-01
-3.672318160533905029e-01
-3.666382730007171631e-01
-3.671306967735290527e-01
-3.663790225982666016e-01
-3.674570322036743164e-01
-3.660085201263427734e-01
-3.666382730007171631e-01
-3.672882616519927979e-01
-3.664024174213409424e-01
-3.669318258762359619e-01
-3.668832778930664062e-01
-3.670259416103363037e-01
-3.660631775856018066e-01
-3.664613664150238037e-01
-3.672431707382202148e-01
-3.671147525310516357e-01
-3.671189546585083008e-01
-3.664400577545166016e-01
-3.671066761016845703e-01
-3.667190670967102051e-01
-3.660287857055664062e-01
-3.667608201503753662e-01
-3.663193285465240479e-01
-3.668544590473175049e-01
-3.670541048049926758e-01
-3.672851622104644775e-01
-3.665035367012023926e-01
-3.671884834766387939e-01
-3.666100502014160156e-01
-3.671397268772125244e-01
-3.662813603878021240e-01
-3.682097196578979492e-01
-3.670752048492431641e-01
-3.655795156955718994e-01
-3.676082491874694824e-01
-3.672626614570617676e-01
-3.671181499958038330e-01
-3.670951724052429199e-01
-3.671715557575225830e-01
-3.674072921276092529e-01
-3.667206466197967529e-01
-3.669692277908325195e-01
-3.664362728595733643e-01
-3.669966757297515869e-01
-3.668611943721771240e-01
-3.672374486923217773e-01
-3.668422102928161621e-01
-3.664559125900268555e-01
-3.670539855957031250e-01
-3.674386143684387207e-01
-3.668007850646972656e-01
-3.671909570693969727e-01
-3.664162456989288330e-01
-3.675267994403839111e-01
-3.669008910655975342e-01
-3.671945929527282715e-01
-3.671844303607940674e-01
-3.668488562107086182e-01
-3.671405017375946045e-01
-3.676022291183471680e-01
-3.670029342174530029e-01
-3.670222759246826172e-01
-3.665273487567901611e-01
-3.669161498546600342e-01
-3.666567504405975342e-01
-3.667261302471160889e-01
-3.673460185527801514e-01
-3.666171133518218994e-01
-3.662410378456115723e-01
-3.663943111896514893e-01
-3.662898540496826172e-01
-3.676717579364776611e-01
-3.668346107006072998e-01
-3.670922815799713135e-01
-3.674557805061340332e-01
-3.666619360446929932e-01
-3.665318489074707031e-01
-3.664614260196685791e-01
-3.671708405017852783e-01
-3.663399517536163330e-01
-3.664447069168090820e-01
-3.676527142524719238e-01
-3.666372001171112061e-01
-3.668401539325714111e-01
-3.677290081977844238e-01
-3.670421838760375977e-01
-3.669003546237945557e-01
-3.671830892562866211e-01
-3.666027188301086426e-01
-3.664305210113525391e-01
-3.669228851795196533e-01
-3.666058778762817383e-01
-3.681986033916473389e-01
-3.674098849296569824e-01
-3.674753308296203613e-01
-3.669445216655731201e-01
-3.669837117195129395e-01
-3.678171932697296143e-01
-3.671706020832061768e-01
-3.672538995742797852e-01
-3.683643043041229248e-01
-3.671270012855529785e-01
-3.671933710575103760e-01
-3.667449951171875000e-01
-3.674661815166473389e-01
-3.675896525382995605e-01
-3.668487668037414551e-01
-3.682960867881774902e-01
-3.673402070999145508e-01
-3.661442399024963379e-01
-3.674488663673400879e-01
-3.674372732639312744e-01
-3.673833310604095459e-01
-3.668002188205718994e-01
-3.668775558471679688e-01
-3.669362664222717285e-01
-3.672912716865539551e-01
-3.672927916049957275e-01
-3.664287924766540527e-01
-3.666138350963592529e-01
-3.682152330875396729e-01
-3.662622869014739990e-01
-3.670491278171539307e-01
-3.674301803112030029e-01
-3.667064309120178223e-01
-3.670285940170288086e-01
-3.677042424678802490e-01
-3.671810328960418701e-01
-3.666337132453918457e-01
-3.672276139259338379e-01
-3.675093352794647217e-01
-3.670353591442108154e-01
-3.670048415660858154e-01
-3.673745989799499512e-01
-3.672712743282318115e-01
-3.676849007606506348e-01
-3.670471608638763428e-01
-3.666346669197082520e-01
-3.681757450103759766e-01
-3.668354153633117676e-01
-3.670739829540252686e-01
-3.674595355987548828e-01
-3.674953579902648926e-01
-3.677191734313964844e-01
-3.669113218784332275e-01
-3.667961061000823975e-01
-3.671672046184539795e-01
-3.670523762702941895e-01
-3.673056066036224365e-01
-3.675938546657562256e-01
-3.672290742397308350e-01
-3.669322133064270020e-01
-3.671253621578216553e-01
-3.681217730045318604e-01
-3.665645718574523926e-01
-3.676505088806152344e-01
-3.679645955562591553e-01
-3.662854135036468506e-01
-3.668189644813537598e-01
-3.674790561199188232e-01
-3.670765757560729980e-01
-3.675315678119659424e-01
-3.678531348705291748e-01
-3.667064011096954346e-01
-3.668605387210845947e-01
-3.669071495532989502e-01
-3.675859272480010986e-01
-3.667708635330200195e-01
-3.674438595771789551e-01
-3.680659234523773193e-01
-3.667783141136169434e-01
-3.668221533298492432e-01
-3.673103451728820801e-01
-3.662079274654388428e-01
-3.674108982086181641e-01
-3.666795492172241211e-01
-3.666054606437683105e-01
-3.663472235202789307e-01
-3.675239980220794678e-01
-3.671526014804840088e-01
-3.676983118057250977e-01
-3.674299418926239014e-01
-3.675129711627960205e-01
-3.672244250774383545e-01
-3.667260706424713135e-01
-3.674338161945343018e-01
-3.675530254840850830e-01
-3.670839667320251465e-01
-3.666399419307708740e-01
-3.670709729194641113e-01
-3.676356077194213867e-01
-3.674054443836212158e-01
-3.673434853553771973e-01
-3.668206036090850830e-01
-3.663241565227508545e-01
-3.681149780750274658e-01
-3.673194050788879395e-01
-3.673427700996398926e-01
-3.670127987861633301e-01
-3.681879937648773193e-01
-3.678227663040161133e-01
-3.666381835937500000e-01
-3.671374917030334473e-01
-3.667720556259155273e-01
-3.677943050861358643e-01
-3.672347962856292725e-01
-3.677050769329071045e-01
-3.674116730690002441e-01
-3.676790297031402588e-01
-3.670448064804077148e-01
-3.675876557826995850e-01
-3.673135936260223389e-01
-3.676266968250274658e-01
-3.677807748317718506e-01
-3.670404255390167236e-01
-3.668898344039916992e-01
-3.675889372825622559e-01
-3.675440847873687744e-01
-3.670986890792846680e-01
-3.669239580631256104e-01
-3.672913610935211182e-01
-3.672474324703216553e-01
-3.668984770774841309e-01
-3.677068948745727539e-01
-3.674092888832092285e-01
-3.673380017280578613e-01
-3.665500581264495850e-01
-3.680391311645507812e-01
-3.675181269645690918e-01
-3.669167459011077881e-01
-3.667504191398620605e-01
-3.675611615180969238e-01
-3.670261800289154053e-01
-3.674081861972808838e-01
-3.668221831321716309e-01
-3.666280210018157959e-01
-3.675032854080200195e-01
-3.673599362373352051e-01
-3.671293854713439941e-01
-3.676793277263641357e-01
-3.674616217613220215e-01
-3.671877682209014893e-01
-3.672042489051818848e-01
-3.675900399684906006e-01
-3.681147098541259766e-01
-3.666090071201324463e-01
-3.670177757740020752e-01
-3.671475350856781006e-01
-3.679684102535247803e-01
-3.671110868453979492e-01
-3.670116066932678223e-01
-3.675737380981445312e-01
-3.677407801151275635e-01
-3.674680888652801514e-01
-3.672286570072174072e-01
-3.675461113452911377e-01
-3.673997223377227783e-01
-3.672668933868408203e-01
-3.679047226905822754e-01
-3.676354289054870605e-01
-3.675211668014526367e-01
-3.673126101493835449e-01
-3.672772943973541260e-01
-3.673823773860931396e-01
-3.672376871109008789e-01
-3.675241172313690186e-01
-3.681294620037078857e-01
-3.673248291015625000e-01
-3.675438761711120605e-01
-3.676025271415710449e-01
-3.674536645412445068e-01
-3.680641651153564453e-01
-3.678902685642242432e-01
-3.684675991535186768e-01
-3.682186901569366455e-01
-3.681100904941558838e-01
-3.669763803482055664e-01
-3.671158850193023682e-01
-3.681086599826812744e-01
-3.679715394973754883e-01
-3.674089312553405762e-01
-3.669031858444213867e-01
-3.677017688751220703e-01
-3.679592013359069824e-01
-3.675701320171356201e-01
-3.677556216716766357e-01
-3.671292662620544434e-01
-3.678606450557708740e-01
-3.675178289413452148e-01
-3.676905632019042969e-01
-3.669957816600799561e-01
-3.676303625106811523e-01
-3.672257959842681885e-01
-3.673410713672637939e-01
-3.670465052127838135e-01
-3.672566413879394531e-01
-3.673244118690490723e-01
-3.676788210868835449e-01
-3.678037226200103760e-01
-3.667819797992706299e-01
-3.687955141067504883e-01
-3.676212131977081299e-01
-3.669083118438720703e-01
-3.665365874767303467e-01
-3.675237596035003662e-01
-3.679962158203125000e-01
-3.676678538322448730e-01
-3.676775693893432617e-01
-3.670064508914947510e-01
-3.683225810527801514e-01
-3.683580160140991211e-01
-3.673842847347259521e-01
-3.678550422191619873e-01
-3.669317364692687988e-01
-3.665710985660552979e-01
-3.678577542304992676e-01
-3.666490614414215088e-01
-3.674460649490356445e-01
-3.679677248001098633e-01
-3.670908510684967041e-01
-3.674797713756561279e-01
-3.678894042968750000e-01
-3.673174083232879639e-01
-3.677290678024291992e-01
-3.670452833175659180e-01
-3.671414852142333984e-01
-3.671551048755645752e-01
-3.678193390369415283e-01
-3.669151365756988525e-01
-3.675037324428558350e-01
-3.674857914447784424e-01
-3.671260774135589600e-01
-3.674367368221282959e-01
-3.677363693714141846e-01
-3.676402568817138672e-01
-3.674386739730834961e-01
-3.666111230850219727e-01
-3.679382205009460449e-01
-3.681843280792236328e-01
-3.678849041461944580e-01
-3.676066100597381592e-01
-3.673170506954193115e-01
-3.669424057006835938e-01
-3.674425184726715088e-01
-3.681259751319885254e-01
-3.675054311752319336e-01
-3.678531348705291748e-01
-3.678359985351562500e-01
-3.677483797073364258e-01
-3.669809997081756592e-01
-3.671708405017852783e-01
-3.675892055034637451e-01
-3.678394258022308350e-01
-3.675127625465393066e-01
-3.674592971801757812e-01
-3.675899803638458252e-01
-3.673997521400451660e-01
-3.674803972244262695e-01
-3.675180673599243164e-01
-3.681284785270690918e-01
-3.670387268066406250e-01
-3.673838376998901367e-01
-3.676214516162872314e-01
-3.680237531661987305e-01
-3.675233721733093262e-01
-3.674061298370361328e-01
-3.672707378864288330e-01
-3.684813976287841797e-01
-3.682492077350616455e-01
-3.678533434867858887e-01
-3.684567511081695557e-01
-3.671948313713073730e-01
-3.681269288063049316e-01
-3.679842054843902588e-01
-3.671694993972778320e-01
-3.679282069206237793e-01
-3.677037954330444336e-01
-3.673660159111022949e-01
-3.677602410316467285e-01
-3.673160374164581299e-01
-3.681654930114746094e-01
-3.679755926132202148e-01
-3.677763044834136963e-01
-3.678295910358428955e-01
-3.677334487438201904e-01
-3.679738640785217285e-01
-3.674564063549041748e-01
-3.676144182682037354e-01
-3.670266270637512207e-01
-3.675795197486877441e-01
-3.680274784564971924e-01
-3.666270673274993896e-01
-3.686376810073852539e-01
-3.682609796524047852e-01
-3.674752712249755859e-01
-3.680500984191894531e-01
-3.675848245620727539e-01
-3.679201006889343262e-01
-3.675746023654937744e-01
-3.672291040420532227e-01
-3.678207397460937500e-01
-3.674859404563903809e-01
-3.678420484066009521e-01
-3.678761422634124756e-01
-3.676590621471405029e-01
-3.676721155643463135e-01
-3.678868114948272705e-01
-3.676812946796417236e-01
-3.666449487209320068e-01
-3.670736253261566162e-01
-3.675291538238525391e-01
-3.674263954162597656e-01
-3.680476844310760498e-01
-3.672873675823211670e-01
-3.677675127983093262e-01
-3.677830100059509277e-01
-3.679644167423248291e-01
-3.677019476890563965e-01
-3.669821619987487793e-01
-3.676998913288116455e-01
-3.682779967784881592e-01
-3.669053912162780762e-01
-3.678865432739257812e-01
-3.677720725536346436e-01
-3.672628104686737061e-01
-3.674275875091552734e-01
-3.679371476173400879e-01
-3.675020933151245117e-01
-3.670679628849029541e-01
-3.673425912857055664e-01
-3.677483499050140381e-01
-3.677667677402496338e-01
-3.675003051757812500e-01
-3.680114746093750000e-01
-3.673262894153594971e-01
-3.674609661102294922e-01
-3.681921362876892090e-01
-3.672786056995391846e-01
-3.674705624580383301e-01
-3.671531081199645996e-01
-3.679110109806060791e-01
-3.674988448619842529e-01
-3.682935535907745361e-01
-3.681853711605072021e-01
-3.678143024444580078e-01
-3.683667182922363281e-01
-3.672684133052825928e-01
-3.678635656833648682e-01
-3.679481148719787598e-01
-3.683658540248870850e-01
-3.680262863636016846e-01
-3.682988584041595459e-01
-3.682980835437774658e-01
-3.681051433086395264e-01
-3.686569333076477051e-01
-3.688111007213592529e-01
-3.680158257484436035e-01
-3.680375218391418457e-01
-3.685812056064605713e-01
-3.674849271774291992e-01
-3.684326708316802979e-01
-3.680403828620910645e-01
-3.681397140026092529e-01
-3.683640658855438232e-01
-3.677812516689300537e-01
-3.683361709117889404e-01
-3.679759502410888672e-01
-3.677506148815155029e-01
-3.680828809738159180e-01
-3.676856160163879395e-01
-3.677088320255279541e-01
-3.679193258285522461e-01
-3.675249516963958740e-01
-3.677165508270263672e-01
-3.673665523529052734e-01
-3.676471412181854248e-01
-3.677731156349182129e-01
-3.680679202079772949e-01
-3.673578500747680664e-01
-3.687523007392883301e-01
-3.676686286926269531e-01
-3.680864870548248291e-01
-3.678273856639862061e-01
-3.677977621555328369e-01
-3.680388927459716797e-01
-3.681302964687347412e-01
-3.675422966480255127e-01
-3.676215112209320068e-01
-3.682978749275207520e-01
-3.678398430347442627e-01
-3.681920170783996582e-01
-3.678785264492034912e-01
-3.683587610721588135e-01
-3.678719997406005859e-01
-3.684879243373870850e-01
-3.670549392700195312e-01
-3.674430847167968750e-01
-3.682811260223388672e-01
-3.683248162269592285e-01
-3.678018152713775635e-01
-3.670704364776611328e-01
-3.678875863552093506e-01
-3.686456382274627686e-01
-3.682115077972412109e-01
-3.681125342845916748e-01
-3.680996596813201904e-01
-3.674955368041992188e-01
-3.672898113727569580e-01
-3.676115274429321289e-01
-3.687846064567565918e-01
-3.676207959651947021e-01
-3.683358728885650635e-01
-3.678274750709533691e-01
-3.675471246242523193e-01
-3.676418960094451904e-01
-3.674210906028747559e-01
-3.685023784637451172e-01
-3.678135871887207031e-01
-3.676798641681671143e-01
-3.690502345561981201e-01
-3.678028583526611328e-01
-3.680589199066162109e-01
-3.688582777976989746e-01
-3.677915632724761963e-01
-3.684093058109283447e-01
-3.678838610649108887e-01
-3.680467605590820312e-01
-3.671868443489074707e-01
-3.674353361129760742e-01
-3.678689599037170410e-01
-3.680961728096008301e-01
-3.681341111660003662e-01
-3.677302598953247070e-01
-3.676528334617614746e-01
-3.679282069206237793e-01
-3.681666851043701172e-01
-3.683827817440032959e-01
-3.677694201469421387e-01
-3.684198558330535889e-01
-3.682242929935455322e-01
-3.682458400726318359e-01
-3.680124282836914062e-01
-3.681874275207519531e-01
-3.683443665504455566e-01
-3.680080175399780273e-01
-3.683063089847564697e-01
-3.677164912223815918e-01
-3.686917126178741455e-01
-3.684432804584503174e-01
-3.681530654430389404e-01
-3.684922456741333008e-01
-3.673761487007141113e-01
-3.683262467384338379e-01
-3.675760924816131592e-01
-3.674134612083435059e-01
-3.684099316596984863e-01
-3.681128621101379395e-01
-3.676321208477020264e-01
-3.685887455940246582e-01
-3.679445683956146240e-01
-3.678374886512756348e-01
-3.688374161720275879e-01
-3.679779767990112305e-01
-3.676093816757202148e-01
-3.678427636623382568e-01
-3.675331771373748779e-01
-3.679670989513397217e-01
-3.681371510028839111e-01
-3.679706454277038574e-01
-3.677226901054382324e-01
-3.683280944824218750e-01
-3.681292235851287842e-01
-3.688130378723144531e-01
-3.679139912128448486e-01
-3.683803677558898926e-01
-3.678672611713409424e-01
-3.680536448955535889e-01
-3.678422868251800537e-01
-3.681274056434631348e-01
-3.679156303405761719e-01
-3.680285513401031494e-01
-3.684307932853698730e-01
-3.679488003253936768e-01
-3.688444197177886963e-01
-3.686551749706268311e-01
-3.675170540809631348e-01
-3.679423332214355469e-01
-3.672993481159210205e-01
-3.676606416702270508e-01
-3.675785958766937256e-01
-3.689406812191009521e-01
-3.678340315818786621e-01
-3.686659932136535645e-01
-3.675876855850219727e-01
-3.671974539756774902e-01
-3.676637411117553711e-01
-3.693664968013763428e-01
-3.678156435489654541e-01
-3.682322502136230469e-01
-3.684836924076080322e-01
-3.679414391517639160e-01
-3.679145574569702148e-01
-3.675031661987304688e-01
-3.673090338706970215e-01
-3.675679564476013184e-01
-3.679830133914947510e-01
-3.675273358821868896e-01
-3.682067394256591797e-01
-3.674902915954589844e-01
-3.682262599468231201e-01
-3.675420582294464111e-01
-3.681527078151702881e-01
-3.687352836132049561e-01
-3.687804639339447021e-01
-3.680187761783599854e-01
-3.679288923740386963e-01
-3.685857355594635010e-01
-3.679757714271545410e-01
-3.680783808231353760e-01
-3.682404756546020508e-01
-3.685885071754455566e-01
-3.682946264743804932e-01
-3.682595193386077881e-01
-3.687786757946014404e-01
-3.680483400821685791e-01
-3.684150874614715576e-01
-3.682061135768890381e-01
-3.684107065200805664e-01
-3.678820133209228516e-01
-3.675184547901153564e-01
-3.688899278640747070e-01
-3.681109547615051270e-01
-3.685711622238159180e-01
-3.683146238327026367e-01
-3.673125207424163818e-01
-3.679966032505035400e-01
-3.677001595497131348e-01
-3.690321445465087891e-01
-3.683510124683380127e-01
-3.680968582630157471e-01
-3.689939975738525391e-01
-3.682722747325897217e-01
-3.685809373855590820e-01
-3.679759502410888672e-01
-3.675116002559661865e-01
-3.679979741573333740e-01
-3.676732182502746582e-01
-3.681487441062927246e-01
-3.678483963012695312e-01
-3.684001564979553223e-01
-3.687576353549957275e-01
-3.692331612110137939e-01
-3.688243031501770020e-01
-3.681140840053558350e-01
-3.674757182598114014e-01
-3.679939806461334229e-01
-3.686341643333435059e-01
-3.686438798904418945e-01
-3.673816323280334473e-01
-3.680099546909332275e-01
-3.684807121753692627e-01
-3.686968386173248291e-01
-3.679361045360565186e-01
-3.683806955814361572e-01
-3.684038519859313965e-01
-3.679642379283905029e-01
-3.677590191364288330e-01
-3.682824671268463135e-01
-3.677718341350555420e-01
-3.687506914138793945e-01
-3.675894141197204590e-01
-3.678638935089111328e-01
-3.684027791023254395e-01
-3.684479296207427979e-01
-3.683359920978546143e-01
-3.681371510028839111e-01
-3.684428632259368896e-01
-3.687306344509124756e-01
-3.684169054031372070e-01
-3.683128654956817627e-01
-3.688787221908569336e-01
-3.681740164756774902e-01
-3.680045306682586670e-01
-3.685776293277740479e-01
-3.684570193290710449e-01
-3.686201870441436768e-01
-3.682641088962554932e-01
-3.681663572788238525e-01
-3.684456050395965576e-01
-3.683415949344635010e-01
-3.686489760875701904e-01
-3.689846098423004150e-01
-3.683484196662902832e-01
-3.681951761245727539e-01
-3.675849139690399170e-01
-3.686228096485137939e-01
-3.681935966014862061e-01
-3.685679733753204346e-01
-3.694191873073577881e-01
-3.679420053958892822e-01
-3.678062260150909424e-01
-3.686980605125427246e-01
-3.683742880821228027e-01
-3.685739338397979736e-01
-3.684827983379364014e-01
-3.685314357280731201e-01
-3.682616651058197021e-01
-3.688152432441711426e-01
-3.680725097656250000e-01
-3.675242364406585693e-01
-3.683233261108398438e-01
-3.684648275375366211e-01
-3.673595190048217773e-01
-3.683647513389587402e-01
-3.684013187885284424e-01
-3.684213161468505859e-01
-3.683504164218902588e-01
-3.682347536087036133e-01
-3.680296242237091064e-01
-3.676761090755462646e-01
-3.686229884624481201e-01
-3.683781027793884277e-01
-3.685183227062225342e-01
-3.674725890159606934e-01
-3.685353696346282959e-01
-3.675518333911895752e-01
-3.679932653903961182e-01
-3.695841431617736816e-01
-3.689513504505157471e-01
-3.685205876827239990e-01
-3.679722845554351807e-01
-3.682274222373962402e-01
-3.681573569774627686e-01
-3.684513568878173828e-01
-3.687207102775573730e-01
-3.686754405498504639e-01
-3.689431548118591309e-01
-3.681929409503936768e-01
-3.688288629055023193e-01
-3.684395253658294678e-01
-3.686498999595642090e-01
-3.697651326656341553e-01
-3.690232038497924805e-01
-3.687484860420227051e-01
-3.681931793689727783e-01
-3.683963716030120850e-01
-3.682004809379577637e-01
-3.689526617527008057e-01
-3.683501482009887695e-01
-3.682004511356353760e-01
-3.683562576770782471e-01
-3.687983453273773193e-01
-3.685236871242523193e-01
-3.681624233722686768e-01
-3.677366077899932861e-01
-3.679611086845397949e-01
-3.680146336555480957e-01
-3.686804473400115967e-01
-3.680341541767120361e-01
-3.683994710445404053e-01
-3.694404959678649902e-01
-3.680305778980255127e-01
-3.680273890495300293e-01
-3.684048354625701904e-01
-3.685106933116912842e-01
-3.676748573780059814e-01
-3.692664206027984619e-01
-3.685644268989562988e-01
-3.687385320663452148e-01
-3.681662082672119141e-01
-3.681434094905853271e-01
-3.683150708675384521e-01
-3.684682548046112061e-01
-3.687919974327087402e-01
-3.688308000564575195e-01
-3.685731291770935059e-01
-3.683417439460754395e-01
-3.691323101520538330e-01
-3.686111569404602051e-01
-3.686172962188720703e-01
-3.684761822223663330e-01
-3.691114783287048340e-01
-3.680793941020965576e-01
-3.687938153743743896e-01
-3.693806827068328857e-01
-3.680003881454467773e-01
-3.688127398490905762e-01
-3.688067793846130371e-01
-3.683272004127502441e-01
-3.679764866828918457e-01
-3.689139783382415771e-01
-3.693321645259857178e-01
-3.688894212245941162e-01
-3.692350387573242188e-01
-3.684601783752441406e-01
-3.684234619140625000e-01
-3.683436214923858643e-01
-3.690291047096252441e-01
-3.683698177337646484e-01
-3.688799440860748291e-01
-3.693537116050720215e-01
-3.680414259433746338e-01
-3.680483102798461914e-01
-3.684811890125274658e-01
-3.677904605865478516e-01
-3.690831363201141357e-01
-3.684981167316436768e-01
-3.686624765396118164e-01
-3.687831461429595947e-01
-3.684063851833343506e-01
-3.684365749359130859e-01
-3.686991631984710693e-01
-3.680507838726043701e-01
-3.685905933380126953e-01
-3.686326146125793457e-01
-3.681165874004364014e-01
-3.686901628971099854e-01
-3.686018288135528564e-01
-3.681412935256958008e-01
-3.679962158203125000e-01
-3.686041235923767090e-01
-3.688318133354187012e-01
-3.689808249473571777e-01
-3.679691255092620850e-01
-3.682178854942321777e-01
-3.684577047824859619e-01
-3.689229786396026611e-01
-3.682813644409179688e-01
-3.683934807777404785e-01
-3.684819936752319336e-01
-3.680602908134460449e-01
-3.688382804393768311e-01
-3.680662512779235840e-01
-3.685429692268371582e-01
-3.691706359386444092e-01
-3.685297369956970215e-01
-3.685843944549560547e-01
-3.680382668972015381e-01
-3.692058920860290527e-01
-3.683126270771026611e-01
-3.682604432106018066e-01
-3.686769306659698486e-01
-3.684480488300323486e-01
-3.689645528793334961e-01
-3.686588704586029053e-01
-3.686459064483642578e-01
-3.689033091068267822e-01
-3.685276508331298828e-01
-3.681344091892242432e-01
-3.675732910633087158e-01
-3.685012161731719971e-01
-3.681649863719940186e-01
-3.684548139572143555e-01
-3.685094416141510010e-01
-3.685807585716247559e-01
-3.689707219600677490e-01
-3.685064315795898438e-01
-3.685386478900909424e-01
-3.686486184597015381e-01
-3.687315285205841064e-01
-3.684675395488739014e-01
-3.684279322624206543e-01
-3.688130378723144531e-01
-3.681741356849670410e-01
-3.691866397857666016e-01
-3.675570785999298096e-01
-3.683677017688751221e-01
-3.687099516391754150e-01
-3.692916631698608398e-01
-3.689349889755249023e-01
-3.684528172016143799e-01
-3.692080378532409668e-01
-3.690608143806457520e-01
-3.687235116958618164e-01
-3.686965703964233398e-01
-3.686017692089080811e-01
-3.687201738357543945e-01
-3.691702783107757568e-01
-3.686725497245788574e-01
-3.685289323329925537e-01
-3.682025372982025146e-01
-3.684943914413452148e-01
-3.691922724246978760e-01
-3.686910867691040039e-01
-3.688890933990478516e-01
-3.690441846847534180e-01
-3.686873316764831543e-01
-3.685230910778045654e-01
-3.686092793941497803e-01
-3.686302602291107178e-01
-3.686700463294982910e-01
-3.679137229919433594e-01
-3.692291975021362305e-01
-3.690645694732666016e-01
-3.681920766830444336e-01
-3.688072860240936279e-01
-3.689929842948913574e-01
-3.680134117603302002e-01
-3.685364425182342529e-01
-3.688636422157287598e-01
-3.689803481101989746e-01
-3.682203888893127441e-01
-3.685044646263122559e-01
-3.683918416500091553e-01
-3.690156340599060059e-01
-3.690300881862640381e-01
-3.689225316047668457e-01
-3.685930669307708740e-01
-3.682070374488830566e-01
-3.695156276226043701e-01
-3.688115775585174561e-01
-3.690635859966278076e-01
-3.687986731529235840e-01
-3.681738376617431641e-01
-3.680556118488311768e-01
-3.692842423915863037e-01
-3.685252070426940918e-01
-3.688211143016815186e-01
-3.680737614631652832e-01
-3.687169849872589111e-01
-3.681912422180175781e-01
-3.691496849060058594e-01
-3.684951364994049072e-01
-3.685624897480010986e-01
-3.692104518413543701e-01
-3.687271177768707275e-01
-3.690651655197143555e-01
-3.687257766723632812e-01
-3.690707385540008545e-01
-3.688628077507019043e-01
-3.690917789936065674e-01
-3.680718243122100830e-01
-3.693738877773284912e-01
-3.685656189918518066e-01
-3.685657680034637451e-01
-3.696218132972717285e-01
-3.686099648475646973e-01
-3.690805733203887939e-01
-3.684170246124267578e-01
-3.689569234848022461e-01
-3.685239255428314209e-01
-3.683203160762786865e-01
-3.689602613449096680e-01
-3.686976432800292969e-01
-3.695417344570159912e-01
-3.686010241508483887e-01
-3.691033422946929932e-01
-3.694550991058349609e-01
-3.693179786205291748e-01
-3.685281574726104736e-01
-3.690438866615295410e-01
-3.682207763195037842e-01
-3.687028586864471436e-01
-3.687052428722381592e-01
-3.688437640666961670e-01
-3.686214685440063477e-01
-3.682177066802978516e-01
-3.682579100131988525e-01
-3.682062625885009766e-01
-3.684576451778411865e-01
-3.692389428615570068e-01
-3.688824474811553955e-01
-3.688559532165527344e-01
-3.690022528171539307e-01
-3.688718378543853760e-01
-3.694864213466644287e-01
-3.682168722152709961e-01
-3.688609004020690918e-01
-3.685404658317565918e-01
-3.691722452640533447e-01
-3.690153062343597412e-01
-3.689142465591430664e-01
-3.687527477741241455e-01
-3.690820336341857910e-01
-3.688096404075622559e-01
-3.692007958889007568e-01
-3.686539530754089355e-01
-3.687924444675445557e-01
-3.680099844932556152e-01
-3.686248064041137695e-01
-3.692577481269836426e-01
-3.684332072734832764e-01
-3.688814043998718262e-01
-3.696062564849853516e-01
-3.688347637653350830e-01
-3.690034449100494385e-01
-3.691873252391815186e-01
-3.688522875308990479e-01
-3.690585494041442871e-01
-3.685958683490753174e-01
-3.689994513988494873e-01
-3.687907159328460693e-01
-3.700002431869506836e-01
-3.690049052238464355e-01
-3.690766990184783936e-01
-3.688247799873352051e-01
-3.688239753246307373e-01
-3.694685697555541992e-01
-3.694343864917755127e-01
-3.690504729747772217e-01
-3.690833747386932373e-01
-3.683106899261474609e-01
-3.685144186019897461e-01
-3.692000508308410645e-01
-3.691029548645019531e-01
-3.687324523925781250e-01
-3.679146170616149902e-01
-3.689107000827789307e-01
-3.686258494853973389e-01
-3.692431747913360596e-01
-3.697067201137542725e-01
-3.691785633563995361e-01
-3.691909015178680420e-01
-3.688326179981231689e-01
-3.687978982925415039e-01
-3.687345683574676514e-01
-3.688702285289764404e-01
-3.687321245670318604e-01
-3.687787353992462158e-01
-3.691523969173431396e-01
-3.689438700675964355e-01
-3.691385984420776367e-01
-3.690766990184783936e-01
-3.682141005992889404e-01
-3.689330518245697021e-01
-3.687750995159149170e-01
-3.694193661212921143e-01
-3.688340485095977783e-01
-3.685428202152252197e-01
-3.691519200801849365e-01
-3.688415586948394775e-01
-3.691726028919219971e-01
-3.693195581436157227e-01
-3.686336576938629150e-01
-3.692162334918975830e-01
-3.691167533397674561e-01
-3.692276477813720703e-01
-3.693422973155975342e-01
-3.694677948951721191e-01
-3.697647750377655029e-01
-3.692736029624938965e-01
-3.692695796489715576e-01
-3.691199421882629395e-01
-3.686084449291229248e-01
-3.687675893306732178e-01
-3.687714338302612305e-01
-3.695997297763824463e-01
-3.688245713710784912e-01
-3.689086437225341797e-01
-3.690612316131591797e-01
-3.687540292739868164e-01
-3.690857887268066406e-01
-3.687345981597900391e-01
-3.692104220390319824e-01
-3.693013489246368408e-01
-3.683580458164215088e-01
-3.682185113430023193e-01
-3.692912459373474121e-01
-3.683357834815979004e-01
-3.681030273437500000e-01
-3.697881996631622314e-01
-3.693350851535797119e-01
-3.688572347164154053e-01
-3.691712021827697754e-01
-3.691127300262451172e-01
-3.686371147632598877e-01
-3.691051006317138672e-01
-3.689987659454345703e-01
-3.691316545009613037e-01
-3.694050908088684082e-01
-3.691511154174804688e-01
-3.689292967319488525e-01
-3.682989478111267090e-01
-3.688470423221588135e-01
-3.682036399841308594e-01
-3.693472743034362793e-01
-3.694903254508972168e-01
-3.690334558486938477e-01
-3.687777221202850342e-01
-3.689229190349578857e-01
-3.688665330410003662e-01
-3.690123856067657471e-01
-3.680283427238464355e-01
-3.696045577526092529e-01
-3.687199354171752930e-01
-3.682560324668884277e-01
-3.691475093364715576e-01
-3.688367903232574463e-01
-3.690138459205627441e-01
-3.693772554397583008e-01
-3.692283928394317627e-01
-3.686497509479522705e-01
-3.687684834003448486e-01
-3.687079548835754395e-01
-3.687562942504882812e-01
-3.689644634723663330e-01
-3.689597249031066895e-01
-3.689637780189514160e-01
-3.693740963935852051e-01
-3.688172399997711182e-01
-3.695727884769439697e-01
-3.690325021743774414e-01
-3.700155019760131836e-01
-3.701846301555633545e-01
-3.689910769462585449e-01
-3.695856332778930664e-01
-3.692258298397064209e-01
-3.690645098686218262e-01
-3.702105581760406494e-01
-3.688936233520507812e-01
-3.691670000553131104e-01
-3.691794574260711670e-01
-3.689266145229339600e-01
-3.695397973060607910e-01
-3.693600296974182129e-01
-3.695039749145507812e-01
-3.690751194953918457e-01
-3.688728213310241699e-01
-3.697415888309478760e-01
-3.690950870513916016e-01
-3.698382079601287842e-01
-3.687983453273773193e-01
-3.685534894466400146e-01
-3.688913583755493164e-01
-3.695187866687774658e-01
-3.691671192646026611e-01
-3.688497841358184814e-01
-3.690347075462341309e-01
-3.691586256027221680e-01
-3.690710365772247314e-01
-3.687034249305725098e-01
-3.686643838882446289e-01
-3.687103390693664551e-01
-3.697798550128936768e-01
-3.684230446815490723e-01
-3.695789873600006104e-01
-3.697110712528228760e-01
-3.688006699085235596e-01
-3.683756291866302490e-01
-3.693602383136749268e-01
-3.693745434284210205e-01
-3.686438500881195068e-01
-3.689566552639007568e-01
-3.689866960048675537e-01
