2.435669422149658203e+00
1.276903033256530762e+00
2.923322916030883789e-01
-1.652867347002029419e-01
-1.806041896343231201e-01
-9.529451280832290649e-02
-7.359453290700912476e-02
-1.080712899565696716e-01
-1.337839961051940918e-01
-1.284901797771453857e-01
-1.206166222691535950e-01
-1.343512237071990967e-01
-1.403643190860748291e-01
-1.459098160266876221e-01
-1.429284363985061646e-01
-1.470443159341812134e-01
-1.584242433309555054e-01
-1.698429435491561890e-01
-1.763346344232559204e-01
-1.699066758155822754e-01
-1.762040704488754272e-01
-1.829317957162857056e-01
-1.825888603925704956e-01
-1.911386698484420776e-01
-1.935424357652664185e-01
-1.949101686477661133e-01
-1.976947933435440063e-01
-1.989864259958267212e-01
-2.034793198108673096e-01
-2.111888527870178223e-01
-2.083036303520202637e-01
-2.121780663728713989e-01
-2.128817588090896606e-01
-2.133828997611999512e-01
-2.157047390937805176e-01
-2.162569165229797363e-01
-2.204985022544860840e-01
-2.170058935880661011e-01
-2.197505086660385132e-01
-2.224721312522888184e-01
-2.176862210035324097e-01
-2.216123491525650024e-01
-2.280146330595016479e-01
-2.213541567325592041e-01
-2.258453369140625000e-01
-2.253615558147430420e-01
-2.280373275279998779e-01
-2.262600958347320557e-01
-2.239689379930496216e-01
-2.307598888874053955e-01
-2.224453389644622803e-01
-2.317322939634323120e-01
-2.254437208175659180e-01
-2.334656715393066406e-01
-2.297821640968322754e-01
-2.327354401350021362e-01
-2.231080681085586548e-01
-2.341607511043548584e-01
-2.354025095701217651e-01
-2.333407551050186157e-01
-2.350738942623138428e-01
-2.289428561925888062e-01
-2.294695675373077393e-01
-2.391363978385925293e-01
-2.357235997915267944e-01
-2.347034662961959839e-01
-2.355449646711349487e-01
-2.356925904750823975e-01
-2.362746000289916992e-01
-2.391762733459472656e-01
-2.387200295925140381e-01
-2.383319139480590820e-01
-2.456982135772705078e-01
-2.464840710163116455e-01
-2.390773147344589233e-01
-2.410115152597427368e-01
-2.344958335161209106e-01
-2.353797256946563721e-01
-2.367627620697021484e-01
-2.349765449762344360e-01
-2.401431500911712646e-01
-2.352055609226226807e-01
-2.368658781051635742e-01
-2.374371290206909180e-01
-2.443827539682388306e-01
-2.471124380826950073e-01
-2.454323172569274902e-01
-2.433350533246994019e-01
-2.391888201236724854e-01
-2.498362064361572266e-01
-2.460192590951919556e-01
-2.483767271041870117e-01
-2.453553974628448486e-01
-2.447405606508255005e-01
-2.506462037563323975e-01
-2.481459677219390869e-01
-2.555518150329589844e-01
-2.555907666683197021e-01
-2.559122443199157715e-01
-2.530190646648406982e-01
-2.504347860813140869e-01
-2.583655416965484619e-01
-2.552365362644195557e-01
-2.510492801666259766e-01
-2.464000284671783447e-01
-2.525829076766967773e-01
-2.465998530387878418e-01
-2.489745914936065674e-01
-2.513294219970703125e-01
-2.539702057838439941e-01
-2.478011846542358398e-01
-2.551165223121643066e-01
-2.564360499382019043e-01
-2.538315653800964355e-01
-2.473972439765930176e-01
-2.602326571941375732e-01
-2.553295493125915527e-01
-2.558430135250091553e-01
-2.486623525619506836e-01
-2.521448731422424316e-01
-2.538676261901855469e-01
-2.581650018692016602e-01
-2.597171664237976074e-01
-2.646830379962921143e-01
-2.620605826377868652e-01
-2.551763355731964111e-01
-2.552722394466400146e-01
-2.478721141815185547e-01
-2.498541325330734253e-01
-2.490676045417785645e-01
-2.538798749446868896e-01
-2.546848952770233154e-01
-2.593919634819030762e-01
-2.559502422809600830e-01
-2.647642791271209717e-01
-2.553076744079589844e-01
-2.606454491615295410e-01
-2.569479048252105713e-01
-2.624744474887847900e-01
-2.571055293083190918e-01
-2.580799162387847900e-01
-2.601684927940368652e-01
-2.665384709835052490e-01
-2.603059113025665283e-01
-2.648765742778778076e-01
-2.639286518096923828e-01
-2.640507817268371582e-01
-2.599202394485473633e-01
-2.676955759525299072e-01
-2.649694681167602539e-01
-2.583617866039276123e-01
-2.648093402385711670e-01
-2.686767578125000000e-01
-2.697025239467620850e-01
-2.608259320259094238e-01
-2.659090459346771240e-01
-2.708111107349395752e-01
-2.736495733261108398e-01
-2.754850387573242188e-01
-2.703285217285156250e-01
-2.618858814239501953e-01
-2.655601203441619873e-01
-2.797901630401611328e-01
-2.709999978542327881e-01
-2.727919220924377441e-01
-2.744853794574737549e-01
-2.703210413455963135e-01
-2.682074010372161865e-01
-2.675433158874511719e-01
-2.669946253299713135e-01
-2.674161791801452637e-01
-2.663735449314117432e-01
-2.664338946342468262e-01
-2.721815407276153564e-01
-2.665608823299407959e-01
-2.705107331275939941e-01
-2.681478261947631836e-01
-2.709696590900421143e-01
-2.673708498477935791e-01
-2.790032923221588135e-01
-2.820014059543609619e-01
-2.638311386108398438e-01
-2.671543657779693604e-01
-2.655359208583831787e-01
-2.679622173309326172e-01
-2.765913903713226318e-01
-2.729390859603881836e-01
-2.756454348564147949e-01
-2.749160230159759521e-01
-2.764178514480590820e-01
-2.763954997062683105e-01
-2.742092907428741455e-01
-2.746583819389343262e-01
-2.728108465671539307e-01
-2.796210348606109619e-01
-2.702510058879852295e-01
-2.706559300422668457e-01
-2.741048038005828857e-01
-2.699014842510223389e-01
-2.711405754089355469e-01
-2.762161791324615479e-01
-2.709498405456542969e-01
-2.793043255805969238e-01
-2.797955572605133057e-01
-2.774296998977661133e-01
-2.730509638786315918e-01
-2.717154622077941895e-01
-2.719751000404357910e-01
-2.722634971141815186e-01
-2.742995619773864746e-01
-2.799743711948394775e-01
-2.732041478157043457e-01
-2.720156311988830566e-01
-2.674582898616790771e-01
-2.698003649711608887e-01
-2.703585922718048096e-01
-2.771090567111968994e-01
-2.791819870471954346e-01
-2.727590203285217285e-01
-2.747434973716735840e-01
-2.712866663932800293e-01
-2.744347453117370605e-01
-2.803741097450256348e-01
-2.802262902259826660e-01
-2.735991775989532471e-01
-2.743751406669616699e-01
-2.806445360183715820e-01
-2.833612561225891113e-01
-2.788126766681671143e-01
-2.747860848903656006e-01
-2.719698846340179443e-01
-2.741849422454833984e-01
-2.739636898040771484e-01
-2.818919718265533447e-01
-2.740734219551086426e-01
-2.791527509689331055e-01
-2.793553769588470459e-01
-2.792814671993255615e-01
-2.823753654956817627e-01
-2.744354009628295898e-01
-2.740276753902435303e-01
-2.822168469429016113e-01
-2.847621440887451172e-01
-2.798463404178619385e-01
-2.776279747486114502e-01
-2.747907042503356934e-01
-2.733527421951293945e-01
-2.794366478919982910e-01
-2.822211682796478271e-01
-2.796451449394226074e-01
-2.790349125862121582e-01
-2.870226204395294189e-01
-2.859818637371063232e-01
-2.810631990432739258e-01
-2.827673852443695068e-01
-2.864407896995544434e-01
-2.784902751445770264e-01
-2.731631398200988770e-01
-2.890216410160064697e-01
-2.885458171367645264e-01
-2.802377343177795410e-01
-2.920990586280822754e-01
-2.843028008937835693e-01
-2.936839163303375244e-01
-2.877779901027679443e-01
-2.876559793949127197e-01
-2.870559990406036377e-01
-2.859992086887359619e-01
-2.850373387336730957e-01
-2.953251004219055176e-01
-2.906017601490020752e-01
-2.904978692531585693e-01
-2.892757058143615723e-01
-2.968915402889251709e-01
-2.913182079792022705e-01
-2.880374491214752197e-01
-2.915308773517608643e-01
-2.951443791389465332e-01
-2.896941602230072021e-01
-2.874411046504974365e-01
-2.901602685451507568e-01
-2.943052947521209717e-01
-2.859024703502655029e-01
-2.858334481716156006e-01
-2.897404432296752930e-01
-2.878136634826660156e-01
-2.790348529815673828e-01
-2.867614626884460449e-01
-3.004814982414245605e-01
-2.978090643882751465e-01
-2.860274314880371094e-01
-2.928233146667480469e-01
-2.917698919773101807e-01
-2.928095757961273193e-01
-2.873803973197937012e-01
-2.998369634151458740e-01
-3.016726672649383545e-01
-2.928026616573333740e-01
-2.850376367568969727e-01
-2.862876653671264648e-01
-2.932764887809753418e-01
-2.929362952709197998e-01
-2.943372726440429688e-01
-2.937925755977630615e-01
-2.916228175163269043e-01
-2.864367663860321045e-01
-2.901206016540527344e-01
-2.952527403831481934e-01
-2.953076362609863281e-01
-2.918764352798461914e-01
-2.933567464351654053e-01
-2.949281334877014160e-01
-2.819512486457824707e-01
-2.822377085685729980e-01
-2.922051250934600830e-01
-3.019470274448394775e-01
-2.997777760028839111e-01
-2.932163774967193604e-01
-2.930092811584472656e-01
-2.896095812320709229e-01
-2.882738113403320312e-01
-2.844874560832977295e-01
-2.883413136005401611e-01
-3.000832498073577881e-01
-3.016216158866882324e-01
-2.935506403446197510e-01
-2.909251451492309570e-01
-2.922366857528686523e-01
-2.979716062545776367e-01
-2.908315956592559814e-01
-2.992151081562042236e-01
-2.928582131862640381e-01
-2.934471368789672852e-01
-2.911243140697479248e-01
-3.033482730388641357e-01
-2.942215502262115479e-01
-2.969290912151336670e-01
-2.965480387210845947e-01
-2.953119874000549316e-01
-2.920040488243103027e-01
-3.004956543445587158e-01
-2.932547926902770996e-01
-2.945136129856109619e-01
-2.880603373050689697e-01
-2.958438992500305176e-01
-3.019693791866302490e-01
-3.027694225311279297e-01
-2.929560840129852295e-01
-2.940887510776519775e-01
-2.949549555778503418e-01
-2.939188182353973389e-01
-2.978425920009613037e-01
-2.918983697891235352e-01
-2.987274825572967529e-01
-2.962422370910644531e-01
-2.975983321666717529e-01
-3.044387102127075195e-01
-2.913782894611358643e-01
-2.969959080219268799e-01
-3.032456636428833008e-01
-2.892993390560150146e-01
-2.982457280158996582e-01
-2.957191169261932373e-01
-2.968046367168426514e-01
-2.888787090778350830e-01
-3.053874671459197998e-01
-2.976907491683959961e-01
-2.903542816638946533e-01
-2.951757907867431641e-01
-2.957942783832550049e-01
-3.027658164501190186e-01
-2.872624397277832031e-01
-2.964880168437957764e-01
-3.008350729942321777e-01
-3.023310303688049316e-01
-2.980671226978302002e-01
-2.990333735942840576e-01
-2.954663932323455811e-01
-2.998694479465484619e-01
-2.952128648757934570e-01
-3.030667901039123535e-01
-3.014076650142669678e-01
-2.927307784557342529e-01
-3.066078722476959229e-01
-3.019342124462127686e-01
-2.950696349143981934e-01
-2.986715137958526611e-01
-2.962529361248016357e-01
-3.075802624225616455e-01
-2.901700139045715332e-01
-3.041782081127166748e-01
-2.894296348094940186e-01
-2.980888485908508301e-01
-3.057737350463867188e-01
-2.993988692760467529e-01
-2.968011796474456787e-01
-2.961772382259368896e-01
-3.099969625473022461e-01
-2.986919581890106201e-01
-3.029584884643554688e-01
-2.986066341400146484e-01
-3.070299923419952393e-01
-3.039812743663787842e-01
-2.914406061172485352e-01
-3.089999258518218994e-01
-3.022627532482147217e-01
-2.945465147495269775e-01
-3.034923076629638672e-01
-3.075748383998870850e-01
-2.961049973964691162e-01
-3.031851649284362793e-01
-2.999865412712097168e-01
-3.070438206195831299e-01
-3.032107651233673096e-01
-2.963986992835998535e-01
-3.097324669361114502e-01
-2.976667284965515137e-01
-3.036483526229858398e-01
-3.032382130622863770e-01
-3.031199872493743896e-01
-3.026476204395294189e-01
-3.099647462368011475e-01
-3.007870614528656006e-01
-3.060834705829620361e-01
-3.081970214843750000e-01
-3.025807440280914307e-01
-3.114532828330993652e-01
-3.045827150344848633e-01
-3.068295419216156006e-01
-3.127799928188323975e-01
-3.010525107383728027e-01
-3.031981289386749268e-01
-3.068752586841583252e-01
-3.078205585479736328e-01
-3.131042420864105225e-01
-3.077093362808227539e-01
-3.075349032878875732e-01
-3.063454329967498779e-01
-3.028679490089416504e-01
-3.097681105136871338e-01
-3.045204281806945801e-01
-3.100510835647583008e-01
-3.109862804412841797e-01
-3.121157288551330566e-01
-3.053458929061889648e-01
-3.159719407558441162e-01
-3.051390945911407471e-01
-3.164556920528411865e-01
-3.104208111763000488e-01
-3.196925520896911621e-01
-3.083370029926300049e-01
-3.118664026260375977e-01
-3.151396214962005615e-01
-3.117472827434539795e-01
-3.136751353740692139e-01
-3.126083612442016602e-01
-3.148866593837738037e-01
-3.153660893440246582e-01
-3.123775720596313477e-01
-3.016630113124847412e-01
-3.170778751373291016e-01
-3.177323937416076660e-01
-3.085398674011230469e-01
-3.120960891246795654e-01
-3.201225697994232178e-01
-3.185552954673767090e-01
-3.152188658714294434e-01
-3.102426528930664062e-01
-3.143656849861145020e-01
-3.198298811912536621e-01
-3.107876181602478027e-01
-3.211855888366699219e-01
-3.198475241661071777e-01
-3.195084333419799805e-01
-3.155161738395690918e-01
-3.179771006107330322e-01
-3.135703206062316895e-01
-3.224211335182189941e-01
-3.154815733432769775e-01
-3.192891776561737061e-01
-3.158145248889923096e-01
-3.224125802516937256e-01
-3.172068595886230469e-01
-3.210645020008087158e-01
-3.206545710563659668e-01
-3.239704370498657227e-01
-3.164077699184417725e-01
-3.151915371417999268e-01
-3.202002346515655518e-01
-3.226565420627593994e-01
-3.168109059333801270e-01
-3.217634260654449463e-01
-3.266861140727996826e-01
-3.192363381385803223e-01
-3.212006390094757080e-01
-3.225598931312561035e-01
-3.256233036518096924e-01
-3.178126215934753418e-01
-3.262483179569244385e-01
-3.219619095325469971e-01
-3.219622671604156494e-01
-3.270901143550872803e-01
-3.219138681888580322e-01
-3.182238042354583740e-01
-3.210180103778839111e-01
-3.273568749427795410e-01
-3.211853206157684326e-01
-3.224860429763793945e-01
-3.281250000000000000e-01
-3.192464113235473633e-01
-3.191956579685211182e-01
-3.262216150760650635e-01
-3.262361884117126465e-01
-3.277029991149902344e-01
-3.260828852653503418e-01
-3.175890743732452393e-01
-3.248618245124816895e-01
-3.232126533985137939e-01
-3.250490128993988037e-01
-3.267069756984710693e-01
-3.241295218467712402e-01
-3.307609856128692627e-01
-3.286086618900299072e-01
-3.237479031085968018e-01
-3.318741321563720703e-01
-3.314353525638580322e-01
-3.305898904800415039e-01
-3.229412734508514404e-01
-3.254677355289459229e-01
-3.298299312591552734e-01
-3.179194331169128418e-01
-3.280285298824310303e-01
-3.279221057891845703e-01
-3.269083201885223389e-01
-3.222849071025848389e-01
-3.329194188117980957e-01
-3.288586437702178955e-01
-3.223154246807098389e-01
-3.292126059532165527e-01
-3.297467529773712158e-01
-3.247895538806915283e-01
-3.354746699333190918e-01
-3.285213112831115723e-01
-3.262808918952941895e-01
-3.308571279048919678e-01
-3.280154168605804443e-01
-3.288341462612152100e-01
-3.322728872299194336e-01
-3.269346356391906738e-01
-3.289185166358947754e-01
-3.283998966217041016e-01
-3.283907473087310791e-01
-3.310544490814208984e-01
-3.286233544349670410e-01
-3.284077048301696777e-01
-3.345261216163635254e-01
-3.311915993690490723e-01
-3.326029181480407715e-01
-3.315164744853973389e-01
-3.287641704082489014e-01
-3.322235345840454102e-01
-3.332242369651794434e-01
-3.338278830051422119e-01
-3.259363174438476562e-01
-3.342784345149993896e-01
-3.337197899818420410e-01
-3.281894028186798096e-01
-3.315275907516479492e-01
-3.359810113906860352e-01
-3.306704163551330566e-01
-3.321464359760284424e-01
-3.355611860752105713e-01
-3.347603678703308105e-01
-3.321456313133239746e-01
-3.255302011966705322e-01
-3.312733769416809082e-01
-3.369230926036834717e-01
-3.351880013942718506e-01
-3.325782418251037598e-01
-3.299749195575714111e-01
-3.319688439369201660e-01
-3.353246450424194336e-01
-3.287872374057769775e-01
-3.323007225990295410e-01
-3.325026929378509521e-01
-3.322946727275848389e-01
-3.276832401752471924e-01
-3.366874158382415771e-01
-3.321235179901123047e-01
-3.372710943222045898e-01
-3.336789309978485107e-01
-3.332967758178710938e-01
-3.345220983028411865e-01
-3.332320451736450195e-01
-3.331478238105773926e-01
-3.334669172763824463e-01
-3.354589641094207764e-01
-3.356905877590179443e-01
-3.314007818698883057e-01
-3.330050706863403320e-01
-3.379614949226379395e-01
-3.400095701217651367e-01
-3.376788496971130371e-01
-3.334076106548309326e-01
-3.343613743782043457e-01
-3.359868824481964111e-01
-3.371866941452026367e-01
-3.320070505142211914e-01
-3.339831531047821045e-01
-3.343666791915893555e-01
-3.387248218059539795e-01
-3.360403478145599365e-01
-3.335995376110076904e-01
-3.353992402553558350e-01
-3.385223150253295898e-01
-3.353237211704254150e-01
-3.348506689071655273e-01
-3.351928591728210449e-01
-3.309301435947418213e-01
-3.370454013347625732e-01
-3.384310305118560791e-01
-3.309028744697570801e-01
-3.335363268852233887e-01
-3.375120162963867188e-01
-3.380991518497467041e-01
-3.348348736763000488e-01
-3.346092402935028076e-01
-3.329601585865020752e-01
-3.345645666122436523e-01
-3.349136710166931152e-01
-3.348107039928436279e-01
-3.367703557014465332e-01
-3.353457748889923096e-01
-3.356227576732635498e-01
-3.345016539096832275e-01
-3.376403152942657471e-01
-3.349120020866394043e-01
-3.336588442325592041e-01
-3.381231129169464111e-01
-3.379090428352355957e-01
-3.368313312530517578e-01
-3.338075280189514160e-01
-3.351605236530303955e-01
-3.344197273254394531e-01
-3.326061367988586426e-01
-3.344100713729858398e-01
-3.332340717315673828e-01
-3.363802134990692139e-01
-3.358971476554870605e-01
-3.344377577304840088e-01
-3.392459750175476074e-01
-3.388530313968658447e-01
-3.381083011627197266e-01
-3.341872096061706543e-01
-3.389081358909606934e-01
-3.388547003269195557e-01
-3.366312980651855469e-01
-3.326078057289123535e-01
-3.383987545967102051e-01
-3.391848206520080566e-01
-3.348614573478698730e-01
-3.373364210128784180e-01
-3.332492709159851074e-01
-3.348078727722167969e-01
-3.370480835437774658e-01
-3.381217122077941895e-01
-3.376505076885223389e-01
-3.381258249282836914e-01
-3.365707695484161377e-01
-3.368388116359710693e-01
-3.404462039470672607e-01
-3.337531685829162598e-01
-3.384273648262023926e-01
-3.406051695346832275e-01
-3.364779651165008545e-01
-3.333259224891662598e-01
-3.393707275390625000e-01
-3.395754992961883545e-01
-3.352304995059967041e-01
-3.370273411273956299e-01
-3.410722017288208008e-01
-3.420630395412445068e-01
-3.361032009124755859e-01
-3.343959152698516846e-01
-3.375934362411499023e-01
-3.367114365100860596e-01
-3.369693458080291748e-01
-3.393093645572662354e-01
-3.349732160568237305e-01
-3.333160281181335449e-01
-3.385766744613647461e-01
-3.376440405845642090e-01
-3.384308218955993652e-01
-3.363495469093322754e-01
-3.405625522136688232e-01
-3.428408503532409668e-01
-3.351657986640930176e-01
-3.381325602531433105e-01
-3.389550447463989258e-01
-3.394435048103332520e-01
-3.393459618091583252e-01
-3.426856398582458496e-01
-3.382172882556915283e-01
-3.386043012142181396e-01
-3.386815488338470459e-01
-3.422726392745971680e-01
-3.360871672630310059e-01
-3.340956568717956543e-01
-3.400771617889404297e-01
-3.397997319698333740e-01
-3.394579589366912842e-01
-3.379223644733428955e-01
-3.433458805084228516e-01
-3.407018184661865234e-01
-3.424980342388153076e-01
-3.370662331581115723e-01
-3.407318890094757080e-01
-3.401813209056854248e-01
-3.357196152210235596e-01
-3.394790887832641602e-01
-3.376032412052154541e-01
-3.356799781322479248e-01
-3.391917049884796143e-01
-3.433441519737243652e-01
-3.404516577720642090e-01
-3.389105796813964844e-01
-3.353317379951477051e-01
-3.348660469055175781e-01
-3.436676859855651855e-01
-3.394949436187744141e-01
-3.373804390430450439e-01
-3.434388935565948486e-01
-3.383789658546447754e-01
-3.360966742038726807e-01
-3.395056426525115967e-01
-3.400973677635192871e-01
-3.440918922424316406e-01
-3.393513262271881104e-01
-3.412610590457916260e-01
-3.424810171127319336e-01
-3.397848606109619141e-01
-3.392923176288604736e-01
-3.410166203975677490e-01
-3.391013145446777344e-01
-3.403593003749847412e-01
-3.433731496334075928e-01
-3.395480811595916748e-01
-3.398494124412536621e-01
-3.399719893932342529e-01
-3.422275781631469727e-01
-3.492805659770965576e-01
-3.475023210048675537e-01
-3.453390598297119141e-01
-3.471898734569549561e-01
-3.527684211730957031e-01
-3.513517379760742188e-01
-3.486835658550262451e-01
-3.521336913108825684e-01
-3.563562631607055664e-01
-3.542902469635009766e-01
-3.526415824890136719e-01
-3.549826145172119141e-01
-3.561944365501403809e-01
-3.558034002780914307e-01
-3.540481030941009521e-01
-3.566660284996032715e-01
-3.573350012302398682e-01
-3.580195009708404541e-01
-3.566993474960327148e-01
-3.573336899280548096e-01
-3.581788837909698486e-01
-3.583580851554870605e-01
-3.567967414855957031e-01
-3.573584258556365967e-01
-3.575723767280578613e-01
-3.596897423267364502e-01
-3.588334321975708008e-01
-3.586284816265106201e-01
-3.586448729038238525e-01
-3.601583838462829590e-01
-3.595984578132629395e-01
-3.579715490341186523e-01
-3.590914011001586914e-01
-3.595971167087554932e-01
-3.600877523422241211e-01
-3.602684438228607178e-01
-3.595882654190063477e-01
-3.597512841224670410e-01
-3.588310778141021729e-01
-3.599390387535095215e-01
-3.616124391555786133e-01
-3.605183064937591553e-01
-3.599094152450561523e-01
-3.603699505329132080e-01
-3.603843450546264648e-01
-3.614223599433898926e-01
-3.605363667011260986e-01
-3.614422082901000977e-01
-3.616675138473510742e-01
-3.606586158275604248e-01
-3.600139915943145752e-01
-3.594703674316406250e-01
-3.597459793090820312e-01
-3.606763780117034912e-01
-3.607702851295471191e-01
-3.616461157798767090e-01
-3.600242137908935547e-01
-3.607510328292846680e-01
-3.615476787090301514e-01
-3.608312308788299561e-01
-3.617462217807769775e-01
-3.613964021205902100e-01
-3.612133264541625977e-01
-3.612300455570220947e-01
-3.618015944957733154e-01
-3.604049682617187500e-01
-3.604970574378967285e-01
-3.605505824089050293e-01
-3.612264394760131836e-01
-3.611035346984863281e-01
-3.623242676258087158e-01
-3.613275289535522461e-01
-3.610211014747619629e-01
-3.603437244892120361e-01
-3.620304465293884277e-01
-3.610956370830535889e-01
-3.622505962848663330e-01
-3.614785671234130859e-01
-3.621538281440734863e-01
-3.616871237754821777e-01
-3.620603084564208984e-01
-3.606430590152740479e-01
-3.607948720455169678e-01
-3.616324961185455322e-01
-3.614837527275085449e-01
-3.607179224491119385e-01
-3.617475628852844238e-01
-3.621520698070526123e-01
-3.621776103973388672e-01
-3.610852062702178955e-01
-3.621138334274291992e-01
-3.624539971351623535e-01
-3.612183332443237305e-01
-3.609218001365661621e-01
-3.618321418762207031e-01
-3.614726662635803223e-01
-3.626434803009033203e-01
-3.619287312030792236e-01
-3.614892661571502686e-01
-3.630071878433227539e-01
-3.617049455642700195e-01
-3.632798492908477783e-01
-3.619364500045776367e-01
-3.618237674236297607e-01
-3.620527088642120361e-01
-3.616102635860443115e-01
-3.612580597400665283e-01
-3.618620336055755615e-01
-3.621003925800323486e-01
-3.614733517169952393e-01
-3.611474037170410156e-01
-3.617137372493743896e-01
-3.625208735466003418e-01
-3.617316484451293945e-01
-3.629995584487915039e-01
-3.634070456027984619e-01
-3.619514703750610352e-01
-3.633811771869659424e-01
-3.625483512878417969e-01
-3.631250858306884766e-01
-3.627155721187591553e-01
-3.623584508895874023e-01
-3.623631298542022705e-01
-3.618963658809661865e-01
-3.622630536556243896e-01
-3.618999719619750977e-01
-3.620351850986480713e-01
-3.631057143211364746e-01
-3.625102639198303223e-01
-3.622118234634399414e-01
-3.623190224170684814e-01
-3.628714382648468018e-01
-3.634151518344879150e-01
-3.623029589653015137e-01
-3.620837330818176270e-01
-3.628170788288116455e-01
-3.635595142841339111e-01
-3.636890947818756104e-01
-3.629211485385894775e-01
-3.621892631053924561e-01
-3.627093434333801270e-01
-3.624559342861175537e-01
-3.641911745071411133e-01
-3.622075915336608887e-01
-3.632547557353973389e-01
-3.626441657543182373e-01
-3.621539771556854248e-01
-3.629813194274902344e-01
-3.625810444355010986e-01
-3.636335730552673340e-01
-3.619539737701416016e-01
-3.635622859001159668e-01
-3.621169924736022949e-01
-3.621388673782348633e-01
-3.624722659587860107e-01
-3.629690408706665039e-01
-3.628157377243041992e-01
-3.637152016162872314e-01
-3.626680374145507812e-01
-3.624150454998016357e-01
-3.628557920455932617e-01
-3.630813956260681152e-01
-3.624043762683868408e-01
-3.624673485755920410e-01
-3.622205853462219238e-01
-3.631095290184020996e-01
-3.625645041465759277e-01
-3.619999289512634277e-01
-3.630080223083496094e-01
-3.632116019725799561e-01
-3.636533319950103760e-01
-3.633244633674621582e-01
-3.635152578353881836e-01
-3.627705276012420654e-01
-3.620123267173767090e-01
-3.628862798213958740e-01
-3.618005514144897461e-01
-3.630690872669219971e-01
-3.628416359424591064e-01
-3.624103665351867676e-01
-3.622639775276184082e-01
-3.623696863651275635e-01
-3.621495366096496582e-01
-3.617656826972961426e-01
-3.628697097301483154e-01
-3.632308244705200195e-01
-3.626513183116912842e-01
-3.621629774570465088e-01
-3.622401654720306396e-01
-3.635729253292083740e-01
-3.631699681282043457e-01
-3.626253306865692139e-01
-3.631772994995117188e-01
-3.633454442024230957e-01
-3.630802631378173828e-01
-3.620983660221099854e-01
-3.626611828804016113e-01
-3.636513054370880127e-01
-3.635314106941223145e-01
-3.623551130294799805e-01
-3.619243204593658447e-01
-3.623542785644531250e-01
-3.625284433364868164e-01
-3.629996478557586670e-01
-3.624808192253112793e-01
-3.634414672851562500e-01
-3.632936179637908936e-01
-3.634933233261108398e-01
-3.636240661144256592e-01
-3.636178672313690186e-01
-3.637165725231170654e-01
-3.639901876449584961e-01
-3.646395802497863770e-01
-3.634352087974548340e-01
-3.640313148498535156e-01
-3.627927899360656738e-01
-3.629440963268280029e-01
-3.630006611347198486e-01
-3.628355860710144043e-01
-3.633920252323150635e-01
-3.633241057395935059e-01
-3.640525341033935547e-01
-3.632519543170928955e-01
-3.626500666141510010e-01
-3.640897572040557861e-01
-3.626231551170349121e-01
-3.625974357128143311e-01
-3.616724312305450439e-01
-3.635444939136505127e-01
-3.640143871307373047e-01
-3.623870611190795898e-01
-3.628536164760589600e-01
-3.632660508155822754e-01
-3.638457953929901123e-01
-3.635759651660919189e-01
-3.633751869201660156e-01
-3.638520538806915283e-01
-3.628704249858856201e-01
-3.635774552822113037e-01
-3.627476096153259277e-01
-3.634625971317291260e-01
-3.635179102420806885e-01
-3.635186254978179932e-01
-3.644362092018127441e-01
-3.636103272438049316e-01
-3.633878231048583984e-01
-3.645791411399841309e-01
-3.634685575962066650e-01
-3.638604283332824707e-01
-3.629989922046661377e-01
-3.626869618892669678e-01
-3.641305863857269287e-01
-3.636614382266998291e-01
-3.634895682334899902e-01
-3.641922175884246826e-01
-3.631370365619659424e-01
-3.635415136814117432e-01
-3.636421859264373779e-01
-3.636248707771301270e-01
-3.640776872634887695e-01
-3.635528087615966797e-01
-3.637367188930511475e-01
-3.626396358013153076e-01
-3.637287616729736328e-01
-3.643545508384704590e-01
-3.643029034137725830e-01
-3.641256093978881836e-01
-3.642231523990631104e-01
-3.638581931591033936e-01
-3.647270500659942627e-01
-3.641561865806579590e-01
-3.635658621788024902e-01
-3.639324605464935303e-01
-3.635307252407073975e-01
-3.636267185211181641e-01
-3.646316528320312500e-01
-3.635847866535186768e-01
-3.636976480484008789e-01
-3.646775484085083008e-01
-3.640547394752502441e-01
-3.636139035224914551e-01
-3.633614480495452881e-01
-3.641613721847534180e-01
-3.637547492980957031e-01
-3.636415302753448486e-01
-3.643381297588348389e-01
-3.644503355026245117e-01
-3.632140457630157471e-01
-3.642824888229370117e-01
-3.630014061927795410e-01
-3.650186657905578613e-01
-3.642793595790863037e-01
-3.648492097854614258e-01
-3.637838661670684814e-01
-3.632873594760894775e-01
-3.652525246143341064e-01
-3.641292154788970947e-01
-3.649558126926422119e-01
-3.638441860675811768e-01
-3.641588091850280762e-01
-3.641385436058044434e-01
-3.640889227390289307e-01
-3.640989959239959717e-01
-3.635327219963073730e-01
-3.646884262561798096e-01
-3.644230961799621582e-01
-3.640285432338714600e-01
-3.645231425762176514e-01
-3.646675348281860352e-01
-3.631649315357208252e-01
-3.643242716789245605e-01
-3.636845648288726807e-01
-3.629939556121826172e-01
-3.632058203220367432e-01
-3.644061982631683350e-01
-3.643480539321899414e-01
-3.645353317260742188e-01
-3.641708493232727051e-01
-3.646340370178222656e-01
-3.638025820255279541e-01
-3.632566928863525391e-01
-3.645654916763305664e-01
-3.633178770542144775e-01
-3.645861744880676270e-01
-3.644850254058837891e-01
-3.641187250614166260e-01
-3.634696006774902344e-01
-3.646785020828247070e-01
-3.647111058235168457e-01
-3.644743859767913818e-01
-3.638391792774200439e-01
-3.644800782203674316e-01
-3.649851679801940918e-01
-3.640241622924804688e-01
-3.647885322570800781e-01
-3.648646771907806396e-01
-3.643530309200286865e-01
-3.652384281158447266e-01
-3.642676770687103271e-01
-3.651866018772125244e-01
-3.638253808021545410e-01
-3.645224571228027344e-01
-3.645465075969696045e-01
-3.647198677062988281e-01
-3.634409606456756592e-01
-3.636943399906158447e-01
-3.651257753372192383e-01
-3.646347224712371826e-01
-3.638950586318969727e-01
-3.643446564674377441e-01
-3.630042970180511475e-01
-3.649094700813293457e-01
-3.645249009132385254e-01
-3.644650876522064209e-01
-3.647611141204833984e-01
-3.643120825290679932e-01
-3.647261857986450195e-01
-3.649681508541107178e-01
-3.647129833698272705e-01
-3.645766675472259521e-01
-3.642659783363342285e-01
-3.641667366027832031e-01
-3.639375567436218262e-01
-3.652916252613067627e-01
-3.643212318420410156e-01
-3.637864887714385986e-01
-3.644572794437408447e-01
-3.644505739212036133e-01
-3.633311092853546143e-01
-3.643212020397186279e-01
-3.646696209907531738e-01
-3.650997281074523926e-01
-3.646975159645080566e-01
-3.643172979354858398e-01
-3.650905787944793701e-01
-3.641512095928192139e-01
-3.646568655967712402e-01
-3.635087907314300537e-01
-3.644904792308807373e-01
-3.642559349536895752e-01
-3.648109436035156250e-01
-3.643233776092529297e-01
-3.650142848491668701e-01
-3.647526204586029053e-01
-3.645266592502593994e-01
-3.649230897426605225e-01
-3.649797141551971436e-01
-3.647433519363403320e-01
-3.641809225082397461e-01
-3.646900057792663574e-01
-3.648211658000946045e-01
-3.649704754352569580e-01
-3.648580908775329590e-01
-3.651380240917205811e-01
-3.646342456340789795e-01
-3.642902076244354248e-01
-3.650299012660980225e-01
-3.642043471336364746e-01
-3.649614751338958740e-01
-3.651367723941802979e-01
-3.647995889186859131e-01
-3.643406331539154053e-01
-3.645741939544677734e-01
-3.641226887702941895e-01
-3.649056255817413330e-01
-3.646420836448669434e-01
-3.638112545013427734e-01
-3.641328811645507812e-01
-3.648778796195983887e-01
-3.652451038360595703e-01
-3.645701110363006592e-01
-3.648091554641723633e-01
-3.659152686595916748e-01
-3.646179139614105225e-01
-3.644176423549652100e-01
-3.642738461494445801e-01
-3.645932972431182861e-01
-3.648745119571685791e-01
-3.645429611206054688e-01
-3.647807538509368896e-01
-3.652153313159942627e-01
-3.649504482746124268e-01
-3.651787936687469482e-01
-3.658592402935028076e-01
-3.649060726165771484e-01
-3.650986254215240479e-01
-3.642019033432006836e-01
-3.651011288166046143e-01
-3.645934462547302246e-01
-3.646332323551177979e-01
-3.652872443199157715e-01
-3.653423786163330078e-01
-3.653159737586975098e-01
-3.647311329841613770e-01
-3.654032647609710693e-01
-3.650137186050415039e-01
-3.651648461818695068e-01
-3.659166991710662842e-01
-3.642401099205017090e-01
-3.652389049530029297e-01
-3.656974434852600098e-01
-3.642573356628417969e-01
-3.643419742584228516e-01
-3.656381964683532715e-01
-3.649115562438964844e-01
-3.648740947246551514e-01
-3.644465804100036621e-01
-3.647835552692413330e-01
-3.646763563156127930e-01
-3.649743795394897461e-01
-3.653147518634796143e-01
-3.649701476097106934e-01
-3.645398318767547607e-01
-3.649745583534240723e-01
-3.652650415897369385e-01
-3.652538657188415527e-01
-3.648903071880340576e-01
-3.644250035285949707e-01
-3.652416467666625977e-01
-3.649371564388275146e-01
-3.645446300506591797e-01
-3.656293749809265137e-01
-3.655245006084442139e-01
-3.653875589370727539e-01
-3.655179440975189209e-01
-3.654708266258239746e-01
-3.657413423061370850e-01
-3.649607300758361816e-01
-3.649947047233581543e-01
-3.653495609760284424e-01
-3.649817705154418945e-01
-3.656412065029144287e-01
-3.655517697334289551e-01
-3.653771877288818359e-01
-3.647760748863220215e-01
-3.643706142902374268e-01
-3.659385144710540771e-01
-3.655277192592620850e-01
-3.649784326553344727e-01
-3.654672205448150635e-01
-3.646398782730102539e-01
-3.649096786975860596e-01
-3.659676313400268555e-01
-3.652549982070922852e-01
-3.653249740600585938e-01
-3.654843270778656006e-01
-3.650580346584320068e-01
-3.655093908309936523e-01
-3.638663887977600098e-01
-3.654792308807373047e-01
-3.658556342124938965e-01
-3.654743731021881104e-01
-3.644283115863800049e-01
-3.660746812820434570e-01
-3.641301691532135010e-01
-3.657899498939514160e-01
-3.648885488510131836e-01
-3.651073575019836426e-01
-3.648516833782196045e-01
-3.647414445877075195e-01
-3.651015162467956543e-01
-3.647957146167755127e-01
-3.648284673690795898e-01
-3.657018840312957764e-01
-3.659411072731018066e-01
-3.651483356952667236e-01
-3.663069605827331543e-01
-3.648169040679931641e-01
-3.654571473598480225e-01
-3.656904995441436768e-01
-3.655244112014770508e-01
-3.654446005821228027e-01
-3.653120100498199463e-01
-3.640860319137573242e-01
-3.662209510803222656e-01
-3.652966618537902832e-01
-3.649686276912689209e-01
-3.655676245689392090e-01
-3.650054931640625000e-01
-3.648571670055389404e-01
-3.661356270313262939e-01
-3.651493787765502930e-01
-3.652506172657012939e-01
-3.655624389648437500e-01
-3.655200302600860596e-01
-3.652227818965911865e-01
-3.656641542911529541e-01
-3.654471337795257568e-01
-3.661155998706817627e-01
-3.658290505409240723e-01
-3.652898669242858887e-01
-3.656431436538696289e-01
-3.647802174091339111e-01
-3.655929565429687500e-01
-3.654607534408569336e-01
-3.654103279113769531e-01
-3.646391630172729492e-01
-3.654499650001525879e-01
-3.651106655597686768e-01
-3.656721711158752441e-01
-3.648918271064758301e-01
-3.650808632373809814e-01
-3.647260069847106934e-01
-3.647940158843994141e-01
-3.661206662654876709e-01
-3.657725751399993896e-01
-3.664419353008270264e-01
-3.650296628475189209e-01
-3.659654557704925537e-01
-3.660303950309753418e-01
-3.649067282676696777e-01
-3.657561242580413818e-01
-3.657330274581909180e-01
-3.658215999603271484e-01
-3.657161891460418701e-01
-3.665805160999298096e-01
-3.658431172370910645e-01
-3.644653260707855225e-01
-3.652483522891998291e-01
-3.661043643951416016e-01
-3.655118644237518311e-01
-3.654150962829589844e-01
-3.653786182403564453e-01
-3.656785488128662109e-01
-3.649525046348571777e-01
-3.658756911754608154e-01
-3.660891652107238770e-01
-3.653785884380340576e-01
-3.647522628307342529e-01
-3.658525347709655762e-01
-3.654841482639312744e-01
-3.655194640159606934e-01
-3.660265803337097168e-01
-3.655485510826110840e-01
-3.654230833053588867e-01
-3.657807707786560059e-01
-3.657006025314331055e-01
-3.657597601413726807e-01
-3.661319017410278320e-01
-3.657061159610748291e-01
-3.656631410121917725e-01
-3.653647601604461670e-01
-3.663717508316040039e-01
-3.656364679336547852e-01
-3.657924532890319824e-01
-3.653250336647033691e-01
-3.660037815570831299e-01
-3.664172887802124023e-01
-3.656299412250518799e-01
-3.663776814937591553e-01
-3.656714558601379395e-01
-3.653333187103271484e-01
-3.654723465442657471e-01
-3.651964962482452393e-01
-3.660756349563598633e-01
-3.660536706447601318e-01
-3.644281625747680664e-01
-3.659823834896087646e-01
-3.659092485904693604e-01
-3.662903904914855957e-01
-3.648546040058135986e-01
-3.662277460098266602e-01
-3.665581047534942627e-01
-3.666010797023773193e-01
-3.663434684276580811e-01
-3.651818633079528809e-01
-3.658269941806793213e-01
-3.651803731918334961e-01
-3.655944168567657471e-01
-3.649707734584808350e-01
-3.660492300987243652e-01
-3.653097152709960938e-01
-3.658566176891326904e-01
-3.666558265686035156e-01
-3.652048408985137939e-01
-3.668873608112335205e-01
-3.663767576217651367e-01
-3.657934367656707764e-01
-3.656623661518096924e-01
-3.654124140739440918e-01
-3.654636740684509277e-01
-3.649009764194488525e-01
-3.666992783546447754e-01
-3.657300770282745361e-01
-3.657880723476409912e-01
-3.653368651866912842e-01
-3.663237988948822021e-01
-3.658151328563690186e-01
-3.652233779430389404e-01
-3.662469089031219482e-01
-3.663865327835083008e-01
-3.666102886199951172e-01
-3.652935326099395752e-01
-3.659388422966003418e-01
-3.649831712245941162e-01
-3.665071427822113037e-01
-3.660230338573455811e-01
-3.661255240440368652e-01
-3.662749528884887695e-01
-3.655403554439544678e-01
-3.660917580127716064e-01
-3.654545545578002930e-01
-3.654457926750183105e-01
-3.654371201992034912e-01
-3.659934699535369873e-01
-3.651559054851531982e-01
-3.658977746963500977e-01
-3.660353422164916992e-01
-3.663217723369598389e-01
-3.653662800788879395e-01
-3.660644292831420898e-01
-3.662919998168945312e-01
-3.663620352745056152e-01
-3.662347793579101562e-01
-3.662621974945068359e-01
-3.652216196060180664e-01
-3.659994900226593018e-01
-3.656738400459289551e-01
-3.661360442638397217e-01
-3.664826750755310059e-01
-3.669437170028686523e-01
-3.657940924167633057e-01
-3.663258254528045654e-01
-3.662844300270080566e-01
-3.669976890087127686e-01
-3.661461770534515381e-01
-3.659180998802185059e-01
-3.659921884536743164e-01
-3.656885325908660889e-01
-3.661203086376190186e-01
-3.660663366317749023e-01
-3.663211166858673096e-01
-3.663043379783630371e-01
-3.664638698101043701e-01
-3.667954504489898682e-01
-3.665580153465270996e-01
-3.651634454727172852e-01
-3.659910857677459717e-01
-3.661754727363586426e-01
-3.661994338035583496e-01
-3.661115169525146484e-01
-3.665153980255126953e-01
-3.660669624805450439e-01
-3.663077354431152344e-01
-3.653638362884521484e-01
-3.659859597682952881e-01
-3.659454286098480225e-01
-3.659255504608154297e-01
-3.668715655803680420e-01
-3.654123842716217041e-01
-3.652455806732177734e-01
-3.659532964229583740e-01
-3.656144440174102783e-01
-3.652087748050689697e-01
-3.656605482101440430e-01
-3.657579421997070312e-01
-3.651445806026458740e-01
-3.658775389194488525e-01
-3.665253520011901855e-01
-3.661724627017974854e-01
-3.654348552227020264e-01
-3.659220635890960693e-01
-3.666516840457916260e-01
-3.664450347423553467e-01
-3.662266135215759277e-01
-3.660170435905456543e-01
-3.654352426528930664e-01
-3.659420311450958252e-01
-3.662852048873901367e-01
-3.662309646606445312e-01
-3.662646412849426270e-01
-3.655757308006286621e-01
-3.665247261524200439e-01
-3.660964667797088623e-01
-3.662834763526916504e-01
-3.667330145835876465e-01
-3.665089011192321777e-01
-3.659442663192749023e-01
-3.661536276340484619e-01
-3.669965863227844238e-01
-3.661204874515533447e-01
-3.661591112613677979e-01
-3.658881783485412598e-01
-3.668031096458435059e-01
-3.666549623012542725e-01
-3.664866387844085693e-01
-3.662899434566497803e-01
-3.659856021404266357e-01
-3.664053082466125488e-01
-3.661641180515289307e-01
-3.666982352733612061e-01
-3.661374449729919434e-01
-3.662025630474090576e-01
-3.662968575954437256e-01
-3.669090569019317627e-01
-3.666225373744964600e-01
-3.656443953514099121e-01
-3.663184940814971924e-01
-3.660996556282043457e-01
-3.651697933673858643e-01
-3.664666712284088135e-01
-3.660366535186767578e-01
-3.667163550853729248e-01
-3.660416305065155029e-01
-3.658767044544219971e-01
-3.655229508876800537e-01
-3.659937679767608643e-01
-3.656854927539825439e-01
-3.662934601306915283e-01
-3.661687076091766357e-01
-3.670831620693206787e-01
-3.663260340690612793e-01
-3.656522035598754883e-01
-3.674347698688507080e-01
-3.666804134845733643e-01
-3.661048412322998047e-01
-3.666203916072845459e-01
-3.665961921215057373e-01
-3.670545816421508789e-01
-3.664556741714477539e-01
-3.668165802955627441e-01
-3.659463226795196533e-01
-3.662172853946685791e-01
-3.666036128997802734e-01
-3.673619925975799561e-01
-3.663204610347747803e-01
-3.651128411293029785e-01
-3.660968542098999023e-01
-3.665304481983184814e-01
-3.669837415218353271e-01
-3.661962151527404785e-01
-3.658016920089721680e-01
-3.669962882995605469e-01
-3.663655519485473633e-01
-3.669331967830657959e-01
-3.665687739849090576e-01
-3.663879334926605225e-01
-3.661250472068786621e-01
-3.672260642051696777e-01
-3.665812909603118896e-01
-3.660982549190521240e-01
-3.658784031867980957e-01
-3.665086925029754639e-01
-3.664139509201049805e-01
-3.663337826728820801e-01
-3.662671446800231934e-01
-3.666436970233917236e-01
-3.658436834812164307e-01
-3.663359284400939941e-01
-3.659528791904449463e-01
-3.673950731754302979e-01
-3.663585782051086426e-01
-3.669017255306243896e-01
-3.663441836833953857e-01
-3.656964004039764404e-01
-3.664098978042602539e-01
-3.661451041698455811e-01
-3.661503791809082031e-01
-3.663599193096160889e-01
-3.657636940479278564e-01
-3.667821586132049561e-01
-3.664719760417938232e-01
-3.671656548976898193e-01
-3.669197261333465576e-01
-3.666624724864959717e-01
-3.661606907844543457e-01
-3.670402169227600098e-01
-3.663200139999389648e-01
-3.659799396991729736e-01
-3.668256103992462158e-01
-3.664967417716979980e-01
-3.670470118522644043e-01
-3.671723306179046631e-01
-3.674957156181335449e-01
-3.671286702156066895e-01
-3.665908277034759521e-01
-3.671065568923950195e-01
-3.671692609786987305e-01
-3.663805127143859863e-01
-3.678383529186248779e-01
-3.672301471233367920e-01
-3.664390444755554199e-01
-3.669330477714538574e-01
-3.670387566089630127e-01
-3.661897480487823486e-01
-3.662641346454620361e-01
-3.672419190406799316e-01
-3.672288656234741211e-01
-3.659517467021942139e-01
-3.673493266105651855e-01
-3.676411807537078857e-01
-3.670158982276916504e-01
-3.665400147438049316e-01
-3.665190339088439941e-01
-3.665554225444793701e-01
-3.667747080326080322e-01
-3.668524622917175293e-01
-3.662568330764770508e-01
-3.667087852954864502e-01
-3.672175109386444092e-01
-3.658457696437835693e-01
-3.668163418769836426e-01
-3.667904436588287354e-01
-3.664649128913879395e-01
-3.663521111011505127e-01
-3.667767643928527832e-01
-3.668205440044403076e-01
-3.666447699069976807e-01
-3.666304349899291992e-01
-3.672609627246856689e-01
-3.665520548820495605e-01
-3.673939406871795654e-01
-3.672544360160827637e-01
-3.671251833438873291e-01
-3.670062720775604248e-01
-3.668106794357299805e-01
-3.660105466842651367e-01
-3.673256337642669678e-01
-3.668699264526367188e-01
-3.666594624519348145e-01
-3.672880232334136963e-01
-3.665372431278228760e-01
-3.664283454418182373e-01
-3.660946786403656006e-01
-3.668100833892822266e-01
-3.670231699943542480e-01
-3.673629164695739746e-01
-3.672752082347869873e-01
-3.671993911266326904e-01
-3.665173947811126709e-01
-3.672446310520172119e-01
-3.662987351417541504e-01
-3.673544824123382568e-01
-3.664639890193939209e-01
-3.670862019062042236e-01
-3.677011430263519287e-01
-3.663007318973541260e-01
-3.672518432140350342e-01
-3.676400780677795410e-01
-3.671344816684722900e-01
-3.671076595783233643e-01
-3.676386773586273193e-01
-3.658994138240814209e-01
-3.667048513889312744e-01
-3.668957650661468506e-01
-3.674792349338531494e-01
-3.665167689323425293e-01
-3.672340810298919678e-01
-3.677369654178619385e-01
-3.668145537376403809e-01
-3.661087751388549805e-01
-3.672653436660766602e-01
-3.659973144531250000e-01
-3.668802678585052490e-01
-3.668714463710784912e-01
-3.665628135204315186e-01
-3.665655553340911865e-01
-3.673849403858184814e-01
-3.663280308246612549e-01
-3.671338856220245361e-01
-3.666376769542694092e-01
-3.677536249160766602e-01
-3.668717145919799805e-01
-3.659616112709045410e-01
-3.669753670692443848e-01
-3.674314320087432861e-01
-3.669998049736022949e-01
-3.665628731250762939e-01
-3.666000068187713623e-01
-3.669428229331970215e-01
-3.667106628417968750e-01
-3.664257824420928955e-01
-3.673794567584991455e-01
-3.662885725498199463e-01
-3.676703572273254395e-01
-3.667237162590026855e-01
-3.666605949401855469e-01
-3.667601048946380615e-01
-3.679664433002471924e-01
-3.671580255031585693e-01
-3.664935231208801270e-01
-3.660354018211364746e-01
-3.659843206405639648e-01
-3.663862347602844238e-01
-3.658796250820159912e-01
-3.670759201049804688e-01
-3.665257692337036133e-01
-3.667042851448059082e-01
-3.670922219753265381e-01
-3.669672906398773193e-01
-3.661882281303405762e-01
-3.669755756855010986e-01
-3.682205975055694580e-01
-3.665537834167480469e-01
-3.664310574531555176e-01
-3.669365942478179932e-01
-3.669075369834899902e-01
-3.676110804080963135e-01
-3.664579987525939941e-01
-3.673472404479980469e-01
-3.672941625118255615e-01
-3.662561774253845215e-01
-3.672060668468475342e-01
-3.676409721374511719e-01
-3.668481111526489258e-01
-3.667215108871459961e-01
-3.680577278137207031e-01
-3.675000369548797607e-01
-3.668788671493530273e-01
-3.664261996746063232e-01
-3.670420646667480469e-01
-3.664728403091430664e-01
-3.672719597816467285e-01
-3.665530383586883545e-01
-3.670507669448852539e-01
-3.674345612525939941e-01
-3.672117888927459717e-01
-3.666907846927642822e-01
-3.673795759677886963e-01
-3.668676614761352539e-01
-3.672815561294555664e-01
-3.668573498725891113e-01
-3.675822615623474121e-01
-3.676403164863586426e-01
-3.666444718837738037e-01
-3.669612109661102295e-01
-3.675825297832489014e-01
-3.673309087753295898e-01
-3.669807910919189453e-01
-3.675425350666046143e-01
-3.667036890983581543e-01
-3.675124049186706543e-01
-3.668936789035797119e-01
-3.672577738761901855e-01
-3.672520220279693604e-01
-3.673237264156341553e-01
-3.675265610218048096e-01
-3.672297000885009766e-01
-3.674216866493225098e-01
-3.667480647563934326e-01
-3.671448826789855957e-01
-3.671724200248718262e-01
-3.667856454849243164e-01
-3.675421178340911865e-01
-3.672725558280944824e-01
-3.676809072494506836e-01
-3.672202825546264648e-01
-3.678439855575561523e-01
-3.666577339172363281e-01
-3.665228784084320068e-01
-3.681076169013977051e-01
-3.670432865619659424e-01
-3.683454990386962891e-01
-3.678000271320343018e-01
-3.677214980125427246e-01
-3.670400083065032959e-01
-3.666848242282867432e-01
-3.679279088973999023e-01
-3.676691949367523193e-01
-3.674060702323913574e-01
-3.669786453247070312e-01
-3.670652806758880615e-01
-3.677684068679809570e-01
-3.676297664642333984e-01
-3.673723340034484863e-01
-3.673536479473114014e-01
-3.678845167160034180e-01
-3.679352402687072754e-01
-3.679026365280151367e-01
-3.669787049293518066e-01
-3.669462800025939941e-01
-3.672571480274200439e-01
-3.676792383193969727e-01
-3.668903708457946777e-01
-3.677488267421722412e-01
-3.677973747253417969e-01
-3.681211769580841064e-01
-3.671692609786987305e-01
-3.668664693832397461e-01
-3.684890866279602051e-01
-3.677566647529602051e-01
-3.673944175243377686e-01
-3.669606745243072510e-01
-3.671049773693084717e-01
-3.677571415901184082e-01
-3.677898645401000977e-01
-3.672631084918975830e-01
-3.666385412216186523e-01
-3.677782118320465088e-01
-3.675918579101562500e-01
-3.672083020210266113e-01
-3.673983216285705566e-01
-3.668631315231323242e-01
-3.666901290416717529e-01
-3.670405745506286621e-01
-3.668075203895568848e-01
-3.670534193515777588e-01
-3.676989674568176270e-01
-3.675801455974578857e-01
-3.672568500041961670e-01
-3.673032224178314209e-01
-3.667266964912414551e-01
-3.679869174957275391e-01
-3.663672506809234619e-01
-3.666284680366516113e-01
-3.669466674327850342e-01
-3.672264814376831055e-01
-3.661279976367950439e-01
-3.673889338970184326e-01
-3.673008978366851807e-01
-3.662012815475463867e-01
-3.674437999725341797e-01
-3.675867319107055664e-01
-3.667962551116943359e-01
-3.669019043445587158e-01
-3.665189743041992188e-01
-3.678607344627380371e-01
-3.670189976692199707e-01
-3.675982058048248291e-01
-3.677765727043151855e-01
-3.663971722126007080e-01
-3.667195439338684082e-01
-3.677444458007812500e-01
-3.680708706378936768e-01
-3.674421012401580811e-01
-3.678028583526611328e-01
-3.677147030830383301e-01
-3.677169382572174072e-01
-3.672591447830200195e-01
-3.672106862068176270e-01
-3.675152063369750977e-01
-3.680129349231719971e-01
-3.670697510242462158e-01
-3.676995933055877686e-01
-3.675369918346405029e-01
-3.677444159984588623e-01
-3.670731186866760254e-01
-3.676521182060241699e-01
-3.678122460842132568e-01
-3.674714267253875732e-01
-3.672538101673126221e-01
-3.671552538871765137e-01
-3.679124712944030762e-01
-3.675370514392852783e-01
-3.673975467681884766e-01
-3.677891790866851807e-01
-3.676356077194213867e-01
-3.673051893711090088e-01
-3.671415448188781738e-01
-3.680836260318756104e-01
-3.672458827495574951e-01
-3.681644797325134277e-01
-3.677937686443328857e-01
-3.673194646835327148e-01
-3.675894141197204590e-01
-3.672752678394317627e-01
-3.679912984371185303e-01
-3.673142790794372559e-01
-3.671587109565734863e-01
-3.679588139057159424e-01
-3.677112460136413574e-01
-3.679062426090240479e-01
-3.676216006278991699e-01
-3.678874075412750244e-01
-3.679724335670471191e-01
-3.669534325599670410e-01
-3.675163686275482178e-01
-3.665703237056732178e-01
-3.672592639923095703e-01
-3.676425814628601074e-01
-3.664028346538543701e-01
-3.687471747398376465e-01
-3.676864802837371826e-01
-3.677898347377777100e-01
-3.684917986392974854e-01
-3.675001859664916992e-01
-3.676438629627227783e-01
-3.680266141891479492e-01
-3.671468496322631836e-01
-3.673384487628936768e-01
-3.677129745483398438e-01
-3.679602742195129395e-01
-3.674057126045227051e-01
-3.673073053359985352e-01
-3.683051168918609619e-01
-3.675789237022399902e-01
-3.678253591060638428e-01
-3.666882812976837158e-01
-3.674453198909759521e-01
-3.676696717739105225e-01
-3.676804900169372559e-01
-3.681759536266326904e-01
-3.675987720489501953e-01
-3.680983483791351318e-01
-3.677583634853363037e-01
-3.683498799800872803e-01
-3.672721683979034424e-01
-3.673217296600341797e-01
-3.673768341541290283e-01
-3.685889840126037598e-01
-3.674935400485992432e-01
-3.678795993328094482e-01
-3.675511181354522705e-01
-3.676475584506988525e-01
-3.679746985435485840e-01
-3.685899674892425537e-01
-3.677633404731750488e-01
-3.672288656234741211e-01
-3.679465651512145996e-01
-3.678124248981475830e-01
-3.676303029060363770e-01
-3.679003119468688965e-01
-3.680917918682098389e-01
-3.678088486194610596e-01
-3.679691255092620850e-01
-3.682274818420410156e-01
-3.675629496574401855e-01
-3.671239316463470459e-01
-3.673392832279205322e-01
-3.679403066635131836e-01
-3.682692348957061768e-01
-3.684657812118530273e-01
-3.681119978427886963e-01
-3.678079247474670410e-01
-3.680483996868133545e-01
-3.673942983150482178e-01
-3.684228658676147461e-01
-3.675604164600372314e-01
-3.678021132946014404e-01
-3.682475686073303223e-01
-3.682000935077667236e-01
-3.685211241245269775e-01
-3.684224188327789307e-01
-3.684425055980682373e-01
-3.692790567874908447e-01
-3.682894408702850342e-01
-3.683370351791381836e-01
-3.677634894847869873e-01
-3.672133684158325195e-01
-3.682765364646911621e-01
-3.678129613399505615e-01
-3.680209517478942871e-01
-3.685351014137268066e-01
-3.684867024421691895e-01
-3.676138818264007568e-01
-3.680498301982879639e-01
-3.676783442497253418e-01
-3.681206107139587402e-01
-3.676257729530334473e-01
-3.682615458965301514e-01
-3.671229183673858643e-01
-3.681579828262329102e-01
-3.678512275218963623e-01
-3.674405217170715332e-01
-3.678792715072631836e-01
-3.680835068225860596e-01
-3.682177960872650146e-01
-3.680021166801452637e-01
-3.686398565769195557e-01
-3.673697412014007568e-01
-3.684768676757812500e-01
-3.674804568290710449e-01
-3.676238954067230225e-01
-3.684895038604736328e-01
-3.677856922149658203e-01
-3.676020205020904541e-01
-3.672271370887756348e-01
-3.678556084632873535e-01
-3.678624927997589111e-01
-3.680370748043060303e-01
-3.676730394363403320e-01
-3.680281639099121094e-01
-3.680316805839538574e-01
-3.677750229835510254e-01
-3.673170208930969238e-01
-3.676361143589019775e-01
-3.681649267673492432e-01
-3.681778907775878906e-01
-3.680397272109985352e-01
-3.675226271152496338e-01
-3.680848181247711182e-01
-3.682378828525543213e-01
-3.680095970630645752e-01
-3.679736852645874023e-01
-3.681699931621551514e-01
-3.685280084609985352e-01
-3.679348826408386230e-01
-3.676674067974090576e-01
-3.685685992240905762e-01
-3.679665625095367432e-01
-3.681426942348480225e-01
-3.679097890853881836e-01
-3.677747845649719238e-01
-3.680440783500671387e-01
-3.681232035160064697e-01
-3.682483434677124023e-01
-3.679576516151428223e-01
-3.680170476436614990e-01
-3.686309754848480225e-01
-3.680791854858398438e-01
-3.679192364215850830e-01
-3.688918948173522949e-01
-3.683768212795257568e-01
-3.680832386016845703e-01
-3.681660890579223633e-01
-3.679810166358947754e-01
-3.675167262554168701e-01
-3.678180277347564697e-01
-3.679432570934295654e-01
-3.683790564537048340e-01
-3.680127859115600586e-01
-3.673669993877410889e-01
-3.677622079849243164e-01
-3.682153820991516113e-01
-3.687279522418975830e-01
-3.683266043663024902e-01
-3.680898547172546387e-01
-3.685606718063354492e-01
-3.685213625431060791e-01
-3.683406710624694824e-01
-3.678652942180633545e-01
-3.681153357028961182e-01
-3.687830865383148193e-01
-3.676862418651580811e-01
-3.682611584663391113e-01
-3.681656420230865479e-01
-3.684034347534179688e-01
-3.681735694408416748e-01
-3.685618937015533447e-01
-3.684492707252502441e-01
-3.673929274082183838e-01
-3.686762750148773193e-01
-3.680421113967895508e-01
-3.676276206970214844e-01
-3.679659366607666016e-01
-3.678950071334838867e-01
-3.675535321235656738e-01
-3.687973618507385254e-01
-3.677661120891571045e-01
-3.677787482738494873e-01
-3.682052493095397949e-01
-3.675119578838348389e-01
-3.671777844429016113e-01
-3.681563138961791992e-01
-3.678136169910430908e-01
-3.676587641239166260e-01
-3.685250282287597656e-01
-3.682056367397308350e-01
-3.674283027648925781e-01
-3.683246374130249023e-01
-3.682990670204162598e-01
-3.688437938690185547e-01
-3.680172562599182129e-01
-3.680662214756011963e-01
-3.680980205535888672e-01
-3.685215711593627930e-01
-3.679826557636260986e-01
-3.683166205883026123e-01
-3.686931133270263672e-01
-3.680768609046936035e-01
-3.685685396194458008e-01
-3.681754767894744873e-01
-3.686092495918273926e-01
-3.688869774341583252e-01
-3.676996231079101562e-01
-3.678742945194244385e-01
-3.678761422634124756e-01
-3.679632246494293213e-01
-3.681833446025848389e-01
-3.687484860420227051e-01
-3.681528270244598389e-01
-3.687719702720642090e-01
-3.674552738666534424e-01
-3.673415482044219971e-01
-3.677625060081481934e-01
-3.690687417984008789e-01
-3.684271872043609619e-01
-3.684251606464385986e-01
-3.678650856018066406e-01
-3.679324388504028320e-01
-3.679800629615783691e-01
-3.671557605266571045e-01
-3.666707873344421387e-01
-3.683860003948211670e-01
-3.678881227970123291e-01
-3.679150938987731934e-01
-3.681808710098266602e-01
-3.682000339031219482e-01
-3.679940104484558105e-01
-3.677490651607513428e-01
-3.673809766769409180e-01
-3.687982261180877686e-01
-3.682118654251098633e-01
-3.678990602493286133e-01
-3.683741986751556396e-01
-3.683523535728454590e-01
-3.684766888618469238e-01
-3.681425154209136963e-01
-3.682133853435516357e-01
-3.687900304794311523e-01
-3.683622479438781738e-01
-3.686358630657196045e-01
-3.686144351959228516e-01
-3.681399524211883545e-01
-3.692438900470733643e-01
-3.683265447616577148e-01
-3.689101636409759521e-01
-3.681334853172302246e-01
-3.686257898807525635e-01
-3.689354956150054932e-01
-3.681596815586090088e-01
-3.688788414001464844e-01
-3.683778643608093262e-01
-3.679782748222351074e-01
-3.685263395309448242e-01
-3.674865067005157471e-01
-3.696247339248657227e-01
-3.686678409576416016e-01
-3.680291771888732910e-01
-3.688295185565948486e-01
-3.684398829936981201e-01
-3.682107627391815186e-01
-3.681513071060180664e-01
-3.677552044391632080e-01
-3.677465319633483887e-01
-3.684086203575134277e-01
-3.682670593261718750e-01
-3.684070408344268799e-01
-3.686451315879821777e-01
-3.686877191066741943e-01
-3.694232404232025146e-01
-3.685897886753082275e-01
-3.687569499015808105e-01
-3.678400814533233643e-01
-3.679317533969879150e-01
-3.684401214122772217e-01
-3.689206540584564209e-01
-3.681638538837432861e-01
-3.681692481040954590e-01
-3.689127266407012939e-01
-3.689069449901580811e-01
-3.679406642913818359e-01
-3.682070374488830566e-01
-3.683469593524932861e-01
-3.682347238063812256e-01
-3.678591251373291016e-01
-3.687762320041656494e-01
-3.676273822784423828e-01
-3.692184984683990479e-01
-3.680353462696075439e-01
-3.685246109962463379e-01
-3.679272830486297607e-01
-3.686611950397491455e-01
-3.687946498394012451e-01
-3.681641817092895508e-01
-3.678621351718902588e-01
-3.692158460617065430e-01
-3.691761195659637451e-01
-3.679014146327972412e-01
-3.691714406013488770e-01
-3.680495023727416992e-01
-3.675008714199066162e-01
-3.686150610446929932e-01
-3.689495921134948730e-01
-3.685453832149505615e-01
-3.678591847419738770e-01
-3.685278296470642090e-01
-3.685165345668792725e-01
-3.688661456108093262e-01
-3.684226572513580322e-01
-3.689492046833038330e-01
-3.683080375194549561e-01
-3.687475025653839111e-01
-3.682531714439392090e-01
-3.686041235923767090e-01
-3.685584664344787598e-01
-3.685343265533447266e-01
-3.693074285984039307e-01
-3.680314421653747559e-01
-3.685241937637329102e-01
-3.688597381114959717e-01
-3.689609467983245850e-01
-3.688616454601287842e-01
-3.690356314182281494e-01
-3.692183792591094971e-01
-3.680178225040435791e-01
-3.687172830104827881e-01
-3.685815036296844482e-01
-3.682516515254974365e-01
-3.685242831707000732e-01
-3.687189817428588867e-01
-3.677871227264404297e-01
-3.684936165809631348e-01
-3.689548075199127197e-01
-3.684226870536804199e-01
-3.683089017868041992e-01
-3.686223924160003662e-01
-3.679848909378051758e-01
-3.677240014076232910e-01
-3.682907223701477051e-01
-3.682301044464111328e-01
-3.684144616127014160e-01
-3.683298826217651367e-01
-3.683520555496215820e-01
-3.676061332225799561e-01
-3.683328330516815186e-01
-3.695572018623352051e-01
-3.678997755050659180e-01
-3.680259883403778076e-01
-3.679686486721038818e-01
-3.683128058910369873e-01
-3.684401810169219971e-01
-3.681151866912841797e-01
-3.687671720981597900e-01
-3.682863116264343262e-01
-3.688099980354309082e-01
-3.685292899608612061e-01
-3.691290020942687988e-01
-3.682080805301666260e-01
-3.682316839694976807e-01
-3.690146505832672119e-01
-3.688761889934539795e-01
-3.685429394245147705e-01
-3.682600259780883789e-01
-3.684921860694885254e-01
-3.686741888523101807e-01
-3.694103658199310303e-01
-3.685206472873687744e-01
-3.686714470386505127e-01
-3.682364523410797119e-01
-3.689191937446594238e-01
-3.684298396110534668e-01
-3.684233725070953369e-01
-3.683863878250122070e-01
-3.683161139488220215e-01
-3.683335483074188232e-01
-3.691149353981018066e-01
-3.677815496921539307e-01
-3.683975338935852051e-01
-3.693100214004516602e-01
-3.681159913539886475e-01
-3.675361573696136475e-01
-3.684767186641693115e-01
-3.688263595104217529e-01
-3.679564297199249268e-01
-3.691036701202392578e-01
-3.688357472419738770e-01
-3.694564402103424072e-01
-3.681542575359344482e-01
-3.682293891906738281e-01
-3.687684237957000732e-01
-3.693171143531799316e-01
-3.693484961986541748e-01
-3.690288066864013672e-01
-3.688553571701049805e-01
-3.681890368461608887e-01
-3.693908751010894775e-01
-3.689848780632019043e-01
-3.691887259483337402e-01
-3.685629963874816895e-01
-3.689978718757629395e-01
-3.681376874446868896e-01
-3.686663210391998291e-01
-3.689568340778350830e-01
-3.682918846607208252e-01
-3.689139187335968018e-01
-3.689000308513641357e-01
-3.684740066528320312e-01
-3.683314025402069092e-01
-3.688286244869232178e-01
-3.696830868721008301e-01
-3.689533472061157227e-01
-3.695510923862457275e-01
-3.684855401515960693e-01
-3.691051602363586426e-01
-3.686061203479766846e-01
-3.689610064029693604e-01
-3.689799904823303223e-01
-3.684443235397338867e-01
-3.692842423915863037e-01
-3.685601055622100830e-01
-3.683914840221405029e-01
-3.689335584640502930e-01
-3.684771060943603516e-01
-3.694745898246765137e-01
-3.694033920764923096e-01
-3.687019646167755127e-01
-3.687383532524108887e-01
-3.690755665302276611e-01
-3.689915239810943604e-01
-3.685995340347290039e-01
-3.687783777713775635e-01
-3.683713078498840332e-01
-3.690237104892730713e-01
-3.682129383087158203e-01
-3.690225183963775635e-01
-3.690122663974761963e-01
-3.687360286712646484e-01
-3.686471879482269287e-01
-3.688434958457946777e-01
-3.690775930881500244e-01
-3.690023124217987061e-01
-3.682097792625427246e-01
-3.688109517097473145e-01
-3.689685761928558350e-01
-3.691815733909606934e-01
-3.682140409946441650e-01
-3.685545027256011963e-01
-3.685867786407470703e-01
-3.688156306743621826e-01
-3.693123161792755127e-01
-3.689363896846771240e-01
-3.689150810241699219e-01
-3.695647418498992920e-01
-3.691052496433258057e-01
-3.686887919902801514e-01
-3.687651455402374268e-01
-3.693225681781768799e-01
-3.685018122196197510e-01
-3.688140213489532471e-01
-3.686864674091339111e-01
-3.687797784805297852e-01
-3.690192103385925293e-01
-3.686735928058624268e-01
-3.691492676734924316e-01
-3.691321909427642822e-01
-3.683832287788391113e-01
-3.687744140625000000e-01
-3.682604134082794189e-01
-3.688890337944030762e-01
-3.686564862728118896e-01
-3.689605593681335449e-01
-3.686367869377136230e-01
-3.688842654228210449e-01
-3.694156408309936523e-01
-3.685303926467895508e-01
-3.688422739505767822e-01
-3.687798380851745605e-01
-3.687790036201477051e-01
-3.683273494243621826e-01
-3.688749372959136963e-01
-3.689906299114227295e-01
-3.683754205703735352e-01
-3.695290386676788330e-01
-3.676658570766448975e-01
-3.686004579067230225e-01
-3.694054484367370605e-01
-3.684904873371124268e-01
-3.686116337776184082e-01
-3.685338199138641357e-01
-3.688116967678070068e-01
-3.689190149307250977e-01
-3.694768846035003662e-01
-3.683955669403076172e-01
-3.690042793750762939e-01
-3.690325319766998291e-01
-3.684422075748443604e-01
-3.687340021133422852e-01
-3.689232170581817627e-01
-3.684742152690887451e-01
-3.676179945468902588e-01
-3.685011267662048340e-01
-3.689552545547485352e-01
-3.693058788776397705e-01
-3.688854277133941650e-01
-3.691252768039703369e-01
-3.687005043029785156e-01
-3.684087991714477539e-01
-3.684602081775665283e-01
-3.688494861125946045e-01
-3.685089945793151855e-01
-3.691583871841430664e-01
-3.688695728778839111e-01
-3.683144748210906982e-01
-3.687540888786315918e-01
-3.688134849071502686e-01
-3.686282336711883545e-01
-3.692540228366851807e-01
-3.689863383769989014e-01
-3.692913949489593506e-01
-3.683568239212036133e-01
-3.688646256923675537e-01
-3.685574233531951904e-01
-3.690724670886993408e-01
-3.693561255931854248e-01
-3.688412606716156006e-01
-3.689426183700561523e-01
-3.687652647495269775e-01
-3.696031272411346436e-01
-3.690721094608306885e-01
-3.689954280853271484e-01
-3.691025674343109131e-01
-3.686607778072357178e-01
-3.683356344699859619e-01
-3.692591488361358643e-01
-3.694080412387847900e-01
-3.689596354961395264e-01
-3.689655661582946777e-01
-3.693573474884033203e-01
-3.680977821350097656e-01
-3.692956566810607910e-01
-3.690292537212371826e-01
-3.686496615409851074e-01
-3.695594668388366699e-01
-3.687198460102081299e-01
-3.694446086883544922e-01
-3.685984015464782715e-01
-3.693672120571136475e-01
-3.692221939563751221e-01
-3.692639768123626709e-01
-3.685297071933746338e-01
-3.692723810672760010e-01
-3.686799407005310059e-01
-3.688669502735137939e-01
-3.695382773876190186e-01
-3.686365783214569092e-01
-3.692116737365722656e-01
-3.693119585514068604e-01
-3.686906099319458008e-01
-3.687578737735748291e-01
-3.686641752719879150e-01
-3.686699271202087402e-01
-3.686968982219696045e-01
-3.698909878730773926e-01
-3.688186705112457275e-01
-3.693016767501831055e-01
-3.694100379943847656e-01
-3.691650331020355225e-01
-3.691706657409667969e-01
-3.695413768291473389e-01
-3.693139851093292236e-01
-3.695948421955108643e-01
-3.688523471355438232e-01
-3.688624501228332520e-01
-3.694327771663665771e-01
-3.686995804309844971e-01
-3.688215315341949463e-01
-3.685713112354278564e-01
-3.691159188747406006e-01
-3.686822056770324707e-01
-3.690220415592193604e-01
-3.692396283149719238e-01
-3.691802918910980225e-01
-3.693130016326904297e-01
-3.692401051521301270e-01
-3.688825666904449463e-01
-3.686296343803405762e-01
-3.688718974590301514e-01
-3.693007826805114746e-01
-3.689858317375183105e-01
-3.688221871852874756e-01
-3.689073622226715088e-01
-3.691973686218261719e-01
-3.694279193878173828e-01
-3.694891333580017090e-01
-3.690569400787353516e-01
-3.686774671077728271e-01
-3.684824705123901367e-01
-3.685307204723358154e-01
-3.692861795425415039e-01
-3.693001568317413330e-01
-3.688867688179016113e-01
-3.693175017833709717e-01
-3.689806461334228516e-01
-3.693592250347137451e-01
-3.688593804836273193e-01
-3.686288595199584961e-01
-3.692932128906250000e-01
-3.687905669212341309e-01
-3.690131008625030518e-01
-3.689999282360076904e-01
-3.697826564311981201e-01
-3.698099851608276367e-01
-3.688904047012329102e-01
-3.692876696586608887e-01
-3.689823746681213379e-01
-3.699157238006591797e-01
-3.691219389438629150e-01
-3.689728379249572754e-01
-3.692219853401184082e-01
-3.687067031860351562e-01
-3.684382438659667969e-01
-3.696382343769073486e-01
-3.690994679927825928e-01
-3.689744174480438232e-01
-3.688755631446838379e-01
-3.693783879280090332e-01
-3.688357770442962646e-01
-3.693013787269592285e-01
-3.694227933883666992e-01
-3.692554533481597900e-01
-3.694364428520202637e-01
-3.695243000984191895e-01
-3.688086569309234619e-01
-3.686762750148773193e-01
-3.691803514957427979e-01
-3.697359561920166016e-01
-3.689566850662231445e-01
-3.697295486927032471e-01
-3.690344989299774170e-01
-3.692607581615447998e-01
-3.690116703510284424e-01
-3.688324093818664551e-01
-3.690518736839294434e-01
-3.692670166492462158e-01
-3.695006370544433594e-01
-3.692229986190795898e-01
-3.689126074314117432e-01
-3.695842325687408447e-01
