3.841992616653442383e-01
-2.760492265224456787e-03
-1.406655013561248779e-01
-1.923324912786483765e-01
-2.072733938694000244e-01
-2.276161760091781616e-01
-2.292870432138442993e-01
-2.589976489543914795e-01
-2.623117268085479736e-01
-2.925232648849487305e-01
-2.986790835857391357e-01
-3.242737352848052979e-01
-3.355865776538848877e-01
-3.469476103782653809e-01
-3.296850621700286865e-01
-3.476522862911224365e-01
-3.444407284259796143e-01
-3.623008430004119873e-01
-3.609963059425354004e-01
-3.669175803661346436e-01
-3.651958107948303223e-01
-3.714154660701751709e-01
-3.787258565425872803e-01
-3.833248019218444824e-01
-3.843654096126556396e-01
-3.955334424972534180e-01
-3.963298201560974121e-01
-3.952875137329101562e-01
-4.002299010753631592e-01
-3.915326595306396484e-01
-4.042011201381683350e-01
-3.907241523265838623e-01
-4.025853276252746582e-01
-3.992348611354827881e-01
-3.999653160572052002e-01
-4.057730138301849365e-01
-4.064257442951202393e-01
-4.056870341300964355e-01
-4.038690328598022461e-01
-4.100625813007354736e-01
-3.990836739540100098e-01
-4.047573208808898926e-01
-4.121284782886505127e-01
-4.134079515933990479e-01
-4.099302589893341064e-01
-4.147228300571441650e-01
-4.118278324604034424e-01
-4.131315350532531738e-01
-4.084902703762054443e-01
-4.149115681648254395e-01
-4.116079807281494141e-01
-4.041623473167419434e-01
-4.232962727546691895e-01
-4.165224134922027588e-01
-4.161333739757537842e-01
-4.201605618000030518e-01
-4.101109504699707031e-01
-4.169803559780120850e-01
-4.137025475502014160e-01
-4.164333939552307129e-01
-4.171806275844573975e-01
-4.189180731773376465e-01
-4.092123508453369141e-01
-4.218253195285797119e-01
-4.178293347358703613e-01
-4.231187403202056885e-01
-4.204096198081970215e-01
-4.250128865242004395e-01
-4.191089570522308350e-01
-4.187459647655487061e-01
-4.182313084602355957e-01
-4.192360341548919678e-01
-4.249090254306793213e-01
-4.195604026317596436e-01
-4.152272939682006836e-01
-4.214332401752471924e-01
-4.146549999713897705e-01
-4.249568581581115723e-01
-4.183075428009033203e-01
-4.225602149963378906e-01
-4.232851862907409668e-01
-4.202898144721984863e-01
-4.298950135707855225e-01
-4.251679778099060059e-01
-4.242676496505737305e-01
-4.260367453098297119e-01
-4.245835244655609131e-01
-4.192542731761932373e-01
-4.251652359962463379e-01
-4.250418543815612793e-01
-4.321895241737365723e-01
-4.256833493709564209e-01
-4.262233078479766846e-01
-4.337318241596221924e-01
-4.312275946140289307e-01
-4.261766970157623291e-01
-4.265089631080627441e-01
-4.220321178436279297e-01
-4.315032958984375000e-01
-4.274136722087860107e-01
-4.338410496711730957e-01
-4.304305315017700195e-01
-4.272685050964355469e-01
-4.240797758102416992e-01
-4.271852076053619385e-01
-4.278021752834320068e-01
-4.300272464752197266e-01
-4.352794885635375977e-01
-4.289259612560272217e-01
-4.263595640659332275e-01
-4.242916405200958252e-01
-4.384599030017852783e-01
-4.302225410938262939e-01
-4.256970882415771484e-01
-4.308068454265594482e-01
-4.319805800914764404e-01
-4.330616593360900879e-01
-4.347352683544158936e-01
-4.289405643939971924e-01
-4.369579851627349854e-01
-4.286392033100128174e-01
-4.292953908443450928e-01
-4.315021038055419922e-01
-4.323809742927551270e-01
-4.291616380214691162e-01
-4.309550821781158447e-01
-4.383150339126586914e-01
-4.285778105258941650e-01
-4.316800236701965332e-01
-4.348154366016387939e-01
-4.356886744499206543e-01
-4.367138743400573730e-01
-4.328363835811614990e-01
-4.378040432929992676e-01
-4.290399253368377686e-01
-4.323318302631378174e-01
-4.375696778297424316e-01
-4.372535943984985352e-01
-4.279029965400695801e-01
-4.273658692836761475e-01
-4.304686188697814941e-01
-4.318810105323791504e-01
-4.352432787418365479e-01
-4.344372153282165527e-01
-4.387684762477874756e-01
-4.301715493202209473e-01
-4.333589673042297363e-01
-4.320815205574035645e-01
-4.315203130245208740e-01
-4.423872828483581543e-01
-4.332858324050903320e-01
-4.354832172393798828e-01
-4.366444349288940430e-01
-4.453204274177551270e-01
-4.372269809246063232e-01
-4.342005550861358643e-01
-4.297995865345001221e-01
-4.347045719623565674e-01
-4.368662238121032715e-01
-4.312106966972351074e-01
-4.296950101852416992e-01
-4.415763318538665771e-01
-4.334598481655120850e-01
-4.327547550201416016e-01
-4.356097579002380371e-01
-4.402108788490295410e-01
-4.367778897285461426e-01
-4.375011622905731201e-01
-4.391707777976989746e-01
-4.396421611309051514e-01
-4.357964992523193359e-01
-4.425929486751556396e-01
-4.341464936733245850e-01
-4.399091899394989014e-01
-4.325922429561614990e-01
-4.361291527748107910e-01
-4.341561198234558105e-01
-4.354959130287170410e-01
-4.304414689540863037e-01
-4.367503523826599121e-01
-4.375422000885009766e-01
-4.421530067920684814e-01
-4.343612492084503174e-01
-4.354939460754394531e-01
-4.399214088916778564e-01
-4.390306770801544189e-01
-4.391679167747497559e-01
-4.378072023391723633e-01
-4.356147348880767822e-01
-4.378218054771423340e-01
-4.389231503009796143e-01
-4.386216700077056885e-01
-4.342076480388641357e-01
-4.363469779491424561e-01
-4.375136196613311768e-01
-4.364798367023468018e-01
-4.364130198955535889e-01
-4.359033107757568359e-01
-4.382728934288024902e-01
-4.321686923503875732e-01
-4.444781243801116943e-01
-4.344533085823059082e-01
-4.397360980510711670e-01
-4.386897087097167969e-01
-4.386480152606964111e-01
-4.351245164871215820e-01
-4.410781562328338623e-01
-4.380630254745483398e-01
-4.426031708717346191e-01
-4.395354688167572021e-01
-4.436970055103302002e-01
-4.383294582366943359e-01
-4.411397278308868408e-01
-4.381441175937652588e-01
-4.437439441680908203e-01
-4.381838440895080566e-01
-4.441365301609039307e-01
-4.399564266204833984e-01
-4.396567940711975098e-01
-4.398645758628845215e-01
-4.366163313388824463e-01
-4.412715435028076172e-01
-4.388557076454162598e-01
-4.418198466300964355e-01
-4.381573796272277832e-01
-4.393920600414276123e-01
-4.376980960369110107e-01
-4.385276138782501221e-01
-4.357941746711730957e-01
-4.398670494556427002e-01
-4.419011771678924561e-01
-4.449061751365661621e-01
-4.419331550598144531e-01
-4.398493170738220215e-01
-4.370696246623992920e-01
-4.422492980957031250e-01
-4.390747547149658203e-01
-4.421592950820922852e-01
-4.413952529430389404e-01
-4.413238465785980225e-01
-4.422049224376678467e-01
-4.392496943473815918e-01
-4.406627118587493896e-01
-4.451439082622528076e-01
-4.409865736961364746e-01
-4.381408691406250000e-01
-4.442390799522399902e-01
-4.467686414718627930e-01
-4.480436444282531738e-01
-4.374172091484069824e-01
-4.411994516849517822e-01
-4.366987049579620361e-01
-4.393327534198760986e-01
-4.374965727329254150e-01
-4.415253102779388428e-01
-4.385137856006622314e-01
-4.376348257064819336e-01
-4.408919811248779297e-01
-4.435507059097290039e-01
-4.453361928462982178e-01
-4.420692026615142822e-01
-4.435475468635559082e-01
-4.377308189868927002e-01
-4.386392235755920410e-01
-4.410260021686553955e-01
-4.404380023479461670e-01
-4.435754418373107910e-01
-4.411875009536743164e-01
-4.407489001750946045e-01
-4.426703751087188721e-01
-4.396378695964813232e-01
-4.438399970531463623e-01
-4.456981718540191650e-01
-4.437938630580902100e-01
-4.440507292747497559e-01
-4.435696899890899658e-01
-4.442986547946929932e-01
-4.433255493640899658e-01
-4.410553574562072754e-01
-4.728626608848571777e-01
-4.413931965827941895e-01
-4.475378096103668213e-01
-4.428817927837371826e-01
-4.401591718196868896e-01
-4.416166245937347412e-01
-4.454995393753051758e-01
-4.425999522209167480e-01
-4.445380866527557373e-01
-4.461958706378936768e-01
-4.397484064102172852e-01
-4.431357383728027344e-01
-4.445828795433044434e-01
-4.403213262557983398e-01
-4.439885914325714111e-01
-4.460750818252563477e-01
-4.433586299419403076e-01
-4.423123002052307129e-01
-4.444490969181060791e-01
-4.425595104694366455e-01
-4.384643435478210449e-01
-4.458467960357666016e-01
-4.401360750198364258e-01
-4.446421563625335693e-01
-4.492725133895874023e-01
-4.455442726612091064e-01
-4.394978284835815430e-01
-4.458773434162139893e-01
-4.444414675235748291e-01
-4.471526443958282471e-01
-4.466926753520965576e-01
-4.442284703254699707e-01
-4.401259124279022217e-01
-4.432194232940673828e-01
-4.497509300708770752e-01
-4.453024268150329590e-01
-4.448256194591522217e-01
-4.379653632640838623e-01
-4.388751089572906494e-01
-4.455499947071075439e-01
-4.378383159637451172e-01
-4.429025352001190186e-01
-4.431641697883605957e-01
-4.420381486415863037e-01
-4.468064010143280029e-01
-4.446645677089691162e-01
-4.471394717693328857e-01
-4.426065087318420410e-01
-4.450946450233459473e-01
-4.447847306728363037e-01
-4.417006671428680420e-01
-4.465456008911132812e-01
-4.454678297042846680e-01
-4.429806768894195557e-01
-4.449083209037780762e-01
-4.459853768348693848e-01
-4.467343091964721680e-01
-4.475227296352386475e-01
-4.413131177425384521e-01
-4.410069584846496582e-01
-4.463779926300048828e-01
-4.447544217109680176e-01
-4.454939067363739014e-01
-4.432019591331481934e-01
-4.449918866157531738e-01
-4.411816895008087158e-01
-4.441984295845031738e-01
-4.454036951065063477e-01
-4.453538060188293457e-01
-4.460613429546356201e-01
-4.450956583023071289e-01
-4.447206556797027588e-01
-4.479881525039672852e-01
-4.485893249511718750e-01
-4.446871578693389893e-01
-4.431634545326232910e-01
-4.466325640678405762e-01
-4.463643133640289307e-01
-4.453119635581970215e-01
-4.444288313388824463e-01
-4.449251592159271240e-01
-4.464233815670013428e-01
-4.471616446971893311e-01
-4.455123543739318848e-01
-4.456222951412200928e-01
-4.427891075611114502e-01
-4.449619054794311523e-01
-4.451013803482055664e-01
-4.457832574844360352e-01
-4.449708461761474609e-01
-4.455266594886779785e-01
-4.443428814411163330e-01
-4.438798725605010986e-01
-4.433044791221618652e-01
-4.466735720634460449e-01
-4.432330131530761719e-01
-4.451259076595306396e-01
-4.456442296504974365e-01
-4.451169371604919434e-01
-4.474037289619445801e-01
-4.418306946754455566e-01
-4.445266723632812500e-01
-4.464452862739562988e-01
-4.454584121704101562e-01
-4.433557391166687012e-01
-4.425399005413055420e-01
-4.473463892936706543e-01
-4.413787424564361572e-01
-4.487275481224060059e-01
-4.435724318027496338e-01
-4.454373121261596680e-01
-4.443260133266448975e-01
-4.469288587570190430e-01
-4.455181360244750977e-01
-4.456025362014770508e-01
-4.456017017364501953e-01
-4.444032609462738037e-01
-4.470464587211608887e-01
-4.474524557590484619e-01
-4.460106790065765381e-01
-4.465164840221405029e-01
-4.427662491798400879e-01
-4.455759227275848389e-01
-4.458284676074981689e-01
-4.470255076885223389e-01
-4.478565156459808350e-01
-4.448488652706146240e-01
-4.478601217269897461e-01
-4.472539722919464111e-01
-4.453198611736297607e-01
-4.457876384258270264e-01
-4.433541297912597656e-01
-4.470900893211364746e-01
-4.481492936611175537e-01
-4.459508955478668213e-01
-4.502564072608947754e-01
-4.464175999164581299e-01
-4.430539011955261230e-01
-4.481530785560607910e-01
-4.450434744358062744e-01
-4.456044733524322510e-01
-4.553284049034118652e-01
-4.443366825580596924e-01
-4.447808861732482910e-01
-4.455272257328033447e-01
-4.497400522232055664e-01
-4.458143413066864014e-01
-4.462988972663879395e-01
-4.469379186630249023e-01
-4.483416676521301270e-01
-4.430018961429595947e-01
-4.462622702121734619e-01
-4.443165063858032227e-01
-4.422904253005981445e-01
-4.473360478878021240e-01
-4.482398331165313721e-01
-4.443201720714569092e-01
-4.458346366882324219e-01
-4.457288086414337158e-01
-4.465906620025634766e-01
-4.461667537689208984e-01
-4.481545388698577881e-01
-4.485161602497100830e-01
-4.500310719013214111e-01
-4.440346658229827881e-01
-4.443717002868652344e-01
-4.465587735176086426e-01
-4.444282352924346924e-01
-4.480953514575958252e-01
-4.452943205833435059e-01
-4.488468468189239502e-01
-4.421265721321105957e-01
-4.435335397720336914e-01
-4.446812272071838379e-01
-4.456277489662170410e-01
-4.464620351791381836e-01
-4.487360417842864990e-01
-4.461894035339355469e-01
-4.465107321739196777e-01
-4.469408690929412842e-01
-4.448278844356536865e-01
-4.470050036907196045e-01
-4.482125341892242432e-01
-4.446307420730590820e-01
-4.460159242153167725e-01
-4.492601454257965088e-01
-4.484479427337646484e-01
-4.477010965347290039e-01
-4.464774727821350098e-01
-4.506170153617858887e-01
-4.457414150238037109e-01
-4.485011398792266846e-01
-4.459489583969116211e-01
-4.476610720157623291e-01
-4.456714987754821777e-01
-4.465245902538299561e-01
-4.496251344680786133e-01
-4.455883204936981201e-01
-4.456365406513214111e-01
-4.445446133613586426e-01
-4.436837136745452881e-01
-4.442269206047058105e-01
-4.472028911113739014e-01
-4.445431530475616455e-01
-4.433628022670745850e-01
-4.475073516368865967e-01
-4.448779523372650146e-01
-4.444279670715332031e-01
-4.431653618812561035e-01
-4.443889260292053223e-01
-4.470174014568328857e-01
-4.490679204463958740e-01
-4.458817243576049805e-01
-4.471388757228851318e-01
-4.473567605018615723e-01
-4.429973065853118896e-01
-4.441401958465576172e-01
-4.478995203971862793e-01
-4.490269720554351807e-01
-4.466103017330169678e-01
-4.480565786361694336e-01
-4.453537464141845703e-01
-4.445443153381347656e-01
-4.463196694850921631e-01
-4.482520818710327148e-01
-4.475060105323791504e-01
-4.459540545940399170e-01
-4.448065161705017090e-01
-4.485567212104797363e-01
-4.493348598480224609e-01
-4.475216567516326904e-01
-4.484648406505584717e-01
-4.466384351253509521e-01
-4.439195990562438965e-01
-4.460110366344451904e-01
-4.514257907867431641e-01
-4.477898478507995605e-01
-4.460933208465576172e-01
-4.458941519260406494e-01
-4.447567760944366455e-01
-4.456348717212677002e-01
-4.434650838375091553e-01
-4.449233710765838623e-01
-4.457063972949981689e-01
-4.430938661098480225e-01
-4.458803832530975342e-01
-4.462371766567230225e-01
-4.473843574523925781e-01
-4.494069218635559082e-01
-4.459745287895202637e-01
-4.463337957859039307e-01
-4.475412666797637939e-01
-4.459662437438964844e-01
-4.454396963119506836e-01
-4.489417374134063721e-01
-4.482418894767761230e-01
-4.451098144054412842e-01
-4.462347328662872314e-01
-4.456779062747955322e-01
-4.461643099784851074e-01
-4.477597773075103760e-01
-4.471942186355590820e-01
-4.434875547885894775e-01
-4.489479660987854004e-01
-4.472655057907104492e-01
-4.491555988788604736e-01
-4.426696896553039551e-01
-4.431097507476806641e-01
-4.466534554958343506e-01
-4.468715190887451172e-01
-4.490635097026824951e-01
-4.481943845748901367e-01
-4.451636373996734619e-01
-4.485457837581634521e-01
-4.470661580562591553e-01
-4.489330947399139404e-01
-4.504812061786651611e-01
-4.492762982845306396e-01
-4.453413188457489014e-01
-4.460649192333221436e-01
-4.449423253536224365e-01
-4.490618407726287842e-01
-4.444191753864288330e-01
-4.507654309272766113e-01
-4.489561021327972412e-01
-4.516253471374511719e-01
-4.441747665405273438e-01
-4.475092589855194092e-01
-4.470458626747131348e-01
-4.460994899272918701e-01
-4.458640813827514648e-01
-4.487686753273010254e-01
-4.444501399993896484e-01
-4.453384876251220703e-01
-4.459904730319976807e-01
-4.493571817874908447e-01
-4.459195733070373535e-01
-4.469915628433227539e-01
-4.457202851772308350e-01
-4.479395449161529541e-01
-4.427479207515716553e-01
-4.457668662071228027e-01
-4.478771388530731201e-01
-4.473150074481964111e-01
-4.456852674484252930e-01
-4.486505091190338135e-01
-4.475036561489105225e-01
-4.471099972724914551e-01
-4.463603496551513672e-01
-4.470481276512145996e-01
-4.443460106849670410e-01
-4.482838213443756104e-01
-4.453600645065307617e-01
-4.478797018527984619e-01
-4.488804638385772705e-01
-4.475958347320556641e-01
-4.506565034389495850e-01
-4.448257982730865479e-01
-4.507534503936767578e-01
-4.494667351245880127e-01
-4.460532367229461670e-01
-4.493959844112396240e-01
-4.502360820770263672e-01
-4.484177827835083008e-01
-4.462462961673736572e-01
-4.483403265476226807e-01
-4.469234645366668701e-01
-4.471382498741149902e-01
-4.493553042411804199e-01
-4.476595520973205566e-01
-4.496459364891052246e-01
-4.458734691143035889e-01
-4.472499489784240723e-01
-4.506252408027648926e-01
-4.468328952789306641e-01
-4.433444738388061523e-01
-4.480943679809570312e-01
-4.470777511596679688e-01
-4.487865269184112549e-01
-4.465442895889282227e-01
-4.471437335014343262e-01
-4.471834599971771240e-01
-4.470269680023193359e-01
-4.485695660114288330e-01
-4.439263045787811279e-01
-4.448403716087341309e-01
-4.468373656272888184e-01
-4.473073780536651611e-01
-4.493762552738189697e-01
-4.471449553966522217e-01
-4.476358890533447266e-01
-4.494674205780029297e-01
-4.452970623970031738e-01
-4.477865099906921387e-01
-4.448786973953247070e-01
-4.464779794216156006e-01
-4.454810023307800293e-01
-4.514639973640441895e-01
-4.446871578693389893e-01
-4.441070556640625000e-01
-4.494502544403076172e-01
-4.420349001884460449e-01
-4.442608058452606201e-01
-4.483925104141235352e-01
-4.472638666629791260e-01
-4.521968066692352295e-01
-4.441638886928558350e-01
-4.451752901077270508e-01
-4.451642334461212158e-01
-4.451652467250823975e-01
-4.527647793292999268e-01
-4.496220052242279053e-01
-4.436005353927612305e-01
-4.463890492916107178e-01
-4.466590583324432373e-01
-4.504117965698242188e-01
-4.467747211456298828e-01
-4.485613107681274414e-01
-4.501166641712188721e-01
-4.476097822189331055e-01
-4.443919062614440918e-01
-4.491334557533264160e-01
-4.491445422172546387e-01
-4.492045640945434570e-01
-4.482820332050323486e-01
-4.472953081130981445e-01
-4.493737220764160156e-01
-4.480167329311370850e-01
-4.454559981822967529e-01
-4.432643055915832520e-01
-4.479290843009948730e-01
-4.480944871902465820e-01
-4.492877423763275146e-01
-4.475652873516082764e-01
-4.454530775547027588e-01
-4.457898736000061035e-01
-4.486215710639953613e-01
-4.467203021049499512e-01
-4.475324749946594238e-01
-4.481036961078643799e-01
-4.466787576675415039e-01
-4.448790848255157471e-01
-4.462711215019226074e-01
-4.501257538795471191e-01
-4.473289549350738525e-01
-4.475690424442291260e-01
-4.453057050704956055e-01
-4.469462037086486816e-01
-4.463399052619934082e-01
-4.433211684226989746e-01
-4.477110207080841064e-01
-4.492877721786499023e-01
-4.491169452667236328e-01
-4.440928399562835693e-01
-4.451751708984375000e-01
-4.460018277168273926e-01
-4.477729797363281250e-01
-4.466677904129028320e-01
-4.453835487365722656e-01
-4.485408961772918701e-01
-4.503500759601593018e-01
-4.443330168724060059e-01
-4.477821588516235352e-01
-4.458294808864593506e-01
-4.464375674724578857e-01
-4.473391771316528320e-01
-4.460822343826293945e-01
-4.470673203468322754e-01
-4.481720924377441406e-01
-4.478416442871093750e-01
-4.482514560222625732e-01
-4.472678005695343018e-01
-4.475528597831726074e-01
-4.461703896522521973e-01
-4.451196193695068359e-01
-4.506339132785797119e-01
-4.485290050506591797e-01
-4.487580060958862305e-01
-4.498896002769470215e-01
-4.492458105087280273e-01
-4.447197318077087402e-01
-4.453662335872650146e-01
-4.483649432659149170e-01
-4.441507458686828613e-01
-4.490861296653747559e-01
-4.458392262458801270e-01
-4.465877711772918701e-01
-4.452849626541137695e-01
-4.471657574176788330e-01
-4.481504559516906738e-01
-4.476408660411834717e-01
-4.458124339580535889e-01
-4.495576024055480957e-01
-4.452083706855773926e-01
-4.483219683170318604e-01
-4.497331678867340088e-01
-4.489956796169281006e-01
-4.472633600234985352e-01
-4.483207166194915771e-01
-4.527252316474914551e-01
-4.470877647399902344e-01
-4.478706121444702148e-01
-4.456053376197814941e-01
-4.498316049575805664e-01
-4.465830624103546143e-01
-4.442338645458221436e-01
-4.470827281475067139e-01
-4.478890597820281982e-01
-4.455256462097167969e-01
-4.434077739715576172e-01
-4.449209868907928467e-01
-4.487306475639343262e-01
-4.480607807636260986e-01
-4.468942284584045410e-01
-4.494791328907012939e-01
-4.481503963470458984e-01
-4.456992745399475098e-01
-4.501141011714935303e-01
-4.441582262516021729e-01
-4.451894462108612061e-01
-4.486801326274871826e-01
-4.438453912734985352e-01
-4.490151703357696533e-01
-4.473817050457000732e-01
-4.501885473728179932e-01
-4.469446539878845215e-01
-4.469207227230072021e-01
-4.461069703102111816e-01
-4.445749223232269287e-01
-4.470129311084747314e-01
-4.466427862644195557e-01
-4.478479027748107910e-01
-4.479113519191741943e-01
-4.473744928836822510e-01
-4.509116113185882568e-01
-4.482153952121734619e-01
-4.457392096519470215e-01
-4.468832612037658691e-01
-4.495545625686645508e-01
-4.485986828804016113e-01
-4.470288753509521484e-01
-4.471867680549621582e-01
-4.457234442234039307e-01
-4.477943778038024902e-01
-4.476149976253509521e-01
-4.467146694660186768e-01
-4.432845413684844971e-01
-4.475275874137878418e-01
-4.470360577106475830e-01
-4.452468156814575195e-01
-4.490788877010345459e-01
-4.485568106174468994e-01
-4.499174058437347412e-01
-4.483068883419036865e-01
-4.474383592605590820e-01
-4.467554092407226562e-01
-4.470098912715911865e-01
-4.437888264656066895e-01
-4.456261396408081055e-01
-4.476597607135772705e-01
-4.495607316493988037e-01
-4.479373693466186523e-01
-4.484033286571502686e-01
-4.484177827835083008e-01
-4.510971009731292725e-01
-4.498098790645599365e-01
-4.496465027332305908e-01
-4.478830695152282715e-01
-4.457435011863708496e-01
-4.474405050277709961e-01
-4.492182433605194092e-01
-4.476126432418823242e-01
-4.475558102130889893e-01
-4.490056633949279785e-01
-4.446453750133514404e-01
-4.481314122676849365e-01
-4.467723369598388672e-01
-4.504008293151855469e-01
-4.480138421058654785e-01
-4.457384347915649414e-01
-4.459886550903320312e-01
-4.495806097984313965e-01
-4.481477141380310059e-01
-4.495362639427185059e-01
-4.514099061489105225e-01
-4.477113783359527588e-01
-4.484182000160217285e-01
-4.485256373882293701e-01
-4.459393918514251709e-01
-4.471979439258575439e-01
-4.474467337131500244e-01
-4.475568830966949463e-01
-4.492193162441253662e-01
-4.464945197105407715e-01
-4.495770633220672607e-01
-4.487900435924530029e-01
-4.475468993186950684e-01
-4.507240056991577148e-01
-4.428501725196838379e-01
-4.477193057537078857e-01
-4.490409195423126221e-01
-4.485088884830474854e-01
-4.450649917125701904e-01
-4.474489092826843262e-01
-4.516772925853729248e-01
-4.473104178905487061e-01
-4.473148584365844727e-01
-4.490647614002227783e-01
-4.482363462448120117e-01
-4.464240074157714844e-01
-4.505194723606109619e-01
-4.487411379814147949e-01
-4.487750232219696045e-01
-4.482266902923583984e-01
-4.471801817417144775e-01
-4.481421709060668945e-01
-4.504485428333282471e-01
-4.448917210102081299e-01
-4.476558566093444824e-01
-4.505740404129028320e-01
-4.474373757839202881e-01
-4.484912157058715820e-01
-4.488534331321716309e-01
-4.483281373977661133e-01
-4.476287961006164551e-01
-4.489559233188629150e-01
-4.469594657421112061e-01
-4.480199515819549561e-01
-4.491809010505676270e-01
-4.480301737785339355e-01
-4.465184807777404785e-01
-4.488558769226074219e-01
-4.485590755939483643e-01
-4.471827149391174316e-01
-4.480603337287902832e-01
-4.479164779186248779e-01
-4.494488537311553955e-01
-4.482623636722564697e-01
-4.489613473415374756e-01
-4.499610364437103271e-01
-4.529151320457458496e-01
-4.459589123725891113e-01
-4.491520524024963379e-01
-4.463969171047210693e-01
-4.474096298217773438e-01
-4.523234963417053223e-01
-4.513070881366729736e-01
-4.470059871673583984e-01
-4.468850195407867432e-01
-4.474495947360992432e-01
-4.517220854759216309e-01
-4.471671283245086670e-01
-4.484263360500335693e-01
-4.477129876613616943e-01
-4.468336701393127441e-01
-4.465233981609344482e-01
-4.464307129383087158e-01
-4.485854804515838623e-01
-4.467172920703887939e-01
-4.458269774913787842e-01
-4.479956030845642090e-01
-4.499670267105102539e-01
-4.463602900505065918e-01
-4.494197368621826172e-01
-4.494976103305816650e-01
-4.467567205429077148e-01
-4.501208364963531494e-01
-4.465112388134002686e-01
-4.463976025581359863e-01
-4.477914571762084961e-01
-4.469558596611022949e-01
-4.483130872249603271e-01
-4.453176259994506836e-01
-4.480710923671722412e-01
-4.465721547603607178e-01
-4.447224736213684082e-01
-4.499642252922058105e-01
-4.508774280548095703e-01
-4.479106664657592773e-01
-4.481509923934936523e-01
-4.473167061805725098e-01
-4.498821496963500977e-01
-4.494115114212036133e-01
-4.482488632202148438e-01
-4.466119706630706787e-01
-4.484575986862182617e-01
-4.483155310153961182e-01
-4.488122165203094482e-01
-4.482972025871276855e-01
-4.469586908817291260e-01
-4.485924243927001953e-01
-4.478087723255157471e-01
-4.454378187656402588e-01
-4.457499980926513672e-01
-4.458720386028289795e-01
-4.457084536552429199e-01
-4.487030506134033203e-01
-4.458873271942138672e-01
-4.477947354316711426e-01
-4.483450055122375488e-01
-4.462749063968658447e-01
-4.491278529167175293e-01
-4.470944106578826904e-01
-4.482855796813964844e-01
-4.478911757469177246e-01
-4.459980428218841553e-01
-4.450857639312744141e-01
-4.489570856094360352e-01
-4.462555050849914551e-01
-4.468920826911926270e-01
-4.490263164043426514e-01
-4.460470676422119141e-01
-4.503730833530426025e-01
-4.457820951938629150e-01
-4.472158849239349365e-01
-4.483211040496826172e-01
-4.456500411033630371e-01
-4.466201663017272949e-01
-4.505778849124908447e-01
-4.468816816806793213e-01
-4.467135071754455566e-01
-4.472719132900238037e-01
-4.471473395824432373e-01
-4.469334781169891357e-01
-4.510447084903717041e-01
-4.485942125320434570e-01
-4.476830363273620605e-01
-4.544796347618103027e-01
-4.483980238437652588e-01
-4.488711059093475342e-01
-4.483673870563507080e-01
-4.498872160911560059e-01
-4.476164579391479492e-01
-4.500180482864379883e-01
-4.474173784255981445e-01
-4.495693445205688477e-01
-4.484565556049346924e-01
-4.452520012855529785e-01
-4.455554783344268799e-01
-4.519221186637878418e-01
-4.489983618259429932e-01
-4.500240385532379150e-01
-4.507468938827514648e-01
-4.458803832530975342e-01
-4.471638202667236328e-01
-4.482323527336120605e-01
-4.504540562629699707e-01
-4.458077251911163330e-01
-4.495685696601867676e-01
-4.476588666439056396e-01
-4.478705227375030518e-01
-4.446257650852203369e-01
-4.488427639007568359e-01
-4.445082545280456543e-01
-4.486820101737976074e-01
-4.477767646312713623e-01
-4.460866451263427734e-01
-4.474206566810607910e-01
-4.474684894084930420e-01
-4.480811655521392822e-01
-4.475410282611846924e-01
-4.510109722614288330e-01
-4.505599439144134521e-01
-4.473398923873901367e-01
-4.475011527538299561e-01
-4.475497901439666748e-01
-4.476384222507476807e-01
-4.476754367351531982e-01
-4.465757012367248535e-01
-4.488765895366668701e-01
-4.479040205478668213e-01
-4.466379284858703613e-01
-4.477005600929260254e-01
-4.455454647541046143e-01
-4.499302506446838379e-01
-4.469637870788574219e-01
-4.502289891242980957e-01
-4.514635205268859863e-01
-4.479523301124572754e-01
-4.491403698921203613e-01
-4.473710060119628906e-01
-4.495886266231536865e-01
-4.467982053756713867e-01
-4.484932720661163330e-01
-4.501984715461730957e-01
-4.491623640060424805e-01
-4.507610499858856201e-01
-4.496051371097564697e-01
-4.479213356971740723e-01
-4.514302313327789307e-01
-4.451688230037689209e-01
-4.504986703395843506e-01
-4.478622972965240479e-01
-4.463901817798614502e-01
-4.459713697433471680e-01
-4.483170211315155029e-01
-4.467754662036895752e-01
-4.460150897502899170e-01
-4.477465152740478516e-01
-4.536422491073608398e-01
-4.493331313133239746e-01
-4.456620514392852783e-01
-4.471501111984252930e-01
-4.465857744216918945e-01
-4.486945867538452148e-01
-4.461181163787841797e-01
-4.508704543113708496e-01
-4.515103101730346680e-01
-4.485217630863189697e-01
-4.465857744216918945e-01
-4.472996890544891357e-01
-4.472067356109619141e-01
-4.473538994789123535e-01
-4.472694098949432373e-01
-4.468830823898315430e-01
-4.494859576225280762e-01
-4.514500498771667480e-01
-4.467378556728363037e-01
-4.486361742019653320e-01
-4.494871199131011963e-01
-4.482970535755157471e-01
-4.478150904178619385e-01
-4.495936036109924316e-01
-4.457893669605255127e-01
-4.481858015060424805e-01
-4.531362950801849365e-01
-4.479112327098846436e-01
-4.508147239685058594e-01
-4.513318538665771484e-01
-4.462088048458099365e-01
-4.494895040988922119e-01
-4.497045278549194336e-01
-4.494661390781402588e-01
-4.507827162742614746e-01
-4.499990344047546387e-01
-4.481427371501922607e-01
-4.522865712642669678e-01
-4.484755992889404297e-01
-4.469774365425109863e-01
-4.461076557636260986e-01
-4.482470750808715820e-01
-4.434478282928466797e-01
-4.446553289890289307e-01
-4.471746087074279785e-01
-4.486586451530456543e-01
-4.484616518020629883e-01
-4.483883082866668701e-01
-4.506339132785797119e-01
-4.488537907600402832e-01
-4.468657970428466797e-01
-4.480316042900085449e-01
-4.514479339122772217e-01
-4.477809965610504150e-01
-4.474321901798248291e-01
-4.503569304943084717e-01
-4.472103416919708252e-01
-4.497243762016296387e-01
-4.453566670417785645e-01
-4.488106071949005127e-01
-4.481911957263946533e-01
-4.489532411098480225e-01
-4.530042111873626709e-01
-4.472618401050567627e-01
-4.484280943870544434e-01
-4.485611319541931152e-01
-4.483795166015625000e-01
-4.488492906093597412e-01
-4.509795010089874268e-01
-4.488930702209472656e-01
-4.475695192813873291e-01
-4.495368003845214844e-01
-4.472786486148834229e-01
-4.485029578208923340e-01
-4.476501345634460449e-01
-4.483142495155334473e-01
-4.498567581176757812e-01
-4.491464793682098389e-01
-4.489708542823791504e-01
-4.512995481491088867e-01
-4.498504698276519775e-01
-4.497565925121307373e-01
-4.462333023548126221e-01
-4.465714693069458008e-01
-4.451409876346588135e-01
-4.476905763149261475e-01
-4.478344619274139404e-01
-4.479901492595672607e-01
-4.502647221088409424e-01
-4.516980051994323730e-01
-4.513017833232879639e-01
-4.484163224697113037e-01
-4.486802220344543457e-01
-4.512729346752166748e-01
-4.475147724151611328e-01
-4.475852847099304199e-01
-4.511783123016357422e-01
-4.462195336818695068e-01
-4.475516378879547119e-01
-4.479413032531738281e-01
-4.478830695152282715e-01
-4.474628567695617676e-01
-4.482099711894989014e-01
-4.491930007934570312e-01
-4.490388929843902588e-01
-4.533759057521820068e-01
-4.482368826866149902e-01
-4.484397172927856445e-01
-4.497282505035400391e-01
-4.498479962348937988e-01
-4.508751630783081055e-01
-4.493935406208038330e-01
-4.445176720619201660e-01
-4.479083120822906494e-01
-4.485570788383483887e-01
-4.481564760208129883e-01
-4.502428472042083740e-01
-4.501639306545257568e-01
-4.452063739299774170e-01
-4.471928179264068604e-01
-4.487762153148651123e-01
-4.460064172744750977e-01
-4.458020031452178955e-01
-4.502572715282440186e-01
-4.473226368427276611e-01
-4.486688971519470215e-01
-4.503546655178070068e-01
-4.471743106842041016e-01
-4.496197402477264404e-01
-4.479197263717651367e-01
-4.456191360950469971e-01
-4.472817182540893555e-01
-4.498788416385650635e-01
-4.474765658378601074e-01
-4.503350257873535156e-01
-4.473407268524169922e-01
-4.484834671020507812e-01
-4.466096162796020508e-01
-4.476296901702880859e-01
-4.513858556747436523e-01
-4.472543597221374512e-01
-4.440829455852508545e-01
-4.485905766487121582e-01
-4.504222273826599121e-01
-4.475281834602355957e-01
-4.478893578052520752e-01
-4.482204020023345947e-01
-4.481056034564971924e-01
-4.483369588851928711e-01
-4.467662870883941650e-01
-4.491595029830932617e-01
-4.485413730144500732e-01
-4.472775161266326904e-01
-4.472022056579589844e-01
-4.462758004665374756e-01
-4.482266008853912354e-01
-4.480076134204864502e-01
-4.467889368534088135e-01
-4.475156664848327637e-01
-4.464095830917358398e-01
-4.473482072353363037e-01
-4.466137290000915527e-01
-4.471922814846038818e-01
-4.449425339698791504e-01
-4.477776288986206055e-01
-4.502965211868286133e-01
-4.465141594409942627e-01
-4.481286704540252686e-01
-4.491237699985504150e-01
-4.496670067310333252e-01
-4.502303004264831543e-01
-4.485436379909515381e-01
-4.479020833969116211e-01
-4.461896717548370361e-01
-4.488970339298248291e-01
-4.475182592868804932e-01
-4.461489021778106689e-01
-4.481708407402038574e-01
-4.484559893608093262e-01
-4.490702450275421143e-01
-4.479398727416992188e-01
-4.463754892349243164e-01
-4.492157101631164551e-01
-4.476518034934997559e-01
-4.480448067188262939e-01
-4.479773044586181641e-01
-4.477232694625854492e-01
-4.489362239837646484e-01
-4.470877349376678467e-01
-4.476336538791656494e-01
-4.478313624858856201e-01
-4.479843676090240479e-01
-4.487111270427703857e-01
-4.503723680973052979e-01
-4.504585564136505127e-01
-4.504239559173583984e-01
-4.491403400897979736e-01
-4.477871060371398926e-01
-4.499996304512023926e-01
-4.479733407497406006e-01
-4.484610557556152344e-01
-4.499045014381408691e-01
-4.480741024017333984e-01
-4.489669203758239746e-01
-4.480603635311126709e-01
-4.529635012149810791e-01
-4.489690065383911133e-01
-4.487634897232055664e-01
-4.502030611038208008e-01
-4.487663507461547852e-01
-4.494020342826843262e-01
-4.467967450618743896e-01
-4.491087794303894043e-01
-4.484258294105529785e-01
-4.489926993846893311e-01
-4.454990327358245850e-01
-4.486100375652313232e-01
-4.466094970703125000e-01
-4.483896195888519287e-01
-4.496482014656066895e-01
-4.479317367076873779e-01
-4.497225880622863770e-01
-4.465249776840209961e-01
-4.495575428009033203e-01
-4.467896223068237305e-01
-4.489630460739135742e-01
-4.498045146465301514e-01
-4.481409490108489990e-01
-4.478799998760223389e-01
-4.497533142566680908e-01
-4.475712776184082031e-01
-4.488251209259033203e-01
-4.470129311084747314e-01
-4.475155472755432129e-01
-4.484808444976806641e-01
-4.495807588100433350e-01
-4.495435655117034912e-01
-4.487554430961608887e-01
-4.497997164726257324e-01
-4.486499130725860596e-01
-4.484849274158477783e-01
-4.675006568431854248e-01
-4.470620453357696533e-01
-4.492025077342987061e-01
-4.475210905075073242e-01
-4.461736381053924561e-01
-4.515194594860076904e-01
-4.483790993690490723e-01
-4.498227536678314209e-01
-4.476061165332794189e-01
-4.525361657142639160e-01
-4.485172331333160400e-01
-4.475295841693878174e-01
-4.479836225509643555e-01
-4.486927688121795654e-01
-4.467897713184356689e-01
-4.471262097358703613e-01
-4.498724341392517090e-01
-4.483505785465240479e-01
-4.482346773147583008e-01
-4.496823847293853760e-01
-4.476571381092071533e-01
-4.478706419467926025e-01
-4.466670155525207520e-01
-4.491020441055297852e-01
-4.473421573638916016e-01
-4.482074677944183350e-01
-4.453966617584228516e-01
-4.472959935665130615e-01
-4.495045244693756104e-01
-4.524038732051849365e-01
-4.496891796588897705e-01
-4.492347538471221924e-01
-4.495815336704254150e-01
-4.471364915370941162e-01
-4.495551884174346924e-01
-4.489110708236694336e-01
-4.495306611061096191e-01
-4.468701481819152832e-01
-4.462102949619293213e-01
-4.472440779209136963e-01
-4.464617371559143066e-01
-4.480953514575958252e-01
-4.472583532333374023e-01
-4.499426782131195068e-01
-4.489570260047912598e-01
-4.490223824977874756e-01
-4.492642581462860107e-01
-4.492450654506683350e-01
-4.493021070957183838e-01
-4.493747949600219727e-01
-4.475175142288208008e-01
-4.500521123409271240e-01
-4.481835961341857910e-01
-4.480095207691192627e-01
-4.490902721881866455e-01
-4.496898949146270752e-01
-4.474177956581115723e-01
-4.504191875457763672e-01
-4.462708532810211182e-01
-4.463337361812591553e-01
-4.462710320949554443e-01
-4.484799206256866455e-01
-4.488798975944519043e-01
-4.464593529701232910e-01
-4.487049579620361328e-01
-4.489315152168273926e-01
-4.487875401973724365e-01
-4.503561854362487793e-01
-4.483908116817474365e-01
-4.469791352748870850e-01
-4.492524266242980957e-01
-4.495986402034759521e-01
-4.481046795845031738e-01
-4.513669908046722412e-01
-4.480645656585693359e-01
-4.464414119720458984e-01
-4.497529864311218262e-01
-4.483709633350372314e-01
-4.491130411624908447e-01
-4.500321745872497559e-01
-4.485831260681152344e-01
-4.485681653022766113e-01
-4.497049748897552490e-01
-4.498438835144042969e-01
-4.503710865974426270e-01
-4.478774070739746094e-01
-4.477260410785675049e-01
-4.483419060707092285e-01
-4.492482841014862061e-01
-4.467633068561553955e-01
-4.483486413955688477e-01
-4.459680914878845215e-01
-4.467360675334930420e-01
-4.470466971397399902e-01
-4.502298533916473389e-01
-4.479057490825653076e-01
-4.515048563480377197e-01
-4.492889344692230225e-01
-4.470154643058776855e-01
-4.500961303710937500e-01
-4.490873515605926514e-01
-4.514229595661163330e-01
-4.498294293880462646e-01
-4.486167132854461670e-01
-4.477919340133666992e-01
-4.458586573600769043e-01
-4.471768140792846680e-01
-4.477200508117675781e-01
-4.478338956832885742e-01
-4.486348628997802734e-01
-4.509289562702178955e-01
-4.489995241165161133e-01
-4.476523399353027344e-01
-4.503252804279327393e-01
-4.490172863006591797e-01
-4.510690867900848389e-01
-4.497821033000946045e-01
-4.500747621059417725e-01
-4.505540132522583008e-01
-4.496505260467529297e-01
-4.464683234691619873e-01
