-2.518605291843414307e-01
-3.872243165969848633e-01
-3.900980949401855469e-01
-4.063224494457244873e-01
-4.040858149528503418e-01
-4.177872836589813232e-01
-4.187161326408386230e-01
-4.227020442485809326e-01
-4.325531721115112305e-01
-4.289893209934234619e-01
-4.305177628993988037e-01
-4.351963996887207031e-01
-4.373919069766998291e-01
-4.372671842575073242e-01
-4.322130680084228516e-01
-4.418852925300598145e-01
-4.408731460571289062e-01
-4.414593875408172607e-01
-4.387365281581878662e-01
-4.422483444213867188e-01
-4.416701793670654297e-01
-4.422126412391662598e-01
-4.456384778022766113e-01
-4.438168108463287354e-01
-4.425864219665527344e-01
-4.460703730583190918e-01
-4.447917342185974121e-01
-4.462075829505920410e-01
-4.462387561798095703e-01
-4.452001154422760010e-01
-4.467259049415588379e-01
-4.470754563808441162e-01
-4.420932829380035400e-01
-4.440986812114715576e-01
-4.421366453170776367e-01
-4.460703134536743164e-01
-4.465782642364501953e-01
-4.425469636917114258e-01
-4.447671771049499512e-01
-4.453244209289550781e-01
-4.447568953037261963e-01
-4.436185359954833984e-01
-4.450582265853881836e-01
-4.460196495056152344e-01
-4.463821351528167725e-01
-4.500487744808197021e-01
-4.501489400863647461e-01
-4.465596377849578857e-01
-4.438930153846740723e-01
-4.466118216514587402e-01
-4.442602396011352539e-01
-4.445230066776275635e-01
-4.459199309349060059e-01
-4.434251189231872559e-01
-4.463391304016113281e-01
-4.465614855289459229e-01
-4.467022716999053955e-01
-4.485893249511718750e-01
-4.455973505973815918e-01
-4.453297853469848633e-01
-4.471807777881622314e-01
-4.483796954154968262e-01
-4.431903660297393799e-01
-4.441922605037689209e-01
-4.469775259494781494e-01
-4.472576975822448730e-01
-4.489078223705291748e-01
-4.504427909851074219e-01
-4.466628730297088623e-01
-4.443057179450988770e-01
-4.469746053218841553e-01
-4.480923116207122803e-01
-4.478048980236053467e-01
-4.472229480743408203e-01
-4.453445971012115479e-01
-4.507203400135040283e-01
-4.453657865524291992e-01
-4.456889629364013672e-01
-4.448110163211822510e-01
-4.461843669414520264e-01
-4.454083144664764404e-01
-4.458577334880828857e-01
-4.464790225028991699e-01
-4.454239606857299805e-01
-4.477420747280120850e-01
-4.481132626533508301e-01
-4.506224691867828369e-01
-4.478114545345306396e-01
-4.468401372432708740e-01
-4.483300149440765381e-01
-4.474399685859680176e-01
-4.472368657588958740e-01
-4.473470449447631836e-01
-4.481440484523773193e-01
-4.451803565025329590e-01
-4.486494064331054688e-01
-4.453830420970916748e-01
-4.437378644943237305e-01
-4.467429816722869873e-01
-4.491697251796722412e-01
-4.498959779739379883e-01
-4.468835890293121338e-01
-4.449222385883331299e-01
-4.493537247180938721e-01
-4.487165510654449463e-01
-4.447065293788909912e-01
-4.469350576400756836e-01
-4.458735883235931396e-01
-4.471058845520019531e-01
-4.499911069869995117e-01
-4.437548220157623291e-01
-4.501010775566101074e-01
-4.471946358680725098e-01
-4.442301988601684570e-01
-4.475886821746826172e-01
-4.471388459205627441e-01
-4.468756914138793945e-01
-4.513728618621826172e-01
-4.504675865173339844e-01
-4.483025372028350830e-01
-4.454008042812347412e-01
-4.486168026924133301e-01
-4.445075094699859619e-01
-4.474855363368988037e-01
-4.461726248264312744e-01
-4.465999901294708252e-01
-4.477312862873077393e-01
-4.484564065933227539e-01
-4.452565908432006836e-01
-4.483428597450256348e-01
-4.467398822307586670e-01
-4.486777484416961670e-01
-4.468765258789062500e-01
-4.520738720893859863e-01
-4.508479535579681396e-01
-4.456500113010406494e-01
-4.456511437892913818e-01
-4.471793770790100098e-01
-4.487443268299102783e-01
-4.457679390907287598e-01
-4.449845552444458008e-01
-4.492155909538269043e-01
-4.470314085483551025e-01
-4.507942497730255127e-01
-4.477772712707519531e-01
-4.438257515430450439e-01
-4.493519067764282227e-01
-4.477293193340301514e-01
-4.471955895423889160e-01
-4.480814933776855469e-01
-4.514613747596740723e-01
-4.481023550033569336e-01
-4.470186233520507812e-01
-4.498550295829772949e-01
-4.464775323867797852e-01
-4.497236311435699463e-01
-4.452702701091766357e-01
-4.455122053623199463e-01
-4.475171566009521484e-01
-4.436086416244506836e-01
-4.460195302963256836e-01
-4.481375515460968018e-01
-4.477434754371643066e-01
-4.463697671890258789e-01
-4.499695301055908203e-01
-4.471747577190399170e-01
-4.466040730476379395e-01
-4.478339552879333496e-01
-4.430097341537475586e-01
-4.492306411266326904e-01
-4.470636546611785889e-01
-4.475329816341400146e-01
-4.477411508560180664e-01
-4.483957588672637939e-01
-4.481281936168670654e-01
-4.481256008148193359e-01
-4.487723112106323242e-01
-4.484449326992034912e-01
-4.471070468425750732e-01
-4.451798200607299805e-01
-4.462968707084655762e-01
-4.475850164890289307e-01
-4.463355541229248047e-01
-4.475235641002655029e-01
-4.468931257724761963e-01
-4.474817216396331787e-01
-4.475788474082946777e-01
-4.470876455307006836e-01
-4.476207196712493896e-01
-4.501201212406158447e-01
-4.475985169410705566e-01
-4.498029649257659912e-01
-4.475787281990051270e-01
-4.472883641719818115e-01
-4.464721679687500000e-01
-4.490388035774230957e-01
-4.467554688453674316e-01
-4.478522837162017822e-01
-4.472097754478454590e-01
-4.436907470226287842e-01
-4.497784972190856934e-01
-4.438789784908294678e-01
-4.477338194847106934e-01
-4.483602941036224365e-01
-4.489906132221221924e-01
-4.490828216075897217e-01
-4.518589377403259277e-01
-4.472935199737548828e-01
-4.494847953319549561e-01
-4.499120116233825684e-01
-4.494638144969940186e-01
-4.482990801334381104e-01
-4.499332904815673828e-01
-4.462544322013854980e-01
-4.494524002075195312e-01
-4.508585631847381592e-01
-4.484288394451141357e-01
-4.476207494735717773e-01
-4.491747617721557617e-01
-4.472479522228240967e-01
-4.485801458358764648e-01
-4.467487633228302002e-01
-4.463148415088653564e-01
-4.481130838394165039e-01
-4.484904110431671143e-01
-4.502355456352233887e-01
-4.488660693168640137e-01
-4.489951729774475098e-01
-4.474321305751800537e-01
-4.449541270732879639e-01
-4.488178491592407227e-01
-4.503681957721710205e-01
-4.487271010875701904e-01
-4.538230597972869873e-01
-4.489460885524749756e-01
-4.479224681854248047e-01
-4.474152922630310059e-01
-4.481654167175292969e-01
-4.494570195674896240e-01
-4.459230899810791016e-01
-4.490590095520019531e-01
-4.453895986080169678e-01
-4.489554464817047119e-01
-4.489609897136688232e-01
-4.494893848896026611e-01
-4.466764032840728760e-01
-4.498794376850128174e-01
-4.502449333667755127e-01
-4.495811164379119873e-01
-4.488990902900695801e-01
-4.505184292793273926e-01
-4.501975178718566895e-01
-4.499967694282531738e-01
-4.465194940567016602e-01
-4.496195614337921143e-01
-4.480990469455718994e-01
-4.449948668479919434e-01
-4.482026398181915283e-01
-4.489752650260925293e-01
-4.475447535514831543e-01
-4.466719329357147217e-01
-4.510364234447479248e-01
-4.497620463371276855e-01
-4.490647017955780029e-01
-4.467426240444183350e-01
-4.469130933284759521e-01
-4.482885599136352539e-01
-4.471118748188018799e-01
-4.497659206390380859e-01
-4.486845135688781738e-01
-4.477717280387878418e-01
-4.486980736255645752e-01
-4.502751827239990234e-01
-4.489547014236450195e-01
-4.509702026844024658e-01
-4.475433826446533203e-01
-4.498904347419738770e-01
-4.495428800582885742e-01
-4.490855038166046143e-01
-4.602637290954589844e-01
-4.483172893524169922e-01
-4.528979063034057617e-01
-4.484083354473114014e-01
-4.488110840320587158e-01
-4.501497149467468262e-01
-4.493000507354736328e-01
-4.483068883419036865e-01
-4.482968747615814209e-01
-4.482156932353973389e-01
-4.506442546844482422e-01
-4.527680575847625732e-01
-4.506067037582397461e-01
-4.505609869956970215e-01
-4.485236108303070068e-01
-4.510636925697326660e-01
-4.491885900497436523e-01
-4.448294639587402344e-01
-4.471505880355834961e-01
-4.508915543556213379e-01
-4.476310312747955322e-01
-4.482315480709075928e-01
-4.511919021606445312e-01
-4.500702917575836182e-01
-4.506654739379882812e-01
-4.513370096683502197e-01
-4.481128454208374023e-01
-4.488090574741363525e-01
-4.508287012577056885e-01
-4.522028565406799316e-01
-4.506027996540069580e-01
-4.517622888088226318e-01
-4.485195577144622803e-01
-4.485366344451904297e-01
-4.482053816318511963e-01
-4.480774998664855957e-01
-4.518827795982360840e-01
-4.489041268825531006e-01
-4.498191773891448975e-01
-4.485467076301574707e-01
-4.549115002155303955e-01
-4.481179416179656982e-01
-4.486746191978454590e-01
-4.515356421470642090e-01
-4.504967629909515381e-01
-4.517018795013427734e-01
-4.484194219112396240e-01
-4.459440410137176514e-01
-4.514264464378356934e-01
-4.496850669384002686e-01
-4.493914246559143066e-01
-4.491737782955169678e-01
-4.492827355861663818e-01
-4.492485225200653076e-01
-4.475321173667907715e-01
-4.497629106044769287e-01
-4.502985775470733643e-01
-4.496343135833740234e-01
-4.457453787326812744e-01
-4.502204656600952148e-01
-4.507314562797546387e-01
-4.490103721618652344e-01
-4.495925307273864746e-01
-4.504823684692382812e-01
-4.474804699420928955e-01
-4.495931267738342285e-01
-4.502586722373962402e-01
-4.492892324924468994e-01
-4.498557746410369873e-01
-4.486345052719116211e-01
-4.487525522708892822e-01
-4.487394988536834717e-01
-4.509418904781341553e-01
-4.548611938953399658e-01
-4.495400488376617432e-01
-4.475703239440917969e-01
-4.488328099250793457e-01
-4.463901221752166748e-01
-4.490205645561218262e-01
-4.491647779941558838e-01
-4.508943855762481689e-01
-4.505623281002044678e-01
-4.495793282985687256e-01
-4.502817690372467041e-01
-4.486134350299835205e-01
-4.467503428459167480e-01
-4.504043757915496826e-01
-4.491768777370452881e-01
-4.496361017227172852e-01
-4.495249390602111816e-01
-4.482092261314392090e-01
-4.471897780895233154e-01
-4.475747048854827881e-01
-4.489839375019073486e-01
-4.490533173084259033e-01
-4.491533637046813965e-01
-4.524318873882293701e-01
-4.498924314975738525e-01
-4.498676657676696777e-01
-4.512906372547149658e-01
-4.500847160816192627e-01
-4.500051140785217285e-01
-4.492884278297424316e-01
-4.494142234325408936e-01
-4.498558938503265381e-01
-4.480301439762115479e-01
-4.494839012622833252e-01
-4.498854875564575195e-01
-4.464006125926971436e-01
-4.486499726772308350e-01
-4.498730599880218506e-01
-4.479299783706665039e-01
-4.498390555381774902e-01
-4.477041065692901611e-01
-4.490825533866882324e-01
-4.506544172763824463e-01
-4.490762948989868164e-01
-4.498410820960998535e-01
-4.514097869396209717e-01
-4.512410163879394531e-01
-4.505800008773803711e-01
-4.480094611644744873e-01
-4.482691586017608643e-01
-4.491080343723297119e-01
-4.487732648849487305e-01
-4.525564014911651611e-01
-4.485017061233520508e-01
-4.498497843742370605e-01
-4.491989612579345703e-01
-4.479756355285644531e-01
-4.509339630603790283e-01
-4.480859935283660889e-01
-4.473178982734680176e-01
-4.504064321517944336e-01
-4.488530158996582031e-01
-4.513555169105529785e-01
-4.513720571994781494e-01
-4.507554173469543457e-01
-4.505231380462646484e-01
-4.501389265060424805e-01
-4.461082816123962402e-01
-4.502191841602325439e-01
-4.494668245315551758e-01
-4.483205378055572510e-01
-4.498298168182373047e-01
-4.481433033943176270e-01
-4.493831098079681396e-01
-4.518134891986846924e-01
-4.493978917598724365e-01
-4.501343965530395508e-01
-4.490416944026947021e-01
-4.496541917324066162e-01
-4.495299160480499268e-01
-4.495043456554412842e-01
-4.491038024425506592e-01
-4.492262303829193115e-01
-4.507364630699157715e-01
-4.516814351081848145e-01
-4.477511048316955566e-01
-4.471977055072784424e-01
-4.512956440448760986e-01
-4.521400034427642822e-01
-4.507214426994323730e-01
-4.479480087757110596e-01
-4.486384391784667969e-01
-4.498932361602783203e-01
-4.475103318691253662e-01
-4.506327807903289795e-01
-4.503562152385711670e-01
-4.482811391353607178e-01
-4.480028152465820312e-01
-4.515973031520843506e-01
-4.501965343952178955e-01
-4.485091567039489746e-01
-4.513754844665527344e-01
-4.490181505680084229e-01
-4.494293630123138428e-01
-4.505029022693634033e-01
-4.483594298362731934e-01
-4.493750035762786865e-01
-4.482454061508178711e-01
-4.506441950798034668e-01
-4.515385329723358154e-01
-4.492991268634796143e-01
-4.490793049335479736e-01
-4.479662477970123291e-01
-4.496352076530456543e-01
-4.509046673774719238e-01
-4.487982094287872314e-01
-4.504528343677520752e-01
-4.484301805496215820e-01
-4.516410827636718750e-01
-4.483688473701477051e-01
-4.516790509223937988e-01
-4.500436186790466309e-01
-4.485756158828735352e-01
-4.502455592155456543e-01
-4.507949352264404297e-01
-4.491828083992004395e-01
-4.495439529418945312e-01
-4.489843845367431641e-01
-4.478196501731872559e-01
-4.500428736209869385e-01
-4.481574892997741699e-01
-4.505856633186340332e-01
-4.519483745098114014e-01
-4.489185512065887451e-01
-4.483279883861541748e-01
-4.472018480300903320e-01
-4.484091699123382568e-01
-4.480801522731781006e-01
-4.518199563026428223e-01
-4.503583312034606934e-01
-4.502308368682861328e-01
-4.531278014183044434e-01
-4.491864442825317383e-01
-4.497321844100952148e-01
-4.504257738590240479e-01
-4.503896534442901611e-01
-4.467109143733978271e-01
-4.506571590900421143e-01
-4.477352797985076904e-01
-4.498519301414489746e-01
-4.506859481334686279e-01
-4.494412243366241455e-01
-4.502735435962677002e-01
-4.471448957920074463e-01
-4.487582445144653320e-01
-4.521641135215759277e-01
-4.495877027511596680e-01
-4.474386572837829590e-01
-4.508164525032043457e-01
-4.492981135845184326e-01
-4.487109184265136719e-01
-4.475708007812500000e-01
-4.516940414905548096e-01
-4.501281082630157471e-01
-4.504309594631195068e-01
-4.475493729114532471e-01
-4.498630166053771973e-01
-4.461867511272430420e-01
-4.486393630504608154e-01
-4.508184790611267090e-01
-4.466497004032135010e-01
-4.484918713569641113e-01
-4.496178030967712402e-01
-4.511315524578094482e-01
-4.474337100982666016e-01
-4.517845511436462402e-01
-4.490810036659240723e-01
-4.467831552028656006e-01
-4.495952725410461426e-01
-4.481408298015594482e-01
-4.495584666728973389e-01
-4.506508708000183105e-01
-4.475709795951843262e-01
-4.469893872737884521e-01
-4.478703737258911133e-01
-4.506945013999938965e-01
-4.501690864562988281e-01
-4.492943584918975830e-01
-4.499135613441467285e-01
-4.472110569477081299e-01
-4.515752494335174561e-01
-4.503272175788879395e-01
-4.477896392345428467e-01
-4.511855542659759521e-01
-4.480148851871490479e-01
-4.519920647144317627e-01
-4.513037800788879395e-01
-4.500120580196380615e-01
-4.489737451076507568e-01
-4.485022425651550293e-01
-4.507125318050384521e-01
-4.480208158493041992e-01
-4.485743343830108643e-01
-4.487141668796539307e-01
-4.507052004337310791e-01
-4.505338072776794434e-01
-4.497470557689666748e-01
-4.473974406719207764e-01
-4.512856602668762207e-01
-4.479590654373168945e-01
-4.506277441978454590e-01
-4.508385956287384033e-01
-4.511764645576477051e-01
-4.481016993522644043e-01
-4.514472186565399170e-01
-4.493001103401184082e-01
-4.480535984039306641e-01
-4.470819234848022461e-01
-4.510143399238586426e-01
-4.505772292613983154e-01
-4.512846469879150391e-01
-4.493506848812103271e-01
-4.505075514316558838e-01
-4.512853622436523438e-01
-4.522705674171447754e-01
-4.481521844863891602e-01
-4.497469961643218994e-01
-4.478683173656463623e-01
-4.513809084892272949e-01
-4.492440819740295410e-01
-4.506933093070983887e-01
-4.512036144733428955e-01
-4.520433247089385986e-01
-4.497356712818145752e-01
-4.522755444049835205e-01
-4.497573077678680420e-01
-4.463979899883270264e-01
-4.455287158489227295e-01
-4.475834071636199951e-01
-4.494751989841461182e-01
-4.517002701759338379e-01
-4.495204687118530273e-01
-4.498740732669830322e-01
-4.508783221244812012e-01
-4.492432177066802979e-01
-4.508337080478668213e-01
-4.501543641090393066e-01
-4.495299458503723145e-01
-4.508816599845886230e-01
-4.502714276313781738e-01
-4.499631822109222412e-01
-4.489111602306365967e-01
-4.516485929489135742e-01
-4.500142931938171387e-01
-4.545077979564666748e-01
-4.512625038623809814e-01
-4.494874179363250732e-01
-4.516458809375762939e-01
-4.502220451831817627e-01
-4.486476182937622070e-01
-4.518204331398010254e-01
-4.511393606662750244e-01
-4.460310637950897217e-01
-4.501294195652008057e-01
-4.499845504760742188e-01
-4.502965509891510010e-01
-4.493590593338012695e-01
-4.512740969657897949e-01
-4.498620629310607910e-01
-4.524022936820983887e-01
-4.465896487236022949e-01
-4.470610916614532471e-01
-4.486182034015655518e-01
-4.474168121814727783e-01
-4.500706791877746582e-01
-4.500709474086761475e-01
-4.491947591304779053e-01
-4.520116448402404785e-01
-4.519215226173400879e-01
-4.489985406398773193e-01
-4.485637247562408447e-01
-4.480079412460327148e-01
-4.484916925430297852e-01
-4.510422050952911377e-01
-4.515778422355651855e-01
-4.488280117511749268e-01
-4.505820572376251221e-01
-4.502171576023101807e-01
-4.489002823829650879e-01
-4.506684541702270508e-01
-4.484531283378601074e-01
-4.493377804756164551e-01
-4.512576758861541748e-01
-4.497932493686676025e-01
-4.493772387504577637e-01
-4.511663317680358887e-01
-4.500109255313873291e-01
-4.533869624137878418e-01
-4.491628408432006836e-01
-4.480757415294647217e-01
-4.479719400405883789e-01
-4.501784145832061768e-01
-4.503374695777893066e-01
-4.498664140701293945e-01
-4.515833556652069092e-01
-4.523338377475738525e-01
-4.501876533031463623e-01
-4.498514533042907715e-01
-4.509781599044799805e-01
-4.516540765762329102e-01
-4.500742852687835693e-01
-4.520546495914459229e-01
-4.504411816596984863e-01
-4.518066346645355225e-01
-4.487368762493133545e-01
-4.478748142719268799e-01
-4.485842883586883545e-01
-4.524590373039245605e-01
-4.477216303348541260e-01
-4.504851698875427246e-01
-4.507180154323577881e-01
-4.505452215671539307e-01
-4.484356045722961426e-01
-4.522537887096405029e-01
-4.481662213802337646e-01
-4.507954120635986328e-01
-4.494544863700866699e-01
-4.490031599998474121e-01
-4.486356079578399658e-01
-4.489118158817291260e-01
-4.504604041576385498e-01
-4.534917771816253662e-01
-4.512105584144592285e-01
-4.493538141250610352e-01
-4.479131698608398438e-01
-4.476948976516723633e-01
-4.475720226764678955e-01
-4.472628533840179443e-01
-4.517337679862976074e-01
-4.501813352108001709e-01
-4.495033919811248779e-01
-4.477549493312835693e-01
-4.514053165912628174e-01
-4.486534893512725830e-01
-4.477508068084716797e-01
-4.495905041694641113e-01
-4.505645930767059326e-01
-4.497110545635223389e-01
-4.469367563724517822e-01
-4.469279944896697998e-01
-4.505079984664916992e-01
-4.481967687606811523e-01
-4.488967955112457275e-01
-4.498068094253540039e-01
-4.494572877883911133e-01
-4.487623274326324463e-01
-4.506227970123291016e-01
-4.478216469287872314e-01
-4.514008164405822754e-01
-4.487039744853973389e-01
-4.490115940570831299e-01
-4.488033652305603027e-01
-4.497805237770080566e-01
-4.496698081493377686e-01
-4.503645002841949463e-01
-4.512319266796112061e-01
-4.505918920040130615e-01
-4.472217261791229248e-01
-4.510049521923065186e-01
-4.537151455879211426e-01
-4.474497735500335693e-01
-4.479917585849761963e-01
-4.489223062992095947e-01
-4.515492618083953857e-01
-4.508285820484161377e-01
-4.474843144416809082e-01
-4.485663771629333496e-01
-4.508453905582427979e-01
-4.505980014801025391e-01
-4.499586224555969238e-01
-4.496458768844604492e-01
-4.503453671932220459e-01
-4.515245258808135986e-01
-4.491422176361083984e-01
-4.483624100685119629e-01
-4.492477178573608398e-01
-4.492644965648651123e-01
-4.510014653205871582e-01
-4.499740004539489746e-01
-4.495277106761932373e-01
-4.502331614494323730e-01
-4.497713148593902588e-01
-4.470786154270172119e-01
-4.483892321586608887e-01
-4.493715167045593262e-01
-4.481720030307769775e-01
-4.491017758846282959e-01
-4.491685926914215088e-01
-4.519935846328735352e-01
-4.505830109119415283e-01
-4.483284652233123779e-01
-4.516219496726989746e-01
-4.492947161197662354e-01
-4.505971372127532959e-01
-4.506858289241790771e-01
-4.477573931217193604e-01
-4.493905603885650635e-01
-4.529626667499542236e-01
-4.510292112827301025e-01
-4.502109885215759277e-01
-4.486245810985565186e-01
-4.498561620712280273e-01
-4.470354318618774414e-01
-4.512390196323394775e-01
-4.497075080871582031e-01
-4.476900696754455566e-01
-4.481006860733032227e-01
-4.500950872898101807e-01
-4.499329924583435059e-01
-4.492022097110748291e-01
-4.529213309288024902e-01
-4.512828588485717773e-01
-4.499561190605163574e-01
-4.494701921939849854e-01
-4.474845230579376221e-01
-4.526267945766448975e-01
-4.493651390075683594e-01
-4.486448466777801514e-01
-4.506123661994934082e-01
-4.474883377552032471e-01
-4.493182003498077393e-01
-4.508400261402130127e-01
-4.530256390571594238e-01
-4.504208862781524658e-01
-4.485200047492980957e-01
-4.509417116641998291e-01
-4.504866302013397217e-01
-4.504694938659667969e-01
-4.485974609851837158e-01
-4.496649205684661865e-01
-4.491619765758514404e-01
-4.518787860870361328e-01
-4.492802619934082031e-01
-4.507997930049896240e-01
-4.494745433330535889e-01
-4.499595165252685547e-01
-4.507981836795806885e-01
-4.489786922931671143e-01
-4.497155249118804932e-01
-4.483582675457000732e-01
-4.491277337074279785e-01
-4.517081379890441895e-01
-4.504738748073577881e-01
-4.517612159252166748e-01
-4.526747763156890869e-01
-4.480980932712554932e-01
-4.495884478092193604e-01
-4.540996253490447998e-01
-4.468657374382019043e-01
-4.494693577289581299e-01
-4.488097131252288818e-01
-4.488209784030914307e-01
-4.479922950267791748e-01
-4.513826966285705566e-01
-4.509525597095489502e-01
-4.483014345169067383e-01
-4.510874152183532715e-01
-4.506270289421081543e-01
-4.492678642272949219e-01
-4.504471719264984131e-01
-4.480851292610168457e-01
-4.513299763202667236e-01
-4.506526887416839600e-01
-4.510298371315002441e-01
-4.473559558391571045e-01
-4.497735202312469482e-01
-4.476124644279479980e-01
-4.502961337566375732e-01
-4.499780237674713135e-01
-4.513162970542907715e-01
-4.499376714229583740e-01
-4.496669173240661621e-01
-4.505251348018646240e-01
-4.498519003391265869e-01
-4.520667791366577148e-01
-4.491312801837921143e-01
-4.505711495876312256e-01
-4.504671692848205566e-01
-4.529455602169036865e-01
-4.503805935382843018e-01
-4.503795802593231201e-01
-4.499908089637756348e-01
-4.545257091522216797e-01
-4.493244588375091553e-01
-4.518043696880340576e-01
-4.514921307563781738e-01
-4.509210586547851562e-01
-4.491451382637023926e-01
-4.494557082653045654e-01
-4.498240351676940918e-01
-4.484644234180450439e-01
-4.490516483783721924e-01
-4.488775134086608887e-01
-4.507634639739990234e-01
-4.495676457881927490e-01
-4.508290886878967285e-01
-4.497233927249908447e-01
-4.496960937976837158e-01
-4.490988254547119141e-01
-4.512620270252227783e-01
-4.507929086685180664e-01
-4.491454660892486572e-01
-4.500360190868377686e-01
-4.498524665832519531e-01
-4.496991634368896484e-01
-4.492106437683105469e-01
-4.485858678817749023e-01
-4.514366984367370605e-01
-4.508188962936401367e-01
-4.501066803932189941e-01
-4.475941061973571777e-01
-4.481576681137084961e-01
-4.504155814647674561e-01
-4.498645961284637451e-01
-4.484444558620452881e-01
-4.505006074905395508e-01
-4.499987959861755371e-01
-4.533642828464508057e-01
-4.507685005664825439e-01
-4.528828561305999756e-01
-4.490761160850524902e-01
-4.473834931850433350e-01
-4.530369341373443604e-01
-4.504187703132629395e-01
-4.503225982189178467e-01
-4.511416554450988770e-01
-4.475768506526947021e-01
-4.510672092437744141e-01
-4.480740725994110107e-01
-4.513356983661651611e-01
-4.486568570137023926e-01
-4.483249485492706299e-01
-4.485678374767303467e-01
-4.484835267066955566e-01
-4.506466984748840332e-01
-4.526182115077972412e-01
-4.502030611038208008e-01
-4.506931900978088379e-01
-4.529299437999725342e-01
-4.482141435146331787e-01
-4.507557153701782227e-01
-4.499996006488800049e-01
-4.500440359115600586e-01
-4.465470612049102783e-01
-4.485279023647308350e-01
-4.477910697460174561e-01
-4.487940073013305664e-01
-4.501707255840301514e-01
-4.511328339576721191e-01
-4.489057660102844238e-01
-4.490112364292144775e-01
-4.494573473930358887e-01
-4.483553469181060791e-01
-4.518195688724517822e-01
-4.509275257587432861e-01
-4.504251182079315186e-01
-4.492448866367340088e-01
-4.495511353015899658e-01
-4.498735964298248291e-01
-4.505024254322052002e-01
-4.506726562976837158e-01
-4.498307406902313232e-01
-4.505872726440429688e-01
-4.503628611564636230e-01
-4.517924189567565918e-01
-4.491491615772247314e-01
-4.498363733291625977e-01
-4.470531046390533447e-01
-4.510382115840911865e-01
-4.487949311733245850e-01
-4.494356215000152588e-01
-4.497158825397491455e-01
-4.495966732501983643e-01
-4.499759972095489502e-01
-4.507066607475280762e-01
-4.526895880699157715e-01
-4.503444135189056396e-01
-4.511007368564605713e-01
-4.509637355804443359e-01
-4.500083625316619873e-01
-4.488734304904937744e-01
-4.493116438388824463e-01
-4.505111575126647949e-01
-4.489913284778594971e-01
-4.487114846706390381e-01
-4.502992331981658936e-01
-4.511110782623291016e-01
-4.477768838405609131e-01
-4.503717422485351562e-01
-4.505886733531951904e-01
-4.497669637203216553e-01
-4.508967399597167969e-01
-4.519091546535491943e-01
-4.493830502033233643e-01
-4.542250931262969971e-01
-4.523731768131256104e-01
-4.509611725807189941e-01
-4.475621283054351807e-01
-4.502953290939331055e-01
-4.528013169765472412e-01
-4.508054852485656738e-01
-4.494317770004272461e-01
-4.501849114894866943e-01
-4.508170187473297119e-01
-4.488710165023803711e-01
-4.485032260417938232e-01
-4.487310647964477539e-01
-4.493752419948577881e-01
-4.528710842132568359e-01
-4.493550360202789307e-01
-4.503557682037353516e-01
-4.477989971637725830e-01
-4.503836035728454590e-01
-4.491831958293914795e-01
-4.499717354774475098e-01
-4.489622116088867188e-01
-4.534811973571777344e-01
-4.490171372890472412e-01
-4.521383047103881836e-01
-4.471641778945922852e-01
-4.478161931037902832e-01
-4.494028091430664062e-01
-4.511739015579223633e-01
-4.499178528785705566e-01
-4.494280815124511719e-01
-4.521605372428894043e-01
-4.521932303905487061e-01
-4.484939575195312500e-01
-4.481774568557739258e-01
-4.487615525722503662e-01
-4.480206668376922607e-01
-4.491204917430877686e-01
-4.504759311676025391e-01
-4.503865838050842285e-01
-4.572914242744445801e-01
-4.489170312881469727e-01
-4.501888453960418701e-01
-4.504694938659667969e-01
