2.582235813140869141e+00
2.238926649093627930e+00
1.836907744407653809e+00
1.409670352935791016e+00
1.104146838188171387e+00
8.132212758064270020e-01
7.151004672050476074e-01
4.951731562614440918e-01
4.686601161956787109e-01
3.220382928848266602e-01
3.268030881881713867e-01
2.190764993429183960e-01
2.296420782804489136e-01
1.781028211116790771e-01
2.013615667819976807e-01
1.154543459415435791e-01
9.066744893789291382e-02
5.954238772392272949e-02
7.132729142904281616e-02
3.142592310905456543e-02
4.690497741103172302e-02
4.033712670207023621e-02
9.927717037498950958e-03
-2.559675462543964386e-02
-5.544075742363929749e-02
-7.345387339591979980e-02
-8.944866061210632324e-02
-1.027679815888404846e-01
-1.259325891733169556e-01
-1.104638651013374329e-01
-1.494024693965911865e-01
-1.216409280896186829e-01
-1.570361703634262085e-01
-1.419759094715118408e-01
-1.700592041015625000e-01
-1.876941174268722534e-01
-1.646875888109207153e-01
-1.841755062341690063e-01
-1.544113457202911377e-01
-1.712193936109542847e-01
-1.714631319046020508e-01
-1.733673214912414551e-01
-1.810065954923629761e-01
-2.202672064304351807e-01
-1.787423342466354370e-01
-2.027871757745742798e-01
-1.993366479873657227e-01
-1.832626312971115112e-01
-2.093403637409210205e-01
-1.943783611059188843e-01
-2.228344082832336426e-01
-2.085929512977600098e-01
-2.025560885667800903e-01
-2.011021375656127930e-01
-2.035595029592514038e-01
-2.032467275857925415e-01
-2.294443249702453613e-01
-2.033307850360870361e-01
-2.201861143112182617e-01
-2.173132300376892090e-01
-2.211458534002304077e-01
-2.403740584850311279e-01
-1.981627494096755981e-01
-2.262293547391891479e-01
-2.224266231060028076e-01
-2.334234863519668579e-01
-2.322945445775985718e-01
-2.044583857059478760e-01
-2.274111956357955933e-01
-2.192931026220321655e-01
-2.216739207506179810e-01
-2.265099287033081055e-01
-2.386748045682907104e-01
-2.359186410903930664e-01
-2.176911979913711548e-01
-2.368486076593399048e-01
-2.210181206464767456e-01
-2.330504506826400757e-01
-2.347680926322937012e-01
-2.385940998792648315e-01
-2.276746630668640137e-01
-2.368654310703277588e-01
-2.442338615655899048e-01
-2.558495402336120605e-01
-2.365712672472000122e-01
-2.716820836067199707e-01
-2.650192677974700928e-01
-2.413814067840576172e-01
-2.515721321105957031e-01
-2.442189455032348633e-01
-2.501623034477233887e-01
-2.477769106626510620e-01
-2.539221942424774170e-01
-2.453701496124267578e-01
-2.673224508762359619e-01
-2.538776993751525879e-01
-2.538838982582092285e-01
-2.515863180160522461e-01
-2.644977271556854248e-01
-2.582587599754333496e-01
-2.669785618782043457e-01
-2.547036409378051758e-01
-2.603287696838378906e-01
-2.717947661876678467e-01
-2.623522281646728516e-01
-2.730502188205718994e-01
-2.651315331459045410e-01
-2.770318686962127686e-01
-2.949099242687225342e-01
-2.532829046249389648e-01
-2.757664322853088379e-01
-2.667151391506195068e-01
-2.748228907585144043e-01
-2.812291085720062256e-01
-2.867963016033172607e-01
-3.000172078609466553e-01
-2.967970371246337891e-01
-2.977549135684967041e-01
-2.960223555564880371e-01
-3.041456341743469238e-01
-2.958453297615051270e-01
-3.078016936779022217e-01
-3.047429323196411133e-01
-3.189754784107208252e-01
-3.152752518653869629e-01
-3.243525028228759766e-01
-3.249449431896209717e-01
-3.229250013828277588e-01
-3.098128736019134521e-01
-3.154363036155700684e-01
-3.479343950748443604e-01
-3.418701291084289551e-01
-3.438996076583862305e-01
-3.324802219867706299e-01
-3.293164670467376709e-01
-3.323318362236022949e-01
-3.409180939197540283e-01
-3.495099842548370361e-01
-3.420668244361877441e-01
-3.486386239528656006e-01
-3.478101789951324463e-01
-3.524728715419769287e-01
-3.457961380481719971e-01
-3.519516289234161377e-01
-3.631234169006347656e-01
-3.423232436180114746e-01
-3.538040816783905029e-01
-3.620173335075378418e-01
-3.619953691959381104e-01
-3.761199712753295898e-01
-3.664057552814483643e-01
-3.632421195507049561e-01
-3.668677210807800293e-01
-3.731277287006378174e-01
-3.773087263107299805e-01
-3.652033805847167969e-01
-3.794063329696655273e-01
-3.685424625873565674e-01
-3.685076236724853516e-01
-3.628570139408111572e-01
-3.774125277996063232e-01
-3.749962747097015381e-01
-3.834488987922668457e-01
-3.780434727668762207e-01
-3.764368891716003418e-01
-3.758829832077026367e-01
-3.787965774536132812e-01
-3.886662721633911133e-01
-3.777557909488677979e-01
-3.831486701965332031e-01
-3.831179738044738770e-01
-3.826912939548492432e-01
-3.812764585018157959e-01
-3.741621673107147217e-01
-3.862418234348297119e-01
-3.835811018943786621e-01
-3.872503638267517090e-01
-3.757189810276031494e-01
-3.921146988868713379e-01
-3.865697681903839111e-01
-3.740673363208770752e-01
-3.900106251239776611e-01
-3.851158916950225830e-01
-3.846811652183532715e-01
-3.910653591156005859e-01
-3.970583379268646240e-01
-3.911257982254028320e-01
-3.921462893486022949e-01
-3.936755955219268799e-01
-3.949460089206695557e-01
-3.949689269065856934e-01
-3.924181461334228516e-01
-3.918890953063964844e-01
-3.935358226299285889e-01
-3.933134078979492188e-01
-3.996098041534423828e-01
-3.888826668262481689e-01
-3.950142860412597656e-01
-3.984326422214508057e-01
-3.968328237533569336e-01
-3.930914103984832764e-01
-3.895632922649383545e-01
-3.975433409214019775e-01
-4.019149839878082275e-01
-3.998712599277496338e-01
-3.991418480873107910e-01
-3.952775597572326660e-01
-3.966325819492340088e-01
-4.050176441669464111e-01
-4.016028642654418945e-01
-3.973471820354461670e-01
-3.994201123714447021e-01
-3.981234729290008545e-01
-3.995733559131622314e-01
-3.899783194065093994e-01
-4.017606675624847412e-01
-3.929294347763061523e-01
-4.046836197376251221e-01
-3.983152508735656738e-01
-3.992892205715179443e-01
-4.033042788505554199e-01
-4.044122993946075439e-01
-4.003068208694458008e-01
-4.038467407226562500e-01
-4.018133282661437988e-01
-4.027209877967834473e-01
-3.968041539192199707e-01
-4.011425971984863281e-01
-4.079941213130950928e-01
-3.891270756721496582e-01
-4.056884050369262695e-01
-4.057161211967468262e-01
-4.110790491104125977e-01
-4.034045338630676270e-01
-4.016373157501220703e-01
-4.034057557582855225e-01
-4.031725525856018066e-01
-3.978864848613739014e-01
-4.019477665424346924e-01
-4.001771807670593262e-01
-4.039966464042663574e-01
-4.048804342746734619e-01
-4.079944491386413574e-01
-4.108473956584930420e-01
-4.050359725952148438e-01
-4.009632766246795654e-01
-4.047095477581024170e-01
-4.112905859947204590e-01
-4.088584482669830322e-01
-4.072079956531524658e-01
-4.077219963073730469e-01
-4.031830430030822754e-01
-4.099401235580444336e-01
-3.993525505065917969e-01
-4.139487445354461670e-01
-3.993895649909973145e-01
-3.944821953773498535e-01
-4.119745492935180664e-01
-4.079594016075134277e-01
-4.089918732643127441e-01
-4.044530689716339111e-01
-4.059960842132568359e-01
-3.979425430297851562e-01
-4.094011783599853516e-01
-4.063872098922729492e-01
-4.028098285198211670e-01
-4.120039045810699463e-01
-4.048678576946258545e-01
-4.023112058639526367e-01
-4.034156203269958496e-01
-4.056273400783538818e-01
-4.132506847381591797e-01
-4.165284633636474609e-01
-4.082633554935455322e-01
-4.050242900848388672e-01
-4.066299200057983398e-01
-4.139460325241088867e-01
-4.059548974037170410e-01
-4.041959941387176514e-01
-4.078480303287506104e-01
-4.120883643627166748e-01
-4.110907614231109619e-01
-4.142254889011383057e-01
-4.035018086433410645e-01
-4.082071781158447266e-01
-4.117028713226318359e-01
-4.034774303436279297e-01
-4.056753218173980713e-01
-4.044311642646789551e-01
-4.104157686233520508e-01
-4.076921641826629639e-01
-4.056506156921386719e-01
-4.126401245594024658e-01
-4.073775112628936768e-01
-4.131451249122619629e-01
-4.119208157062530518e-01
-4.135873615741729736e-01
-4.078670144081115723e-01
-4.008049070835113525e-01
-4.111453294754028320e-01
-4.124054014682769775e-01
-4.096613824367523193e-01
-4.086216986179351807e-01
-4.064235985279083252e-01
-4.082198143005371094e-01
-4.073306918144226074e-01
-4.144361019134521484e-01
-4.061663746833801270e-01
-4.161631166934967041e-01
-4.125654399394989014e-01
-4.116630256175994873e-01
-4.042857289314270020e-01
-4.071954786777496338e-01
-3.968595862388610840e-01
-4.077365696430206299e-01
-4.093730747699737549e-01
-4.035592377185821533e-01
-4.026123583316802979e-01
-4.126272201538085938e-01
-4.198136925697326660e-01
-4.153709411621093750e-01
-4.084614515304565430e-01
-4.154047966003417969e-01
-4.101481437683105469e-01
-4.160683155059814453e-01
-4.149254262447357178e-01
-4.209783971309661865e-01
-4.051915109157562256e-01
-4.032331705093383789e-01
-4.100905656814575195e-01
-4.118923544883728027e-01
-4.112473130226135254e-01
-4.083036482334136963e-01
-4.083718955516815186e-01
-4.134602248668670654e-01
-4.119083881378173828e-01
-4.138253331184387207e-01
-4.138461053371429443e-01
-4.113864600658416748e-01
-4.101545810699462891e-01
-4.096240103244781494e-01
-4.154262840747833252e-01
-4.151062667369842529e-01
-4.047594666481018066e-01
-4.136617481708526611e-01
-4.201049208641052246e-01
-4.083939790725708008e-01
-4.097780585289001465e-01
-4.158847332000732422e-01
-4.131856560707092285e-01
-4.092591404914855957e-01
-4.137162864208221436e-01
-4.123059511184692383e-01
-4.170832931995391846e-01
-4.126231968402862549e-01
-4.007017314434051514e-01
-4.129291772842407227e-01
-4.099986851215362549e-01
-4.065687060356140137e-01
-4.107192158699035645e-01
-4.091923236846923828e-01
-4.055091440677642822e-01
-4.147084355354309082e-01
-4.079355001449584961e-01
-4.061286747455596924e-01
-4.133776724338531494e-01
-4.070620834827423096e-01
-4.091221392154693604e-01
-4.164371192455291748e-01
-4.066830575466156006e-01
-4.222992360591888428e-01
-4.073430299758911133e-01
-4.078969061374664307e-01
-4.151498973369598389e-01
-4.025599360466003418e-01
-4.063785970211029053e-01
-4.125846922397613525e-01
-4.112798571586608887e-01
-4.162597954273223877e-01
-4.026595950126647949e-01
-4.117810726165771484e-01
-4.153545498847961426e-01
-4.158784151077270508e-01
-4.179539680480957031e-01
-4.144300520420074463e-01
-4.139075875282287598e-01
-4.105643332004547119e-01
-4.128204286098480225e-01
-4.099548161029815674e-01
-4.164179265499114990e-01
-4.134424328804016113e-01
-4.195725023746490479e-01
-4.145302176475524902e-01
-4.131644368171691895e-01
-4.200052022933959961e-01
-4.149863123893737793e-01
-4.074814915657043457e-01
-4.116336703300476074e-01
-4.179677069187164307e-01
-4.093731343746185303e-01
-4.056477248668670654e-01
-4.126575887203216553e-01
-4.084897339344024658e-01
-4.160699546337127686e-01
-4.083571732044219971e-01
-4.075574874877929688e-01
-4.160597026348114014e-01
-4.232784509658813477e-01
-4.058830440044403076e-01
-4.116291105747222900e-01
-4.159997999668121338e-01
-4.279316365718841553e-01
-4.120402634143829346e-01
-4.113750755786895752e-01
-4.159312546253204346e-01
-4.191261529922485352e-01
-4.082908630371093750e-01
-4.159784913063049316e-01
-4.149279892444610596e-01
-4.104181826114654541e-01
-4.199132025241851807e-01
-4.151282906532287598e-01
-4.143295288085937500e-01
-4.134221374988555908e-01
-4.046562314033508301e-01
-4.096709489822387695e-01
-4.123571217060089111e-01
-4.105572998523712158e-01
-4.176172018051147461e-01
-4.094450175762176514e-01
-4.139258563518524170e-01
-4.141658246517181396e-01
-4.212667346000671387e-01
-4.166378974914550781e-01
-4.078272581100463867e-01
-4.126778542995452881e-01
-4.115554690361022949e-01
-4.141777455806732178e-01
-4.137977063655853271e-01
-4.152922630310058594e-01
-4.124220609664916992e-01
-4.086436033248901367e-01
-4.142180085182189941e-01
-4.125043451786041260e-01
-4.159428775310516357e-01
-4.161877334117889404e-01
-4.117863774299621582e-01
-4.161136746406555176e-01
-4.101301431655883789e-01
-4.194741547107696533e-01
-4.168253242969512939e-01
-4.133893549442291260e-01
-4.103957712650299072e-01
-4.126198589801788330e-01
-4.175672233104705811e-01
-4.103522300720214844e-01
-4.118734002113342285e-01
-4.149967730045318604e-01
-4.167633056640625000e-01
-4.123894870281219482e-01
-4.109904468059539795e-01
-4.155212938785552979e-01
-4.156230986118316650e-01
-4.099084138870239258e-01
-4.170606434345245361e-01
-4.175651967525482178e-01
-4.156404435634613037e-01
-4.120753705501556396e-01
-4.170158803462982178e-01
-4.146910309791564941e-01
-4.160113334655761719e-01
-4.167774617671966553e-01
-4.151360392570495605e-01
-4.109975695610046387e-01
-4.112450480461120605e-01
-4.149841964244842529e-01
-4.108176827430725098e-01
-4.180768430233001709e-01
-4.148140847682952881e-01
-4.163545668125152588e-01
-4.123761057853698730e-01
-4.141229391098022461e-01
-4.172044694423675537e-01
-4.147233963012695312e-01
-4.186624586582183838e-01
-4.200272262096405029e-01
-4.044044911861419678e-01
-4.164685010910034180e-01
-4.114203751087188721e-01
-4.196235835552215576e-01
-4.200208187103271484e-01
-4.174605607986450195e-01
-4.174762070178985596e-01
-4.144744575023651123e-01
-4.158241450786590576e-01
-4.060723781585693359e-01
-4.210878312587738037e-01
-4.052373766899108887e-01
-4.143930971622467041e-01
-4.236268699169158936e-01
-4.135949611663818359e-01
-4.063106179237365723e-01
-4.088865220546722412e-01
-4.163837134838104248e-01
-4.152207672595977783e-01
-4.149153530597686768e-01
-4.174254238605499268e-01
-4.239325523376464844e-01
-4.171475172042846680e-01
-4.165709018707275391e-01
-4.167658686637878418e-01
-4.228259921073913574e-01
-4.137173891067504883e-01
-4.187963306903839111e-01
-4.101213514804840088e-01
-4.181751310825347900e-01
-4.162982702255249023e-01
-4.140093922615051270e-01
-4.148710966110229492e-01
-4.104567766189575195e-01
-4.098061323165893555e-01
-4.207836985588073730e-01
-4.134861826896667480e-01
-4.171672761440277100e-01
-4.129509329795837402e-01
-4.197802841663360596e-01
-4.104568660259246826e-01
-4.211296737194061279e-01
-4.179650843143463135e-01
-4.164958596229553223e-01
-4.167977571487426758e-01
-4.158950150012969971e-01
-4.124322533607482910e-01
-4.192090928554534912e-01
-4.151333570480346680e-01
-4.093640148639678955e-01
-4.175657331943511963e-01
-4.144643545150756836e-01
-4.203499853610992432e-01
-4.181051850318908691e-01
-4.196861684322357178e-01
-4.158118963241577148e-01
-4.182286858558654785e-01
-4.184538125991821289e-01
-4.150110781192779541e-01
-4.109124541282653809e-01
-4.119243025779724121e-01
-4.134581089019775391e-01
-4.115071296691894531e-01
-4.151560068130493164e-01
-4.156549572944641113e-01
-4.161011576652526855e-01
-4.239339530467987061e-01
-4.139874875545501709e-01
-4.149886369705200195e-01
-4.193884730339050293e-01
-4.217313230037689209e-01
-4.147137105464935303e-01
-4.185579717159271240e-01
-4.201082289218902588e-01
-4.215076863765716553e-01
-4.114634096622467041e-01
-4.205295741558074951e-01
-4.163551628589630127e-01
-4.210433661937713623e-01
-4.197165668010711670e-01
-4.264426827430725098e-01
-4.122400581836700439e-01
-4.131140112876892090e-01
-4.138203263282775879e-01
-4.183974564075469971e-01
-4.242758750915527344e-01
-4.186185896396636963e-01
-4.120637178421020508e-01
-4.169011712074279785e-01
-4.147498309612274170e-01
-4.206716716289520264e-01
-4.165166020393371582e-01
-4.220868051052093506e-01
-4.101871252059936523e-01
-4.213858246803283691e-01
-4.170654714107513428e-01
-4.148071408271789551e-01
-4.202383756637573242e-01
-4.182930290699005127e-01
-4.119845926761627197e-01
-4.197568595409393311e-01
-4.130883514881134033e-01
-4.133314192295074463e-01
-4.108992815017700195e-01
-4.150684773921966553e-01
-4.246995151042938232e-01
-4.178512394428253174e-01
-4.110427200794219971e-01
-4.198587834835052490e-01
-4.299811422824859619e-01
-4.209878146648406982e-01
-4.179748296737670898e-01
-4.166143834590911865e-01
-4.215918481349945068e-01
-4.192205667495727539e-01
-4.300637245178222656e-01
-4.220394492149353027e-01
-4.172909855842590332e-01
-4.183781743049621582e-01
-4.210595190525054932e-01
-4.183154702186584473e-01
-4.095756709575653076e-01
-4.171185493469238281e-01
-4.124064147472381592e-01
-4.177171587944030762e-01
-4.136673510074615479e-01
-4.168002605438232422e-01
-4.166061878204345703e-01
-4.136590957641601562e-01
-4.220348298549652100e-01
-4.215519428253173828e-01
-4.201968312263488770e-01
-4.200865626335144043e-01
-4.152375459671020508e-01
-4.244512915611267090e-01
-4.218258857727050781e-01
-4.086674749851226807e-01
-4.152396917343139648e-01
-4.138806760311126709e-01
-4.222662448883056641e-01
-4.180540740489959717e-01
-4.162647724151611328e-01
-4.241482913494110107e-01
-4.256456196308135986e-01
-4.226696789264678955e-01
-4.157581031322479248e-01
-4.228889942169189453e-01
-4.183065295219421387e-01
-4.148822724819183350e-01
-4.264543354511260986e-01
-4.189873337745666504e-01
-4.172282814979553223e-01
-4.237157106399536133e-01
-4.094465970993041992e-01
-4.116101562976837158e-01
-4.288140833377838135e-01
-4.208275079727172852e-01
-4.195049405097961426e-01
-4.175955057144165039e-01
-4.230233430862426758e-01
-4.157730638980865479e-01
-4.214110970497131348e-01
-4.178486466407775879e-01
-4.251815080642700195e-01
-4.256655871868133545e-01
-4.147688746452331543e-01
-4.167729616165161133e-01
-4.176592826843261719e-01
-4.223960638046264648e-01
-4.230625033378601074e-01
-4.257000088691711426e-01
-4.166692197322845459e-01
-4.173844456672668457e-01
-4.298592805862426758e-01
-4.147309660911560059e-01
-4.268463551998138428e-01
-4.212382435798645020e-01
-4.182004928588867188e-01
-4.247827529907226562e-01
-4.224230051040649414e-01
-4.215136170387268066e-01
-4.178102314472198486e-01
-4.202468395233154297e-01
-4.205162227153778076e-01
-4.205745756626129150e-01
-4.191527068614959717e-01
-4.195469021797180176e-01
-4.204696416854858398e-01
-4.245408177375793457e-01
-4.195117056369781494e-01
-4.211944043636322021e-01
-4.199082553386688232e-01
-4.189062416553497314e-01
-4.218626320362091064e-01
-4.277819693088531494e-01
-4.203756153583526611e-01
-4.202214777469635010e-01
-4.262953102588653564e-01
-4.155419468879699707e-01
-4.261317551136016846e-01
-4.225326478481292725e-01
-4.186091125011444092e-01
-4.205344617366790771e-01
-4.236857593059539795e-01
-4.155126810073852539e-01
-4.202122092247009277e-01
-4.227338135242462158e-01
-4.192791879177093506e-01
-4.221739470958709717e-01
-4.146268367767333984e-01
-4.219077229499816895e-01
-4.166317880153656006e-01
-4.199815690517425537e-01
-4.180604219436645508e-01
-4.183565080165863037e-01
-4.205769002437591553e-01
-4.169870316982269287e-01
-4.199278354644775391e-01
-4.180711805820465088e-01
-4.233823120594024658e-01
-4.229368269443511963e-01
-4.183627963066101074e-01
-4.135979413986206055e-01
-4.198794066905975342e-01
-4.188541769981384277e-01
-4.203626811504364014e-01
-4.259172081947326660e-01
-4.203667640686035156e-01
-4.194040596485137939e-01
-4.171775877475738525e-01
-4.235714673995971680e-01
-4.237363040447235107e-01
-4.234640002250671387e-01
-4.211557209491729736e-01
-4.197003245353698730e-01
-4.164527058601379395e-01
-4.187161326408386230e-01
-4.180407226085662842e-01
-4.175635576248168945e-01
-4.221612513065338135e-01
-4.228817224502563477e-01
-4.226518571376800537e-01
-4.144404530525207520e-01
-4.261178374290466309e-01
-4.212095141410827637e-01
-4.243168830871582031e-01
-4.197057187557220459e-01
-4.230612218379974365e-01
-4.246757328510284424e-01
-4.237637519836425781e-01
-4.203911423683166504e-01
-4.240447282791137695e-01
-4.161005020141601562e-01
-4.220106601715087891e-01
-4.197310209274291992e-01
-4.236890971660614014e-01
-4.235436916351318359e-01
-4.185354113578796387e-01
-4.172388911247253418e-01
-4.193744957447052002e-01
-4.177388250827789307e-01
-4.202849268913269043e-01
-4.140511453151702881e-01
-4.246390461921691895e-01
-4.212611019611358643e-01
-4.174092411994934082e-01
-4.113560318946838379e-01
-4.193516969680786133e-01
-4.161145687103271484e-01
-4.176292419433593750e-01
-4.182575941085815430e-01
-4.170771837234497070e-01
-4.118228852748870850e-01
-4.234868884086608887e-01
-4.217180609703063965e-01
-4.232396185398101807e-01
-4.238296449184417725e-01
-4.185760915279388428e-01
-4.229716062545776367e-01
-4.229440391063690186e-01
-4.221750497817993164e-01
-4.123790264129638672e-01
-4.171079099178314209e-01
-4.217135608196258545e-01
-4.233140349388122559e-01
-4.280933737754821777e-01
-4.177001416683197021e-01
-4.257722795009613037e-01
-4.160259962081909180e-01
-4.246043562889099121e-01
-4.173565804958343506e-01
-4.261584579944610596e-01
-4.138070642948150635e-01
-4.221214056015014648e-01
-4.230951666831970215e-01
-4.198448956012725830e-01
-4.248630404472351074e-01
-4.289332926273345947e-01
-4.239100515842437744e-01
-4.231552779674530029e-01
-4.197787940502166748e-01
-4.213936030864715576e-01
-4.212503135204315186e-01
-4.233893454074859619e-01
-4.269998967647552490e-01
-4.231342077255249023e-01
-4.208930730819702148e-01
-4.288400709629058838e-01
-4.191589951515197754e-01
-4.171970188617706299e-01
-4.227816164493560791e-01
-4.192491173744201660e-01
-4.243715107440948486e-01
-4.248347878456115723e-01
-4.153958857059478760e-01
-4.282379448413848877e-01
-4.268435537815093994e-01
-4.217976033687591553e-01
-4.229692220687866211e-01
-4.234519600868225098e-01
-4.263429045677185059e-01
-4.225343763828277588e-01
-4.238126873970031738e-01
-4.259037673473358154e-01
-4.193146228790283203e-01
-4.254892766475677490e-01
-4.238195419311523438e-01
-4.244041740894317627e-01
-4.202025234699249268e-01
-4.279500246047973633e-01
-4.236802458763122559e-01
-4.241850376129150391e-01
-4.239197969436645508e-01
-4.239135682582855225e-01
-4.254336655139923096e-01
-4.270293414592742920e-01
-4.226337969303131104e-01
-4.238817691802978516e-01
-4.186962842941284180e-01
-4.239518344402313232e-01
-4.282365739345550537e-01
-4.166755378246307373e-01
-4.149727523326873779e-01
-4.198353886604309082e-01
-4.262524247169494629e-01
-4.243354499340057373e-01
-4.246260523796081543e-01
-4.250823259353637695e-01
-4.199989736080169678e-01
-4.192510843276977539e-01
-4.253234863281250000e-01
-4.147727489471435547e-01
-4.167669117450714111e-01
-4.211003482341766357e-01
-4.233608841896057129e-01
-4.260660111904144287e-01
-4.268683493137359619e-01
-4.171108007431030273e-01
-4.225311875343322754e-01
-4.206685423851013184e-01
-4.234910309314727783e-01
-4.286338388919830322e-01
-4.268582761287689209e-01
-4.261259734630584717e-01
-4.242917597293853760e-01
-4.235453009605407715e-01
-4.296673536300659180e-01
-4.242058098316192627e-01
-4.251173138618469238e-01
-4.207433462142944336e-01
-4.245825111865997314e-01
-4.268524050712585449e-01
-4.232364892959594727e-01
-4.203372299671173096e-01
-4.234908521175384521e-01
-4.305391907691955566e-01
-4.174509942531585693e-01
-4.216751754283905029e-01
-4.214129745960235596e-01
-4.195428788661956787e-01
-4.266201257705688477e-01
-4.283336699008941650e-01
-4.278582334518432617e-01
-4.261879622936248779e-01
-4.241214692592620850e-01
-4.256911873817443848e-01
-4.202898740768432617e-01
-4.202941060066223145e-01
-4.199419617652893066e-01
-4.264109432697296143e-01
-4.191115200519561768e-01
-4.244872629642486572e-01
-4.180610477924346924e-01
-4.276598989963531494e-01
-4.225994050502777100e-01
-4.231320917606353760e-01
-4.273335635662078857e-01
-4.212523102760314941e-01
-4.226602613925933838e-01
-4.276893734931945801e-01
-4.184348881244659424e-01
-4.199579358100891113e-01
-4.278418719768524170e-01
-4.234549403190612793e-01
-4.287908375263214111e-01
-4.212134182453155518e-01
-4.230654835700988770e-01
-4.216350018978118896e-01
-4.262476265430450439e-01
-4.217922985553741455e-01
-4.197036325931549072e-01
-4.216660857200622559e-01
-4.242985248565673828e-01
-4.237028062343597412e-01
-4.229339361190795898e-01
-4.211273789405822754e-01
-4.240509569644927979e-01
-4.240159392356872559e-01
-4.221991598606109619e-01
-4.237429797649383545e-01
-4.177942574024200439e-01
-4.248006641864776611e-01
-4.201376438140869141e-01
-4.214755594730377197e-01
-4.260559082031250000e-01
-4.215062856674194336e-01
-4.277241826057434082e-01
-4.250579178333282471e-01
-4.220292270183563232e-01
-4.272485077381134033e-01
-4.235684275627136230e-01
-4.200802445411682129e-01
-4.230237901210784912e-01
-4.252208471298217773e-01
-4.280331432819366455e-01
-4.284653365612030029e-01
-4.224573373794555664e-01
-4.275890290737152100e-01
-4.226458072662353516e-01
-4.225783348083496094e-01
-4.275857508182525635e-01
-4.254222810268402100e-01
-4.258091747760772705e-01
-4.253449738025665283e-01
-4.197629094123840332e-01
-4.295639991760253906e-01
-4.261403083801269531e-01
-4.286940395832061768e-01
-4.160347878932952881e-01
-4.254528284072875977e-01
-4.277110695838928223e-01
-4.253038465976715088e-01
-4.222654998302459717e-01
-4.233586490154266357e-01
-4.244395196437835693e-01
-4.194836020469665527e-01
-4.270169138908386230e-01
-4.211431741714477539e-01
-4.238669574260711670e-01
-4.274356067180633545e-01
-4.240159988403320312e-01
-4.153046607971191406e-01
-4.232757687568664551e-01
-4.244076907634735107e-01
-4.256368875503540039e-01
-4.265245497226715088e-01
-4.282091557979583740e-01
-4.254759252071380615e-01
-4.237318933010101318e-01
-4.216101765632629395e-01
-4.260390102863311768e-01
-4.301559031009674072e-01
-4.192383885383605957e-01
-4.193739593029022217e-01
-4.215063452720642090e-01
-4.232212901115417480e-01
-4.241822957992553711e-01
-4.266336560249328613e-01
-4.225614070892333984e-01
-4.254940450191497803e-01
-4.177715480327606201e-01
-4.288451373577117920e-01
-4.282821714878082275e-01
-4.223209619522094727e-01
-4.277635812759399414e-01
-4.277359545230865479e-01
-4.198679327964782715e-01
-4.309689402580261230e-01
-4.244321882724761963e-01
-4.312379360198974609e-01
-4.197438955307006836e-01
-4.211141467094421387e-01
-4.252964556217193604e-01
-4.305347204208374023e-01
-4.289756715297698975e-01
-4.320418238639831543e-01
-4.209700822830200195e-01
-4.248663187026977539e-01
-4.264450073242187500e-01
-4.256768226623535156e-01
-4.243802726268768311e-01
-4.278694987297058105e-01
-4.192591011524200439e-01
-4.220156669616699219e-01
-4.242288172245025635e-01
-4.240469336509704590e-01
-4.234562814235687256e-01
-4.275732338428497314e-01
-4.300919771194458008e-01
-4.239026606082916260e-01
-4.348640143871307373e-01
-4.275984466075897217e-01
-4.264468550682067871e-01
-4.301602244377136230e-01
