-2.377712633460760117e-03
-7.361462712287902832e-02
3.340837731957435608e-02
-1.457730084657669067e-01
-1.202950775623321533e-01
-1.927424520254135132e-01
-1.707379966974258423e-01
-2.103410661220550537e-01
-2.200262844562530518e-01
-2.129939943552017212e-01
-2.090683579444885254e-01
-2.241178900003433228e-01
-2.319532781839370728e-01
-2.378352284431457520e-01
-2.400742769241333008e-01
-2.502131164073944092e-01
-2.556837499141693115e-01
-2.567591667175292969e-01
-2.398056387901306152e-01
-2.452454864978790283e-01
-2.487739473581314087e-01
-2.659052014350891113e-01
-2.605832815170288086e-01
-2.483955472707748413e-01
-2.594628334045410156e-01
-2.611875534057617188e-01
-2.770800888538360596e-01
-2.963687181472778320e-01
-2.780010700225830078e-01
-2.717868089675903320e-01
-2.687353491783142090e-01
-2.750870585441589355e-01
-2.783506214618682861e-01
-2.907595336437225342e-01
-2.808039486408233643e-01
-2.901242673397064209e-01
-2.993279993534088135e-01
-3.020071089267730713e-01
-2.901373505592346191e-01
-2.902169227600097656e-01
-3.057271838188171387e-01
-3.159540593624114990e-01
-3.121721148490905762e-01
-3.146680593490600586e-01
-3.182304203510284424e-01
-3.114129304885864258e-01
-3.166150450706481934e-01
-3.156485557556152344e-01
-3.216671347618103027e-01
-3.196065425872802734e-01
-3.194068074226379395e-01
-3.211129009723663330e-01
-3.168418109416961670e-01
-3.146594166755676270e-01
-3.204426765441894531e-01
-3.205228745937347412e-01
-3.256762027740478516e-01
-3.164385259151458740e-01
-3.224335312843322754e-01
-3.256465792655944824e-01
-3.186643421649932861e-01
-3.163600862026214600e-01
-3.185187578201293945e-01
-3.096298277378082275e-01
-3.201693296432495117e-01
-3.133750855922698975e-01
-3.136065602302551270e-01
-3.036081492900848389e-01
-3.188298046588897705e-01
-3.059912323951721191e-01
-3.259223699569702148e-01
-3.312929868698120117e-01
-3.258070647716522217e-01
-3.218173682689666748e-01
-3.181667625904083252e-01
-3.231573700904846191e-01
-3.232692182064056396e-01
-3.296027779579162598e-01
-3.138730525970458984e-01
-3.336544930934906006e-01
-3.166486918926239014e-01
-3.336528539657592773e-01
-3.235688805580139160e-01
-3.233577907085418701e-01
-3.232607543468475342e-01
-3.222438097000122070e-01
-3.281641304492950439e-01
-3.187194764614105225e-01
-3.278423547744750977e-01
-3.204414844512939453e-01
-3.249035477638244629e-01
-3.322135508060455322e-01
-3.262242674827575684e-01
-3.168603479862213135e-01
-3.100711107254028320e-01
-3.169656991958618164e-01
-3.098017275333404541e-01
-3.223233222961425781e-01
-3.258263170719146729e-01
-3.135715425014495850e-01
-3.205065727233886719e-01
-3.228332996368408203e-01
-3.313437998294830322e-01
-3.308477103710174561e-01
-3.295325934886932373e-01
-3.202296197414398193e-01
-3.177829086780548096e-01
-3.306993544101715088e-01
-3.264022171497344971e-01
-3.342223465442657471e-01
-3.114655017852783203e-01
-3.271460831165313721e-01
-3.329484462738037109e-01
-3.364230394363403320e-01
-3.351064920425415039e-01
-3.336782157421112061e-01
-3.358036577701568604e-01
-3.290176987648010254e-01
-3.323214054107666016e-01
-3.251445293426513672e-01
-3.233619332313537598e-01
-3.340979218482971191e-01
-3.340359926223754883e-01
-3.250151276588439941e-01
-3.374662399291992188e-01
-3.274544775485992432e-01
-3.278340697288513184e-01
-3.255686461925506592e-01
-3.309751451015472412e-01
-3.244237005710601807e-01
-3.221831619739532471e-01
-3.269250392913818359e-01
-3.215453624725341797e-01
-3.318834900856018066e-01
-3.258780539035797119e-01
-3.273077905178070068e-01
-3.176358044147491455e-01
-3.242499530315399170e-01
-3.312982916831970215e-01
-3.301742076873779297e-01
-3.202335238456726074e-01
-3.259307742118835449e-01
-3.345390558242797852e-01
-3.377906382083892822e-01
-3.370059132575988770e-01
-3.263114690780639648e-01
-3.307887613773345947e-01
-3.232968747615814209e-01
-3.307569026947021484e-01
-3.272313475608825684e-01
-3.247622549533843994e-01
-3.424435555934906006e-01
-3.261649310588836670e-01
-3.334309160709381104e-01
-3.260375261306762695e-01
-3.361301124095916748e-01
-3.308867216110229492e-01
-3.242266178131103516e-01
-3.287419080734252930e-01
-3.267619013786315918e-01
-3.302538394927978516e-01
-3.269959986209869385e-01
-3.398159742355346680e-01
-3.319438397884368896e-01
-3.319800198078155518e-01
-3.266716897487640381e-01
-3.349992334842681885e-01
-3.293671607971191406e-01
-3.340162038803100586e-01
-3.398152589797973633e-01
-3.265870809555053711e-01
-3.373962342739105225e-01
-3.354325294494628906e-01
-3.337143063545227051e-01
-3.261660635471343994e-01
-3.347631096839904785e-01
-3.321123123168945312e-01
-3.219773471355438232e-01
-3.274190723896026611e-01
-3.228624761104583740e-01
-3.350532650947570801e-01
-3.319666683673858643e-01
-3.248721361160278320e-01
-3.284017443656921387e-01
-3.270612359046936035e-01
-3.280752003192901611e-01
-3.389486670494079590e-01
-3.374018371105194092e-01
-3.361173570156097412e-01
-3.360620737075805664e-01
-3.349016010761260986e-01
-3.347863256931304932e-01
-3.323318362236022949e-01
-3.296372592449188232e-01
-3.247112929821014404e-01
-3.322311639785766602e-01
-3.364573419094085693e-01
-3.319843709468841553e-01
-3.290233016014099121e-01
-3.273115456104278564e-01
-3.312322497367858887e-01
-3.235742449760437012e-01
-3.280348479747772217e-01
-3.295784890651702881e-01
-3.408815562725067139e-01
-3.405163586139678955e-01
-3.345840573310852051e-01
-3.459009826183319092e-01
-3.300393819808959961e-01
-3.266211450099945068e-01
-3.356715738773345947e-01
-3.219233453273773193e-01
-3.328152596950531006e-01
-3.291748464107513428e-01
-3.343636989593505859e-01
-3.283269405364990234e-01
-3.275571763515472412e-01
-3.260494470596313477e-01
-3.140108585357666016e-01
-3.243356943130493164e-01
-3.263031244277954102e-01
-3.315480947494506836e-01
-3.397346735000610352e-01
-3.345148861408233643e-01
-3.306357860565185547e-01
-3.194485604763031006e-01
-3.239254057407379150e-01
-3.318671584129333496e-01
-3.268018066883087158e-01
-3.333573341369628906e-01
-3.251091837882995605e-01
-3.274691402912139893e-01
-3.313634693622589111e-01
-3.157466650009155273e-01
-3.206826448440551758e-01
-3.294855952262878418e-01
-3.303179144859313965e-01
-3.275415599346160889e-01
-3.291643559932708740e-01
-3.361802697181701660e-01
-3.313911557197570801e-01
-3.349926173686981201e-01
-3.324775993824005127e-01
-3.235636651515960693e-01
-3.318143188953399658e-01
-3.342289328575134277e-01
-3.303021788597106934e-01
-3.338783979415893555e-01
-3.295685648918151855e-01
-3.333872556686401367e-01
-3.361184597015380859e-01
-3.380857110023498535e-01
-3.391268253326416016e-01
-3.343371748924255371e-01
-3.339327275753021240e-01
-3.310232162475585938e-01
-3.368562757968902588e-01
-3.384202718734741211e-01
-3.346241414546966553e-01
-3.325113356113433838e-01
-3.303723633289337158e-01
-3.326271474361419678e-01
-3.304814696311950684e-01
-3.335317373275756836e-01
-3.437065482139587402e-01
-3.358233869075775146e-01
-3.299093544483184814e-01
-3.293452858924865723e-01
-3.221963644027709961e-01
-3.220832049846649170e-01
-3.333786427974700928e-01
-3.302382826805114746e-01
-3.207922875881195068e-01
-3.235453367233276367e-01
-3.341279625892639160e-01
-3.305921554565429688e-01
-3.400160670280456543e-01
-3.292418122291564941e-01
-3.333114087581634521e-01
-3.346566557884216309e-01
-3.235121369361877441e-01
-3.130201995372772217e-01
-3.267705738544464111e-01
-3.304270207881927490e-01
-3.281509280204772949e-01
-3.348691463470458984e-01
-3.361715674400329590e-01
-3.287583291530609131e-01
-3.331292867660522461e-01
-3.337051272392272949e-01
-3.353810310363769531e-01
-3.296466469764709473e-01
-3.302828967571258545e-01
-3.283935785293579102e-01
-3.331044316291809082e-01
-3.341690301895141602e-01
-3.242662847042083740e-01
-3.237807452678680420e-01
-3.308435976505279541e-01
-3.319182097911834717e-01
-3.182137012481689453e-01
-3.224842548370361328e-01
-3.213593661785125732e-01
-3.145510554313659668e-01
-3.242875933647155762e-01
-3.390700817108154297e-01
-3.291785120964050293e-01
-3.422492742538452148e-01
-3.329110741615295410e-01
-3.227525055408477783e-01
-3.194059729576110840e-01
-3.256175518035888672e-01
-3.245812356472015381e-01
-3.297983109951019287e-01
-3.321085274219512939e-01
-3.202540874481201172e-01
-3.323828577995300293e-01
-3.380305469036102295e-01
-3.411681056022644043e-01
-3.321291506290435791e-01
-3.281113505363464355e-01
-3.216874301433563232e-01
-3.283700644969940186e-01
-3.375615775585174561e-01
-3.342687785625457764e-01
-3.292457461357116699e-01
-3.316057622432708740e-01
-3.316234052181243896e-01
-3.305821418762207031e-01
-3.324869871139526367e-01
-3.354069292545318604e-01
-3.377133905887603760e-01
-3.389080464839935303e-01
-3.350336551666259766e-01
-3.304350972175598145e-01
-3.321152925491333008e-01
-3.276575207710266113e-01
-3.357445001602172852e-01
-3.332492709159851074e-01
-3.284777104854583740e-01
-3.290668725967407227e-01
-3.399436473846435547e-01
-3.327151238918304443e-01
-3.333407640457153320e-01
-3.212144076824188232e-01
-3.333930671215057373e-01
-3.352364003658294678e-01
-3.332978487014770508e-01
-3.385102450847625732e-01
-3.335981369018554688e-01
-3.233417570590972900e-01
-3.336218595504760742e-01
-3.318624198436737061e-01
-3.324878215789794922e-01
-3.329259157180786133e-01
-3.326310217380523682e-01
-3.273196518421173096e-01
-3.273701667785644531e-01
-3.357009589672088623e-01
-3.325896561145782471e-01
-3.307779133319854736e-01
-3.276056647300720215e-01
-3.240595757961273193e-01
-3.287839889526367188e-01
-3.301992118358612061e-01
-3.364972472190856934e-01
-3.341816365718841553e-01
-3.355960547924041748e-01
-3.381418585777282715e-01
-3.364509344100952148e-01
-3.370554149150848389e-01
-3.262943327426910400e-01
-3.341294527053833008e-01
-3.310463726520538330e-01
-3.325098156929016113e-01
-3.320984542369842529e-01
-3.431100547313690186e-01
-3.441475331783294678e-01
-3.362255990505218506e-01
-3.311650753021240234e-01
-3.397409617900848389e-01
-3.228129744529724121e-01
-3.312717974185943604e-01
-3.295543789863586426e-01
-3.323009610176086426e-01
-3.281762897968292236e-01
-3.289803564548492432e-01
-3.251046240329742432e-01
-3.281988501548767090e-01
-3.334749639034271240e-01
-3.355002701282501221e-01
-3.353556394577026367e-01
-3.314886987209320068e-01
-3.390889167785644531e-01
-3.447921276092529297e-01
-3.410486578941345215e-01
-3.414553701877593994e-01
-3.377413153648376465e-01
-3.442654311656951904e-01
-3.403145074844360352e-01
-3.338391780853271484e-01
-3.379257619380950928e-01
-3.424184322357177734e-01
-3.449695408344268799e-01
-3.406506478786468506e-01
-3.367167413234710693e-01
-3.302815556526184082e-01
-3.383098244667053223e-01
-3.293535709381103516e-01
-3.405613303184509277e-01
-3.371974527835845947e-01
-3.362805843353271484e-01
-3.289512991905212402e-01
-3.267458379268646240e-01
-3.271552622318267822e-01
-3.266108632087707520e-01
-3.407213091850280762e-01
-3.313435614109039307e-01
-3.349879086017608643e-01
-3.384325504302978516e-01
-3.390485644340515137e-01
-3.327796757221221924e-01
-3.297919929027557373e-01
-3.317409157752990723e-01
-3.379127085208892822e-01
-3.228687644004821777e-01
-3.329430520534515381e-01
-3.269808590412139893e-01
-3.338813483715057373e-01
-3.296547234058380127e-01
-3.312027156352996826e-01
-3.198130428791046143e-01
-3.307539820671081543e-01
-3.368564844131469727e-01
-3.329730927944183350e-01
-3.349042832851409912e-01
-3.355098068714141846e-01
-3.329009413719177246e-01
-3.311810493469238281e-01
-3.260105550289154053e-01
-3.302721083164215088e-01
-3.355300724506378174e-01
-3.367740809917449951e-01
-3.302908837795257568e-01
-3.360531628131866455e-01
-3.367447257041931152e-01
-3.323831856250762939e-01
-3.425577282905578613e-01
-3.403412997722625732e-01
-3.339000940322875977e-01
-3.383384346961975098e-01
-3.390741646289825439e-01
-3.386043310165405273e-01
-3.298548161983489990e-01
-3.243878185749053955e-01
-3.276831805706024170e-01
-3.261646628379821777e-01
-3.273229002952575684e-01
-3.270704746246337891e-01
-3.245321512222290039e-01
-3.254152238368988037e-01
-3.259710669517517090e-01
-3.375191092491149902e-01
-3.396274745464324951e-01
-3.430250883102416992e-01
-3.363140821456909180e-01
-3.357112109661102295e-01
-3.360631763935089111e-01
-3.397956490516662598e-01
-3.407902717590332031e-01
-3.378991782665252686e-01
-3.316003382205963135e-01
-3.243378996849060059e-01
-3.321346044540405273e-01
-3.351385295391082764e-01
-3.351835906505584717e-01
-3.293349146842956543e-01
-3.340354561805725098e-01
-3.371388912200927734e-01
-3.339196443557739258e-01
-3.321273624897003174e-01
-3.405867516994476318e-01
-3.308393061161041260e-01
-3.346680402755737305e-01
-3.398122489452362061e-01
-3.392491340637207031e-01
-3.298721611499786377e-01
-3.390136361122131348e-01
-3.362618684768676758e-01
-3.381263315677642822e-01
-3.415225148200988770e-01
-3.446883261203765869e-01
-3.310921490192413330e-01
-3.200747668743133545e-01
-3.352382779121398926e-01
-3.351912796497344971e-01
-3.304021656513214111e-01
-3.386502563953399658e-01
-3.340188860893249512e-01
-3.290127217769622803e-01
-3.310727477073669434e-01
-3.297614157199859619e-01
-3.338173925876617432e-01
-3.342237472534179688e-01
-3.344572186470031738e-01
-3.348498642444610596e-01
-3.438085913658142090e-01
-3.358713984489440918e-01
-3.380436301231384277e-01
-3.328778147697448730e-01
-3.398033082485198975e-01
-3.365203142166137695e-01
-3.302973508834838867e-01
-3.335775136947631836e-01
-3.377373516559600830e-01
-3.429434597492218018e-01
-3.349097371101379395e-01
-3.427507877349853516e-01
-3.386950790882110596e-01
-3.371120691299438477e-01
-3.376769423484802246e-01
-3.366752564907073975e-01
-3.369152843952178955e-01
-3.335499167442321777e-01
-3.358446657657623291e-01
-3.386234641075134277e-01
-3.338481485843658447e-01
-3.393550515174865723e-01
-3.423711061477661133e-01
-3.302897214889526367e-01
-3.316959738731384277e-01
-3.253201246261596680e-01
-3.337951898574829102e-01
-3.398721218109130859e-01
-3.427031338214874268e-01
-3.307637870311737061e-01
-3.236518800258636475e-01
-3.271874189376831055e-01
-3.246199488639831543e-01
-3.297069668769836426e-01
-3.352347612380981445e-01
-3.367438018321990967e-01
-3.403941690921783447e-01
-3.400814235210418701e-01
-3.280362486839294434e-01
-3.298437893390655518e-01
-3.370453417301177979e-01
-3.350715637207031250e-01
-3.319495618343353271e-01
-3.351886868476867676e-01
-3.409526944160461426e-01
-3.310661017894744873e-01
-3.404635190963745117e-01
-3.333592712879180908e-01
-3.378951251506805420e-01
-3.306648433208465576e-01
-3.390324115753173828e-01
-3.311622440814971924e-01
-3.288843333721160889e-01
-3.286419510841369629e-01
-3.400239348411560059e-01
-3.323548436164855957e-01
-3.429672420024871826e-01
-3.345278501510620117e-01
-3.488246798515319824e-01
-3.422710299491882324e-01
-3.381675779819488525e-01
-3.370491862297058105e-01
-3.393149971961975098e-01
-3.351006507873535156e-01
-3.417921662330627441e-01
-3.305491805076599121e-01
-3.355950117111206055e-01
-3.367663621902465820e-01
-3.350253701210021973e-01
-3.361031711101531982e-01
-3.367757797241210938e-01
-3.352546393871307373e-01
-3.418573737144470215e-01
-3.433021306991577148e-01
-3.385961949825286865e-01
-3.393857479095458984e-01
-3.361638784408569336e-01
-3.410632908344268799e-01
-3.280115127563476562e-01
-3.319503366947174072e-01
-3.358344137668609619e-01
-3.439780175685882568e-01
-3.399222493171691895e-01
-3.279537260532379150e-01
-3.327920138835906982e-01
-3.397770524024963379e-01
-3.293211758136749268e-01
-3.269224464893341064e-01
-3.277156651020050049e-01
-3.353009521961212158e-01
-3.332454860210418701e-01
-3.456524610519409180e-01
-3.412112295627593994e-01
-3.393059074878692627e-01
-3.406949341297149658e-01
-3.413001596927642822e-01
-3.452848792076110840e-01
-3.458486795425415039e-01
-3.437837362289428711e-01
-3.445307612419128418e-01
-3.408547937870025635e-01
-3.405467569828033447e-01
-3.424682915210723877e-01
-3.424874246120452881e-01
-3.352976739406585693e-01
-3.252731263637542725e-01
-3.265696167945861816e-01
-3.405649363994598389e-01
-3.444573581218719482e-01
-3.381048440933227539e-01
-3.380905985832214355e-01
-3.381061255931854248e-01
-3.365840613842010498e-01
-3.385663628578186035e-01
-3.478532731533050537e-01
-3.412812054157257080e-01
-3.349295854568481445e-01
-3.357488512992858887e-01
-3.418530821800231934e-01
-3.344276249408721924e-01
-3.324757516384124756e-01
-3.286142051219940186e-01
-3.397144675254821777e-01
-3.414883017539978027e-01
-3.352662026882171631e-01
-3.356626033782958984e-01
-3.408367931842803955e-01
-3.349729180335998535e-01
-3.386947512626647949e-01
-3.388379514217376709e-01
-3.379913270473480225e-01
-3.405396640300750732e-01
-3.474716246128082275e-01
-3.423986732959747314e-01
-3.462915122509002686e-01
-3.418902456760406494e-01
-3.508571088314056396e-01
-3.437495529651641846e-01
-3.315476775169372559e-01
-3.359154760837554932e-01
-3.428604006767272949e-01
-3.393745124340057373e-01
-3.379797935485839844e-01
-3.346147537231445312e-01
-3.423691987991333008e-01
-3.391383588314056396e-01
-3.416409194469451904e-01
-3.347390294075012207e-01
-3.431841433048248291e-01
-3.462921679019927979e-01
-3.442392945289611816e-01
-3.418718278408050537e-01
-3.449072837829589844e-01
-3.396036922931671143e-01
-3.384293913841247559e-01
-3.396021127700805664e-01
-3.345020115375518799e-01
-3.407363593578338623e-01
-3.432195186614990234e-01
-3.403373360633850098e-01
-3.467672169208526611e-01
-3.417527675628662109e-01
-3.341520428657531738e-01
-3.377920389175415039e-01
-3.433363735675811768e-01
-3.418701291084289551e-01
-3.357435464859008789e-01
-3.354549705982208252e-01
-3.329226076602935791e-01
-3.264365792274475098e-01
-3.380904197692871094e-01
-3.390973806381225586e-01
-3.324655890464782715e-01
-3.295715451240539551e-01
-3.425906896591186523e-01
-3.405903875827789307e-01
-3.457264304161071777e-01
-3.372843563556671143e-01
-3.451568782329559326e-01
-3.397045433521270752e-01
-3.395428657531738281e-01
-3.412694931030273438e-01
-3.365494906902313232e-01
-3.352732956409454346e-01
-3.398563861846923828e-01
-3.428134024143218994e-01
-3.412353396415710449e-01
-3.467010855674743652e-01
-3.419202864170074463e-01
-3.421367108821868896e-01
-3.400556445121765137e-01
-3.355791270732879639e-01
-3.350603580474853516e-01
-3.365367352962493896e-01
-3.424493670463562012e-01
-3.399227261543273926e-01
-3.452274799346923828e-01
-3.428436517715454102e-01
-3.457327783107757568e-01
-3.386377692222595215e-01
-3.486093878746032715e-01
-3.499600589275360107e-01
-3.420655429363250732e-01
-3.316217064857482910e-01
-3.396719992160797119e-01
-3.392849862575531006e-01
-3.434130251407623291e-01
-3.376529216766357422e-01
-3.458878397941589355e-01
-3.430893421173095703e-01
-3.380856812000274658e-01
-3.489372432231903076e-01
-3.398370146751403809e-01
-3.392514586448669434e-01
-3.391557633876800537e-01
-3.416304886341094971e-01
-3.459243178367614746e-01
-3.415087759494781494e-01
-3.419788777828216553e-01
-3.499533534049987793e-01
-3.475111722946166992e-01
-3.476096093654632568e-01
-3.440714776515960693e-01
-3.430401384830474854e-01
-3.384714722633361816e-01
-3.372358381748199463e-01
-3.465218544006347656e-01
-3.392519056797027588e-01
-3.449428677558898926e-01
-3.431499600410461426e-01
-3.479608893394470215e-01
-3.510644435882568359e-01
-3.445863127708435059e-01
-3.396126925945281982e-01
-3.361738920211791992e-01
-3.450457751750946045e-01
-3.420820236206054688e-01
-3.411038219928741455e-01
-3.376048505306243896e-01
-3.384793698787689209e-01
-3.425781130790710449e-01
-3.454473316669464111e-01
-3.462477624416351318e-01
-3.466745018959045410e-01
-3.520243763923645020e-01
-3.369792103767395020e-01
-3.399898409843444824e-01
-3.474241197109222412e-01
-3.386665582656860352e-01
-3.401247560977935791e-01
-3.429038822650909424e-01
-3.319015502929687500e-01
-3.402936458587646484e-01
-3.440634906291961670e-01
-3.432750105857849121e-01
-3.455490171909332275e-01
-3.409134745597839355e-01
-3.401926159858703613e-01
-3.474774062633514404e-01
-3.455554246902465820e-01
-3.464335501194000244e-01
-3.472884297370910645e-01
-3.360414206981658936e-01
-3.468525409698486328e-01
-3.317292928695678711e-01
-3.454660177230834961e-01
-3.476808965206146240e-01
-3.460679352283477783e-01
-3.414036333560943604e-01
-3.415145277976989746e-01
-3.411727845668792725e-01
-3.428243696689605713e-01
-3.424945175647735596e-01
-3.386220932006835938e-01
-3.376753032207489014e-01
-3.464063704013824463e-01
-3.441481590270996094e-01
-3.434752523899078369e-01
-3.404376804828643799e-01
-3.466994762420654297e-01
-3.461835384368896484e-01
-3.368901312351226807e-01
-3.429442942142486572e-01
-3.359153270721435547e-01
-3.434321880340576172e-01
-3.385707139968872070e-01
-3.368029296398162842e-01
-3.449261486530303955e-01
-3.429470360279083252e-01
-3.497686088085174561e-01
-3.477864861488342285e-01
-3.409301638603210449e-01
-3.510592579841613770e-01
-3.422040045261383057e-01
-3.367651402950286865e-01
-3.408225476741790771e-01
-3.416571915149688721e-01
-3.474442064762115479e-01
-3.483420610427856445e-01
-3.369615375995635986e-01
-3.484354317188262939e-01
-3.427957296371459961e-01
-3.444977104663848877e-01
-3.438359200954437256e-01
-3.432373106479644775e-01
-3.498740196228027344e-01
-3.512927889823913574e-01
-3.415414094924926758e-01
-3.378368616104125977e-01
-3.377808630466461182e-01
-3.369323015213012695e-01
-3.431389927864074707e-01
-3.463734984397888184e-01
-3.388304114341735840e-01
-3.421925008296966553e-01
-3.392111063003540039e-01
-3.408595919609069824e-01
-3.390828967094421387e-01
-3.385781645774841309e-01
-3.396945893764495850e-01
-3.362383842468261719e-01
-3.434967100620269775e-01
-3.388804197311401367e-01
-3.463681042194366455e-01
-3.508988320827484131e-01
-3.512212038040161133e-01
-3.490902483463287354e-01
-3.419842123985290527e-01
-3.418048620223999023e-01
-3.316381275653839111e-01
-3.425905406475067139e-01
-3.344324231147766113e-01
-3.447324931621551514e-01
-3.416016101837158203e-01
-3.493702113628387451e-01
-3.454075753688812256e-01
-3.384899199008941650e-01
-3.475237488746643066e-01
-3.394810259342193604e-01
-3.410411775112152100e-01
-3.399280905723571777e-01
-3.472498059272766113e-01
-3.450462818145751953e-01
-3.469832837581634521e-01
-3.453516364097595215e-01
-3.449408710002899170e-01
-3.455986976623535156e-01
-3.422462046146392822e-01
-3.478331565856933594e-01
-3.469236493110656738e-01
-3.494721055030822754e-01
-3.484878540039062500e-01
-3.450303971767425537e-01
-3.461117446422576904e-01
-3.487205803394317627e-01
-3.433715105056762695e-01
-3.428345322608947754e-01
-3.408375382423400879e-01
-3.428200781345367432e-01
-3.422071039676666260e-01
-3.395652472972869873e-01
-3.383110463619232178e-01
-3.314655125141143799e-01
-3.332235515117645264e-01
-3.326150476932525635e-01
-3.351630866527557373e-01
-3.420412838459014893e-01
-3.467034995555877686e-01
-3.475359976291656494e-01
-3.477371037006378174e-01
-3.413540422916412354e-01
-3.472608029842376709e-01
-3.432761728763580322e-01
-3.461019396781921387e-01
-3.424019813537597656e-01
-3.406634628772735596e-01
-3.409561514854431152e-01
-3.432859182357788086e-01
-3.395118117332458496e-01
-3.405372202396392822e-01
-3.370446562767028809e-01
-3.435523808002471924e-01
-3.406613171100616455e-01
-3.469226062297821045e-01
-3.425258696079254150e-01
-3.427720069885253906e-01
-3.411654531955718994e-01
-3.447771668434143066e-01
-3.436165750026702881e-01
-3.368284404277801514e-01
-3.322864472866058350e-01
-3.496809303760528564e-01
-3.448651134967803955e-01
-3.411211669445037842e-01
-3.363916277885437012e-01
-3.296602666378021240e-01
-3.357719480991363525e-01
-3.443486988544464111e-01
-3.404222726821899414e-01
-3.424457013607025146e-01
-3.419571518898010254e-01
-3.425001800060272217e-01
-3.435231149196624756e-01
-3.409867882728576660e-01
-3.430054783821105957e-01
-3.415764272212982178e-01
-3.449101448059082031e-01
-3.452938199043273926e-01
-3.474078476428985596e-01
-3.498586416244506836e-01
-3.528004288673400879e-01
-3.380609750747680664e-01
-3.421352803707122803e-01
-3.375315070152282715e-01
-3.364413380622863770e-01
-3.428610265254974365e-01
-3.342064917087554932e-01
-3.478012681007385254e-01
-3.414487838745117188e-01
-3.391757011413574219e-01
-3.383044004440307617e-01
-3.411046266555786133e-01
-3.341841101646423340e-01
-3.396283090114593506e-01
-3.385510742664337158e-01
-3.417021632194519043e-01
-3.473719656467437744e-01
-3.435592353343963623e-01
-3.436691761016845703e-01
-3.478747606277465820e-01
-3.443181514739990234e-01
-3.476134538650512695e-01
-3.491046726703643799e-01
-3.466046750545501709e-01
-3.509827256202697754e-01
-3.429658114910125732e-01
-3.453700244426727295e-01
-3.393809199333190918e-01
-3.460274934768676758e-01
-3.424634933471679688e-01
-3.451182246208190918e-01
-3.439801037311553955e-01
-3.420179486274719238e-01
-3.385239243507385254e-01
-3.452799320220947266e-01
-3.474945127964019775e-01
-3.427441120147705078e-01
-3.411818742752075195e-01
-3.395308256149291992e-01
-3.472430408000946045e-01
-3.386245667934417725e-01
-3.411035239696502686e-01
-3.374463319778442383e-01
-3.378864228725433350e-01
-3.408217132091522217e-01
-3.432465195655822754e-01
-3.458994030952453613e-01
-3.347639143466949463e-01
-3.371095657348632812e-01
-3.329018056392669678e-01
-3.360673189163208008e-01
-3.410591483116149902e-01
-3.489018082618713379e-01
-3.428590297698974609e-01
-3.411294519901275635e-01
-3.466651439666748047e-01
-3.495705425739288330e-01
-3.402223587036132812e-01
-3.439770042896270752e-01
-3.434626460075378418e-01
-3.304497599601745605e-01
-3.334122002124786377e-01
-3.249780535697937012e-01
-3.364824354648590088e-01
-3.414112031459808350e-01
-3.458175361156463623e-01
-3.453708887100219727e-01
-3.422772288322448730e-01
-3.384092152118682861e-01
-3.357180058956146240e-01
-3.365994095802307129e-01
-3.464953601360321045e-01
-3.464921116828918457e-01
-3.452999293804168701e-01
-3.437733352184295654e-01
-3.499421179294586182e-01
-3.538033664226531982e-01
-3.458916246891021729e-01
-3.412007391452789307e-01
-3.434443771839141846e-01
-3.339394032955169678e-01
-3.401393294334411621e-01
-3.410603702068328857e-01
-3.361667692661285400e-01
