-3.243450224399566650e-01
-3.518939018249511719e-01
-3.563089668750762939e-01
-3.572425544261932373e-01
-3.546051681041717529e-01
-3.643278777599334717e-01
-3.586643636226654053e-01
-3.614892959594726562e-01
-3.569476306438446045e-01
-3.590515255928039551e-01
-3.603349030017852783e-01
-3.689652085304260254e-01
-3.637210726737976074e-01
-3.650840520858764648e-01
-3.654968738555908203e-01
-3.676643073558807373e-01
-3.664267063140869141e-01
-3.668791055679321289e-01
-3.646925091743469238e-01
-3.622698485851287842e-01
-3.648366630077362061e-01
-3.689237833023071289e-01
-3.625020384788513184e-01
-3.616648614406585693e-01
-3.666896224021911621e-01
-3.650088608264923096e-01
-3.579821288585662842e-01
-3.687905371189117432e-01
-3.657412827014923096e-01
-3.671515583992004395e-01
-3.659993410110473633e-01
-3.598116338253021240e-01
-3.660198152065277100e-01
-3.704233467578887939e-01
-3.490952253341674805e-01
-3.714152276515960693e-01
-3.581095039844512939e-01
-3.650036156177520752e-01
-3.645586073398590088e-01
-3.649577498435974121e-01
-3.612864017486572266e-01
-3.663840889930725098e-01
-3.701755106449127197e-01
-3.654967546463012695e-01
-3.674932718276977539e-01
-3.593733012676239014e-01
-3.682550787925720215e-01
-3.636734485626220703e-01
-3.675902485847473145e-01
-3.656607568264007568e-01
-3.681631982326507568e-01
-3.621968924999237061e-01
-3.677681386470794678e-01
-3.655499219894409180e-01
-3.653608560562133789e-01
-3.667137920856475830e-01
-3.656580448150634766e-01
-3.635571897029876709e-01
-3.616626560688018799e-01
-3.679893314838409424e-01
-3.614388108253479004e-01
-3.628375232219696045e-01
-3.642576336860656738e-01
-3.663385510444641113e-01
-3.633817732334136963e-01
-3.673706650733947754e-01
-3.625097572803497314e-01
-3.602323234081268311e-01
-3.716585636138916016e-01
-3.624974489212036133e-01
-3.630492985248565674e-01
-3.618775606155395508e-01
-3.665155768394470215e-01
-3.641863465309143066e-01
-3.673746585845947266e-01
-3.701217770576477051e-01
-3.643245100975036621e-01
-3.716722428798675537e-01
-3.671205937862396240e-01
-3.650203347206115723e-01
-3.681482076644897461e-01
-3.682836890220642090e-01
-3.652870357036590576e-01
-3.704503178596496582e-01
-3.690627515316009521e-01
-3.636157810688018799e-01
-3.672690391540527344e-01
-3.651191890239715576e-01
-3.671241998672485352e-01
-3.613657355308532715e-01
-3.629842996597290039e-01
-3.720480799674987793e-01
-3.692532479763031006e-01
-3.636386096477508545e-01
-3.646500110626220703e-01
-3.596780896186828613e-01
-3.658677935600280762e-01
-3.670209348201751709e-01
-3.652633726596832275e-01
-3.640905618667602539e-01
-3.664644658565521240e-01
-3.671303987503051758e-01
-3.646937906742095947e-01
-3.662082552909851074e-01
-3.677378892898559570e-01
-3.672106862068176270e-01
-3.674400746822357178e-01
-3.710813522338867188e-01
-3.637054860591888428e-01
-3.651642501354217529e-01
-3.642765879631042480e-01
-3.672779798507690430e-01
-3.679113090038299561e-01
-3.696569204330444336e-01
-3.666480481624603271e-01
-3.723792135715484619e-01
-3.711608946323394775e-01
-3.610368669033050537e-01
-3.667917549610137939e-01
-3.719824254512786865e-01
-3.677213191986083984e-01
-3.670627176761627197e-01
-3.672202229499816895e-01
-3.681151270866394043e-01
-3.681977093219757080e-01
-3.672303259372711182e-01
-3.681866824626922607e-01
-3.663899004459381104e-01
-3.682890832424163818e-01
-3.674182593822479248e-01
-3.705571591854095459e-01
-3.681159019470214844e-01
-3.709242343902587891e-01
-3.663821518421173096e-01
-3.683105409145355225e-01
-3.650119304656982422e-01
-3.699361681938171387e-01
-3.565339446067810059e-01
-3.710636198520660400e-01
-3.568756580352783203e-01
-3.686378300189971924e-01
-3.636868298053741455e-01
-3.653955161571502686e-01
-3.691143691539764404e-01
-3.674841523170471191e-01
-3.696232140064239502e-01
-3.643798530101776123e-01
-3.637253344058990479e-01
-3.675459623336791992e-01
-3.674804568290710449e-01
-3.665499985218048096e-01
-3.696654140949249268e-01
-3.645059764385223389e-01
-3.642333149909973145e-01
-3.712528049945831299e-01
-3.716578185558319092e-01
-3.709314465522766113e-01
-3.622658550739288330e-01
-3.713817298412322998e-01
-3.701954782009124756e-01
-3.725093305110931396e-01
-3.720681071281433105e-01
-3.771660923957824707e-01
-3.677036464214324951e-01
-3.700026273727416992e-01
-3.671599626541137695e-01
-3.700189888477325439e-01
-3.677694797515869141e-01
-3.628574311733245850e-01
-3.686392307281494141e-01
-3.691303730010986328e-01
-3.725532293319702148e-01
-3.658103644847869873e-01
-3.721547424793243408e-01
-3.674575984477996826e-01
-3.667752742767333984e-01
-3.722094595432281494e-01
-3.669012486934661865e-01
-3.710087537765502930e-01
-3.687572181224822998e-01
-3.703311085700988770e-01
-3.714367747306823730e-01
-3.692521154880523682e-01
-3.673790395259857178e-01
-3.711965382099151611e-01
-3.672166764736175537e-01
-3.695620000362396240e-01
-3.713012933731079102e-01
-3.694854676723480225e-01
-3.718253076076507568e-01
-3.726189434528350830e-01
-3.680508434772491455e-01
-3.685779273509979248e-01
-3.713780641555786133e-01
-3.711679875850677490e-01
-3.708187639713287354e-01
-3.732410967350006104e-01
-3.714855015277862549e-01
-3.689745664596557617e-01
-3.727923929691314697e-01
-3.697319924831390381e-01
-3.740876913070678711e-01
-3.691704869270324707e-01
-3.738056719303131104e-01
-3.736196756362915039e-01
-3.758473992347717285e-01
-3.714084327220916748e-01
-3.722988665103912354e-01
-3.716900646686553955e-01
-3.736529648303985596e-01
-3.715851902961730957e-01
-3.713496625423431396e-01
-3.712120056152343750e-01
-3.729192316532135010e-01
-3.729836940765380859e-01
-3.698336780071258545e-01
-3.748096525669097900e-01
-3.732061684131622314e-01
-3.680741488933563232e-01
-3.704764544963836670e-01
-3.740845024585723877e-01
-3.684825301170349121e-01
-3.710385262966156006e-01
-3.743700087070465088e-01
-3.689542710781097412e-01
-3.740247189998626709e-01
-3.692756891250610352e-01
-3.719142377376556396e-01
-3.732479214668273926e-01
-3.727302253246307373e-01
-3.685113489627838135e-01
-3.699640631675720215e-01
-3.691569864749908447e-01
-3.686969876289367676e-01
-3.744520843029022217e-01
-3.729749619960784912e-01
-3.702982962131500244e-01
-3.707190454006195068e-01
-3.746485710144042969e-01
-3.724631965160369873e-01
-3.679884672164916992e-01
-3.676712810993194580e-01
-3.747441470623016357e-01
-3.775560259819030762e-01
-3.763217031955718994e-01
-3.746568262577056885e-01
-3.713483214378356934e-01
-3.714169859886169434e-01
-3.667224645614624023e-01
-3.776157796382904053e-01
-3.721901178359985352e-01
-3.740990459918975830e-01
-3.754485547542572021e-01
-3.706260323524475098e-01
-3.700114190578460693e-01
-3.761314749717712402e-01
-3.726593554019927979e-01
-3.788753449916839600e-01
-3.758739829063415527e-01
-3.713546097278594971e-01
-3.698082864284515381e-01
-3.751699328422546387e-01
-3.730006217956542969e-01
-3.709149658679962158e-01
-3.689043819904327393e-01
-3.739214539527893066e-01
-3.686056435108184814e-01
-3.770557940006256104e-01
-3.690786361694335938e-01
-3.750101327896118164e-01
-3.734779953956604004e-01
-3.744940161705017090e-01
-3.661800622940063477e-01
-3.664554357528686523e-01
-3.678327500820159912e-01
-3.722560107707977295e-01
-3.700272738933563232e-01
-3.726517260074615479e-01
-3.723331987857818604e-01
-3.756546080112457275e-01
-3.768613934516906738e-01
-3.698325157165527344e-01
-3.718440830707550049e-01
-3.706068098545074463e-01
-3.757708370685577393e-01
-3.743394017219543457e-01
-3.705247044563293457e-01
-3.716666102409362793e-01
-3.713253140449523926e-01
-3.682185709476470947e-01
-3.716307580471038818e-01
-3.695203363895416260e-01
-3.682642877101898193e-01
-3.701288104057312012e-01
-3.691612780094146729e-01
-3.720901012420654297e-01
-3.705476522445678711e-01
-3.735072612762451172e-01
-3.731482326984405518e-01
-3.692628443241119385e-01
-3.701167702674865723e-01
-3.749948740005493164e-01
-3.718981444835662842e-01
-3.731659054756164551e-01
-3.701847791671752930e-01
-3.743149340152740479e-01
-3.671320080757141113e-01
-3.727138042449951172e-01
-3.697209358215332031e-01
-3.764089643955230713e-01
-3.705958724021911621e-01
-3.686628043651580811e-01
-3.700273334980010986e-01
-3.675114810466766357e-01
-3.684817254543304443e-01
-3.718275725841522217e-01
-3.686595559120178223e-01
-3.669473528861999512e-01
-3.777760863304138184e-01
-3.697409033775329590e-01
-3.678715825080871582e-01
-3.663314282894134521e-01
-3.707253634929656982e-01
-3.765332698822021484e-01
-3.695497214794158936e-01
-3.690510392189025879e-01
-3.703436255455017090e-01
-3.748982548713684082e-01
-3.676601052284240723e-01
-3.666277527809143066e-01
-3.720001280307769775e-01
-3.742565512657165527e-01
-3.713451027870178223e-01
-3.730483949184417725e-01
-3.735549151897430420e-01
-3.725373446941375732e-01
-3.659173250198364258e-01
-3.650669753551483154e-01
-3.695304691791534424e-01
-3.730396628379821777e-01
-3.671457171440124512e-01
-3.706507086753845215e-01
-3.706974685192108154e-01
-3.727213442325592041e-01
-3.740053474903106689e-01
-3.701392412185668945e-01
-3.751120567321777344e-01
-3.703486919403076172e-01
-3.752335906028747559e-01
-3.697968125343322754e-01
-3.683749139308929443e-01
-3.709832727909088135e-01
-3.725690245628356934e-01
-3.707731366157531738e-01
-3.746263384819030762e-01
-3.727689683437347412e-01
-3.682014346122741699e-01
-3.694127798080444336e-01
-3.737794756889343262e-01
-3.743074536323547363e-01
-3.689227998256683350e-01
-3.697471916675567627e-01
-3.723496794700622559e-01
-3.695012927055358887e-01
-3.706474006175994873e-01
-3.700386881828308105e-01
-3.754535019397735596e-01
-3.650138378143310547e-01
-3.721923530101776123e-01
-3.724414706230163574e-01
-3.714234828948974609e-01
-3.720064759254455566e-01
-3.739087581634521484e-01
-3.722898364067077637e-01
-3.724443912506103516e-01
-3.694305121898651123e-01
-3.752666115760803223e-01
-3.714907169342041016e-01
-3.775493502616882324e-01
-3.717320263385772705e-01
-3.746648430824279785e-01
-3.722531199455261230e-01
-3.739381730556488037e-01
-3.705181181430816650e-01
-3.749410808086395264e-01
-3.686934113502502441e-01
-3.682754635810852051e-01
-3.659160733222961426e-01
-3.710469901561737061e-01
-3.708392977714538574e-01
-3.743137419223785400e-01
-3.726219534873962402e-01
-3.645131289958953857e-01
-3.722487092018127441e-01
-3.745216429233551025e-01
-3.755603134632110596e-01
-3.745338320732116699e-01
-3.722521662712097168e-01
-3.738320469856262207e-01
-3.719583451747894287e-01
-3.677254319190979004e-01
-3.773296177387237549e-01
-3.711703121662139893e-01
-3.744984865188598633e-01
-3.704052567481994629e-01
-3.765793740749359131e-01
-3.708319365978240967e-01
-3.811256587505340576e-01
-3.746562004089355469e-01
-3.671064972877502441e-01
-3.752557933330535889e-01
-3.756512701511383057e-01
-3.680867254734039307e-01
-3.713183701038360596e-01
-3.735344409942626953e-01
-3.740812540054321289e-01
-3.678319454193115234e-01
-3.739027082920074463e-01
-3.667051494121551514e-01
-3.704994320869445801e-01
-3.690369725227355957e-01
-3.778783380985260010e-01
-3.699038028717041016e-01
-3.700327873229980469e-01
-3.642390668392181396e-01
-3.702222406864166260e-01
-3.735813498497009277e-01
-3.697034716606140137e-01
-3.667567372322082520e-01
-3.616420626640319824e-01
-3.722372353076934814e-01
-3.704782128334045410e-01
-3.705355226993560791e-01
-3.719789981842041016e-01
-3.715244233608245850e-01
-3.716263473033905029e-01
-3.728494048118591309e-01
-3.755542039871215820e-01
-3.742433190345764160e-01
-3.750288188457489014e-01
-3.744522035121917725e-01
-3.704146146774291992e-01
-3.710254132747650146e-01
-3.691084682941436768e-01
-3.717593848705291748e-01
-3.705632388591766357e-01
-3.716050982475280762e-01
-3.710694313049316406e-01
-3.681865632534027100e-01
-3.712765872478485107e-01
-3.720850646495819092e-01
-3.726598024368286133e-01
-3.750160336494445801e-01
-3.715328276157379150e-01
-3.695707917213439941e-01
-3.676643669605255127e-01
-3.665192127227783203e-01
-3.736113309860229492e-01
-3.738039135932922363e-01
-3.725523650646209717e-01
-3.719016611576080322e-01
-3.750553727149963379e-01
-3.707734346389770508e-01
-3.697271347045898438e-01
-3.716923296451568604e-01
-3.720839917659759521e-01
-3.609802722930908203e-01
-3.740904927253723145e-01
-3.735642135143280029e-01
-3.733281195163726807e-01
-3.727006316184997559e-01
-3.671731054782867432e-01
-3.721303939819335938e-01
-3.682274222373962402e-01
-3.722192347049713135e-01
-3.695335388183593750e-01
-3.703871369361877441e-01
-3.690266013145446777e-01
-3.676319718360900879e-01
-3.723325729370117188e-01
-3.711615502834320068e-01
-3.703440427780151367e-01
-3.735055029392242432e-01
-3.707868754863739014e-01
-3.747300207614898682e-01
-3.682164847850799561e-01
-3.703366219997406006e-01
-3.690231740474700928e-01
-3.688830435276031494e-01
-3.697855770587921143e-01
-3.761163949966430664e-01
-3.754906058311462402e-01
-3.787901103496551514e-01
-3.664471805095672607e-01
-3.676021397113800049e-01
-3.739366531372070312e-01
-3.668743073940277100e-01
-3.726694881916046143e-01
-3.742597997188568115e-01
-3.709702491760253906e-01
-3.743567764759063721e-01
-3.704158365726470947e-01
-3.722483813762664795e-01
-3.705176413059234619e-01
-3.754248619079589844e-01
-3.754514157772064209e-01
-3.702086806297302246e-01
-3.750110864639282227e-01
-3.765096962451934814e-01
-3.717507421970367432e-01
-3.682840168476104736e-01
-3.762769997119903564e-01
-3.726397156715393066e-01
-3.732689321041107178e-01
-3.715823888778686523e-01
-3.696352243423461914e-01
-3.699337840080261230e-01
-3.681337833404541016e-01
-3.712169826030731201e-01
-3.734486699104309082e-01
-3.708890080451965332e-01
-3.728197515010833740e-01
-3.663928806781768799e-01
-3.714477121829986572e-01
-3.751699626445770264e-01
-3.700326979160308838e-01
-3.680666387081146240e-01
-3.710894882678985596e-01
-3.731356859207153320e-01
-3.737346529960632324e-01
-3.716065883636474609e-01
-3.727438151836395264e-01
-3.747466504573822021e-01
-3.760212957859039307e-01
-3.730357587337493896e-01
-3.777415156364440918e-01
-3.726888298988342285e-01
-3.770330250263214111e-01
-3.705325126647949219e-01
-3.725763559341430664e-01
-3.703805804252624512e-01
-3.731756806373596191e-01
-3.661062717437744141e-01
-3.732264339923858643e-01
-3.719514012336730957e-01
-3.698087930679321289e-01
-3.749314546585083008e-01
-3.690225780010223389e-01
-3.717539310455322266e-01
-3.747189640998840332e-01
-3.738441765308380127e-01
-3.701049983501434326e-01
-3.732012510299682617e-01
-3.743899762630462646e-01
-3.721189498901367188e-01
-3.705996572971343994e-01
-3.690942823886871338e-01
-3.725239038467407227e-01
-3.707217872142791748e-01
-3.709543347358703613e-01
-3.727550804615020752e-01
-3.709713816642761230e-01
-3.728912472724914551e-01
-3.749216198921203613e-01
-3.736922442913055420e-01
-3.713512718677520752e-01
-3.691294491291046143e-01
-3.760747611522674561e-01
-3.696332871913909912e-01
-3.746736347675323486e-01
-3.781087100505828857e-01
-3.686472773551940918e-01
-3.726338148117065430e-01
-3.742570877075195312e-01
-3.740811944007873535e-01
-3.662378489971160889e-01
-3.697472810745239258e-01
-3.699176311492919922e-01
-3.745212256908416748e-01
-3.758108615875244141e-01
-3.689650595188140869e-01
-3.674434423446655273e-01
-3.747556805610656738e-01
-3.746252954006195068e-01
-3.706178069114685059e-01
-3.718200027942657471e-01
-3.742420375347137451e-01
-3.746354877948760986e-01
-3.706069886684417725e-01
-3.738788366317749023e-01
-3.737129569053649902e-01
-3.705540895462036133e-01
-3.696725964546203613e-01
-3.715192079544067383e-01
-3.724970221519470215e-01
-3.699111342430114746e-01
-3.714810609817504883e-01
-3.719116151332855225e-01
-3.706032931804656982e-01
-3.722037374973297119e-01
-3.736027181148529053e-01
-3.786822259426116943e-01
-3.719592690467834473e-01
-3.685012757778167725e-01
-3.732633888721466064e-01
-3.748903870582580566e-01
-3.684899210929870605e-01
-3.734513521194458008e-01
-3.753001391887664795e-01
-3.732949793338775635e-01
-3.743792176246643066e-01
-3.710873126983642578e-01
-3.757705688476562500e-01
-3.733627498149871826e-01
-3.743311762809753418e-01
-3.745125234127044678e-01
-3.691062033176422119e-01
-3.727143108844757080e-01
-3.682830035686492920e-01
-3.721979558467864990e-01
-3.716829717159271240e-01
-3.757809102535247803e-01
-3.734157085418701172e-01
-3.773747682571411133e-01
-3.740006983280181885e-01
-3.741838335990905762e-01
-3.698030412197113037e-01
-3.743057847023010254e-01
-3.679224550724029541e-01
-3.736949563026428223e-01
-3.729895055294036865e-01
-3.721126019954681396e-01
-3.748074471950531006e-01
-3.662483990192413330e-01
-3.709037601947784424e-01
-3.701810836791992188e-01
-3.736717998981475830e-01
-3.720037341117858887e-01
-3.753438293933868408e-01
-3.709539771080017090e-01
-3.745276927947998047e-01
-3.757231831550598145e-01
-3.716085851192474365e-01
-3.731497228145599365e-01
-3.717126548290252686e-01
-3.747021555900573730e-01
-3.729559183120727539e-01
-3.735498189926147461e-01
-3.722185790538787842e-01
-3.723947405815124512e-01
-3.710901141166687012e-01
-3.697139322757720947e-01
-3.668430447578430176e-01
-3.719306886196136475e-01
-3.688410818576812744e-01
-3.777724206447601318e-01
-3.749744296073913574e-01
-3.698118329048156738e-01
-3.775945901870727539e-01
-3.677829205989837646e-01
-3.722727000713348389e-01
-3.727248609066009521e-01
-3.736893236637115479e-01
-3.704473972320556641e-01
-3.690241575241088867e-01
-3.710948526859283447e-01
-3.695654273033142090e-01
-3.723154366016387939e-01
-3.709633052349090576e-01
-3.750678002834320068e-01
-3.719539940357208252e-01
-3.708963990211486816e-01
-3.672882318496704102e-01
-3.696935474872589111e-01
-3.720502853393554688e-01
-3.692809641361236572e-01
-3.665764927864074707e-01
-3.675733506679534912e-01
-3.655685484409332275e-01
-3.750923871994018555e-01
-3.734468817710876465e-01
-3.714452981948852539e-01
-3.669210076332092285e-01
-3.712178170680999756e-01
-3.706147372722625732e-01
-3.665734231472015381e-01
-3.666012287139892578e-01
-3.720893859863281250e-01
-3.728933632373809814e-01
-3.743268251419067383e-01
-3.673765063285827637e-01
-3.729692101478576660e-01
-3.696372807025909424e-01
-3.746953010559082031e-01
-3.738447129726409912e-01
-3.758120834827423096e-01
-3.757215440273284912e-01
-3.751457631587982178e-01
-3.754839003086090088e-01
-3.720839917659759521e-01
-3.754573464393615723e-01
-3.721522092819213867e-01
-3.749484717845916748e-01
-3.763908743858337402e-01
-3.718792200088500977e-01
-3.720985949039459229e-01
-3.742660582065582275e-01
-3.679350018501281738e-01
-3.730503618717193604e-01
-3.726454973220825195e-01
-3.729747533798217773e-01
-3.708796799182891846e-01
-3.682117164134979248e-01
-3.740069568157196045e-01
-3.757121562957763672e-01
-3.688852787017822266e-01
-3.698205053806304932e-01
-3.722409904003143311e-01
-3.757858872413635254e-01
-3.697207272052764893e-01
-3.724173009395599365e-01
-3.638000190258026123e-01
-3.734246194362640381e-01
-3.718371093273162842e-01
-3.747570812702178955e-01
-3.770203888416290283e-01
-3.698686659336090088e-01
-3.703904449939727783e-01
-3.747940063476562500e-01
-3.755182623863220215e-01
-3.687885701656341553e-01
-3.694968819618225098e-01
-3.723428845405578613e-01
-3.694821298122406006e-01
-3.763720989227294922e-01
-3.718750178813934326e-01
-3.749091327190399170e-01
-3.713253438472747803e-01
-3.711211681365966797e-01
-3.683186173439025879e-01
-3.693448007106781006e-01
-3.737738728523254395e-01
-3.744287788867950439e-01
-3.707894086837768555e-01
-3.631690740585327148e-01
-3.727179467678070068e-01
-3.730189800262451172e-01
-3.696621656417846680e-01
-3.734425008296966553e-01
-3.731999397277832031e-01
-3.718313574790954590e-01
-3.713934123516082764e-01
-3.741905093193054199e-01
-3.726199269294738770e-01
-3.663581311702728271e-01
-3.687797784805297852e-01
-3.726396560668945312e-01
-3.662098944187164307e-01
-3.712490200996398926e-01
-3.735410869121551514e-01
-3.775450587272644043e-01
-3.717748522758483887e-01
-3.693144619464874268e-01
-3.711724281311035156e-01
-3.748656809329986572e-01
-3.702830076217651367e-01
-3.691660761833190918e-01
-3.705535829067230225e-01
-3.731329143047332764e-01
-3.728929162025451660e-01
-3.757885396480560303e-01
-3.715073764324188232e-01
-3.722066581249237061e-01
-3.716154992580413818e-01
-3.719054460525512695e-01
-3.735988736152648926e-01
-3.755933344364166260e-01
-3.749528229236602783e-01
-3.721887171268463135e-01
-3.705548048019409180e-01
-3.745740950107574463e-01
-3.706328868865966797e-01
-3.671860098838806152e-01
-3.724204301834106445e-01
-3.691841363906860352e-01
-3.771203160285949707e-01
-3.720829486846923828e-01
-3.712877035140991211e-01
-3.758204877376556396e-01
-3.684385120868682861e-01
-3.713476657867431641e-01
-3.686039447784423828e-01
-3.747268915176391602e-01
-3.697198033332824707e-01
-3.745163083076477051e-01
-3.698033988475799561e-01
-3.738704323768615723e-01
-3.700456023216247559e-01
-3.700688779354095459e-01
-3.719680309295654297e-01
-3.743137121200561523e-01
-3.783870339393615723e-01
-3.743227422237396240e-01
-3.741275966167449951e-01
-3.692198991775512695e-01
-3.677623569965362549e-01
-3.710997700691223145e-01
-3.760001659393310547e-01
-3.725149631500244141e-01
-3.732212483882904053e-01
-3.712652921676635742e-01
-3.731651902198791504e-01
-3.726815283298492432e-01
-3.705261945724487305e-01
-3.664200305938720703e-01
-3.720819950103759766e-01
-3.760443627834320068e-01
-3.687126040458679199e-01
-3.732886910438537598e-01
-3.743496835231781006e-01
-3.713707327842712402e-01
-3.686458170413970947e-01
-3.739634454250335693e-01
-3.723352551460266113e-01
-3.715449869632720947e-01
-3.719961643218994141e-01
-3.711378574371337891e-01
-3.731073439121246338e-01
-3.672519028186798096e-01
-3.732050657272338867e-01
-3.669989109039306641e-01
-3.706034421920776367e-01
-3.725957274436950684e-01
-3.772252500057220459e-01
-3.752204775810241699e-01
-3.688315153121948242e-01
-3.752352893352508545e-01
-3.705291748046875000e-01
-3.726576268672943115e-01
-3.720084726810455322e-01
-3.704054355621337891e-01
-3.723937273025512695e-01
-3.743435144424438477e-01
-3.758505880832672119e-01
-3.724603354930877686e-01
-3.668353855609893799e-01
-3.730966746807098389e-01
-3.737975358963012695e-01
-3.741635084152221680e-01
-3.743848204612731934e-01
-3.746372759342193604e-01
-3.713991641998291016e-01
-3.781436681747436523e-01
-3.719105720520019531e-01
-3.686425685882568359e-01
-3.708560764789581299e-01
-3.716880977153778076e-01
-3.672102093696594238e-01
-3.734804689884185791e-01
-3.715693354606628418e-01
-3.688935041427612305e-01
-3.703951537609100342e-01
-3.769946396350860596e-01
-3.705442249774932861e-01
-3.705917298793792725e-01
-3.753818273544311523e-01
-3.741243779659271240e-01
-3.764957487583160400e-01
-3.729785978794097900e-01
-3.744459748268127441e-01
-3.698399960994720459e-01
-3.737618625164031982e-01
-3.745321333408355713e-01
-3.710351586341857910e-01
-3.727045953273773193e-01
-3.773427009582519531e-01
-3.690836727619171143e-01
-3.730551898479461670e-01
-3.708360493183135986e-01
-3.711676597595214844e-01
-3.720303177833557129e-01
-3.712716996669769287e-01
-3.746091425418853760e-01
-3.736635744571685791e-01
-3.730519413948059082e-01
-3.675386905670166016e-01
-3.749702274799346924e-01
-3.693776428699493408e-01
-3.641663789749145508e-01
-3.770096898078918457e-01
-3.729004561901092529e-01
-3.737486004829406738e-01
-3.723056614398956299e-01
-3.715169131755828857e-01
-3.692966997623443604e-01
-3.745524287223815918e-01
-3.724641799926757812e-01
-3.737110495567321777e-01
-3.713925182819366455e-01
-3.766822516918182373e-01
-3.619513809680938721e-01
-3.748595714569091797e-01
-3.691470623016357422e-01
-3.719407618045806885e-01
-3.727097213268280029e-01
-3.657723963260650635e-01
-3.710586428642272949e-01
-3.735045492649078369e-01
-3.721846342086791992e-01
-3.734703958034515381e-01
-3.689474165439605713e-01
-3.739169836044311523e-01
-3.720216155052185059e-01
-3.730980753898620605e-01
-3.694715499877929688e-01
-3.761766850948333740e-01
-3.689288794994354248e-01
-3.751057684421539307e-01
-3.723967373371124268e-01
-3.705541193485260010e-01
-3.727220594882965088e-01
-3.737100362777709961e-01
-3.673909306526184082e-01
-3.713366985321044922e-01
-3.731192052364349365e-01
-3.708224594593048096e-01
-3.765902817249298096e-01
-3.734803199768066406e-01
-3.686831891536712646e-01
-3.735257983207702637e-01
-3.716970682144165039e-01
-3.696027100086212158e-01
-3.727147877216339111e-01
-3.646596670150756836e-01
-3.717837035655975342e-01
-3.751520514488220215e-01
-3.722144663333892822e-01
-3.714657127857208252e-01
-3.738572299480438232e-01
-3.685282170772552490e-01
-3.693946599960327148e-01
-3.738277554512023926e-01
-3.751635849475860596e-01
-3.719483613967895508e-01
-3.696206808090209961e-01
-3.707893192768096924e-01
-3.697125315666198730e-01
-3.712843656539916992e-01
-3.740932643413543701e-01
-3.717007637023925781e-01
-3.717980086803436279e-01
-3.738362491130828857e-01
-3.697790503501892090e-01
-3.667559921741485596e-01
-3.655770123004913330e-01
-3.666688203811645508e-01
-3.683720231056213379e-01
-3.664467632770538330e-01
-3.672272264957427979e-01
-3.679576516151428223e-01
-3.713343739509582520e-01
-3.713885247707366943e-01
-3.709334731101989746e-01
-3.711872696876525879e-01
-3.712236881256103516e-01
-3.726600706577301025e-01
-3.756933510303497314e-01
-3.723580539226531982e-01
-3.698348999023437500e-01
-3.713704943656921387e-01
-3.759607374668121338e-01
-3.689526319503784180e-01
-3.737805187702178955e-01
-3.737785220146179199e-01
-3.729376196861267090e-01
-3.711469173431396484e-01
-3.762227296829223633e-01
-3.667210638523101807e-01
-3.745445907115936279e-01
-3.705790340900421143e-01
-3.723752498626708984e-01
-3.756906688213348389e-01
-3.729798793792724609e-01
-3.771794736385345459e-01
-3.741442263126373291e-01
-3.726747930049896240e-01
-3.742950558662414551e-01
-3.732260167598724365e-01
-3.772312402725219727e-01
-3.775706887245178223e-01
-3.735053837299346924e-01
-3.754461705684661865e-01
-3.711436688899993896e-01
-3.724413216114044189e-01
-3.695612847805023193e-01
-3.749842047691345215e-01
-3.730135560035705566e-01
-3.741871714591979980e-01
-3.707744181156158447e-01
-3.671505153179168701e-01
