-3.972204327583312988e-01
-4.006968438625335693e-01
-4.040755033493041992e-01
-4.008755385875701904e-01
-4.021788537502288818e-01
-4.035439491271972656e-01
-4.040858447551727295e-01
-4.032666683197021484e-01
-3.764730691909790039e-01
-3.991060256958007812e-01
-3.476110696792602539e-01
-3.639094233512878418e-01
-3.725286126136779785e-01
-3.762395083904266357e-01
-3.755875825881958008e-01
-3.778131604194641113e-01
-3.748087286949157715e-01
-3.723124265670776367e-01
-3.695880174636840820e-01
-3.582846820354461670e-01
-3.822405338287353516e-01
-3.802657127380371094e-01
-3.807711601257324219e-01
-3.835395574569702148e-01
-3.850485086441040039e-01
-3.728309571743011475e-01
-3.672941923141479492e-01
-3.831534981727600098e-01
-3.834280967712402344e-01
-3.880449235439300537e-01
-3.850591480731964111e-01
-3.785975277423858643e-01
-3.746104240417480469e-01
-3.748572766780853271e-01
-3.757826685905456543e-01
-3.837345838546752930e-01
-3.819876015186309814e-01
-3.742282688617706299e-01
-3.802901506423950195e-01
-3.771141469478607178e-01
-3.871340155601501465e-01
-2.397288829088211060e-01
-2.473341375589370728e-01
-2.916699349880218506e-01
-3.291014730930328369e-01
-3.332780003547668457e-01
-3.543442487716674805e-01
-3.624018430709838867e-01
-3.709953129291534424e-01
-3.638510107994079590e-01
-3.765337467193603516e-01
-3.749784529209136963e-01
-3.779687583446502686e-01
-3.630188107490539551e-01
-3.704386651515960693e-01
-3.764468729496002197e-01
-3.651350438594818115e-01
-3.727278113365173340e-01
-3.785706162452697754e-01
-2.138296216726303101e-01
-2.235515415668487549e-01
-2.368560135364532471e-01
-2.331369668245315552e-01
-2.569619119167327881e-01
-2.807682454586029053e-01
-2.800950407981872559e-01
-2.704828381538391113e-01
-2.977985739707946777e-01
-3.015471696853637695e-01
-3.172027468681335449e-01
-3.142594695091247559e-01
-3.023305833339691162e-01
-3.280054032802581787e-01
-3.344208300113677979e-01
-3.213989436626434326e-01
-3.563122451305389404e-01
-3.452130854129791260e-01
-3.675054907798767090e-01
-3.625789284706115723e-01
-3.654029667377471924e-01
-3.688931763172149658e-01
-3.611922562122344971e-01
-3.715640306472778320e-01
-3.592750728130340576e-01
-3.712780773639678955e-01
-3.541464209556579590e-01
-3.683331310749053955e-01
-3.639760315418243408e-01
-3.695921003818511963e-01
-3.663123250007629395e-01
-3.641125559806823730e-01
-3.689311444759368896e-01
-3.646055459976196289e-01
-3.667433559894561768e-01
-3.659685552120208740e-01
-3.651297688484191895e-01
-3.707089722156524658e-01
-3.723236024379730225e-01
-3.664356470108032227e-01
-3.765320479869842529e-01
-3.655535578727722168e-01
-3.765160441398620605e-01
-3.740516602993011475e-01
-3.730665147304534912e-01
-3.694474995136260986e-01
-3.708679974079132080e-01
-3.761779665946960449e-01
-3.685961365699768066e-01
-3.647222220897674561e-01
-3.712172210216522217e-01
-3.725854456424713135e-01
-3.677307665348052979e-01
-3.735713362693786621e-01
-3.764288723468780518e-01
-3.765803277492523193e-01
-3.600954711437225342e-01
-3.779675364494323730e-01
-3.726617395877838135e-01
-3.710566163063049316e-01
-3.772364854812622070e-01
-3.765125870704650879e-01
-3.740170896053314209e-01
-3.641330301761627197e-01
-3.765011429786682129e-01
-3.704260587692260742e-01
-3.744713664054870605e-01
-3.728039860725402832e-01
-3.714257180690765381e-01
-3.804574608802795410e-01
-3.776776790618896484e-01
-3.775200843811035156e-01
-3.736656606197357178e-01
-3.821325600147247314e-01
-3.703066408634185791e-01
-3.771172463893890381e-01
-3.788367807865142822e-01
-3.764411807060241699e-01
-3.723978400230407715e-01
-3.795057237148284912e-01
-3.768012225627899170e-01
-1.488197296857833862e-01
-2.229828685522079468e-01
-2.365510612726211548e-01
-2.595634758472442627e-01
-2.911035716533660889e-01
-2.673153579235076904e-01
-2.579400539398193359e-01
-2.864564061164855957e-01
-3.016595542430877686e-01
-3.192152082920074463e-01
-3.038584291934967041e-01
-3.470610678195953369e-01
-3.040374815464019775e-01
-3.397106528282165527e-01
-3.295900821685791016e-01
-3.357761204242706299e-01
-3.572164475917816162e-01
-3.570829629898071289e-01
-3.546730875968933105e-01
-3.381931185722351074e-01
-3.613738715648651123e-01
-3.437485694885253906e-01
-2.346920967102050781e-01
-2.224544733762741089e-01
-2.338505685329437256e-01
-2.577031552791595459e-01
-2.156229913234710693e-01
-2.833140194416046143e-01
-2.847064733505249023e-01
-2.887563407421112061e-01
-2.906886637210845947e-01
-3.202524185180664062e-01
-3.239017128944396973e-01
-3.314434587955474854e-01
-3.339789509773254395e-01
-3.443641960620880127e-01
-3.447876572608947754e-01
-3.450205624103546143e-01
-3.560622036457061768e-01
-3.320051133632659912e-01
-3.482891023159027100e-01
-2.230225205421447754e-01
-2.023147642612457275e-01
-2.152114361524581909e-01
-2.685562670230865479e-01
-2.855725288391113281e-01
-2.851985394954681396e-01
-3.038804233074188232e-01
-2.775325179100036621e-01
-2.846081256866455078e-01
-2.920417785644531250e-01
-2.889260947704315186e-01
-3.008903861045837402e-01
-2.738895118236541748e-01
-2.869854867458343506e-01
-3.256375193595886230e-01
-3.361396491527557373e-01
-3.333432376384735107e-01
-3.373175859451293945e-01
-3.215460181236267090e-01
-3.351801037788391113e-01
-3.547115623950958252e-01
-3.444297611713409424e-01
-3.520345985889434814e-01
-3.515139818191528320e-01
-3.529679477214813232e-01
-3.127893507480621338e-01
-3.052515089511871338e-01
-3.062717914581298828e-01
-3.137231469154357910e-01
-3.240478634834289551e-01
-3.239217996597290039e-01
-3.163660466670989990e-01
-3.358680307865142822e-01
-3.321271836757659912e-01
-3.374420702457427979e-01
-3.304516375064849854e-01
-3.470780551433563232e-01
-3.336538076400756836e-01
-3.337988257408142090e-01
-3.226879239082336426e-01
-3.462917506694793701e-01
-3.334942758083343506e-01
-3.466604053974151611e-01
-3.392176032066345215e-01
-3.495670258998870850e-01
-3.439715504646301270e-01
-3.481914401054382324e-01
-3.358951508998870850e-01
-3.451431393623352051e-01
-3.380012810230255127e-01
-3.310348391532897949e-01
-3.453007340431213379e-01
-3.510855436325073242e-01
-3.437948822975158691e-01
-3.490824103355407715e-01
-2.203608751296997070e-01
-1.949114054441452026e-01
-2.300571650266647339e-01
-2.433131188154220581e-01
-2.511056363582611084e-01
-2.404289394617080688e-01
-2.531436681747436523e-01
-2.416138797998428345e-01
-2.187508940696716309e-01
-2.347887158393859863e-01
-2.596755027770996094e-01
-2.086604684591293335e-01
-2.239899039268493652e-01
-2.209914028644561768e-01
-2.126649171113967896e-01
-2.358321696519851685e-01
-2.398325353860855103e-01
-2.473940998315811157e-01
-2.448942512273788452e-01
-2.764202952384948730e-01
-2.715136110782623291e-01
-2.957804799079895020e-01
-3.111976385116577148e-01
-3.094593584537506104e-01
-2.314251065254211426e-01
-1.817707419395446777e-01
-1.848384588956832886e-01
-2.638606131076812744e-01
-2.151740044355392456e-01
-2.305379509925842285e-01
-2.278033941984176636e-01
-2.406257092952728271e-01
-1.880720555782318115e-01
-2.282703071832656860e-01
-2.351605594158172607e-01
-2.010049968957901001e-01
-2.174012809991836548e-01
-2.330146282911300659e-01
-2.555225491523742676e-01
-2.324797064065933228e-01
-2.500184178352355957e-01
-2.528298497200012207e-01
-2.413918077945709229e-01
-2.452418804168701172e-01
-2.701412439346313477e-01
-2.449523061513900757e-01
-2.428838759660720825e-01
-2.416002750396728516e-01
-2.375294864177703857e-01
-2.362265884876251221e-01
-2.108503431081771851e-01
-2.285998910665512085e-01
-2.077451497316360474e-01
-2.327207028865814209e-01
-2.008575350046157837e-01
-1.880905777215957642e-01
-2.064546942710876465e-01
-2.061087340116500854e-01
-2.298703938722610474e-01
-2.156834155321121216e-01
-1.943341791629791260e-01
-2.367818206548690796e-01
-2.233671396970748901e-01
-2.585973441600799561e-01
-2.387909144163131714e-01
-1.989445537328720093e-01
-2.091648578643798828e-01
-1.796945631504058838e-01
-2.401326149702072144e-01
-2.665799260139465332e-01
-2.089791297912597656e-01
-2.437511235475540161e-01
-2.295795977115631104e-01
-2.289458662271499634e-01
-2.274750620126724243e-01
-2.089073807001113892e-01
-2.028056085109710693e-01
-2.114743590354919434e-01
-2.159341722726821899e-01
-2.039708197116851807e-01
-2.334003746509552002e-01
-1.962219476699829102e-01
-2.474226355552673340e-01
-2.141911387443542480e-01
-2.228326350450515747e-01
-2.491418421268463135e-01
-2.383424341678619385e-01
-2.415368109941482544e-01
-2.605738639831542969e-01
-2.416927963495254517e-01
-2.176115959882736206e-01
-2.262407988309860229e-01
-2.231956720352172852e-01
-2.203132361173629761e-01
-2.022928893566131592e-01
-2.453885078430175781e-01
-2.481910139322280884e-01
-2.303142249584197998e-01
-2.354858368635177612e-01
-2.348615378141403198e-01
-2.512498199939727783e-01
-2.136786133050918579e-01
-2.106208801269531250e-01
-2.104535996913909912e-01
-2.377141416072845459e-01
-2.347055226564407349e-01
-2.400822788476943970e-01
-2.298455238342285156e-01
-2.273300886154174805e-01
-2.330429702997207642e-01
-2.685001194477081299e-01
-2.449915558099746704e-01
-2.357913404703140259e-01
-2.350673973560333252e-01
-2.308055460453033447e-01
-2.661015093326568604e-01
-2.563160657882690430e-01
-2.316712886095046997e-01
-2.651367187500000000e-01
-2.577774226665496826e-01
-2.372346818447113037e-01
-2.190600186586380005e-01
-2.601746916770935059e-01
-2.719875574111938477e-01
-2.445786744356155396e-01
-2.362354844808578491e-01
-2.438904792070388794e-01
-2.486926019191741943e-01
-2.371135205030441284e-01
-2.369482666254043579e-01
-2.775642573833465576e-01
-2.389709055423736572e-01
-2.512835562229156494e-01
-2.300633192062377930e-01
-2.633932530879974365e-01
-2.372804284095764160e-01
-2.573564946651458740e-01
-2.686212658882141113e-01
-2.455444931983947754e-01
-2.583817839622497559e-01
-2.490473687648773193e-01
-2.667045295238494873e-01
-2.693417370319366455e-01
-2.271787375211715698e-01
-2.354276180267333984e-01
-2.529189288616180420e-01
-2.460318803787231445e-01
-2.306853681802749634e-01
-2.365636080503463745e-01
-2.368816137313842773e-01
-2.716745138168334961e-01
-2.544707953929901123e-01
-2.708900868892669678e-01
-2.709839940071105957e-01
-2.740730047225952148e-01
-2.593846321105957031e-01
-2.723739147186279297e-01
-2.761213481426239014e-01
-2.768851816654205322e-01
-2.785952687263488770e-01
-2.651598453521728516e-01
-2.638950049877166748e-01
-2.638956606388092041e-01
-2.658721804618835449e-01
-2.730769813060760498e-01
-2.762264311313629150e-01
-2.631114125251770020e-01
-2.535163164138793945e-01
-2.391036003828048706e-01
-2.547805905342102051e-01
-2.488454878330230713e-01
-2.565556168556213379e-01
-2.297285199165344238e-01
-2.531668841838836670e-01
-2.178241908550262451e-01
-2.545565366744995117e-01
-2.467161864042282104e-01
-2.511785924434661865e-01
-2.750856280326843262e-01
-2.573451399803161621e-01
-2.731827199459075928e-01
-2.657382190227508545e-01
-2.590413093566894531e-01
-2.422394752502441406e-01
-2.578869462013244629e-01
-2.739968895912170410e-01
-2.717278301715850830e-01
-2.500004470348358154e-01
-2.503924369812011719e-01
-2.950150966644287109e-01
-2.635138034820556641e-01
-2.525623142719268799e-01
-2.628244757652282715e-01
-2.464290112257003784e-01
-2.831879854202270508e-01
-2.646431326866149902e-01
-2.910609841346740723e-01
-2.667254805564880371e-01
-2.694778740406036377e-01
-2.828157246112823486e-01
-2.735370993614196777e-01
-2.716156840324401855e-01
-2.973735928535461426e-01
-2.863792181015014648e-01
-2.773592770099639893e-01
-2.693556845188140869e-01
-2.873147726058959961e-01
-2.350661605596542358e-01
-2.661476433277130127e-01
-2.800487875938415527e-01
-2.633715271949768066e-01
-2.673437595367431641e-01
-2.540329396724700928e-01
-2.749212086200714111e-01
-2.529299557209014893e-01
-2.676184475421905518e-01
-2.400460541248321533e-01
-2.593220174312591553e-01
-2.804805934429168701e-01
-2.739399969577789307e-01
-2.570637762546539307e-01
-2.629402279853820801e-01
-2.654036879539489746e-01
-2.486307322978973389e-01
-2.575398087501525879e-01
-2.942932844161987305e-01
-2.547757923603057861e-01
-2.542769908905029297e-01
-2.835402786731719971e-01
-2.678072452545166016e-01
-2.639335691928863525e-01
-2.845070362091064453e-01
-2.558568120002746582e-01
-2.675271928310394287e-01
-2.909452021121978760e-01
-2.436560243368148804e-01
-2.571536302566528320e-01
-2.694247961044311523e-01
-2.608046233654022217e-01
-2.959933578968048096e-01
-2.648270130157470703e-01
-2.809053957462310791e-01
-2.419366538524627686e-01
-2.856526374816894531e-01
-2.805802226066589355e-01
-2.613080143928527832e-01
-2.962380349636077881e-01
-2.826828658580780029e-01
-2.762401103973388672e-01
-2.910578548908233643e-01
-2.791697382926940918e-01
-2.945869863033294678e-01
-2.699820995330810547e-01
-2.750543355941772461e-01
-2.930427491664886475e-01
-3.032192885875701904e-01
-2.705284357070922852e-01
-2.664798498153686523e-01
-2.653519809246063232e-01
-2.816844880580902100e-01
-2.941204905509948730e-01
-2.572866082191467285e-01
-2.678714692592620850e-01
-2.708073258399963379e-01
-3.067415952682495117e-01
-2.665853202342987061e-01
-2.593289911746978760e-01
-2.697548866271972656e-01
-2.666323184967041016e-01
-2.609727680683135986e-01
-2.995768487453460693e-01
-2.295956760644912720e-01
-2.637888193130493164e-01
-2.033963054418563843e-01
-2.453198581933975220e-01
-2.329822927713394165e-01
-2.596155405044555664e-01
-2.445471435785293579e-01
-2.430567890405654907e-01
-2.418463677167892456e-01
-2.464486211538314819e-01
-2.549272775650024414e-01
-2.545764148235321045e-01
-2.390091270208358765e-01
-2.816387414932250977e-01
-2.609561383724212646e-01
-2.517988681793212891e-01
-2.467232942581176758e-01
-2.352662384510040283e-01
-2.610640823841094971e-01
-2.513532936573028564e-01
-2.623790502548217773e-01
-2.584408819675445557e-01
-2.618835568428039551e-01
-2.186107784509658813e-01
-2.604901194572448730e-01
-2.695061266422271729e-01
-2.390026301145553589e-01
-2.614522576332092285e-01
-2.480873465538024902e-01
-2.469885498285293579e-01
-2.691686451435089111e-01
-2.668559253215789795e-01
-2.375092208385467529e-01
-2.661074995994567871e-01
-2.518859505653381348e-01
-2.665569782257080078e-01
-2.507562637329101562e-01
-2.463662773370742798e-01
-2.406042069196701050e-01
-2.341067343950271606e-01
-2.314976453781127930e-01
-2.479686886072158813e-01
-2.515725195407867432e-01
-2.805800735950469971e-01
-2.631590366363525391e-01
-2.490321099758148193e-01
-2.651558220386505127e-01
-2.673799395561218262e-01
-2.514330148696899414e-01
-2.628577053546905518e-01
-2.531373202800750732e-01
-2.455016076564788818e-01
-2.525411844253540039e-01
-2.287011444568634033e-01
-2.571641206741333008e-01
-2.632415294647216797e-01
-2.438968271017074585e-01
-2.610570490360260010e-01
-2.705594003200531006e-01
-2.637227177619934082e-01
-2.507306039333343506e-01
-2.595581114292144775e-01
-2.436438351869583130e-01
-2.780606150627136230e-01
-2.365357279777526855e-01
-2.338680475950241089e-01
-2.293136566877365112e-01
-2.598023414611816406e-01
-2.304919362068176270e-01
-2.416907101869583130e-01
-2.602640390396118164e-01
-2.598140537738800049e-01
-2.754034996032714844e-01
-2.367960363626480103e-01
-2.403921037912368774e-01
-2.593020498752593994e-01
-2.430647313594818115e-01
-2.636354565620422363e-01
-2.697820663452148438e-01
-2.704992592334747314e-01
-2.680516839027404785e-01
-2.113055437803268433e-01
-2.519667744636535645e-01
-2.370688170194625854e-01
-2.590663433074951172e-01
-2.571316957473754883e-01
-2.488924413919448853e-01
-2.559089064598083496e-01
-2.248201519250869751e-01
-2.542911469936370850e-01
-2.120857387781143188e-01
-2.594779133796691895e-01
-2.565025687217712402e-01
-2.473794817924499512e-01
-2.471481710672378540e-01
-2.557739913463592529e-01
-2.456136792898178101e-01
-2.698273360729217529e-01
-2.798543572425842285e-01
-2.612726390361785889e-01
-2.383441030979156494e-01
-2.640703916549682617e-01
-2.653361260890960693e-01
-2.613023817539215088e-01
-2.502115368843078613e-01
-2.818048000335693359e-01
-2.626190185546875000e-01
-2.669009268283843994e-01
-2.524836659431457520e-01
-2.496111989021301270e-01
-2.607828378677368164e-01
-2.743802666664123535e-01
-2.302459627389907837e-01
-2.076328545808792114e-01
-2.633096873760223389e-01
-2.684442102909088135e-01
-2.795023918151855469e-01
-2.283838540315628052e-01
-2.374724149703979492e-01
-2.564058899879455566e-01
-2.589414715766906738e-01
-2.563886046409606934e-01
-2.498837262392044067e-01
-2.680439054965972900e-01
-2.468843758106231689e-01
-2.545815706253051758e-01
-2.564139366149902344e-01
-2.429882287979125977e-01
-2.563413679599761963e-01
-2.627885043621063232e-01
-2.761961817741394043e-01
-2.548860013484954834e-01
-2.554219067096710205e-01
-2.660495936870574951e-01
-2.755944132804870605e-01
-2.600056827068328857e-01
-2.714077830314636230e-01
-2.560514509677886963e-01
-2.408528923988342285e-01
-2.585546374320983887e-01
-2.581102848052978516e-01
-2.644011676311492920e-01
-2.768710851669311523e-01
-2.441854923963546753e-01
-2.371552437543869019e-01
-2.280146777629852295e-01
-2.389490306377410889e-01
-2.363460063934326172e-01
-2.623131573200225830e-01
-2.521836459636688232e-01
-2.491189986467361450e-01
-2.824627459049224854e-01
-2.656797468662261963e-01
-2.647840976715087891e-01
-2.740209400653839111e-01
-2.274961173534393311e-01
-2.595258057117462158e-01
-2.634194195270538330e-01
-2.372948229312896729e-01
-2.579060196876525879e-01
-2.780614793300628662e-01
-2.397194355726242065e-01
-2.218701243400573730e-01
-2.032911479473114014e-01
-2.767321169376373291e-01
-2.531444430351257324e-01
-2.285460382699966431e-01
-2.256835848093032837e-01
-2.517445683479309082e-01
-2.365209460258483887e-01
-2.728135585784912109e-01
-2.344175130128860474e-01
-2.580033540725708008e-01
-2.456565797328948975e-01
-2.675850391387939453e-01
-2.422653436660766602e-01
-2.408410310745239258e-01
-2.628179788589477539e-01
-2.234639525413513184e-01
-2.456087619066238403e-01
-2.442245930433273315e-01
-2.314819991588592529e-01
-2.507648169994354248e-01
-2.481592744588851929e-01
-2.444309890270233154e-01
-2.621468007564544678e-01
-2.700943052768707275e-01
-2.836057245731353760e-01
-2.428431212902069092e-01
-2.768672406673431396e-01
-2.483009099960327148e-01
-2.497849166393280029e-01
-2.574379742145538330e-01
-2.122414559125900269e-01
-2.005667984485626221e-01
-2.137479484081268311e-01
-2.013083547353744507e-01
-2.070549577474594116e-01
-2.254722267389297485e-01
-2.139923125505447388e-01
-1.725768744945526123e-01
-2.006510943174362183e-01
-2.257728874683380127e-01
-2.228674888610839844e-01
-2.091523855924606323e-01
-2.270305752754211426e-01
-2.341589629650115967e-01
-2.164900153875350952e-01
-2.293314635753631592e-01
-2.072851955890655518e-01
-2.099100351333618164e-01
-2.446607947349548340e-01
-2.072609812021255493e-01
-2.377861291170120239e-01
-2.164039313793182373e-01
-2.054578065872192383e-01
-2.270787805318832397e-01
-2.365450114011764526e-01
-2.257778644561767578e-01
-2.158931195735931396e-01
-2.536019384860992432e-01
-2.350878566503524780e-01
-2.437955290079116821e-01
-2.552853226661682129e-01
-2.483473569154739380e-01
-2.343656718730926514e-01
-2.022478729486465454e-01
-2.436353564262390137e-01
-2.513073086738586426e-01
-2.232620716094970703e-01
-2.225958853960037231e-01
-2.054267227649688721e-01
-1.995313763618469238e-01
-2.025670707225799561e-01
-2.644928693771362305e-01
-2.554932534694671631e-01
-2.280441522598266602e-01
-2.352051883935928345e-01
-2.319972366094589233e-01
-2.204718440771102905e-01
-2.305400073528289795e-01
-2.169567197561264038e-01
-2.148960083723068237e-01
-2.177817076444625854e-01
-2.431026250123977661e-01
-2.211352586746215820e-01
-2.125965952873229980e-01
-2.239415347576141357e-01
-2.209710031747817993e-01
-2.027598619461059570e-01
-2.378703057765960693e-01
-2.286083400249481201e-01
-2.061797827482223511e-01
-2.386762797832489014e-01
-2.374955862760543823e-01
-2.376319468021392822e-01
-2.069762200117111206e-01
-2.397604435682296753e-01
-2.483684569597244263e-01
-2.479340583086013794e-01
-2.526087462902069092e-01
-2.173885554075241089e-01
-2.214251160621643066e-01
-2.599406242370605469e-01
-2.378407269716262817e-01
-2.437468469142913818e-01
-2.639206945896148682e-01
-2.331164479255676270e-01
-2.535152733325958252e-01
-2.224981039762496948e-01
-2.362983226776123047e-01
-2.338187247514724731e-01
-2.335938662290573120e-01
-2.262100279331207275e-01
-2.396333366632461548e-01
-2.316471189260482788e-01
-2.154026776552200317e-01
-2.390135973691940308e-01
-2.361766993999481201e-01
-2.078538835048675537e-01
-2.361806780099868774e-01
-2.418367862701416016e-01
-2.367265671491622925e-01
-1.843134313821792603e-01
-2.282880097627639771e-01
-2.269341647624969482e-01
-2.414552569389343262e-01
-2.236371487379074097e-01
-2.464806735515594482e-01
-2.119611799716949463e-01
-2.333782911300659180e-01
-2.520382106304168701e-01
-2.545645534992218018e-01
-2.465633898973464966e-01
-2.428260743618011475e-01
-2.435570657253265381e-01
-2.317043840885162354e-01
-2.242924869060516357e-01
-2.619472742080688477e-01
-2.553251087665557861e-01
-2.271055281162261963e-01
-2.488071918487548828e-01
-2.420322895050048828e-01
-2.178162485361099243e-01
-2.328900396823883057e-01
-2.447609901428222656e-01
-2.360389381647109985e-01
-2.713810503482818604e-01
-2.355539202690124512e-01
-2.408480644226074219e-01
-2.494506835937500000e-01
-2.473409771919250488e-01
-2.227675169706344604e-01
-2.444934099912643433e-01
-2.145007848739624023e-01
-2.229156345129013062e-01
-2.519702017307281494e-01
-2.434903234243392944e-01
-2.675622701644897461e-01
-2.353971153497695923e-01
-2.243893742561340332e-01
-2.468409687280654907e-01
-2.482232600450515747e-01
-2.256930023431777954e-01
-2.377091348171234131e-01
-2.441188395023345947e-01
-2.464350610971450806e-01
-2.486256361007690430e-01
-2.396848797798156738e-01
-2.480711638927459717e-01
-2.439923435449600220e-01
-2.590782344341278076e-01
-2.516941428184509277e-01
-2.255047559738159180e-01
-2.533356845378875732e-01
-2.554668486118316650e-01
-2.452561259269714355e-01
-2.407969087362289429e-01
-2.568683326244354248e-01
-2.653421163558959961e-01
-1.972897946834564209e-01
-2.335235625505447388e-01
-2.491892427206039429e-01
-2.145371139049530029e-01
-2.274878323078155518e-01
-2.430212646722793579e-01
-2.523581981658935547e-01
-2.422438561916351318e-01
-2.199594527482986450e-01
-2.600500583648681641e-01
-2.299756407737731934e-01
-2.046127319335937500e-01
-2.044363170862197876e-01
-2.232542783021926880e-01
-2.293003052473068237e-01
-1.996991634368896484e-01
-2.372176200151443481e-01
-2.363557070493698120e-01
-2.514405548572540283e-01
-2.195273339748382568e-01
-2.034177184104919434e-01
-2.369340807199478149e-01
-2.325100153684616089e-01
-2.478318810462951660e-01
-2.379376739263534546e-01
-2.312856763601303101e-01
-2.581875026226043701e-01
-2.308996766805648804e-01
-2.337025105953216553e-01
-2.149277180433273315e-01
-2.328021228313446045e-01
-2.476566284894943237e-01
-2.661885917186737061e-01
-2.199696004390716553e-01
-2.284971028566360474e-01
-2.255460321903228760e-01
-2.443544119596481323e-01
-2.492450624704360962e-01
-2.479140609502792358e-01
-2.502755224704742432e-01
-2.181268930435180664e-01
-2.225026041269302368e-01
-2.338691055774688721e-01
-2.253226339817047119e-01
-2.252380996942520142e-01
-2.481590062379837036e-01
-2.365468442440032959e-01
-2.669161856174468994e-01
-2.384685724973678589e-01
-2.406260967254638672e-01
-2.397431731224060059e-01
-2.485239654779434204e-01
-2.477256208658218384e-01
-2.435989677906036377e-01
-2.577990591526031494e-01
-2.295718938112258911e-01
-2.520013749599456787e-01
-2.356945425271987915e-01
-2.353802174329757690e-01
-2.423672229051589966e-01
-2.574199140071868896e-01
-2.304925024509429932e-01
-2.425368279218673706e-01
-2.202505767345428467e-01
-2.322430908679962158e-01
-2.304692715406417847e-01
-2.445108741521835327e-01
-2.336299717426300049e-01
-2.397439926862716675e-01
-2.529751658439636230e-01
-2.566749751567840576e-01
-2.736977934837341309e-01
-2.259658873081207275e-01
-2.236029952764511108e-01
-2.427393198013305664e-01
-2.720408141613006592e-01
-2.430002093315124512e-01
-2.030725777149200439e-01
-2.450844794511795044e-01
-2.614277005195617676e-01
-2.524823546409606934e-01
-2.235698848962783813e-01
-2.643296122550964355e-01
-2.280390262603759766e-01
-2.589221000671386719e-01
-2.569285929203033447e-01
-2.221525013446807861e-01
-2.438224852085113525e-01
-2.257590591907501221e-01
-2.222693860530853271e-01
-2.377252131700515747e-01
-2.251202017068862915e-01
-2.233107239007949829e-01
-1.986691057682037354e-01
-2.365014404058456421e-01
-2.216372340917587280e-01
-2.262192368507385254e-01
-2.341341525316238403e-01
-1.978176981210708618e-01
-2.339503616094589233e-01
-2.323731034994125366e-01
-2.325388491153717041e-01
-2.190802544355392456e-01
-2.596313357353210449e-01
-2.027612030506134033e-01
-2.245944142341613770e-01
-2.348174154758453369e-01
-2.367739230394363403e-01
-2.583101093769073486e-01
-2.506234943866729736e-01
-2.368629425764083862e-01
-2.431184649467468262e-01
-2.568322718143463135e-01
-2.575765848159790039e-01
-2.319213896989822388e-01
-2.243288606405258179e-01
-2.344073206186294556e-01
-2.069718241691589355e-01
-2.498343437910079956e-01
-2.330703884363174438e-01
-2.405718713998794556e-01
-2.339965552091598511e-01
-2.477221637964248657e-01
-2.400610893964767456e-01
-2.565698325634002686e-01
-2.338678240776062012e-01
-1.974988430738449097e-01
-2.487353384494781494e-01
-2.282427698373794556e-01
-2.467832118272781372e-01
-2.170114815235137939e-01
-2.360132336616516113e-01
-2.218426465988159180e-01
-2.528212368488311768e-01
-2.327213436365127563e-01
-2.347825616598129272e-01
-2.479377985000610352e-01
-2.347642779350280762e-01
-2.354043871164321899e-01
-2.617707848548889160e-01
-2.387465536594390869e-01
-2.348550856113433838e-01
-2.357372939586639404e-01
-2.294326722621917725e-01
-2.531339526176452637e-01
-2.126075178384780884e-01
-2.369113713502883911e-01
-2.593212425708770752e-01
-2.394584268331527710e-01
-2.588151991367340088e-01
-2.080848962068557739e-01
-2.366050481796264648e-01
-2.039657235145568848e-01
