1.219591021537780762e+00
1.549935042858123779e-01
-1.836806386709213257e-01
-1.476076096296310425e-01
-5.927648022770881653e-02
-7.834321260452270508e-02
-1.157117486000061035e-01
-1.288924068212509155e-01
-1.289537698030471802e-01
-1.365791857242584229e-01
-1.438916474580764771e-01
-1.609982550144195557e-01
-1.683908402919769287e-01
-1.762348264455795288e-01
-1.775066256523132324e-01
-1.846143603324890137e-01
-1.907168030738830566e-01
-2.026378661394119263e-01
-2.029388099908828735e-01
-2.047240883111953735e-01
-2.079254686832427979e-01
-2.144489735364913940e-01
-2.100125700235366821e-01
-2.159210741519927979e-01
-2.199735790491104126e-01
-2.200410068035125732e-01
-2.196857780218124390e-01
-2.139992713928222656e-01
-2.246193289756774902e-01
-2.313711494207382202e-01
-2.245648205280303955e-01
-2.255818396806716919e-01
-2.294466644525527954e-01
-2.329047620296478271e-01
-2.281047403812408447e-01
-2.279079854488372803e-01
-2.287819087505340576e-01
-2.198961526155471802e-01
-2.236928045749664307e-01
-2.311240285634994507e-01
-2.288756221532821655e-01
-2.249312847852706909e-01
-2.300837934017181396e-01
-2.259330749511718750e-01
-2.342636287212371826e-01
-2.327933311462402344e-01
-2.357883006334304810e-01
-2.373012751340866089e-01
-2.395405471324920654e-01
-2.333547025918960571e-01
-2.271717339754104614e-01
-2.359898984432220459e-01
-2.414357513189315796e-01
-2.360776960849761963e-01
-2.390276193618774414e-01
-2.429979592561721802e-01
-2.428615689277648926e-01
-2.400930523872375488e-01
-2.338319122791290283e-01
-2.339908778667449951e-01
-2.367568612098693848e-01
-2.407940179109573364e-01
-2.474384754896163940e-01
-2.502352893352508545e-01
-2.496845722198486328e-01
-2.526258528232574463e-01
-2.543260157108306885e-01
-2.539048194885253906e-01
-2.478203475475311279e-01
-2.476293146610260010e-01
-2.440099865198135376e-01
-2.430295348167419434e-01
-2.555052042007446289e-01
-2.566883563995361328e-01
-2.489296793937683105e-01
-2.485250234603881836e-01
-2.446073889732360840e-01
-2.487584501504898071e-01
-2.543822526931762695e-01
-2.518256306648254395e-01
-2.634354829788208008e-01
-2.492967247962951660e-01
-2.567875683307647705e-01
-2.532490193843841553e-01
-2.604809403419494629e-01
-2.595797777175903320e-01
-2.448734939098358154e-01
-2.566851079463958740e-01
-2.581105232238769531e-01
-2.668377757072448730e-01
-2.500813603401184082e-01
-2.594481408596038818e-01
-2.587319612503051758e-01
-2.419792711734771729e-01
-2.552531063556671143e-01
-2.605153322219848633e-01
-2.635446786880493164e-01
-2.498932927846908569e-01
-2.504217326641082764e-01
-2.503783106803894043e-01
-2.551659345626831055e-01
-2.654059529304504395e-01
-2.590497434139251709e-01
-2.573009729385375977e-01
-2.587171792984008789e-01
-2.620659768581390381e-01
-2.524699568748474121e-01
-2.586435079574584961e-01
-2.647677659988403320e-01
-2.672803401947021484e-01
-2.579040825366973877e-01
-2.617969810962677002e-01
-2.649475038051605225e-01
-2.628239989280700684e-01
-2.650828361511230469e-01
-2.768382132053375244e-01
-2.653277516365051270e-01
-2.696331739425659180e-01
-2.611626386642456055e-01
-2.661765515804290771e-01
-2.737375497817993164e-01
-2.752743661403656006e-01
-2.755520641803741455e-01
-2.746724784374237061e-01
-2.714380025863647461e-01
-2.674356102943420410e-01
-2.673617601394653320e-01
-2.674269378185272217e-01
-2.707373797893524170e-01
-2.719854712486267090e-01
-2.777257561683654785e-01
-2.699370384216308594e-01
-2.723159193992614746e-01
-2.750482857227325439e-01
-2.768288850784301758e-01
-2.733891010284423828e-01
-2.761585116386413574e-01
-2.667716145515441895e-01
-2.796056568622589111e-01
-2.689673602581024170e-01
-2.704886496067047119e-01
-2.769681811332702637e-01
-2.744326293468475342e-01
-2.711216509342193604e-01
-2.784796953201293945e-01
-2.771327495574951172e-01
-2.665534913539886475e-01
-2.673228681087493896e-01
-2.827757894992828369e-01
-2.775807380676269531e-01
-2.676453888416290283e-01
-2.807556092739105225e-01
-2.810877561569213867e-01
-2.713453471660614014e-01
-2.685301005840301514e-01
-2.811049520969390869e-01
-2.850676178932189941e-01
-2.796478569507598877e-01
-2.818723618984222412e-01
-2.740758657455444336e-01
-2.685553431510925293e-01
-2.796322107315063477e-01
-2.912811934947967529e-01
-2.781096994876861572e-01
-2.780498564243316650e-01
-2.855637669563293457e-01
-2.839327454566955566e-01
-2.846374511718750000e-01
-2.821040153503417969e-01
-2.832359075546264648e-01
-2.856300771236419678e-01
-2.839803397655487061e-01
-2.849484384059906006e-01
-2.880109250545501709e-01
-2.837365269660949707e-01
-2.895185649394989014e-01
-2.943846583366394043e-01
-2.891318202018737793e-01
-2.836397290229797363e-01
-2.987984716892242432e-01
-2.977333664894104004e-01
-2.790268063545227051e-01
-2.893031835556030273e-01
-2.883575558662414551e-01
-2.945640087127685547e-01
-2.987430095672607422e-01
-2.902896404266357422e-01
-2.949748337268829346e-01
-2.941160202026367188e-01
-2.940916419029235840e-01
-2.936151027679443359e-01
-2.938870787620544434e-01
-2.918722033500671387e-01
-2.922759950160980225e-01
-2.988217771053314209e-01
-2.835584580898284912e-01
-2.892767190933227539e-01
-3.005817532539367676e-01
-2.911131680011749268e-01
-2.933394610881805420e-01
-3.296239376068115234e-01
-3.194516003131866455e-01
-3.051444292068481445e-01
-3.124326467514038086e-01
-3.277336359024047852e-01
-3.302261829376220703e-01
-3.232752084732055664e-01
-3.188056051731109619e-01
-3.276830315589904785e-01
-3.323974311351776123e-01
-3.301236629486083984e-01
-3.295122683048248291e-01
-3.281401097774505615e-01
-3.320271670818328857e-01
-3.344647586345672607e-01
-3.353736102581024170e-01
-3.344899713993072510e-01
-3.326679766178131104e-01
-3.357032537460327148e-01
-3.370415568351745605e-01
-3.352462947368621826e-01
-3.361590504646301270e-01
-3.337801992893218994e-01
-3.367353379726409912e-01
-3.368901312351226807e-01
-3.372501134872436523e-01
-3.367434740066528320e-01
-3.365558385848999023e-01
-3.379903435707092285e-01
-3.359035551548004150e-01
-3.393275141716003418e-01
-3.386148512363433838e-01
-3.361295163631439209e-01
-3.387641608715057373e-01
-3.400375247001647949e-01
-3.376644849777221680e-01
-3.371493518352508545e-01
-3.392731845378875732e-01
-3.391301035881042480e-01
-3.384837508201599121e-01
-3.382433950901031494e-01
-3.386817872524261475e-01
-3.375472426414489746e-01
-3.373358249664306641e-01
-3.401853740215301514e-01
-3.382230103015899658e-01
-3.391642868518829346e-01
-3.403406441211700439e-01
-3.385394215583801270e-01
-3.385163545608520508e-01
-3.399507999420166016e-01
-3.397361934185028076e-01
-3.393504321575164795e-01
-3.382961153984069824e-01
-3.381286561489105225e-01
-3.381794989109039307e-01
-3.395694494247436523e-01
-3.394166827201843262e-01
-3.398234546184539795e-01
-3.392237126827239990e-01
-3.392170965671539307e-01
-3.377955853939056396e-01
-3.392395973205566406e-01
-3.404732048511505127e-01
-3.395276963710784912e-01
-3.392913937568664551e-01
-3.399928212165832520e-01
-3.397123217582702637e-01
-3.403837382793426514e-01
-3.399626016616821289e-01
-3.404976129531860352e-01
-3.383430838584899902e-01
-3.392148911952972412e-01
-3.393119573593139648e-01
-3.397507369518280029e-01
-3.394997417926788330e-01
-3.390198945999145508e-01
-3.399375677108764648e-01
-3.406646251678466797e-01
-3.395107686519622803e-01
-3.394939005374908447e-01
-3.406071066856384277e-01
-3.405606746673583984e-01
-3.398911058902740479e-01
-3.402102291584014893e-01
-3.396269679069519043e-01
-3.415136635303497314e-01
-3.400195837020874023e-01
-3.398266732692718506e-01
-3.409971892833709717e-01
-3.395159542560577393e-01
-3.399333357810974121e-01
-3.405536711215972900e-01
-3.408771753311157227e-01
-3.386499881744384766e-01
-3.398767113685607910e-01
-3.406544327735900879e-01
-3.404675424098968506e-01
-3.413850963115692139e-01
-3.389390110969543457e-01
-3.408626914024353027e-01
-3.403342962265014648e-01
-3.401499688625335693e-01
-3.423304557800292969e-01
-3.401619195938110352e-01
-3.403587639331817627e-01
-3.397772908210754395e-01
-3.416061997413635254e-01
-3.405535817146301270e-01
-3.406101167201995850e-01
-3.415481448173522949e-01
-3.411226868629455566e-01
-3.413817286491394043e-01
-3.404293656349182129e-01
-3.422240912914276123e-01
-3.402361571788787842e-01
-3.420751988887786865e-01
-3.407145142555236816e-01
-3.400996625423431396e-01
-3.405918180942535400e-01
-3.408087193965911865e-01
-3.397302925586700439e-01
-3.414928019046783447e-01
-3.420533239841461182e-01
-3.418854475021362305e-01
-3.412855565547943115e-01
-3.411301672458648682e-01
-3.416267037391662598e-01
-3.410589694976806641e-01
-3.426458239555358887e-01
-3.430526554584503174e-01
-3.407675027847290039e-01
-3.403436839580535889e-01
-3.413846194744110107e-01
-3.398204445838928223e-01
-3.420910537242889404e-01
-3.426396846771240234e-01
-3.406774401664733887e-01
-3.410930037498474121e-01
-3.422750830650329590e-01
-3.416887819766998291e-01
-3.407550156116485596e-01
-3.416827321052551270e-01
-3.421188294887542725e-01
-3.403399586677551270e-01
-3.415777683258056641e-01
-3.405846059322357178e-01
-3.417403101921081543e-01
-3.413265347480773926e-01
-3.413243293762207031e-01
-3.437660932540893555e-01
-3.417428731918334961e-01
-3.413327038288116455e-01
-3.411176502704620361e-01
-3.421432971954345703e-01
-3.422603309154510498e-01
-3.414433598518371582e-01
-3.407815694808959961e-01
-3.415813744068145752e-01
-3.413715064525604248e-01
-3.424998819828033447e-01
-3.421575725078582764e-01
-3.426350653171539307e-01
-3.419166207313537598e-01
-3.429136872291564941e-01
-3.416147530078887939e-01
-3.417290747165679932e-01
-3.430106937885284424e-01
-3.411845564842224121e-01
-3.414264023303985596e-01
-3.433058261871337891e-01
-3.407611548900604248e-01
-3.422003090381622314e-01
-3.437847495079040527e-01
-3.418292403221130371e-01
-3.414492309093475342e-01
-3.420121967792510986e-01
-3.422065973281860352e-01
-3.413019180297851562e-01
-3.432861864566802979e-01
-3.424481749534606934e-01
-3.410580158233642578e-01
-3.421383500099182129e-01
-3.434421420097351074e-01
-3.429201543331146240e-01
-3.428319096565246582e-01
-3.428272306919097900e-01
-3.414602875709533691e-01
-3.423281311988830566e-01
-3.418077826499938965e-01
-3.423138856887817383e-01
-3.438225686550140381e-01
-3.412355482578277588e-01
-3.432831466197967529e-01
-3.429726064205169678e-01
-3.432978391647338867e-01
-3.425797820091247559e-01
-3.427566289901733398e-01
-3.428542017936706543e-01
-3.437534272670745850e-01
-3.449598252773284912e-01
-3.437423110008239746e-01
-3.433881402015686035e-01
-3.429937660694122314e-01
-3.425966203212738037e-01
-3.427046239376068115e-01
-3.430454730987548828e-01
-3.423827886581420898e-01
-3.430672287940979004e-01
-3.427575230598449707e-01
-3.431717753410339355e-01
-3.429753184318542480e-01
-3.433703780174255371e-01
-3.443745672702789307e-01
-3.439871966838836670e-01
-3.432582318782806396e-01
-3.426679074764251709e-01
-3.445773422718048096e-01
-3.446602821350097656e-01
-3.445658981800079346e-01
-3.431684672832489014e-01
-3.426021635532379150e-01
-3.436203598976135254e-01
-3.429910838603973389e-01
-3.432500064373016357e-01
-3.435856997966766357e-01
-3.430272340774536133e-01
-3.427429199218750000e-01
-3.436610698699951172e-01
-3.434213399887084961e-01
-3.442205786705017090e-01
-3.427841961383819580e-01
-3.434049785137176514e-01
-3.440267443656921387e-01
-3.447908461093902588e-01
-3.434080779552459717e-01
-3.435923457145690918e-01
-3.435130119323730469e-01
-3.440493643283843994e-01
-3.441392779350280762e-01
-3.441106379032135010e-01
-3.450980782508850098e-01
-3.442374169826507568e-01
-3.435446619987487793e-01
-3.443264067173004150e-01
-3.438059687614440918e-01
-3.434526920318603516e-01
-3.439595997333526611e-01
-3.444007039070129395e-01
-3.441689312458038330e-01
-3.446984291076660156e-01
-3.439863622188568115e-01
-3.443035185337066650e-01
-3.431826829910278320e-01
-3.437260985374450684e-01
-3.442684710025787354e-01
-3.449695706367492676e-01
-3.445881307125091553e-01
-3.440893888473510742e-01
-3.448328077793121338e-01
-3.453204929828643799e-01
-3.445133566856384277e-01
-3.456164896488189697e-01
-3.441447615623474121e-01
-3.454276025295257568e-01
-3.448583483695983887e-01
-3.444431722164154053e-01
-3.446116745471954346e-01
-3.448873162269592285e-01
-3.457935750484466553e-01
-3.445961773395538330e-01
-3.446696102619171143e-01
-3.453218340873718262e-01
-3.454906642436981201e-01
-3.458334207534790039e-01
-3.448744416236877441e-01
-3.452061116695404053e-01
-3.457093536853790283e-01
-3.450646400451660156e-01
-3.448745608329772949e-01
-3.447538316249847412e-01
-3.448326289653778076e-01
-3.453757166862487793e-01
-3.465504348278045654e-01
-3.470883667469024658e-01
-3.458470404148101807e-01
-3.455080687999725342e-01
-3.455261588096618652e-01
-3.450988233089447021e-01
-3.459323644638061523e-01
-3.471686840057373047e-01
-3.448156118392944336e-01
-3.463015854358673096e-01
-3.468485772609710693e-01
-3.462818562984466553e-01
-3.451919853687286377e-01
-3.454164862632751465e-01
-3.467487692832946777e-01
-3.462525904178619385e-01
-3.462824225425720215e-01
-3.472732603549957275e-01
-3.459811508655548096e-01
-3.464847505092620850e-01
-3.473901450634002686e-01
-3.471490442752838135e-01
-3.466250598430633545e-01
-3.467912077903747559e-01
-3.466178476810455322e-01
-3.470695316791534424e-01
-3.449281752109527588e-01
-3.459367752075195312e-01
-3.465102612972259521e-01
-3.466295301914215088e-01
-3.454233109951019287e-01
-3.474874198436737061e-01
-3.474347293376922607e-01
-3.459478020668029785e-01
-3.460918366909027100e-01
-3.476074039936065674e-01
-3.464225232601165771e-01
-3.471156060695648193e-01
-3.468237519264221191e-01
-3.467501997947692871e-01
-3.477165699005126953e-01
-3.461619913578033447e-01
-3.462694585323333740e-01
-3.468406200408935547e-01
-3.475900888442993164e-01
-3.481054902076721191e-01
-3.473773300647735596e-01
-3.473517596721649170e-01
-3.467258214950561523e-01
-3.473927676677703857e-01
-3.477146625518798828e-01
-3.467569053173065186e-01
-3.478312790393829346e-01
-3.483084142208099365e-01
-3.478460609912872314e-01
-3.483612835407257080e-01
-3.481090366840362549e-01
-3.473987281322479248e-01
-3.474166393280029297e-01
-3.479993045330047607e-01
-3.470207452774047852e-01
-3.481838405132293701e-01
-3.479545414447784424e-01
-3.466703593730926514e-01
-3.481447100639343262e-01
-3.476443588733673096e-01
-3.488415777683258057e-01
-3.491050302982330322e-01
-3.495284020900726318e-01
-3.485312461853027344e-01
-3.488109111785888672e-01
-3.480773866176605225e-01
-3.491584956645965576e-01
-3.476471900939941406e-01
-3.482908606529235840e-01
-3.489802479743957520e-01
-3.478671908378601074e-01
-3.477444946765899658e-01
-3.488169908523559570e-01
-3.492557406425476074e-01
-3.491837382316589355e-01
-3.498693108558654785e-01
-3.492904007434844971e-01
-3.492868840694427490e-01
-3.488122820854187012e-01
-3.490452170372009277e-01
-3.475932776927947998e-01
-3.478296697139739990e-01
-3.486062288284301758e-01
-3.491576015949249268e-01
-3.484339118003845215e-01
-3.490618765354156494e-01
-3.484903573989868164e-01
-3.502906262874603271e-01
-3.482759296894073486e-01
-3.499712646007537842e-01
-3.493920266628265381e-01
-3.493230044841766357e-01
-3.489367067813873291e-01
-3.495453894138336182e-01
-3.492553830146789551e-01
-3.485140502452850342e-01
-3.493220508098602295e-01
-3.490946590900421143e-01
-3.491259217262268066e-01
-3.490062355995178223e-01
-3.498310446739196777e-01
-3.506858050823211670e-01
-3.487716317176818848e-01
-3.488754630088806152e-01
-3.483707308769226074e-01
-3.501783311367034912e-01
-3.502066433429718018e-01
-3.501939773559570312e-01
-3.500758707523345947e-01
-3.489333987236022949e-01
-3.492529988288879395e-01
-3.492472469806671143e-01
-3.502426743507385254e-01
-3.493033945560455322e-01
-3.491492867469787598e-01
-3.496267199516296387e-01
-3.491268455982208252e-01
-3.504017591476440430e-01
-3.498935103416442871e-01
-3.498691916465759277e-01
-3.488190770149230957e-01
-3.500130474567413330e-01
-3.494955301284790039e-01
-3.501182198524475098e-01
-3.497564494609832764e-01
-3.509888648986816406e-01
-3.495586216449737549e-01
-3.503066599369049072e-01
-3.508202135562896729e-01
-3.500833213329315186e-01
-3.501154184341430664e-01
-3.503752648830413818e-01
-3.494736850261688232e-01
-3.511011898517608643e-01
-3.507600128650665283e-01
-3.510964512825012207e-01
-3.496038615703582764e-01
-3.498952984809875488e-01
-3.499812185764312744e-01
-3.511272370815277100e-01
-3.503377735614776611e-01
-3.504277169704437256e-01
-3.500207662582397461e-01
-3.511930406093597412e-01
-3.503678441047668457e-01
-3.497364819049835205e-01
-3.503720760345458984e-01
-3.507885038852691650e-01
-3.509013950824737549e-01
-3.518396615982055664e-01
-3.504309058189392090e-01
-3.506677746772766113e-01
-3.507511317729949951e-01
-3.499430418014526367e-01
-3.518827557563781738e-01
-3.505119085311889648e-01
-3.515737354755401611e-01
-3.501262068748474121e-01
-3.514486551284790039e-01
-3.512633144855499268e-01
-3.502863645553588867e-01
-3.506259024143218994e-01
-3.521495461463928223e-01
-3.514876067638397217e-01
-3.513340950012207031e-01
-3.509942889213562012e-01
-3.490211665630340576e-01
-3.513349592685699463e-01
-3.506286144256591797e-01
-3.511044085025787354e-01
-3.507954776287078857e-01
-3.506919443607330322e-01
-3.496157228946685791e-01
-3.512974381446838379e-01
-3.506411612033843994e-01
-3.505442440509796143e-01
-3.514896631240844727e-01
-3.516690433025360107e-01
-3.512765765190124512e-01
-3.521746098995208740e-01
-3.510546386241912842e-01
-3.511992990970611572e-01
-3.503519892692565918e-01
-3.525527119636535645e-01
-3.518147170543670654e-01
-3.523739874362945557e-01
-3.513924479484558105e-01
-3.512142300605773926e-01
-3.516835272312164307e-01
-3.514012396335601807e-01
-3.507009148597717285e-01
-3.520695865154266357e-01
-3.525672554969787598e-01
-3.514350056648254395e-01
-3.519470095634460449e-01
-3.518593609333038330e-01
-3.514622151851654053e-01
-3.529487252235412598e-01
-3.520944714546203613e-01
-3.518682420253753662e-01
-3.524440824985504150e-01
-3.524627089500427246e-01
-3.531974554061889648e-01
-3.517271876335144043e-01
-3.527900278568267822e-01
-3.518054187297821045e-01
-3.529009222984313965e-01
-3.527275323867797852e-01
-3.521302342414855957e-01
-3.523619472980499268e-01
-3.533966541290283203e-01
-3.520842492580413818e-01
-3.522025346755981445e-01
-3.519290685653686523e-01
-3.522751927375793457e-01
-3.522417545318603516e-01
-3.518804311752319336e-01
-3.516532480716705322e-01
-3.512678146362304688e-01
-3.534858524799346924e-01
-3.532527387142181396e-01
-3.525761067867279053e-01
-3.530574440956115723e-01
-3.527848422527313232e-01
-3.530967235565185547e-01
-3.517910540103912354e-01
-3.524937629699707031e-01
-3.521910309791564941e-01
-3.527203798294067383e-01
-3.523010909557342529e-01
-3.521220684051513672e-01
-3.522084355354309082e-01
-3.513558208942413330e-01
-3.514572679996490479e-01
-3.528404831886291504e-01
-3.516090214252471924e-01
-3.516196310520172119e-01
-3.520458340644836426e-01
-3.524029552936553955e-01
-3.528163135051727295e-01
-3.533004522323608398e-01
-3.506013154983520508e-01
-3.517082035541534424e-01
-3.521357476711273193e-01
-3.521049916744232178e-01
-3.532791733741760254e-01
-3.525398671627044678e-01
-3.518020510673522949e-01
-3.531772494316101074e-01
-3.523849546909332275e-01
-3.528325557708740234e-01
-3.532046973705291748e-01
-3.522031903266906738e-01
-3.530326485633850098e-01
-3.535378277301788330e-01
-3.529098629951477051e-01
-3.532694876194000244e-01
-3.522077500820159912e-01
-3.531538844108581543e-01
-3.523479104042053223e-01
-3.538917303085327148e-01
-3.533534407615661621e-01
-3.529592454433441162e-01
-3.523464500904083252e-01
-3.546320497989654541e-01
-3.532731235027313232e-01
-3.538127839565277100e-01
-3.516906797885894775e-01
-3.531949520111083984e-01
-3.528624176979064941e-01
-3.526062667369842529e-01
-3.534811437129974365e-01
-3.520032465457916260e-01
-3.536606431007385254e-01
-3.525390923023223877e-01
-3.516226112842559814e-01
-3.528051674365997314e-01
-3.530501127243041992e-01
-3.533647358417510986e-01
-3.517788946628570557e-01
-3.520388901233673096e-01
-3.529346287250518799e-01
-3.521139621734619141e-01
-3.520865440368652344e-01
-3.529805243015289307e-01
-3.546386063098907471e-01
-3.534662425518035889e-01
-3.532918095588684082e-01
-3.535284399986267090e-01
-3.523791730403900146e-01
-3.539183735847473145e-01
-3.529226779937744141e-01
-3.522596061229705811e-01
-3.531932234764099121e-01
-3.532544970512390137e-01
-3.542169630527496338e-01
-3.540271520614624023e-01
-3.545667231082916260e-01
-3.522016108036041260e-01
-3.534573912620544434e-01
-3.532362878322601318e-01
-3.533847033977508545e-01
-3.537365198135375977e-01
-3.540555238723754883e-01
-3.551915884017944336e-01
-3.539581894874572754e-01
-3.548411726951599121e-01
-3.543962836265563965e-01
-3.534661531448364258e-01
-3.536337912082672119e-01
-3.542093634605407715e-01
-3.539963364601135254e-01
-3.546390831470489502e-01
-3.539327085018157959e-01
-3.551024198532104492e-01
-3.542359471321105957e-01
-3.548456430435180664e-01
-3.545262515544891357e-01
-3.543065190315246582e-01
-3.542888760566711426e-01
-3.548458516597747803e-01
-3.541354537010192871e-01
-3.549978733062744141e-01
-3.550660908222198486e-01
-3.540202081203460693e-01
-3.552149236202239990e-01
-3.545075058937072754e-01
-3.544047176837921143e-01
-3.542564213275909424e-01
-3.556449115276336670e-01
-3.555206954479217529e-01
-3.550638556480407715e-01
-3.549225926399230957e-01
-3.562282323837280273e-01
-3.548642098903656006e-01
-3.546695411205291748e-01
-3.545213639736175537e-01
-3.547043502330780029e-01
-3.547548055648803711e-01
-3.559035956859588623e-01
-3.546866178512573242e-01
-3.546673655509948730e-01
-3.550518751144409180e-01
-3.547178506851196289e-01
-3.548026680946350098e-01
-3.546485006809234619e-01
-3.545003235340118408e-01
-3.543744385242462158e-01
-3.547666370868682861e-01
-3.555707037448883057e-01
-3.544122576713562012e-01
-3.554803431034088135e-01
-3.546582162380218506e-01
-3.547715842723846436e-01
-3.552531003952026367e-01
-3.556425571441650391e-01
-3.555503189563751221e-01
-3.553795218467712402e-01
-3.560829162597656250e-01
-3.548247218132019043e-01
-3.565436899662017822e-01
-3.544568419456481934e-01
-3.554401099681854248e-01
-3.546375036239624023e-01
-3.551740646362304688e-01
-3.556618094444274902e-01
-3.564082682132720947e-01
-3.565666377544403076e-01
-3.571137785911560059e-01
-3.559136390686035156e-01
-3.561962842941284180e-01
-3.559840917587280273e-01
-3.546423316001892090e-01
-3.552387654781341553e-01
-3.559772968292236328e-01
-3.552328050136566162e-01
-3.552904725074768066e-01
-3.555175662040710449e-01
-3.560704290866851807e-01
-3.557148575782775879e-01
-3.554070293903350830e-01
-3.553431928157806396e-01
-3.558388054370880127e-01
-3.558009862899780273e-01
-3.562801480293273926e-01
-3.557806313037872314e-01
-3.566232323646545410e-01
-3.565410673618316650e-01
-3.565937578678131104e-01
-3.562033772468566895e-01
-3.554080724716186523e-01
-3.564590513706207275e-01
-3.557706773281097412e-01
-3.559168279170989990e-01
-3.574286699295043945e-01
-3.563033044338226318e-01
-3.560023903846740723e-01
-3.559329509735107422e-01
-3.559825420379638672e-01
-3.560298383235931396e-01
-3.564400076866149902e-01
-3.556286096572875977e-01
-3.571757674217224121e-01
-3.575851917266845703e-01
-3.564449548721313477e-01
-3.562202155590057373e-01
-3.563278317451477051e-01
-3.552644848823547363e-01
-3.566513061523437500e-01
-3.572215437889099121e-01
-3.558793067932128906e-01
-3.567051887512207031e-01
-3.560099303722381592e-01
-3.566517233848571777e-01
-3.551720678806304932e-01
-3.552939891815185547e-01
-3.557940125465393066e-01
-3.576641976833343506e-01
-3.579021692276000977e-01
-3.575245738029479980e-01
-3.579885363578796387e-01
-3.573326468467712402e-01
-3.569768071174621582e-01
-3.576639294624328613e-01
-3.570653200149536133e-01
-3.576666116714477539e-01
-3.575430512428283691e-01
-3.576786518096923828e-01
-3.569513261318206787e-01
-3.567056655883789062e-01
-3.572449982166290283e-01
-3.577406704425811768e-01
-3.568516671657562256e-01
-3.573067486286163330e-01
-3.576205074787139893e-01
-3.579142987728118896e-01
-3.579874336719512939e-01
-3.584736883640289307e-01
-3.572279810905456543e-01
-3.580949008464813232e-01
-3.574160635471343994e-01
-3.572805225849151611e-01
-3.573882281780242920e-01
-3.568893969058990479e-01
-3.583975434303283691e-01
-3.578496575355529785e-01
-3.574740886688232422e-01
-3.582526743412017822e-01
-3.567616045475006104e-01
-3.567103445529937744e-01
-3.584327697753906250e-01
-3.583099842071533203e-01
-3.581775128841400146e-01
-3.570924997329711914e-01
-3.577286601066589355e-01
-3.575023114681243896e-01
-3.578560054302215576e-01
-3.575413823127746582e-01
-3.579719662666320801e-01
-3.585248589515686035e-01
-3.576649129390716553e-01
-3.585548698902130127e-01
-3.584138154983520508e-01
-3.579270839691162109e-01
-3.584850728511810303e-01
-3.581916391849517822e-01
-3.584993779659271240e-01
-3.589031398296356201e-01
-3.594096601009368896e-01
-3.589302897453308105e-01
-3.586790263652801514e-01
-3.588370382785797119e-01
-3.587153255939483643e-01
-3.587547838687896729e-01
-3.590496182441711426e-01
-3.596051037311553955e-01
-3.589383065700531006e-01
-3.580465018749237061e-01
-3.580953776836395264e-01
-3.601534962654113770e-01
-3.582106828689575195e-01
-3.599522113800048828e-01
-3.601374626159667969e-01
-3.602215647697448730e-01
-3.591573536396026611e-01
-3.589282929897308350e-01
-3.590314090251922607e-01
-3.587328493595123291e-01
-3.586580157279968262e-01
-3.600139021873474121e-01
-3.594861924648284912e-01
-3.595942258834838867e-01
-3.598871529102325439e-01
-3.592042326927185059e-01
-3.600163757801055908e-01
-3.596847951412200928e-01
-3.589919805526733398e-01
-3.599168062210083008e-01
-3.612137734889984131e-01
-3.595571219921112061e-01
-3.600693941116333008e-01
-3.612242937088012695e-01
-3.598024249076843262e-01
-3.590527474880218506e-01
-3.604148626327514648e-01
-3.596062064170837402e-01
-3.603109121322631836e-01
-3.606793284416198730e-01
-3.599505424499511719e-01
-3.598908782005310059e-01
-3.593499958515167236e-01
-3.597964942455291748e-01
-3.599455058574676514e-01
-3.604630231857299805e-01
-3.605691194534301758e-01
-3.600848615169525146e-01
-3.598388731479644775e-01
-3.603203296661376953e-01
-3.612573146820068359e-01
-3.600322008132934570e-01
-3.605361580848693848e-01
-3.609345555305480957e-01
-3.586394786834716797e-01
-3.599867820739746094e-01
-3.603565692901611328e-01
-3.609544038772583008e-01
-3.612843751907348633e-01
-3.599534332752227783e-01
-3.608945906162261963e-01
-3.609684109687805176e-01
-3.596475124359130859e-01
-3.608830869197845459e-01
-3.608028590679168701e-01
-3.622550070285797119e-01
-3.613902032375335693e-01
-3.613795042037963867e-01
-3.601647913455963135e-01
-3.605329692363739014e-01
-3.611053526401519775e-01
-3.606979548931121826e-01
-3.609721064567565918e-01
-3.616749048233032227e-01
-3.611822426319122314e-01
-3.612026870250701904e-01
-3.608581721782684326e-01
-3.616096675395965576e-01
-3.604573011398315430e-01
-3.618739545345306396e-01
-3.610292971134185791e-01
-3.611717522144317627e-01
-3.609612286090850830e-01
-3.604063093662261963e-01
-3.615625798702239990e-01
-3.608355820178985596e-01
-3.612860739231109619e-01
-3.625281453132629395e-01
-3.616109192371368408e-01
-3.620635271072387695e-01
-3.610440194606781006e-01
-3.618683516979217529e-01
-3.620802760124206543e-01
-3.624176084995269775e-01
-3.619003295898437500e-01
-3.616980314254760742e-01
-3.628570735454559326e-01
-3.622297942638397217e-01
-3.620879650115966797e-01
-3.618328273296356201e-01
-3.610811233520507812e-01
-3.620085418224334717e-01
-3.620437979698181152e-01
-3.622661828994750977e-01
-3.610847890377044678e-01
-3.620114624500274658e-01
-3.618603646755218506e-01
-3.625256717205047607e-01
-3.619623482227325439e-01
-3.625362515449523926e-01
-3.622424602508544922e-01
-3.621975481510162354e-01
-3.621017336845397949e-01
-3.618432879447937012e-01
-3.623204529285430908e-01
-3.625994026660919189e-01
-3.617590367794036865e-01
-3.627077639102935791e-01
-3.623828589916229248e-01
-3.622409701347351074e-01
-3.622799813747406006e-01
-3.618623614311218262e-01
-3.630239963531494141e-01
-3.620401620864868164e-01
-3.630409836769104004e-01
-3.626570999622344971e-01
-3.634040951728820801e-01
-3.623151183128356934e-01
-3.621162772178649902e-01
-3.627061247825622559e-01
-3.625060319900512695e-01
-3.625782132148742676e-01
-3.628274500370025635e-01
-3.632772862911224365e-01
-3.628504276275634766e-01
-3.635265529155731201e-01
-3.627326786518096924e-01
-3.619050383567810059e-01
-3.623012006282806396e-01
-3.621595203876495361e-01
-3.631899654865264893e-01
-3.618416786193847656e-01
-3.628907501697540283e-01
-3.633054494857788086e-01
-3.627072870731353760e-01
-3.629659414291381836e-01
-3.626758754253387451e-01
-3.627551794052124023e-01
-3.629932105541229248e-01
-3.635256290435791016e-01
-3.625353276729583740e-01
-3.637920022010803223e-01
-3.641198873519897461e-01
-3.632359504699707031e-01
-3.639706075191497803e-01
-3.626754283905029297e-01
-3.638918995857238770e-01
-3.632762730121612549e-01
-3.635410070419311523e-01
-3.636009693145751953e-01
-3.636449575424194336e-01
-3.632951974868774414e-01
-3.635983765125274658e-01
-3.629435300827026367e-01
-3.642755150794982910e-01
-3.635968565940856934e-01
-3.641882836818695068e-01
-3.642871081829071045e-01
-3.635013699531555176e-01
-3.634707629680633545e-01
-3.635050654411315918e-01
-3.640246689319610596e-01
-3.629769682884216309e-01
-3.635846972465515137e-01
-3.647287189960479736e-01
-3.634724915027618408e-01
-3.635443150997161865e-01
-3.638034760951995850e-01
-3.641386926174163818e-01
-3.637554347515106201e-01
-3.638486266136169434e-01
-3.642916083335876465e-01
-3.636448979377746582e-01
-3.638249039649963379e-01
-3.632214367389678955e-01
-3.630571663379669189e-01
-3.638593852519989014e-01
-3.634104728698730469e-01
-3.644432425498962402e-01
-3.630965352058410645e-01
-3.636780381202697754e-01
-3.641986548900604248e-01
-3.622435331344604492e-01
-3.640653789043426514e-01
-3.639256656169891357e-01
-3.643251657485961914e-01
-3.643243908882141113e-01
-3.644345104694366455e-01
-3.642532229423522949e-01
-3.639879822731018066e-01
-3.638099431991577148e-01
-3.637037277221679688e-01
-3.630588948726654053e-01
-3.643098473548889160e-01
-3.634900748729705811e-01
-3.638786673545837402e-01
-3.642447888851165771e-01
-3.638606965541839600e-01
-3.643806576728820801e-01
-3.650101721286773682e-01
-3.646688759326934814e-01
-3.642461895942687988e-01
-3.641675710678100586e-01
-3.641271293163299561e-01
-3.629924952983856201e-01
-3.644125461578369141e-01
-3.640850186347961426e-01
-3.651704490184783936e-01
-3.655771017074584961e-01
-3.646081686019897461e-01
-3.633276224136352539e-01
-3.648880720138549805e-01
-3.638466298580169678e-01
-3.645937740802764893e-01
-3.653420209884643555e-01
-3.659115433692932129e-01
-3.647884428501129150e-01
-3.647737503051757812e-01
-3.640177249908447266e-01
-3.653458058834075928e-01
-3.645485341548919678e-01
-3.647637963294982910e-01
-3.650467097759246826e-01
-3.643829226493835449e-01
-3.638913929462432861e-01
-3.652732074260711670e-01
-3.656091690063476562e-01
-3.646796345710754395e-01
-3.656774461269378662e-01
-3.651636838912963867e-01
-3.648947179317474365e-01
-3.651456832885742188e-01
-3.648316860198974609e-01
-3.657830357551574707e-01
-3.648696839809417725e-01
-3.645920157432556152e-01
-3.655638992786407471e-01
-3.643766343593597412e-01
-3.647161126136779785e-01
-3.651824891567230225e-01
-3.646422922611236572e-01
-3.653848469257354736e-01
-3.654583692550659180e-01
-3.644459247589111328e-01
-3.657001554965972900e-01
-3.646196722984313965e-01
-3.656783401966094971e-01
-3.657938241958618164e-01
-3.645905852317810059e-01
-3.655962646007537842e-01
-3.653715848922729492e-01
-3.653277158737182617e-01
-3.647235631942749023e-01
-3.650977909564971924e-01
-3.649887740612030029e-01
-3.652811348438262939e-01
-3.657935857772827148e-01
-3.659332394599914551e-01
-3.649624586105346680e-01
-3.651570677757263184e-01
-3.662122786045074463e-01
-3.656678497791290283e-01
-3.662835061550140381e-01
-3.659559190273284912e-01
-3.660009801387786865e-01
-3.649635016918182373e-01
-3.656297028064727783e-01
-3.656935393810272217e-01
-3.661913573741912842e-01
-3.654887378215789795e-01
-3.657613992691040039e-01
-3.649480342864990234e-01
-3.650017976760864258e-01
-3.662478625774383545e-01
-3.651694059371948242e-01
-3.655212223529815674e-01
-3.662849664688110352e-01
-3.649495244026184082e-01
-3.652079999446868896e-01
-3.662339448928833008e-01
-3.661037683486938477e-01
-3.651852309703826904e-01
-3.653554618358612061e-01
-3.659425675868988037e-01
-3.653246164321899414e-01
-3.658196330070495605e-01
-3.654674589633941650e-01
-3.653810322284698486e-01
-3.657216727733612061e-01
-3.668027520179748535e-01
-3.666499257087707520e-01
-3.666794300079345703e-01
-3.653089106082916260e-01
-3.656527698040008545e-01
-3.660152554512023926e-01
-3.662573099136352539e-01
-3.660140037536621094e-01
-3.667363226413726807e-01
-3.650999665260314941e-01
-3.662067353725433350e-01
-3.662015199661254883e-01
-3.655599355697631836e-01
-3.656683266162872314e-01
-3.663063943386077881e-01
-3.659010529518127441e-01
-3.662883341312408447e-01
-3.664593398571014404e-01
-3.662980198860168457e-01
-3.658841848373413086e-01
-3.661614954471588135e-01
-3.661740720272064209e-01
-3.660548031330108643e-01
-3.662155866622924805e-01
-3.662684559822082520e-01
-3.666638433933258057e-01
-3.660270273685455322e-01
-3.669281005859375000e-01
-3.658226728439331055e-01
-3.660930693149566650e-01
-3.662429153919219971e-01
-3.665170669555664062e-01
-3.659140765666961670e-01
-3.653586506843566895e-01
-3.670213818550109863e-01
-3.659220635890960693e-01
-3.662684559822082520e-01
-3.665786087512969971e-01
-3.663256168365478516e-01
-3.669594228267669678e-01
-3.662974834442138672e-01
-3.670955002307891846e-01
-3.667554855346679688e-01
-3.667418658733367920e-01
-3.670955598354339600e-01
-3.671735823154449463e-01
-3.663603663444519043e-01
-3.661463558673858643e-01
-3.662678897380828857e-01
-3.664073348045349121e-01
-3.668627738952636719e-01
-3.668406903743743896e-01
-3.669117689132690430e-01
-3.659850955009460449e-01
-3.659149408340454102e-01
-3.663895726203918457e-01
-3.657964468002319336e-01
-3.657489717006683350e-01
-3.665480017662048340e-01
-3.664665222167968750e-01
-3.670185208320617676e-01
-3.666851818561553955e-01
-3.674536347389221191e-01
-3.682076632976531982e-01
-3.661420047283172607e-01
-3.664343357086181641e-01
-3.670010268688201904e-01
-3.668453395366668701e-01
-3.667965531349182129e-01
-3.677178025245666504e-01
-3.667683899402618408e-01
-3.675015270709991455e-01
-3.671610057353973389e-01
-3.663237988948822021e-01
-3.669246733188629150e-01
-3.661843538284301758e-01
-3.664948642253875732e-01
-3.674278557300567627e-01
-3.674431741237640381e-01
-3.671791553497314453e-01
-3.667441010475158691e-01
-3.669093847274780273e-01
-3.667898476123809814e-01
-3.669707775115966797e-01
-3.667203485965728760e-01
-3.663840591907501221e-01
-3.678197860717773438e-01
-3.656956851482391357e-01
-3.662129044532775879e-01
-3.669997155666351318e-01
-3.666844069957733154e-01
-3.672510087490081787e-01
-3.662357926368713379e-01
-3.678689301013946533e-01
-3.667505979537963867e-01
-3.670603036880493164e-01
-3.674313724040985107e-01
-3.671860098838806152e-01
-3.673495054244995117e-01
-3.663769364356994629e-01
-3.671364784240722656e-01
-3.678460121154785156e-01
-3.673926293849945068e-01
-3.668529093265533447e-01
-3.675389289855957031e-01
-3.678563535213470459e-01
-3.675396740436553955e-01
-3.662027120590209961e-01
-3.672626018524169922e-01
-3.676370978355407715e-01
-3.662377893924713135e-01
-3.670853972434997559e-01
-3.672673702239990234e-01
-3.674272298812866211e-01
-3.674671053886413574e-01
-3.673106133937835693e-01
-3.672404587268829346e-01
-3.674350082874298096e-01
-3.680412471294403076e-01
-3.669833838939666748e-01
-3.673131763935089111e-01
-3.669431805610656738e-01
-3.671320378780364990e-01
-3.666968047618865967e-01
-3.673132956027984619e-01
-3.678241074085235596e-01
-3.668036758899688721e-01
-3.679784834384918213e-01
-3.683393299579620361e-01
-3.676626980304718018e-01
-3.666525483131408691e-01
-3.675375580787658691e-01
-3.672732412815093994e-01
-3.666899204254150391e-01
-3.672147691249847412e-01
-3.669281899929046631e-01
-3.683776259422302246e-01
-3.679448366165161133e-01
-3.673223257064819336e-01
-3.663114011287689209e-01
-3.672339916229248047e-01
-3.677493631839752197e-01
-3.677364885807037354e-01
-3.671552836894989014e-01
-3.679741322994232178e-01
-3.673875033855438232e-01
-3.674640357494354248e-01
-3.671436607837677002e-01
-3.676645457744598389e-01
-3.670679926872253418e-01
-3.668450415134429932e-01
-3.665106892585754395e-01
-3.670716285705566406e-01
-3.684715330600738525e-01
-3.678360581398010254e-01
-3.671944439411163330e-01
-3.671295344829559326e-01
-3.671199977397918701e-01
-3.674261271953582764e-01
-3.681586384773254395e-01
-3.667589128017425537e-01
-3.668922781944274902e-01
-3.675701916217803955e-01
-3.680250644683837891e-01
-3.677351176738739014e-01
-3.674218356609344482e-01
-3.683055341243743896e-01
-3.686242997646331787e-01
-3.679422140121459961e-01
-3.677363395690917969e-01
-3.679225444793701172e-01
-3.676642775535583496e-01
-3.677544593811035156e-01
-3.681649565696716309e-01
-3.685583472251892090e-01
-3.671007156372070312e-01
-3.674615621566772461e-01
-3.681925535202026367e-01
-3.674684464931488037e-01
-3.674185574054718018e-01
-3.679516017436981201e-01
-3.676010370254516602e-01
-3.682995736598968506e-01
-3.675976693630218506e-01
-3.676453530788421631e-01
-3.680339455604553223e-01
-3.677439689636230469e-01
-3.682986497879028320e-01
-3.672882020473480225e-01
-3.687154650688171387e-01
-3.676983118057250977e-01
-3.680292367935180664e-01
-3.686602115631103516e-01
-3.683584928512573242e-01
-3.678780496120452881e-01
-3.678941428661346436e-01
-3.676070272922515869e-01
-3.681862652301788330e-01
-3.677348196506500244e-01
-3.676702380180358887e-01
-3.676897585391998291e-01
-3.676197528839111328e-01
-3.676176965236663818e-01
-3.681807518005371094e-01
-3.675023317337036133e-01
-3.684841990470886230e-01
-3.674672245979309082e-01
-3.678220808506011963e-01
-3.678826987743377686e-01
-3.678789734840393066e-01
-3.682793974876403809e-01
-3.677895069122314453e-01
-3.671952784061431885e-01
-3.679614961147308350e-01
-3.674270808696746826e-01
-3.680935502052307129e-01
-3.688676357269287109e-01
-3.677285909652709961e-01
-3.676156401634216309e-01
-3.685122430324554443e-01
-3.676090836524963379e-01
-3.674056529998779297e-01
-3.673762679100036621e-01
-3.675946593284606934e-01
-3.679205179214477539e-01
-3.673329651355743408e-01
-3.678473234176635742e-01
-3.680077493190765381e-01
-3.682388067245483398e-01
-3.677206635475158691e-01
-3.687108159065246582e-01
-3.676099777221679688e-01
-3.675826489925384521e-01
-3.676955699920654297e-01
-3.683808147907257080e-01
-3.678585290908813477e-01
-3.682133555412292480e-01
-3.682117164134979248e-01
-3.690936267375946045e-01
-3.679376840591430664e-01
-3.677536547183990479e-01
-3.684250712394714355e-01
-3.677414059638977051e-01
-3.686016201972961426e-01
-3.679008781909942627e-01
-3.682067692279815674e-01
-3.686587810516357422e-01
-3.680401146411895752e-01
-3.684296607971191406e-01
-3.694047629833221436e-01
-3.683813512325286865e-01
-3.682353794574737549e-01
-3.683476150035858154e-01
-3.687028884887695312e-01
-3.684772849082946777e-01
-3.682852089405059814e-01
-3.686225712299346924e-01
-3.687493503093719482e-01
-3.682167232036590576e-01
-3.685655295848846436e-01
-3.679358661174774170e-01
-3.682975769042968750e-01
-3.680055439472198486e-01
-3.679404258728027344e-01
-3.686855137348175049e-01
-3.682450950145721436e-01
-3.683126866817474365e-01
-3.676710724830627441e-01
-3.683303296566009521e-01
-3.677813112735748291e-01
-3.684969246387481689e-01
-3.680544495582580566e-01
-3.687219321727752686e-01
-3.684615492820739746e-01
-3.687400221824645996e-01
-3.681750595569610596e-01
-3.684768080711364746e-01
-3.677200376987457275e-01
-3.682712316513061523e-01
-3.685879111289978027e-01
-3.683056831359863281e-01
-3.684544563293457031e-01
-3.682932853698730469e-01
-3.675697445869445801e-01
-3.677322566509246826e-01
-3.682151734828948975e-01
-3.675620853900909424e-01
-3.684432506561279297e-01
-3.683945238590240479e-01
-3.680305480957031250e-01
-3.687401115894317627e-01
-3.678029179573059082e-01
-3.686785995960235596e-01
-3.685293197631835938e-01
-3.686855435371398926e-01
-3.681749999523162842e-01
-3.678032457828521729e-01
-3.684340715408325195e-01
-3.688635826110839844e-01
-3.679725229740142822e-01
-3.684723377227783203e-01
-3.684178292751312256e-01
-3.680943548679351807e-01
-3.680595755577087402e-01
-3.680270910263061523e-01
-3.679079413414001465e-01
-3.684056401252746582e-01
-3.685840964317321777e-01
-3.682560920715332031e-01
-3.686031997203826904e-01
-3.688346743583679199e-01
-3.687120676040649414e-01
-3.683062791824340820e-01
-3.685711026191711426e-01
-3.686659932136535645e-01
-3.686451911926269531e-01
-3.688110411167144775e-01
-3.689644634723663330e-01
-3.688204288482666016e-01
-3.687871694564819336e-01
-3.682315647602081299e-01
-3.678228259086608887e-01
-3.681960403919219971e-01
-3.685596585273742676e-01
-3.682490885257720947e-01
-3.689402937889099121e-01
-3.683621883392333984e-01
-3.685151338577270508e-01
-3.685038387775421143e-01
-3.687316775321960449e-01
-3.685271143913269043e-01
-3.683767020702362061e-01
-3.679743409156799316e-01
-3.681280612945556641e-01
-3.682663738727569580e-01
-3.681292533874511719e-01
-3.679202795028686523e-01
-3.683450818061828613e-01
-3.686773180961608887e-01
-3.684496581554412842e-01
-3.688060343265533447e-01
-3.679616749286651611e-01
-3.686264753341674805e-01
-3.684350550174713135e-01
-3.678869009017944336e-01
-3.681441247463226318e-01
-3.680250048637390137e-01
-3.681255578994750977e-01
-3.688261806964874268e-01
-3.684292733669281006e-01
-3.689394295215606689e-01
-3.683523535728454590e-01
-3.688205182552337646e-01
-3.680779933929443359e-01
-3.687766492366790771e-01
-3.678748011589050293e-01
-3.681713640689849854e-01
-3.680534064769744873e-01
-3.677119314670562744e-01
-3.688591122627258301e-01
-3.687570095062255859e-01
-3.684061765670776367e-01
-3.687535524368286133e-01
-3.680271208286285400e-01
-3.673444390296936035e-01
-3.681556284427642822e-01
-3.676773607730865479e-01
-3.684822320938110352e-01
-3.681223988533020020e-01
-3.678845465183258057e-01
-3.687645792961120605e-01
-3.690648674964904785e-01
-3.683660924434661865e-01
-3.688130378723144531e-01
-3.677892982959747314e-01
-3.682721555233001709e-01
-3.691810965538024902e-01
-3.675936162471771240e-01
-3.683262765407562256e-01
-3.692651987075805664e-01
-3.683230578899383545e-01
-3.684364557266235352e-01
-3.683481514453887939e-01
-3.689920008182525635e-01
-3.685696125030517578e-01
-3.679835200309753418e-01
-3.687773644924163818e-01
-3.683807849884033203e-01
-3.685746490955352783e-01
-3.682593405246734619e-01
-3.689805269241333008e-01
-3.690853416919708252e-01
-3.693682253360748291e-01
-3.689419627189636230e-01
-3.692261278629302979e-01
-3.689341545104980469e-01
-3.686355650424957275e-01
-3.696073889732360840e-01
-3.688828349113464355e-01
-3.688226044178009033e-01
-3.687674701213836670e-01
-3.692329525947570801e-01
-3.687642812728881836e-01
-3.680380284786224365e-01
-3.689339756965637207e-01
-3.688232302665710449e-01
-3.688926398754119873e-01
-3.691455721855163574e-01
-3.687241673469543457e-01
-3.682673871517181396e-01
-3.686945736408233643e-01
-3.694244325160980225e-01
-3.687377274036407471e-01
-3.686957955360412598e-01
-3.692018389701843262e-01
-3.684473335742950439e-01
-3.691694438457489014e-01
-3.685323596000671387e-01
-3.693738281726837158e-01
-3.699964582920074463e-01
-3.689692914485931396e-01
-3.686302602291107178e-01
-3.688040971755981445e-01
-3.689405918121337891e-01
-3.696286678314208984e-01
-3.689131438732147217e-01
-3.687397539615631104e-01
-3.683713972568511963e-01
-3.684006631374359131e-01
-3.687391281127929688e-01
-3.682958781719207764e-01
-3.685086071491241455e-01
-3.688634335994720459e-01
-3.696217238903045654e-01
-3.686267137527465820e-01
-3.688415586948394775e-01
-3.693394064903259277e-01
-3.693802356719970703e-01
-3.693572878837585449e-01
-3.686661422252655029e-01
-3.689784407615661621e-01
-3.682843744754791260e-01
-3.694715499877929688e-01
-3.683136105537414551e-01
-3.687864243984222412e-01
-3.682206273078918457e-01
-3.680537045001983643e-01
-3.693388700485229492e-01
-3.689218163490295410e-01
-3.687340915203094482e-01
-3.689994513988494873e-01
-3.687398135662078857e-01
-3.683136999607086182e-01
-3.690332770347595215e-01
-3.686504065990447998e-01
-3.685956895351409912e-01
-3.688834905624389648e-01
-3.684153854846954346e-01
-3.697768747806549072e-01
-3.688430786132812500e-01
-3.691116869449615479e-01
-3.683549165725708008e-01
-3.691904842853546143e-01
-3.692664802074432373e-01
-3.686818778514862061e-01
-3.692705035209655762e-01
-3.693044185638427734e-01
-3.688386976718902588e-01
-3.695933818817138672e-01
-3.681585788726806641e-01
-3.692742288112640381e-01
-3.691925108432769775e-01
-3.688307404518127441e-01
-3.689160645008087158e-01
-3.684461116790771484e-01
-3.685379624366760254e-01
-3.693228960037231445e-01
-3.684964478015899658e-01
-3.692027330398559570e-01
-3.686431944370269775e-01
-3.688577711582183838e-01
-3.687817454338073730e-01
-3.689691424369812012e-01
-3.689628243446350098e-01
-3.685055971145629883e-01
-3.688395917415618896e-01
-3.682843148708343506e-01
-3.684684336185455322e-01
-3.686139583587646484e-01
-3.684994578361511230e-01
-3.692284524440765381e-01
-3.693156242370605469e-01
-3.680704236030578613e-01
-3.685628175735473633e-01
-3.688035011291503906e-01
-3.695302605628967285e-01
-3.685381412506103516e-01
-3.682942390441894531e-01
-3.684021830558776855e-01
-3.681795597076416016e-01
-3.687299191951751709e-01
-3.686358034610748291e-01
-3.687683939933776855e-01
-3.690593838691711426e-01
-3.682630360126495361e-01
-3.691403865814208984e-01
-3.683098852634429932e-01
-3.687631785869598389e-01
-3.687748312950134277e-01
-3.691264986991882324e-01
-3.685514330863952637e-01
-3.685233891010284424e-01
-3.685335516929626465e-01
-3.688964247703552246e-01
-3.688929378986358643e-01
-3.685244917869567871e-01
-3.688847422599792480e-01
-3.686679303646087646e-01
-3.689994215965270996e-01
-3.685379028320312500e-01
-3.695529103279113770e-01
-3.693190813064575195e-01
-3.695133030414581299e-01
-3.688829243183135986e-01
-3.687117397785186768e-01
-3.693411648273468018e-01
-3.681650459766387939e-01
-3.689829707145690918e-01
-3.689326941967010498e-01
-3.690426647663116455e-01
-3.688716292381286621e-01
-3.693985641002655029e-01
-3.687825202941894531e-01
-3.691882789134979248e-01
-3.692681789398193359e-01
-3.693320155143737793e-01
-3.687981665134429932e-01
-3.689335286617279053e-01
-3.695356547832489014e-01
-3.690040707588195801e-01
-3.681450188159942627e-01
-3.688325583934783936e-01
-3.692183494567871094e-01
-3.687752187252044678e-01
-3.687448203563690186e-01
-3.683587014675140381e-01
-3.690940439701080322e-01
-3.684803247451782227e-01
-3.686148524284362793e-01
-3.688809573650360107e-01
-3.678199946880340576e-01
-3.686143159866333008e-01
-3.696530759334564209e-01
-3.685669600963592529e-01
-3.693839013576507568e-01
-3.691260516643524170e-01
-3.693226277828216553e-01
-3.684251606464385986e-01
-3.685516715049743652e-01
-3.694340884685516357e-01
-3.687581121921539307e-01
-3.684194087982177734e-01
-3.685504198074340820e-01
-3.688408732414245605e-01
-3.691954016685485840e-01
-3.686465322971343994e-01
-3.691720664501190186e-01
-3.688621520996093750e-01
-3.684927821159362793e-01
-3.688957691192626953e-01
-3.687146604061126709e-01
-3.702180087566375732e-01
-3.692240715026855469e-01
-3.691160976886749268e-01
-3.683413565158843994e-01
-3.688797056674957275e-01
-3.695130050182342529e-01
-3.687719106674194336e-01
-3.693310618400573730e-01
-3.686560094356536865e-01
-3.695563375949859619e-01
-3.687957823276519775e-01
-3.690548837184906006e-01
-3.690601885318756104e-01
-3.695664107799530029e-01
-3.692126572132110596e-01
-3.689728379249572754e-01
-3.684531748294830322e-01
-3.686807155609130859e-01
-3.687610328197479248e-01
-3.688606619834899902e-01
-3.685038983821868896e-01
-3.693857192993164062e-01
-3.691385388374328613e-01
-3.690429031848907471e-01
-3.699798583984375000e-01
-3.686488866806030273e-01
-3.691543340682983398e-01
-3.691620528697967529e-01
-3.690096437931060791e-01
-3.691513538360595703e-01
-3.700162172317504883e-01
-3.692635595798492432e-01
-3.689458072185516357e-01
-3.685661554336547852e-01
-3.691959083080291748e-01
-3.688788414001464844e-01
-3.691941499710083008e-01
-3.691984117031097412e-01
-3.693740963935852051e-01
-3.693635463714599609e-01
-3.683138489723205566e-01
-3.695692718029022217e-01
-3.694735169410705566e-01
-3.693866431713104248e-01
-3.687885403633117676e-01
-3.699421882629394531e-01
-3.695928454399108887e-01
-3.692077100276947021e-01
-3.690025508403778076e-01
-3.682868480682373047e-01
-3.686510622501373291e-01
-3.694730699062347412e-01
-3.693642318248748779e-01
-3.693724572658538818e-01
-3.693549633026123047e-01
-3.689166903495788574e-01
-3.688215315341949463e-01
-3.698640763759613037e-01
-3.686433434486389160e-01
-3.682036101818084717e-01
-3.690228164196014404e-01
-3.682403564453125000e-01
-3.693053126335144043e-01
-3.693960011005401611e-01
-3.687582015991210938e-01
-3.688233494758605957e-01
-3.693018853664398193e-01
-3.686730265617370605e-01
-3.692557513713836670e-01
-3.693780004978179932e-01
-3.691277503967285156e-01
-3.692350089550018311e-01
-3.690846562385559082e-01
-3.693094253540039062e-01
-3.690275251865386963e-01
-3.691767454147338867e-01
-3.696762621402740479e-01
-3.692327737808227539e-01
-3.687797784805297852e-01
-3.689250051975250244e-01
-3.688125312328338623e-01
-3.699972033500671387e-01
-3.687635362148284912e-01
-3.694148659706115723e-01
-3.693829178810119629e-01
-3.693286776542663574e-01
-3.689686059951782227e-01
-3.692730069160461426e-01
-3.689181506633758545e-01
-3.686507642269134521e-01
-3.689821958541870117e-01
-3.692808747291564941e-01
-3.689157962799072266e-01
-3.691588044166564941e-01
-3.693835437297821045e-01
-3.698993325233459473e-01
-3.697870373725891113e-01
-3.692885041236877441e-01
-3.692575097084045410e-01
-3.688289225101470947e-01
-3.696749508380889893e-01
-3.689522743225097656e-01
-3.687379658222198486e-01
-3.689121603965759277e-01
-3.693765401840209961e-01
-3.685860037803649902e-01
-3.691060245037078857e-01
-3.687587082386016846e-01
-3.685173392295837402e-01
-3.688620030879974365e-01
-3.686734437942504883e-01
-3.688606619834899902e-01
-3.695840537548065186e-01
-3.698465526103973389e-01
-3.690966367721557617e-01
-3.696450293064117432e-01
-3.690342307090759277e-01
-3.695514500141143799e-01
-3.695396780967712402e-01
-3.695645630359649658e-01
-3.701146245002746582e-01
-3.697424232959747314e-01
-3.689108788967132568e-01
-3.689429461956024170e-01
-3.695537745952606201e-01
-3.691300153732299805e-01
-3.687599897384643555e-01
-3.693375587463378906e-01
-3.694245517253875732e-01
-3.689310252666473389e-01
-3.684390485286712646e-01
-3.690854012966156006e-01
-3.692224621772766113e-01
-3.692682981491088867e-01
-3.693336844444274902e-01
-3.690701723098754883e-01
-3.697321116924285889e-01
-3.697905838489532471e-01
-3.696248829364776611e-01
-3.693327009677886963e-01
-3.699752688407897949e-01
-3.694109618663787842e-01
-3.692287504673004150e-01
-3.696194589138031006e-01
-3.689323067665100098e-01
-3.691930472850799561e-01
-3.696801364421844482e-01
-3.698396086692810059e-01
-3.695341944694519043e-01
-3.692998290061950684e-01
-3.691178262233734131e-01
-3.694925308227539062e-01
-3.689651489257812500e-01
-3.690794408321380615e-01
-3.692401647567749023e-01
-3.702324330806732178e-01
-3.689830899238586426e-01
-3.687809407711029053e-01
-3.690282106399536133e-01
-3.685600161552429199e-01
-3.699714243412017822e-01
-3.697658181190490723e-01
-3.687003552913665771e-01
-3.690389990806579590e-01
-3.701834678649902344e-01
-3.696224689483642578e-01
-3.697455227375030518e-01
-3.696337938308715820e-01
-3.692125976085662842e-01
-3.690103888511657715e-01
-3.691972792148590088e-01
-3.694376945495605469e-01
-3.690886199474334717e-01
