1.219590783119201660e+00
1.549935340881347656e-01
-1.836806684732437134e-01
-1.476076245307922363e-01
-5.927649512887001038e-02
-7.834324985742568970e-02
-1.157117486000061035e-01
-1.288923919200897217e-01
-1.289537549018859863e-01
-1.365791857242584229e-01
-1.438916176557540894e-01
-1.609982848167419434e-01
-1.683908402919769287e-01
-1.762347966432571411e-01
-1.775065958499908447e-01
-1.846144050359725952e-01
-1.907167881727218628e-01
-2.026378214359283447e-01
-2.029388099908828735e-01
-2.047240883111953735e-01
-2.079254984855651855e-01
-2.144489735364913940e-01
-2.100126296281814575e-01
-2.159210741519927979e-01
-2.199736088514328003e-01
-2.200410217046737671e-01
-2.196857929229736328e-01
-2.139993160963058472e-01
-2.246193289756774902e-01
-2.313711792230606079e-01
-2.245648503303527832e-01
-2.255818247795104980e-01
-2.294512540102005005e-01
-2.329047620296478271e-01
-2.281047403812408447e-01
-2.279080003499984741e-01
-2.287818938493728638e-01
-2.198961824178695679e-01
-2.236927598714828491e-01
-2.311239987611770630e-01
-2.288755774497985840e-01
-2.249312996864318848e-01
-2.300838232040405273e-01
-2.259331047534942627e-01
-2.342636734247207642e-01
-2.327933311462402344e-01
-2.357882708311080933e-01
-2.373012751340866089e-01
-2.395405471324920654e-01
-2.333546727895736694e-01
-2.271717339754104614e-01
-2.359898835420608521e-01
-2.414357364177703857e-01
-2.360776513814926147e-01
-2.390276193618774414e-01
-2.429979294538497925e-01
-2.428615838289260864e-01
-2.400930672883987427e-01
-2.338318973779678345e-01
-2.339908778667449951e-01
-2.367568910121917725e-01
-2.407940030097961426e-01
-2.474384605884552002e-01
-2.502352893352508545e-01
-2.496845722198486328e-01
-2.526258528232574463e-01
-2.543260157108306885e-01
-2.539048492908477783e-01
-2.478203177452087402e-01
-2.476293593645095825e-01
-2.440100163221359253e-01
-2.430295646190643311e-01
-2.555052042007446289e-01
-2.566883563995361328e-01
-2.489296942949295044e-01
-2.485250234603881836e-01
-2.446073591709136963e-01
-2.487584203481674194e-01
-2.543822228908538818e-01
-2.518256604671478271e-01
-2.634354531764984131e-01
-2.492967247962951660e-01
-2.567875385284423828e-01
-2.532489895820617676e-01
-2.604809701442718506e-01
-2.595797479152679443e-01
-2.448734790086746216e-01
-2.566851377487182617e-01
-2.581105232238769531e-01
-2.668377459049224854e-01
-2.500813603401184082e-01
-2.594481706619262695e-01
-2.587319612503051758e-01
-2.419792711734771729e-01
-2.552530765533447266e-01
-2.605152726173400879e-01
-2.635446488857269287e-01
-2.498932778835296631e-01
-2.504217326641082764e-01
-2.503783404827117920e-01
-2.551659047603607178e-01
-2.654059827327728271e-01
-2.590497434139251709e-01
-2.573009729385375977e-01
-2.587171494960784912e-01
-2.620659768581390381e-01
-2.524699866771697998e-01
-2.586434483528137207e-01
-2.647678256034851074e-01
-2.672803699970245361e-01
-2.579041123390197754e-01
-2.617970108985900879e-01
-2.649475634098052979e-01
-2.628240287303924561e-01
-2.650827765464782715e-01
-2.768381536006927490e-01
-2.653277516365051270e-01
-2.696331143379211426e-01
-2.611626386642456055e-01
-2.661765515804290771e-01
-2.737375497817993164e-01
-2.752743661403656006e-01
-2.755520939826965332e-01
-2.746724784374237061e-01
-2.714380025863647461e-01
-2.674356400966644287e-01
-2.673617899417877197e-01
-2.674269378185272217e-01
-2.707372903823852539e-01
-2.719854712486267090e-01
-2.777257263660430908e-01
-2.699370682239532471e-01
-2.723158895969390869e-01
-2.750482857227325439e-01
-2.768289148807525635e-01
-2.733891010284423828e-01
-2.761585116386413574e-01
-2.667716443538665771e-01
-2.796056568622589111e-01
-2.689672708511352539e-01
-2.704886198043823242e-01
-2.769681215286254883e-01
-2.744326293468475342e-01
-2.711216807365417480e-01
-2.784796357154846191e-01
-2.771326899528503418e-01
-2.665534615516662598e-01
-2.673229277133941650e-01
-2.827758491039276123e-01
-2.775807380676269531e-01
-2.676453590393066406e-01
-2.807556092739105225e-01
-2.810877561569213867e-01
-2.713453471660614014e-01
-2.685300707817077637e-01
-2.811049222946166992e-01
-2.850676178932189941e-01
-2.796478867530822754e-01
-2.818723618984222412e-01
-2.740758955478668213e-01
-2.685552835464477539e-01
-2.796322703361511230e-01
-2.912812232971191406e-01
-2.781097292900085449e-01
-2.780499160289764404e-01
-2.855638265609741211e-01
-2.839326858520507812e-01
-2.846374511718750000e-01
-2.821040451526641846e-01
-2.832359075546264648e-01
-2.856300175189971924e-01
-2.839802801609039307e-01
-2.849484384059906006e-01
-2.880108952522277832e-01
-2.837364971637725830e-01
-2.895185649394989014e-01
-2.943845987319946289e-01
-2.891318500041961670e-01
-2.836396992206573486e-01
-2.987968027591705322e-01
-2.977333664894104004e-01
-2.790268063545227051e-01
-2.893031835556030273e-01
-2.883575558662414551e-01
-2.945639789104461670e-01
-2.987429797649383545e-01
-2.902896404266357422e-01
-2.949748337268829346e-01
-2.941159605979919434e-01
-2.940916121006011963e-01
-2.936150729656219482e-01
-2.938870489597320557e-01
-2.918722033500671387e-01
-2.922759950160980225e-01
-2.988217771053314209e-01
-2.835602462291717529e-01
-2.892766594886779785e-01
-3.005817532539367676e-01
-2.911131680011749268e-01
-2.933394610881805420e-01
-2.993542551994323730e-01
-2.920535206794738770e-01
-2.978863418102264404e-01
-2.985507845878601074e-01
-2.975114881992340088e-01
-2.896883487701416016e-01
-2.897957861423492432e-01
-2.921448349952697754e-01
-2.936016321182250977e-01
-2.942582070827484131e-01
-2.986771762371063232e-01
-2.919651567935943604e-01
-2.884967625141143799e-01
-2.938158810138702393e-01
-2.978610396385192871e-01
-2.919646203517913818e-01
-2.987884283065795898e-01
-3.010802567005157471e-01
-2.898637652397155762e-01
-2.939887642860412598e-01
-2.899936437606811523e-01
-2.985059022903442383e-01
-3.030968010425567627e-01
-2.999137043952941895e-01
-2.918013334274291992e-01
-2.981556951999664307e-01
-3.037490844726562500e-01
-2.981269359588623047e-01
-2.972840070724487305e-01
-2.968775629997253418e-01
-2.926212251186370850e-01
-3.019205331802368164e-01
-2.971631288528442383e-01
-3.005863726139068604e-01
-2.977130711078643799e-01
-3.072825074195861816e-01
-2.956646680831909180e-01
-2.977227866649627686e-01
-3.036966025829315186e-01
-2.960308790206909180e-01
-3.064053654670715332e-01
-3.081082105636596680e-01
-2.990154325962066650e-01
-3.002660870552062988e-01
-3.031982183456420898e-01
-2.982467710971832275e-01
-2.986256778240203857e-01
-3.055865466594696045e-01
-3.053129017353057861e-01
-2.993616163730621338e-01
-3.069513738155364990e-01
-3.060444295406341553e-01
-3.030265867710113525e-01
-3.053319752216339111e-01
-3.038004040718078613e-01
-3.090246021747589111e-01
-2.970283627510070801e-01
-3.013077378273010254e-01
-3.111478984355926514e-01
-3.005396127700805664e-01
-3.050470054149627686e-01
-3.143502175807952881e-01
-3.033679127693176270e-01
-3.166218101978302002e-01
-3.035616278648376465e-01
-3.162909448146820068e-01
-3.048894703388214111e-01
-3.113588094711303711e-01
-3.105137646198272705e-01
-3.127864897251129150e-01
-3.112969398498535156e-01
-3.137007951736450195e-01
-3.111051023006439209e-01
-3.179976642131805420e-01
-3.101651668548583984e-01
-3.163886964321136475e-01
-3.159640431404113770e-01
-3.156649172306060791e-01
-3.175428807735443115e-01
-3.184376060962677002e-01
-3.107042014598846436e-01
-3.174932897090911865e-01
-3.115481436252593994e-01
-3.202269375324249268e-01
-3.166491091251373291e-01
-3.128091096878051758e-01
-3.158647418022155762e-01
-3.223169147968292236e-01
-3.173069357872009277e-01
-3.207606077194213867e-01
-3.189386129379272461e-01
-3.206667006015777588e-01
-3.174956738948822021e-01
-3.245433866977691650e-01
-3.227480053901672363e-01
-3.269139528274536133e-01
-3.224915266036987305e-01
-3.249800205230712891e-01
-3.188825845718383789e-01
-3.296420276165008545e-01
-3.204052746295928955e-01
-3.277197778224945068e-01
-3.236781060695648193e-01
-3.226991593837738037e-01
-3.250010013580322266e-01
-3.253699541091918945e-01
-3.243507146835327148e-01
-3.317690193653106689e-01
-3.281025290489196777e-01
-3.303345739841461182e-01
-3.290342390537261963e-01
-3.236863017082214355e-01
-3.274959623813629150e-01
-3.298199772834777832e-01
-3.259248733520507812e-01
-3.286886513233184814e-01
-3.306607604026794434e-01
-3.255492448806762695e-01
-3.362089097499847412e-01
-3.344508111476898193e-01
-3.346762359142303467e-01
-3.340783119201660156e-01
-3.350864350795745850e-01
-3.363270163536071777e-01
-3.377387821674346924e-01
-3.356975913047790527e-01
-3.398027420043945312e-01
-3.375076055526733398e-01
-3.356619477272033691e-01
-3.380283415317535400e-01
-3.408202826976776123e-01
-3.351602256298065186e-01
-3.393930196762084961e-01
-3.415482044219970703e-01
-3.390619754791259766e-01
-3.387212157249450684e-01
-3.418565094470977783e-01
-3.425895571708679199e-01
-3.424134850502014160e-01
-3.444979786872863770e-01
-3.424596190452575684e-01
-3.427407741546630859e-01
-3.390255272388458252e-01
-3.399286568164825439e-01
-3.404140770435333252e-01
-3.439003229141235352e-01
-3.470532298088073730e-01
-3.400899767875671387e-01
-3.418861627578735352e-01
-3.426356613636016846e-01
-3.444644212722778320e-01
-3.415482044219970703e-01
-3.429196178913116455e-01
-3.448114395141601562e-01
-3.479931652545928955e-01
-3.426898717880249023e-01
-3.459661900997161865e-01
-3.457604646682739258e-01
-3.474352955818176270e-01
-3.480525016784667969e-01
-3.458458781242370605e-01
-3.456535339355468750e-01
-3.453728258609771729e-01
-3.470498621463775635e-01
-3.471815288066864014e-01
-3.495753705501556396e-01
-3.462888300418853760e-01
-3.479306399822235107e-01
-3.478367924690246582e-01
-3.483849763870239258e-01
-3.479738235473632812e-01
-3.423167169094085693e-01
-3.508289158344268799e-01
-3.507075607776641846e-01
-3.493442237377166748e-01
-3.471994698047637939e-01
-3.495168387889862061e-01
-3.464466631412506104e-01
-3.508855402469635010e-01
-3.495579063892364502e-01
-3.465768098831176758e-01
-3.518263101577758789e-01
-3.489409983158111572e-01
-3.465692102909088135e-01
-3.501092493534088135e-01
-3.518170416355133057e-01
-3.476545512676239014e-01
-3.459838032722473145e-01
-3.533483743667602539e-01
-3.497223258018493652e-01
-3.511171042919158936e-01
-3.517722785472869873e-01
-3.478820919990539551e-01
-3.484054207801818848e-01
-3.497644364833831787e-01
-3.502872586250305176e-01
-3.513195812702178955e-01
-3.503406345844268799e-01
-3.499476909637451172e-01
-3.484487235546112061e-01
-3.502671420574188232e-01
-3.521113395690917969e-01
-3.534169793128967285e-01
-3.496353626251220703e-01
-3.483535945415496826e-01
-3.497191369533538818e-01
-3.516432642936706543e-01
-3.502334356307983398e-01
-3.494548201560974121e-01
-3.487364053726196289e-01
-3.492589592933654785e-01
-3.544758856296539307e-01
-3.546942770481109619e-01
-3.515871763229370117e-01
-3.513295352458953857e-01
-3.514937460422515869e-01
-3.498668968677520752e-01
-3.477910161018371582e-01
-3.535944223403930664e-01
-3.533558845520019531e-01
-3.527611792087554932e-01
-3.488170504570007324e-01
-3.502377271652221680e-01
-3.551098108291625977e-01
-3.474224805831909180e-01
-3.534700572490692139e-01
-3.482161462306976318e-01
-3.508365154266357422e-01
-3.529156446456909180e-01
-3.508545160293579102e-01
-3.530910909175872803e-01
-3.500898480415344238e-01
-3.520076274871826172e-01
-3.531815707683563232e-01
-3.514457345008850098e-01
-3.501706421375274658e-01
-3.543831706047058105e-01
-3.512804806232452393e-01
-3.495120108127593994e-01
-3.523138761520385742e-01
-3.526757061481475830e-01
-3.511211276054382324e-01
-3.549312055110931396e-01
-3.549181520938873291e-01
-3.495609164237976074e-01
-3.533642292022705078e-01
-3.531882464885711670e-01
-3.495023846626281738e-01
-3.542130291461944580e-01
-3.541873693466186523e-01
-3.527613282203674316e-01
-3.514567017555236816e-01
-3.518379628658294678e-01
-3.527567684650421143e-01
-3.544769287109375000e-01
-3.519030511379241943e-01
-3.511939346790313721e-01
-3.539181053638458252e-01
-3.522378504276275635e-01
-3.512005805969238281e-01
-3.512913584709167480e-01
-3.532604277133941650e-01
-3.536171317100524902e-01
-3.527624011039733887e-01
-3.508554995059967041e-01
-3.543066680431365967e-01
-3.522064387798309326e-01
-3.512568175792694092e-01
-3.549105823040008545e-01
-3.536633849143981934e-01
-3.526180386543273926e-01
-3.543289899826049805e-01
-3.506235778331756592e-01
-3.554913401603698730e-01
-3.530230522155761719e-01
-3.524502217769622803e-01
-3.509749174118041992e-01
-3.529423177242279053e-01
-3.511598110198974609e-01
-3.514053821563720703e-01
-3.522543311119079590e-01
-3.561885356903076172e-01
-3.531454205513000488e-01
-3.534623682498931885e-01
-3.543984889984130859e-01
-3.547878861427307129e-01
-3.515419363975524902e-01
-3.531267344951629639e-01
-3.536829352378845215e-01
-3.544150888919830322e-01
-3.502986431121826172e-01
-3.529004454612731934e-01
-3.518560230731964111e-01
-3.512996733188629150e-01
-3.507694005966186523e-01
-3.553186058998107910e-01
-3.534904718399047852e-01
-3.540109992027282715e-01
-3.546444177627563477e-01
-3.539952635765075684e-01
-3.523899018764495850e-01
-3.544835150241851807e-01
-3.548377454280853271e-01
-3.525229394435882568e-01
-3.527034521102905273e-01
-3.537574410438537598e-01
-3.537605404853820801e-01
-3.533903956413269043e-01
-3.533788919448852539e-01
-3.497912585735321045e-01
-3.517497479915618896e-01
-3.537334203720092773e-01
-3.497002422809600830e-01
-3.529833555221557617e-01
-3.525898754596710205e-01
-3.510509133338928223e-01
-3.537846207618713379e-01
-3.500304520130157471e-01
-3.495642840862274170e-01
-3.516485989093780518e-01
-3.533220887184143066e-01
-3.529644906520843506e-01
-3.535167872905731201e-01
-3.552524447441101074e-01
-3.548086285591125488e-01
-3.539168834686279297e-01
-3.539926111698150635e-01
-3.532424867153167725e-01
-3.487628698348999023e-01
-3.548187017440795898e-01
-3.515683710575103760e-01
-3.502437174320220947e-01
-3.533719182014465332e-01
-3.533314764499664307e-01
-3.552946150302886963e-01
-3.536166846752166748e-01
-3.521379232406616211e-01
-3.535044789314270020e-01
-3.523136079311370850e-01
-3.533831238746643066e-01
-3.528157770633697510e-01
-3.538585603237152100e-01
-3.539129495620727539e-01
-3.519767522811889648e-01
-3.523958325386047363e-01
-3.499835431575775146e-01
-3.514845967292785645e-01
-3.542933464050292969e-01
-3.504483699798583984e-01
-3.525953888893127441e-01
-3.518052399158477783e-01
-3.511690795421600342e-01
-3.501957952976226807e-01
-3.529601991176605225e-01
-3.528655469417572021e-01
-3.534149229526519775e-01
-3.550569713115692139e-01
-3.526304364204406738e-01
-3.545040786266326904e-01
-3.501376509666442871e-01
-3.530814945697784424e-01
-3.522695899009704590e-01
-3.529162704944610596e-01
-3.526936769485473633e-01
-3.508452773094177246e-01
-3.530102968215942383e-01
-3.512539565563201904e-01
-3.520369827747344971e-01
-3.536175489425659180e-01
-3.467694222927093506e-01
-3.532252609729766846e-01
-3.550735712051391602e-01
-3.504951596260070801e-01
-3.537288904190063477e-01
-3.522266149520874023e-01
-3.491135239601135254e-01
-3.534880578517913818e-01
-3.516515493392944336e-01
-3.533995449542999268e-01
-3.512290418148040771e-01
-3.510483801364898682e-01
-3.504267334938049316e-01
-3.489058315753936768e-01
-3.522925674915313721e-01
-3.500224649906158447e-01
-3.492648899555206299e-01
-3.512032330036163330e-01
-3.501442372798919678e-01
-3.492938280105590820e-01
-3.509225547313690186e-01
-3.515047430992126465e-01
-3.525550663471221924e-01
-3.493644893169403076e-01
-3.534210324287414551e-01
-3.511558771133422852e-01
-3.516110181808471680e-01
-3.543962538242340088e-01
-3.525862395763397217e-01
-3.509657680988311768e-01
-3.520085811614990234e-01
-3.525211811065673828e-01
-3.510572612285614014e-01
-3.550103902816772461e-01
-3.531071841716766357e-01
-3.501206636428833008e-01
-3.517933487892150879e-01
-3.525191843509674072e-01
-3.497834503650665283e-01
-3.514464199542999268e-01
-3.509114980697631836e-01
-3.521234095096588135e-01
-3.509886562824249268e-01
-3.512994945049285889e-01
-3.528918623924255371e-01
-3.516078293323516846e-01
-3.516268432140350342e-01
-3.518120050430297852e-01
-3.538917303085327148e-01
-3.491868376731872559e-01
-3.531401455402374268e-01
-3.519469797611236572e-01
-3.526786565780639648e-01
-3.484464585781097412e-01
-3.515547811985015869e-01
-3.505559861660003662e-01
-3.538717329502105713e-01
-3.511924743652343750e-01
-3.509128391742706299e-01
-3.507348597049713135e-01
-3.508496880531311035e-01
-3.505943715572357178e-01
-3.477376699447631836e-01
-3.515712022781372070e-01
-3.517579436302185059e-01
-3.500542640686035156e-01
-3.524983525276184082e-01
-3.511354327201843262e-01
-3.515976965427398682e-01
-3.509519398212432861e-01
-3.516318202018737793e-01
-3.500336408615112305e-01
-3.489605784416198730e-01
-3.486767709255218506e-01
-3.492081761360168457e-01
-3.523522913455963135e-01
-3.498981297016143799e-01
-3.507134318351745605e-01
-3.515446186065673828e-01
-3.527368903160095215e-01
-3.484886586666107178e-01
-3.477918803691864014e-01
-3.508151173591613770e-01
-3.502166271209716797e-01
-3.476850390434265137e-01
-3.502031266689300537e-01
-3.517630398273468018e-01
-3.500077426433563232e-01
-3.512019813060760498e-01
-3.499968647956848145e-01
-3.529419600963592529e-01
-3.511190116405487061e-01
-3.477653264999389648e-01
-3.485494256019592285e-01
-3.483482599258422852e-01
-3.486184179782867432e-01
-3.499911725521087646e-01
-3.497906029224395752e-01
-3.511192500591278076e-01
-3.509328663349151611e-01
-3.478752672672271729e-01
-3.484600782394409180e-01
-3.474981188774108887e-01
-3.491935729980468750e-01
-3.506444394588470459e-01
-3.492806255817413330e-01
-3.491516113281250000e-01
-3.524344861507415771e-01
-3.517434895038604736e-01
-3.485727310180664062e-01
-3.472051620483398438e-01
-3.496094942092895508e-01
-3.530108034610748291e-01
-3.525267243385314941e-01
-3.489885330200195312e-01
-3.497637808322906494e-01
-3.486513793468475342e-01
-3.502088487148284912e-01
-3.469293117523193359e-01
-3.474950492382049561e-01
-3.467283248901367188e-01
-3.498558998107910156e-01
-3.497649133205413818e-01
-3.488024771213531494e-01
-3.481459319591522217e-01
-3.483297526836395264e-01
-3.508526086807250977e-01
-3.497004210948944092e-01
-3.493928611278533936e-01
-3.501491248607635498e-01
-3.471633791923522949e-01
-3.485100567340850830e-01
-3.517044186592102051e-01
-3.503755629062652588e-01
-3.477127254009246826e-01
-3.470615148544311523e-01
-3.476981520652770996e-01
-3.488055467605590820e-01
-3.489246964454650879e-01
-3.486925661563873291e-01
-3.496739566326141357e-01
-3.470665812492370605e-01
-3.496477901935577393e-01
-3.503154516220092773e-01
-3.456351459026336670e-01
-3.499514162540435791e-01
-3.503490686416625977e-01
-3.496933877468109131e-01
-3.505634963512420654e-01
-3.488613963127136230e-01
-3.501034379005432129e-01
-3.476278781890869141e-01
-3.478179872035980225e-01
-3.478617966175079346e-01
-3.509688377380371094e-01
-3.507103919982910156e-01
-3.494093716144561768e-01
-3.465048968791961670e-01
-3.476730287075042725e-01
-3.480680584907531738e-01
-3.498458564281463623e-01
-3.501873910427093506e-01
-3.472277820110321045e-01
-3.501701056957244873e-01
-3.500673770904541016e-01
-3.505656123161315918e-01
-3.456953763961791992e-01
-3.462226092815399170e-01
-3.504357337951660156e-01
-3.477961122989654541e-01
-3.489207327365875244e-01
-3.501099050045013428e-01
-3.484593033790588379e-01
-3.498799502849578857e-01
-3.476070463657379150e-01
-3.467793166637420654e-01
-3.499200344085693359e-01
-3.451364040374755859e-01
-3.491796553134918213e-01
-3.481560647487640381e-01
-3.474188148975372314e-01
-3.466400206089019775e-01
-3.478278517723083496e-01
-3.481212854385375977e-01
-3.499171733856201172e-01
-3.493255972862243652e-01
-3.451889753341674805e-01
-3.493603467941284180e-01
-3.455802202224731445e-01
-3.457158803939819336e-01
-3.501613140106201172e-01
-3.488994836807250977e-01
-3.485367596149444580e-01
-3.497639298439025879e-01
-3.476157188415527344e-01
-3.460540771484375000e-01
-3.462931215763092041e-01
-3.431916534900665283e-01
-3.498260378837585449e-01
-3.501178026199340820e-01
-3.506856560707092285e-01
-3.483880758285522461e-01
-3.475358784198760986e-01
-3.477064967155456543e-01
-3.490482866764068604e-01
-3.433002233505249023e-01
-3.472324311733245850e-01
-3.483343422412872314e-01
-3.508391678333282471e-01
-3.482830524444580078e-01
-3.456178605556488037e-01
-3.447104990482330322e-01
-3.485421538352966309e-01
-3.475066721439361572e-01
-3.478457927703857422e-01
-3.484169840812683105e-01
-3.477642834186553955e-01
-3.462371826171875000e-01
-3.443996310234069824e-01
-3.465237915515899658e-01
-3.453658223152160645e-01
-3.472113609313964844e-01
-3.474257588386535645e-01
-3.468169569969177246e-01
-3.472232222557067871e-01
-3.457855582237243652e-01
-3.425275981426239014e-01
-3.465904593467712402e-01
-3.476987779140472412e-01
-3.466918468475341797e-01
-3.466604351997375488e-01
-3.462300300598144531e-01
-3.484692871570587158e-01
-3.446064591407775879e-01
-3.486822247505187988e-01
-3.432982861995697021e-01
-3.470470309257507324e-01
-3.461326360702514648e-01
-3.467366099357604980e-01
-3.459464609622955322e-01
-3.435263633728027344e-01
-3.443431556224822998e-01
-3.458457291126251221e-01
-3.478173315525054932e-01
-3.433324992656707764e-01
-3.418601751327514648e-01
-3.449119925498962402e-01
-3.473275899887084961e-01
-3.434174656867980957e-01
-3.471644818782806396e-01
-3.477898538112640381e-01
-3.453316688537597656e-01
-3.446872830390930176e-01
-3.451506793498992920e-01
-3.451517224311828613e-01
-3.470141887664794922e-01
-3.464415073394775391e-01
-3.489973843097686768e-01
-3.479800522327423096e-01
-3.441985547542572021e-01
-3.442338109016418457e-01
-3.478148877620697021e-01
-3.504081666469573975e-01
-3.442673385143280029e-01
-3.452249765396118164e-01
-3.437160551548004150e-01
-3.436156511306762695e-01
-3.460221588611602783e-01
-3.472176194190979004e-01
-3.453275263309478760e-01
-3.423620462417602539e-01
-3.430044353008270264e-01
-3.470509648323059082e-01
-3.457557857036590576e-01
-3.440836071968078613e-01
-3.440642058849334717e-01
-3.455105125904083252e-01
-3.444484174251556396e-01
-3.472922444343566895e-01
-3.473592400550842285e-01
-3.460022509098052979e-01
-3.479460477828979492e-01
-3.441321551799774170e-01
-3.452797532081604004e-01
-3.429135084152221680e-01
-3.431513607501983643e-01
-3.400812149047851562e-01
-3.468289077281951904e-01
-3.434008657932281494e-01
-3.439626991748809814e-01
-3.437533080577850342e-01
-3.424843549728393555e-01
-3.471424579620361328e-01
-3.473191857337951660e-01
-3.435665965080261230e-01
-3.448044359683990479e-01
-3.453574180603027344e-01
-3.459170460700988770e-01
-3.448847532272338867e-01
-3.420399427413940430e-01
-3.464446365833282471e-01
-3.432612419128417969e-01
-3.404868245124816895e-01
-3.449357151985168457e-01
-3.418284356594085693e-01
-3.462268114089965820e-01
-3.443417251110076904e-01
-3.437396287918090820e-01
-3.445167243480682373e-01
-3.438248038291931152e-01
-3.433336913585662842e-01
-3.421855866909027100e-01
-3.447869122028350830e-01
-3.445458412170410156e-01
-3.404079973697662354e-01
-3.409947156906127930e-01
-3.423751592636108398e-01
-3.393429517745971680e-01
-3.454895615577697754e-01
-3.448067605495452881e-01
-3.423594236373901367e-01
-3.435705602169036865e-01
-3.417485356330871582e-01
-3.436134159564971924e-01
-3.464095592498779297e-01
-3.434602618217468262e-01
-3.433272838592529297e-01
-3.445487618446350098e-01
-3.424240648746490479e-01
-3.427710831165313721e-01
-3.401466012001037598e-01
-3.454484343528747559e-01
-3.428613841533660889e-01
-3.434369564056396484e-01
-3.401592373847961426e-01
-3.432083129882812500e-01
-3.419712781906127930e-01
-3.447361588478088379e-01
-3.436409235000610352e-01
-3.431060910224914551e-01
-3.395242989063262939e-01
-3.407850265502929688e-01
-3.409766852855682373e-01
-3.440487086772918701e-01
-3.423167467117309570e-01
-3.447673022747039795e-01
-3.437122106552124023e-01
-3.431526124477386475e-01
-3.448438644409179688e-01
-3.422126770019531250e-01
-3.397273719310760498e-01
-3.414603471755981445e-01
-3.409647941589355469e-01
-3.404362201690673828e-01
-3.415924906730651855e-01
-3.399384021759033203e-01
-3.421144485473632812e-01
-3.398122489452362061e-01
-3.417610228061676025e-01
-3.431842923164367676e-01
-3.460221588611602783e-01
-3.441079258918762207e-01
-3.412686884403228760e-01
-3.410391211509704590e-01
-3.392885625362396240e-01
-3.393487036228179932e-01
-3.399460315704345703e-01
-3.429398834705352783e-01
-3.412849009037017822e-01
-3.408999741077423096e-01
-3.423766791820526123e-01
-3.415614068508148193e-01
-3.402130007743835449e-01
-3.385986387729644775e-01
-3.382952511310577393e-01
-3.381025493144989014e-01
-3.392648398876190186e-01
-3.442870974540710449e-01
-3.405945301055908203e-01
-3.365406990051269531e-01
-3.405727744102478027e-01
-3.454174995422363281e-01
-3.422118425369262695e-01
-3.426365554332733154e-01
-3.396546244621276855e-01
-3.391452431678771973e-01
-3.400826454162597656e-01
-3.361362218856811523e-01
-3.406738936901092529e-01
-3.434306681156158447e-01
-3.392778635025024414e-01
-3.378891646862030029e-01
-3.441914319992065430e-01
-3.397284448146820068e-01
-3.395689129829406738e-01
-3.360995352268218994e-01
-3.402646780014038086e-01
-3.391962051391601562e-01
-3.430879712104797363e-01
-3.410443365573883057e-01
-3.421776592731475830e-01
-3.420642018318176270e-01
-3.404228389263153076e-01
-3.416913449764251709e-01
-3.389418423175811768e-01
-3.412625193595886230e-01
-3.407710492610931396e-01
-3.416996300220489502e-01
-3.399066030979156494e-01
-3.411688804626464844e-01
-3.377821445465087891e-01
-3.392383456230163574e-01
-3.409334719181060791e-01
-3.437079191207885742e-01
-3.370671570301055908e-01
-3.354530036449432373e-01
-3.410030007362365723e-01
-3.404805958271026611e-01
-3.435518741607666016e-01
-3.417543470859527588e-01
-3.406390845775604248e-01
-3.355054855346679688e-01
-3.366459906101226807e-01
-3.409143686294555664e-01
-3.431825041770935059e-01
-3.396387696266174316e-01
-3.411197364330291748e-01
-3.381738960742950439e-01
-3.353377878665924072e-01
-3.379649519920349121e-01
-3.373467922210693359e-01
-3.353318870067596436e-01
-3.394885361194610596e-01
-3.364859521389007568e-01
-3.405061364173889160e-01
-3.360980749130249023e-01
-3.386497497558593750e-01
-3.382667899131774902e-01
-3.398707211017608643e-01
-3.364714384078979492e-01
-3.386439681053161621e-01
-3.397682011127471924e-01
-3.408087790012359619e-01
-3.389260768890380859e-01
-3.385525047779083252e-01
-3.426270782947540283e-01
-3.403957486152648926e-01
-3.377047777175903320e-01
-3.358858823776245117e-01
-3.364509642124176025e-01
-3.406424522399902344e-01
-3.411907255649566650e-01
-3.377069234848022461e-01
-3.401297032833099365e-01
-3.370385766029357910e-01
-3.375732302665710449e-01
-3.417064845561981201e-01
-3.401736915111541748e-01
-3.374958634376525879e-01
-3.348240256309509277e-01
-3.399569094181060791e-01
-3.397250473499298096e-01
-3.381411135196685791e-01
-3.369730710983276367e-01
-3.387981951236724854e-01
-3.390254080295562744e-01
-3.354562520980834961e-01
-3.402507603168487549e-01
-3.390036523342132568e-01
-3.392007350921630859e-01
-3.373727500438690186e-01
-3.379006385803222656e-01
-3.387905955314636230e-01
-3.395692706108093262e-01
-3.370099067687988281e-01
-3.385377824306488037e-01
-3.345451653003692627e-01
-3.368813395500183105e-01
-3.372410833835601807e-01
-3.351310789585113525e-01
-3.352597951889038086e-01
-3.343152999877929688e-01
-3.369964063167572021e-01
-3.340264856815338135e-01
-3.396238088607788086e-01
-3.380672037601470947e-01
-3.374142646789550781e-01
-3.360540866851806641e-01
-3.370935618877410889e-01
-3.332348465919494629e-01
-3.377401828765869141e-01
-3.389064371585845947e-01
-3.394494354724884033e-01
-3.353968560695648193e-01
-3.384998142719268799e-01
-3.371160328388214111e-01
-3.381927311420440674e-01
-3.360511362552642822e-01
-3.378672003746032715e-01
-3.378026485443115234e-01
-3.376938104629516602e-01
-3.367044627666473389e-01
-3.348304331302642822e-01
-3.363182842731475830e-01
-3.373555839061737061e-01
-3.365701436996459961e-01
-3.369544446468353271e-01
-3.369820117950439453e-01
-3.364251852035522461e-01
-3.381471633911132812e-01
-3.363523781299591064e-01
-3.377860784530639648e-01
-3.349642455577850342e-01
-3.368861377239227295e-01
-3.357646465301513672e-01
-3.336329460144042969e-01
-3.377374410629272461e-01
-3.393543660640716553e-01
-3.358650207519531250e-01
-3.361239135265350342e-01
-3.388987481594085693e-01
-3.364951908588409424e-01
-3.342678248882293701e-01
-3.365390598773956299e-01
-3.342826664447784424e-01
-3.380720317363739014e-01
-3.357492089271545410e-01
-3.357412517070770264e-01
-3.340228497982025146e-01
-3.329899907112121582e-01
-3.380872905254364014e-01
-3.331334888935089111e-01
-3.355583846569061279e-01
-3.357812464237213135e-01
-3.359012007713317871e-01
-3.319597840309143066e-01
-3.358241021633148193e-01
-3.344735503196716309e-01
-3.327987194061279297e-01
-3.320263326168060303e-01
-3.361941576004028320e-01
-3.390054106712341309e-01
-3.343566954135894775e-01
-3.300441205501556396e-01
-3.377008736133575439e-01
-3.351887762546539307e-01
-3.378390967845916748e-01
-3.369268774986267090e-01
-3.354123830795288086e-01
-3.316818177700042725e-01
-3.375953733921051025e-01
-3.351939022541046143e-01
-3.349357247352600098e-01
-3.374454379081726074e-01
-3.313980102539062500e-01
-3.354637324810028076e-01
-3.337540924549102783e-01
-3.335192203521728516e-01
-3.367163836956024170e-01
-3.326159119606018066e-01
-3.338628411293029785e-01
-3.335301876068115234e-01
-3.353195786476135254e-01
-3.344582021236419678e-01
-3.345269858837127686e-01
-3.340424299240112305e-01
-3.331888318061828613e-01
-3.362660408020019531e-01
-3.403772711753845215e-01
-3.376154899597167969e-01
-3.397243022918701172e-01
-3.365253806114196777e-01
-3.325236737728118896e-01
-3.360559046268463135e-01
-3.379438817501068115e-01
-3.333240449428558350e-01
-3.339044749736785889e-01
-3.341690003871917725e-01
-3.327532410621643066e-01
-3.377873301506042480e-01
-3.367705643177032471e-01
-3.343608379364013672e-01
-3.368960022926330566e-01
-3.314766287803649902e-01
-3.352695107460021973e-01
-3.338057696819305420e-01
-3.320189118385314941e-01
-3.361138403415679932e-01
-3.333595097064971924e-01
-3.363499641418457031e-01
-3.348034024238586426e-01
-3.338546752929687500e-01
-3.318329751491546631e-01
-3.318397700786590576e-01
-3.352089822292327881e-01
-3.310607373714447021e-01
-3.331421017646789551e-01
-3.350599408149719238e-01
-3.355316519737243652e-01
-3.360512554645538330e-01
-3.350181281566619873e-01
-3.352392017841339111e-01
-3.335627317428588867e-01
-3.366021513938903809e-01
-3.329002559185028076e-01
-3.314203023910522461e-01
-3.345742225646972656e-01
-3.330984413623809814e-01
-3.349499106407165527e-01
-3.302271664142608643e-01
-3.325434625148773193e-01
-3.320887684822082520e-01
-3.326784372329711914e-01
-3.337592780590057373e-01
-3.324369192123413086e-01
-3.358245193958282471e-01
-3.318938314914703369e-01
-3.306433856487274170e-01
-3.337002694606781006e-01
-3.329309225082397461e-01
-3.347212970256805420e-01
-3.291377425193786621e-01
-3.336991667747497559e-01
-3.358298540115356445e-01
-3.363038003444671631e-01
-3.302595615386962891e-01
-3.303002715110778809e-01
-3.344666659832000732e-01
-3.331967890262603760e-01
-3.361404836177825928e-01
-3.331743776798248291e-01
-3.324172794818878174e-01
-3.312849104404449463e-01
-3.273026645183563232e-01
-3.327898681163787842e-01
-3.340769708156585693e-01
-3.285431265830993652e-01
-3.254041075706481934e-01
-3.294039964675903320e-01
-3.335511982440948486e-01
-3.351356089115142822e-01
-3.314802646636962891e-01
-3.331159651279449463e-01
-3.323105275630950928e-01
-3.301146924495697021e-01
-3.308039307594299316e-01
-3.312778174877166748e-01
-3.293659090995788574e-01
-3.301912844181060791e-01
-3.300070166587829590e-01
-3.289686143398284912e-01
-3.329589962959289551e-01
-3.310157656669616699e-01
-3.318912982940673828e-01
-3.307186961174011230e-01
-3.291739225387573242e-01
-3.338228762149810791e-01
-3.314514756202697754e-01
-3.267589807510375977e-01
-3.282448053359985352e-01
-3.285037279129028320e-01
-3.301464319229125977e-01
-3.321705460548400879e-01
-3.327110707759857178e-01
-3.320473134517669678e-01
-3.364149034023284912e-01
-3.333223164081573486e-01
-3.306781351566314697e-01
-3.304874897003173828e-01
-3.280106782913208008e-01
-3.354229629039764404e-01
-3.337056934833526611e-01
-3.308737277984619141e-01
-3.316975831985473633e-01
-3.315021991729736328e-01
-3.293944597244262695e-01
-3.291823565959930420e-01
-3.308789730072021484e-01
-3.322214484214782715e-01
-3.309943377971649170e-01
-3.269280195236206055e-01
-3.279199898242950439e-01
-3.294610083103179932e-01
-3.292361497879028320e-01
-3.298144638538360596e-01
-3.328596055507659912e-01
-3.270804584026336670e-01
-3.303945958614349365e-01
-3.315809965133666992e-01
-3.285119831562042236e-01
-3.265575468540191650e-01
-3.310363292694091797e-01
-3.295097053050994873e-01
-3.274903595447540283e-01
-3.291170299053192139e-01
-3.309054672718048096e-01
-3.259530961513519287e-01
-3.288291096687316895e-01
-3.300553262233734131e-01
-3.258774876594543457e-01
-3.320063352584838867e-01
-3.317369520664215088e-01
-3.322297930717468262e-01
-3.271900117397308350e-01
-3.283391594886779785e-01
-3.317324519157409668e-01
-3.277566432952880859e-01
-3.299618959426879883e-01
-3.278034031391143799e-01
-3.288677334785461426e-01
-3.309526741504669189e-01
-3.279931545257568359e-01
-3.285072147846221924e-01
-3.303220868110656738e-01
-3.280601799488067627e-01
-3.278456628322601318e-01
-3.264930248260498047e-01
-3.244151473045349121e-01
-3.290349841117858887e-01
-3.306840062141418457e-01
-3.284265100955963135e-01
-3.301430642604827881e-01
-3.277212083339691162e-01
-3.250564038753509521e-01
-3.270188570022583008e-01
-3.295942246913909912e-01
-3.293840885162353516e-01
-3.238815963268280029e-01
-3.295725584030151367e-01
-3.265713453292846680e-01
-3.313091993331909180e-01
-3.292919993400573730e-01
-3.313771486282348633e-01
-3.302478492259979248e-01
-3.303015232086181641e-01
-3.300870060920715332e-01
-3.246047198772430420e-01
-3.317452967166900635e-01
-3.311898112297058105e-01
-3.281334042549133301e-01
-3.257301151752471924e-01
-3.240500986576080322e-01
-3.278689682483673096e-01
-3.267573118209838867e-01
-3.253710865974426270e-01
-3.261196911334991455e-01
-3.299525082111358643e-01
-3.235509097576141357e-01
-3.255791962146759033e-01
-3.265904784202575684e-01
-3.295691907405853271e-01
-3.281372785568237305e-01
-3.287060260772705078e-01
-3.316080868244171143e-01
-3.253595829010009766e-01
-3.231604695320129395e-01
-3.279812335968017578e-01
-3.290109038352966309e-01
-3.309846222400665283e-01
-3.286567330360412598e-01
-3.215561807155609131e-01
-3.243452906608581543e-01
-3.239442706108093262e-01
-3.317811489105224609e-01
-3.299840092658996582e-01
-3.282109498977661133e-01
-3.256875574588775635e-01
-3.244229853153228760e-01
-3.241106271743774414e-01
-3.255847096443176270e-01
-3.313947916030883789e-01
-3.243227303028106689e-01
-3.294869661331176758e-01
-3.265625834465026855e-01
-3.251135051250457764e-01
-3.274876177310943604e-01
-3.235552906990051270e-01
-3.314860165119171143e-01
-3.261439800262451172e-01
-3.292732834815979004e-01
-3.253491222858428955e-01
-3.276784420013427734e-01
-3.287704586982727051e-01
-3.258525431156158447e-01
-3.285376727581024170e-01
-3.320630490779876709e-01
-3.322166204452514648e-01
-3.246025443077087402e-01
-3.243323564529418945e-01
-3.286608159542083740e-01
-3.259044885635375977e-01
-3.258626759052276611e-01
-3.308941125869750977e-01
-3.300025761127471924e-01
-3.265980184078216553e-01
-3.248796164989471436e-01
-3.268345296382904053e-01
-3.278156220912933350e-01
-3.297091126441955566e-01
-3.248029053211212158e-01
-3.271731436252593994e-01
-3.225488662719726562e-01
-3.219695389270782471e-01
-3.288981914520263672e-01
-3.300246596336364746e-01
-3.309710621833801270e-01
-3.249465823173522949e-01
-3.286329209804534912e-01
-3.265659511089324951e-01
-3.290778100490570068e-01
-3.320221006870269775e-01
-3.263257145881652832e-01
-3.242305517196655273e-01
-3.256289660930633545e-01
-3.262889683246612549e-01
-3.263262808322906494e-01
-3.251713812351226807e-01
-3.228240907192230225e-01
-3.241201639175415039e-01
-3.251130878925323486e-01
-3.283329606056213379e-01
-3.244856297969818115e-01
-3.267990350723266602e-01
-3.244163990020751953e-01
-3.248741328716278076e-01
-3.276022672653198242e-01
-3.267315030097961426e-01
-3.286928236484527588e-01
-3.239434957504272461e-01
-3.232903182506561279e-01
-3.267198503017425537e-01
-3.245778083801269531e-01
-3.262696862220764160e-01
-3.238839209079742432e-01
-3.229790329933166504e-01
-3.241412937641143799e-01
-3.257714211940765381e-01
-3.251515626907348633e-01
-3.253852427005767822e-01
-3.235103785991668701e-01
-3.232170939445495605e-01
-3.226480185985565186e-01
-3.229777812957763672e-01
-3.228526711463928223e-01
-3.269917070865631104e-01
-3.270370960235595703e-01
-3.274074792861938477e-01
-3.236573040485382080e-01
-3.222935795783996582e-01
-3.224943280220031738e-01
-3.235115706920623779e-01
-3.212063610553741455e-01
-3.215725719928741455e-01
-3.226529359817504883e-01
-3.268740177154541016e-01
-3.271396458148956299e-01
-3.250278830528259277e-01
-3.223651647567749023e-01
-3.260938227176666260e-01
-3.265954256057739258e-01
-3.284306526184082031e-01
-3.254431784152984619e-01
-3.296978771686553955e-01
-3.246467113494873047e-01
-3.276974558830261230e-01
-3.218478262424468994e-01
-3.255386948585510254e-01
-3.264193832874298096e-01
-3.270358741283416748e-01
-3.262696564197540283e-01
-3.265532851219177246e-01
-3.259132206439971924e-01
-3.272472023963928223e-01
-3.309294879436492920e-01
-3.249214589595794678e-01
-3.257121443748474121e-01
-3.236654996871948242e-01
-3.269778490066528320e-01
-3.276177942752838135e-01
-3.280158638954162598e-01
-3.243837058544158936e-01
-3.252672255039215088e-01
-3.275878131389617920e-01
-3.230243027210235596e-01
-3.254755139350891113e-01
-3.261624276638031006e-01
-3.289850354194641113e-01
-3.269949257373809814e-01
-3.238800764083862305e-01
-3.223139345645904541e-01
-3.266098499298095703e-01
-3.226235508918762207e-01
-3.188425302505493164e-01
-3.240033090114593506e-01
-3.275831341743469238e-01
-3.241116404533386230e-01
-3.237092196941375732e-01
-3.221556544303894043e-01
-3.299771547317504883e-01
-3.260354101657867432e-01
-3.211596310138702393e-01
-3.282041847705841064e-01
-3.241816461086273193e-01
-3.264239430427551270e-01
-3.232691586017608643e-01
-3.259884417057037354e-01
-3.233442902565002441e-01
-3.234904706478118896e-01
-3.243992328643798828e-01
-3.234806656837463379e-01
-3.288997113704681396e-01
-3.275544345378875732e-01
-3.224034309387207031e-01
-3.206038177013397217e-01
-3.271073698997497559e-01
-3.210981488227844238e-01
-3.248730599880218506e-01
-3.212952017784118652e-01
-3.206117451190948486e-01
-3.237807750701904297e-01
-3.216591179370880127e-01
-3.287158310413360596e-01
-3.209480047225952148e-01
-3.254647254943847656e-01
-3.233483135700225830e-01
-3.220903873443603516e-01
-3.232529461383819580e-01
-3.198359906673431396e-01
-3.234598040580749512e-01
-3.241417407989501953e-01
-3.239508569240570068e-01
-3.266514241695404053e-01
-3.255153298377990723e-01
-3.258813619613647461e-01
-3.273121714591979980e-01
-3.194622993469238281e-01
-3.209088742733001709e-01
-3.219707012176513672e-01
-3.268104195594787598e-01
-3.235760033130645752e-01
-3.224675953388214111e-01
-3.230679929256439209e-01
-3.222743570804595947e-01
-3.213865160942077637e-01
-3.230032920837402344e-01
-3.244008719921112061e-01
-3.176266252994537354e-01
-3.220662176609039307e-01
-3.226140737533569336e-01
-3.171291947364807129e-01
-3.218403458595275879e-01
-3.210649490356445312e-01
-3.228641748428344727e-01
-3.203969597816467285e-01
-3.219169676303863525e-01
-3.239943981170654297e-01
-3.238801658153533936e-01
-3.243851363658905029e-01
-3.303123712539672852e-01
-3.230577409267425537e-01
-3.237538039684295654e-01
-3.266406953334808350e-01
-3.235245347023010254e-01
-3.230242431163787842e-01
-3.254032433032989502e-01
-3.208343386650085449e-01
-3.248211741447448730e-01
-3.243559896945953369e-01
-3.227166831493377686e-01
-3.216412961483001709e-01
-3.263232707977294922e-01
-3.243225216865539551e-01
-3.229974508285522461e-01
-3.190703690052032471e-01
-3.240419924259185791e-01
-3.242859840393066406e-01
-3.203553557395935059e-01
-3.216085433959960938e-01
-3.189122378826141357e-01
-3.173699378967285156e-01
-3.205158412456512451e-01
-3.199073970317840576e-01
-3.222911655902862549e-01
-3.193022906780242920e-01
-3.237525224685668945e-01
-3.279780447483062744e-01
-3.170723915100097656e-01
-3.237826526165008545e-01
-3.231370151042938232e-01
-3.209372758865356445e-01
-3.234445154666900635e-01
-3.212236464023590088e-01
-3.231510519981384277e-01
-3.199809491634368896e-01
-3.238812386989593506e-01
-3.230210542678833008e-01
-3.254987895488739014e-01
-3.227787613868713379e-01
-3.217350840568542480e-01
-3.228536546230316162e-01
-3.235388696193695068e-01
-3.225459158420562744e-01
-3.215665817260742188e-01
-3.179641962051391602e-01
-3.178511261940002441e-01
-3.214249014854431152e-01
-3.247137367725372314e-01
-3.198760449886322021e-01
-3.205332159996032715e-01
-3.173181712627410889e-01
-3.188859224319458008e-01
-3.134401142597198486e-01
-3.219344019889831543e-01
-3.188203573226928711e-01
-3.242350518703460693e-01
-3.149997591972351074e-01
-3.205616474151611328e-01
-3.252974152565002441e-01
-3.214997351169586182e-01
-3.244818449020385742e-01
-3.174106776714324951e-01
-3.202000856399536133e-01
-3.212664723396301270e-01
-3.171437382698059082e-01
-3.210407495498657227e-01
-3.219125568866729736e-01
-3.211598992347717285e-01
-3.193244040012359619e-01
-3.205423951148986816e-01
-3.220695257186889648e-01
-3.186835944652557373e-01
-3.232721984386444092e-01
-3.181141316890716553e-01
-3.160154223442077637e-01
-3.218277990818023682e-01
-3.258152902126312256e-01
-3.239783346652984619e-01
-3.257850408554077148e-01
-3.203436732292175293e-01
-3.212977051734924316e-01
-3.169583082199096680e-01
-3.178652822971343994e-01
-3.213539421558380127e-01
-3.193577527999877930e-01
-3.193726837635040283e-01
-3.229014575481414795e-01
-3.238118886947631836e-01
-3.206522464752197266e-01
-3.229264616966247559e-01
-3.226445913314819336e-01
-3.265445828437805176e-01
-3.218524158000946045e-01
-3.213899433612823486e-01
-3.230928480625152588e-01
-3.137713074684143066e-01
-3.202615380287170410e-01
-3.290631175041198730e-01
-3.238580822944641113e-01
-3.261619210243225098e-01
-3.206184804439544678e-01
-3.217982053756713867e-01
-3.228332102298736572e-01
-3.196662068367004395e-01
-3.234625160694122314e-01
-3.203321099281311035e-01
-3.231011331081390381e-01
-3.187091648578643799e-01
-3.195792734622955322e-01
-3.249992132186889648e-01
-3.221634626388549805e-01
-3.244066834449768066e-01
-3.241983056068420410e-01
-3.193013966083526611e-01
-3.198704719543457031e-01
-3.213398754596710205e-01
-3.198931813240051270e-01
-3.178585171699523926e-01
-3.196611702442169189e-01
-3.200534582138061523e-01
-3.198512196540832520e-01
-3.225776553153991699e-01
-3.261305689811706543e-01
-3.254413008689880371e-01
-3.210105001926422119e-01
-3.211623132228851318e-01
-3.229512274265289307e-01
-3.164748847484588623e-01
-3.166054189205169678e-01
-3.247813284397125244e-01
-3.223067522048950195e-01
-3.187146484851837158e-01
-3.184420168399810791e-01
-3.200117051601409912e-01
-3.220811188220977783e-01
-3.220120966434478760e-01
-3.258154392242431641e-01
-3.169378042221069336e-01
-3.211498558521270752e-01
-3.192763626575469971e-01
-3.216049671173095703e-01
-3.167778253555297852e-01
-3.233742117881774902e-01
-3.241192698478698730e-01
-3.209979236125946045e-01
-3.184447288513183594e-01
-3.205788731575012207e-01
-3.184597194194793701e-01
-3.240439295768737793e-01
-3.208507001399993896e-01
-3.145061731338500977e-01
-3.156691193580627441e-01
-3.202258944511413574e-01
-3.199564814567565918e-01
-3.166673481464385986e-01
-3.202600777149200439e-01
-3.144210577011108398e-01
-3.194499015808105469e-01
-3.189091682434082031e-01
-3.174637854099273682e-01
-3.170405924320220947e-01
-3.193786740303039551e-01
-3.206166028976440430e-01
-3.154249191284179688e-01
-3.154729902744293213e-01
-3.168235123157501221e-01
-3.184206783771514893e-01
-3.184280395507812500e-01
-3.195782601833343506e-01
-3.178767561912536621e-01
-3.141556382179260254e-01
-3.248609006404876709e-01
-3.155921399593353271e-01
-3.217487633228302002e-01
-3.225688040256500244e-01
-3.247122168540954590e-01
-3.201072514057159424e-01
-3.214123547077178955e-01
-3.186692893505096436e-01
-3.176729977130889893e-01
-3.171463608741760254e-01
-3.191268146038055420e-01
-3.219535648822784424e-01
-3.186928927898406982e-01
-3.133330941200256348e-01
-3.245158791542053223e-01
-3.223308622837066650e-01
-3.229102790355682373e-01
-3.177368938922882080e-01
-3.183500468730926514e-01
-3.213876485824584961e-01
-3.191109597682952881e-01
-3.171950578689575195e-01
-3.161086440086364746e-01
-3.162483870983123779e-01
-3.149876594543457031e-01
-3.213860690593719482e-01
-3.213863074779510498e-01
-3.239673376083374023e-01
-3.122833967208862305e-01
-3.151462078094482422e-01
-3.202390074729919434e-01
-3.183061480522155762e-01
-3.191712498664855957e-01
-3.192626535892486572e-01
-3.127564787864685059e-01
-3.206361830234527588e-01
-3.181978464126586914e-01
-3.163545727729797363e-01
-3.133299052715301514e-01
-3.181023597717285156e-01
-3.174374401569366455e-01
-3.181149661540985107e-01
-3.176405429840087891e-01
-3.198619484901428223e-01
-3.172775208950042725e-01
-3.177720308303833008e-01
-3.189547657966613770e-01
-3.159522712230682373e-01
-3.192455768585205078e-01
-3.172547817230224609e-01
-3.205791115760803223e-01
-3.156989216804504395e-01
-3.183153867721557617e-01
-3.160418868064880371e-01
-3.181707561016082764e-01
-3.177246153354644775e-01
-3.182910084724426270e-01
-3.120101392269134521e-01
-3.209717273712158203e-01
-3.165142834186553955e-01
-3.178554177284240723e-01
-3.147351741790771484e-01
-3.163359463214874268e-01
-3.177239298820495605e-01
-3.174776136875152588e-01
-3.188788592815399170e-01
-3.185654580593109131e-01
-3.173234164714813232e-01
-3.217970728874206543e-01
-3.208169043064117432e-01
-3.178015351295471191e-01
-3.217553198337554932e-01
-3.223894536495208740e-01
-3.176949620246887207e-01
-3.196314573287963867e-01
-3.180862367153167725e-01
-3.174235224723815918e-01
-3.177811205387115479e-01
-3.139553964138031006e-01
-3.212679922580718994e-01
-3.124854564666748047e-01
-3.188138306140899658e-01
-3.196734189987182617e-01
-3.146921098232269287e-01
-3.219288289546966553e-01
-3.193914294242858887e-01
-3.157040476799011230e-01
-3.171080946922302246e-01
-3.186594545841217041e-01
-3.187156915664672852e-01
-3.126607239246368408e-01
-3.126007616519927979e-01
-3.189392685890197754e-01
-3.191202580928802490e-01
-3.183098137378692627e-01
-3.141174316406250000e-01
-3.219220936298370361e-01
-3.182230889797210693e-01
-3.124028742313385010e-01
-3.147631883621215820e-01
-3.180904686450958252e-01
-3.136962354183197021e-01
-3.186124265193939209e-01
-3.194364905357360840e-01
-3.144379258155822754e-01
-3.209563493728637695e-01
-3.159419596195220947e-01
-3.176549077033996582e-01
-3.143800497055053711e-01
-3.231486678123474121e-01
-3.188124299049377441e-01
-3.186592161655426025e-01
-3.162237107753753662e-01
-3.173688650131225586e-01
-3.115059137344360352e-01
-3.192725777626037598e-01
-3.168171346187591553e-01
-3.065259158611297607e-01
-3.283609151840209961e-01
-3.183469772338867188e-01
-3.287964463233947754e-01
-3.243416249752044678e-01
-3.227609992027282715e-01
-3.198638856410980225e-01
-3.180420994758605957e-01
-3.203289508819580078e-01
-3.202819228172302246e-01
-3.178691565990447998e-01
-3.144612312316894531e-01
-3.143442273139953613e-01
-3.125958740711212158e-01
-3.164058923721313477e-01
-3.141768574714660645e-01
-3.203436136245727539e-01
-3.142769038677215576e-01
-3.169946670532226562e-01
-3.140576779842376709e-01
-3.159280717372894287e-01
-3.157659471035003662e-01
-3.138663470745086670e-01
-3.154602050781250000e-01
-3.162111639976501465e-01
-3.102618455886840820e-01
-3.173819780349731445e-01
-3.181583881378173828e-01
-3.194258511066436768e-01
-3.126143813133239746e-01
-3.123101890087127686e-01
-3.131649196147918701e-01
-3.162415325641632080e-01
-3.152256608009338379e-01
-3.179027438163757324e-01
-3.179753422737121582e-01
-3.161088228225708008e-01
-3.182700872421264648e-01
-3.160578906536102295e-01
-3.179360032081604004e-01
-3.186365962028503418e-01
-3.177369236946105957e-01
-3.156650960445404053e-01
-3.187485039234161377e-01
-3.215517997741699219e-01
-3.130345940589904785e-01
-3.152331709861755371e-01
-3.161727786064147949e-01
-3.136096894741058350e-01
-3.169573247432708740e-01
-3.147743642330169678e-01
-3.129529356956481934e-01
-3.161427080631256104e-01
-3.155313730239868164e-01
-3.167326748371124268e-01
-3.140364885330200195e-01
-3.159641325473785400e-01
-3.154474496841430664e-01
-3.143073618412017822e-01
-3.135013282299041748e-01
-3.155593872070312500e-01
-3.217613399028778076e-01
-3.195728957653045654e-01
-3.151018619537353516e-01
-3.134688735008239746e-01
-3.185664117336273193e-01
-3.140242993831634521e-01
-3.203460574150085449e-01
-3.137235045433044434e-01
-3.110983669757843018e-01
-3.153224587440490723e-01
-3.150723278522491455e-01
-3.135313093662261963e-01
-3.132539987564086914e-01
-3.170849680900573730e-01
-3.134067356586456299e-01
-3.184704482555389404e-01
-3.135206997394561768e-01
-3.139520585536956787e-01
-3.122862577438354492e-01
-3.179502487182617188e-01
-3.153356909751892090e-01
-3.157445192337036133e-01
-3.116804063320159912e-01
-3.136439919471740723e-01
-3.156180083751678467e-01
-3.152609169483184814e-01
-3.189100325107574463e-01
-3.139523863792419434e-01
-3.169941306114196777e-01
-3.195340037345886230e-01
-3.143395781517028809e-01
-3.120388388633728027e-01
-3.186570107936859131e-01
-3.129586875438690186e-01
-3.120505511760711670e-01
-3.162549734115600586e-01
-3.169124722480773926e-01
-3.160349130630493164e-01
-3.156744241714477539e-01
-3.195157647132873535e-01
-3.158158361911773682e-01
-3.162912726402282715e-01
-3.172217309474945068e-01
-3.175393939018249512e-01
-3.110546171665191650e-01
-3.186154067516326904e-01
-3.144997656345367432e-01
-3.198767602443695068e-01
-3.192043602466583252e-01
-3.142005503177642822e-01
-3.174228370189666748e-01
-3.176688551902770996e-01
-3.145972788333892822e-01
-3.169712424278259277e-01
-3.156614899635314941e-01
-3.117116689682006836e-01
-3.124578297138214111e-01
-3.159645497798919678e-01
-3.113332390785217285e-01
-3.170439004898071289e-01
-3.118411004543304443e-01
-3.173724412918090820e-01
-3.101154863834381104e-01
-3.135392367839813232e-01
-3.178470134735107422e-01
-3.103687763214111328e-01
-3.111830055713653564e-01
-3.159781694412231445e-01
-3.140923082828521729e-01
-3.138242065906524658e-01
-3.142102658748626709e-01
-3.123120665550231934e-01
-3.152962625026702881e-01
-3.146905601024627686e-01
-3.112474381923675537e-01
-3.131883740425109863e-01
-3.136233687400817871e-01
-3.136005997657775879e-01
-3.165356218814849854e-01
-3.047028481960296631e-01
-3.157207667827606201e-01
-3.159732520580291748e-01
-3.128241598606109619e-01
-3.102029860019683838e-01
-3.129612207412719727e-01
-3.141586780548095703e-01
-3.096374571323394775e-01
-3.132385313510894775e-01
-3.134131431579589844e-01
-3.120380938053131104e-01
-3.101121187210083008e-01
-3.130528628826141357e-01
-3.148233592510223389e-01
-3.094930350780487061e-01
-3.153953254222869873e-01
-3.125717639923095703e-01
-3.119934499263763428e-01
-3.136109411716461182e-01
-3.143994212150573730e-01
-3.064021170139312744e-01
-3.202483654022216797e-01
-3.150483369827270508e-01
-3.130081295967102051e-01
-3.180378377437591553e-01
-3.164685070514678955e-01
-3.139715790748596191e-01
-3.173637390136718750e-01
-3.098817169666290283e-01
-3.196963965892791748e-01
-3.145174682140350342e-01
-3.149473369121551514e-01
-3.098537623882293701e-01
-3.139047920703887939e-01
-3.082568347454071045e-01
-3.087953925132751465e-01
-3.173593580722808838e-01
-3.115570545196533203e-01
-3.205136656761169434e-01
-3.141490817070007324e-01
-3.208735883235931396e-01
-3.114979565143585205e-01
-3.144826292991638184e-01
-3.118164241313934326e-01
