-3.063660676814307759e+00
-3.064279855775438932e+00
-3.083572766012396826e+00
-3.096468082144240519e+00
-3.099406597042871692e+00
-3.102519137800232585e+00
-3.103503518853305998e+00
-3.113059808400051587e+00
-3.117553458726110449e+00
-3.115839682334710758e+00
-3.114046459355630070e+00
-3.122206254438920414e+00
-3.122067285963326277e+00
-3.123569709210356482e+00
-3.124228233148243827e+00
-3.127935740573347001e+00
-3.122747500080707450e+00
-3.127949359988378308e+00
-3.125900394660382275e+00
-3.122363382134555998e+00
-3.128994271774922620e+00
-3.129378137509684965e+00
-3.128001063323218034e+00
-3.127686555720557759e+00
-3.134479869495738757e+00
-3.136146482357308862e+00
-3.132972149809529760e+00
-3.131547407670454586e+00
-3.134201680333161377e+00
-3.136422401617381173e+00
-3.131112595235020724e+00
-3.132542129390496033e+00
-3.134214795325413139e+00
-3.130513845396436068e+00
-3.136345477143595240e+00
-3.136844099060562829e+00
-3.133660686902763448e+00
-3.137049399131585758e+00
-3.139188908348398588e+00
-3.135697798295454586e+00
-3.132791566454674381e+00
-3.133385019854080689e+00
-3.137106398905604276e+00
-3.137546507780216931e+00
-3.133460431059529760e+00
-3.135149490734762345e+00
-3.131147148195377206e+00
-3.136473348318052690e+00
-3.133320705949767415e+00
-3.131957755601110449e+00
-3.131576411980242725e+00
-3.133064206966683862e+00
-3.134559063872029760e+00
-3.132531284300748897e+00
-3.136610551313920414e+00
-3.133814283638946208e+00
-3.133272785785769621e+00
-3.130312580707644621e+00
-3.131639464827608688e+00
-3.135983806011105379e+00
-3.136888740476497794e+00
-3.135571692600723104e+00
-3.134872058206353174e+00
-3.136304871109891312e+00
-3.134813040741219137e+00
-3.135825417258522929e+00
-3.134470285462938932e+00
-3.135499055720557759e+00
-3.133809491622546517e+00
-3.131903782363765654e+00
-3.132910105807722001e+00
-3.134195879471203483e+00
-3.131344881924715828e+00
-3.138462791758135140e+00
-3.135951018530475309e+00
-3.131619792339230379e+00
-3.133079339650051587e+00
-3.129407141819473104e+00
-3.132402656492122794e+00
-3.134120972688533069e+00
-3.131001874435046517e+00
-3.134865752921616622e+00
-3.135883930300878308e+00
-3.131976671455320105e+00
-3.133451855872288139e+00
-3.129721901633522929e+00
-3.133900539934142415e+00
-3.132373904393724207e+00
-3.130532256827866622e+00
-3.132983499322055998e+00
-3.129269938823605379e+00
-3.132587275229209656e+00
-3.132706319005036377e+00
-3.133381741106017415e+00
-3.130888379309788139e+00
-3.132572646968621033e+00
-3.130464916386880070e+00
-3.133454125774793209e+00
-3.137943236295841931e+00
-3.130560504503486552e+00
