1.689981371164321899e-01
-1.588109880685806274e-02
-1.391195654869079590e-01
-2.178438752889633179e-01
-2.396654337644577026e-01
-2.380366772413253784e-01
-2.329868376255035400e-01
-2.314077317714691162e-01
-2.356624305248260498e-01
-2.211296409368515015e-01
-2.172349095344543457e-01
-2.235134243965148926e-01
-2.282505184412002563e-01
-2.297609299421310425e-01
-2.491123229265213013e-01
-2.471164166927337646e-01
-2.683256566524505615e-01
-2.619033455848693848e-01
-2.826540470123291016e-01
-2.862137258052825928e-01
-2.980936765670776367e-01
-3.029582202434539795e-01
-2.979539632797241211e-01
-2.962079942226409912e-01
-2.985854744911193848e-01
-2.943269014358520508e-01
-3.041462898254394531e-01
-2.978787720203399658e-01
-3.165844678878784180e-01
-3.145499527454376221e-01
-3.079254925251007080e-01
-3.093810975551605225e-01
-3.222347497940063477e-01
-3.198316097259521484e-01
-3.230541646480560303e-01
-3.260861337184906006e-01
-3.244617283344268799e-01
-3.282921016216278076e-01
-3.278712630271911621e-01
-3.294217288494110107e-01
-3.305297195911407471e-01
-3.329030275344848633e-01
-3.380875885486602783e-01
-3.347501456737518311e-01
-3.266094028949737549e-01
-3.435546755790710449e-01
-3.520314395427703857e-01
-3.449098467826843262e-01
-3.441862165927886963e-01
-3.484873175621032715e-01
-3.547880351543426514e-01
-3.556102216243743896e-01
-3.569177687168121338e-01
-3.567854166030883789e-01
-3.626851439476013184e-01
-3.645712733268737793e-01
-3.699883520603179932e-01
-3.735480904579162598e-01
-3.745081722736358643e-01
-3.731996417045593262e-01
-3.794337511062622070e-01
-3.802155554294586182e-01
-3.849571049213409424e-01
-3.878187239170074463e-01
-3.842714428901672363e-01
-3.910018801689147949e-01
-3.885957598686218262e-01
-3.883038461208343506e-01
-3.862784504890441895e-01
-3.873279988765716553e-01
-3.865666985511779785e-01
-3.864673376083374023e-01
-3.832194209098815918e-01
-3.913826346397399902e-01
-3.865474164485931396e-01
-3.908075690269470215e-01
-3.924239277839660645e-01
-3.911605179309844971e-01
-3.949214816093444824e-01
-3.905824720859527588e-01
-3.962289988994598389e-01
-3.929086029529571533e-01
-4.010973274707794189e-01
-3.948854207992553711e-01
-3.975912928581237793e-01
-4.046076834201812744e-01
-4.010346531867980957e-01
-4.031960964202880859e-01
-4.034614264965057373e-01
-4.009681344032287598e-01
-4.053347408771514893e-01
-4.026962816715240479e-01
-4.066725075244903564e-01
-4.053893387317657471e-01
-4.069676399230957031e-01
-4.079699218273162842e-01
-4.040050804615020752e-01
-4.034330546855926514e-01
-4.105691313743591309e-01
-4.107204377651214600e-01
-4.072542190551757812e-01
-4.105128645896911621e-01
-4.107867479324340820e-01
-4.118727445602416992e-01
-4.120926856994628906e-01
-4.121400415897369385e-01
-4.112869203090667725e-01
-4.155957698822021484e-01
-4.123014509677886963e-01
-4.111733734607696533e-01
-4.178554713726043701e-01
-4.136924743652343750e-01
-4.157084524631500244e-01
-4.146692752838134766e-01
-4.150297343730926514e-01
-4.153005480766296387e-01
-4.221746921539306641e-01
-4.164128601551055908e-01
-4.213272333145141602e-01
-4.117785990238189697e-01
-4.135271012783050537e-01
-4.160150885581970215e-01
-4.178389906883239746e-01
-4.173657894134521484e-01
-4.168845117092132568e-01
-4.223754107952117920e-01
-4.165822863578796387e-01
-4.129202067852020264e-01
-4.191853702068328857e-01
-4.183471798896789551e-01
-4.199429750442504883e-01
-4.202949702739715576e-01
-4.194346070289611816e-01
-4.195790290832519531e-01
-4.189407825469970703e-01
-4.216681420803070068e-01
-4.223602414131164551e-01
-4.187376797199249268e-01
-4.191787838935852051e-01
-4.218091666698455811e-01
-4.209953546524047852e-01
-4.189965426921844482e-01
-4.171773195266723633e-01
-4.176407754421234131e-01
-4.211826026439666748e-01
-4.199385344982147217e-01
-4.196350574493408203e-01
-4.229682683944702148e-01
-4.217537045478820801e-01
-4.225616455078125000e-01
-4.227971732616424561e-01
-4.205996096134185791e-01
-4.194174408912658691e-01
-4.223733842372894287e-01
-4.220751225948333740e-01
-4.212501049041748047e-01
-4.253338575363159180e-01
-4.204856455326080322e-01
-4.210093915462493896e-01
-4.215741455554962158e-01
-4.206033349037170410e-01
-4.227722287178039551e-01
-4.248854815959930420e-01
-4.205887019634246826e-01
-4.202767312526702881e-01
-4.198852181434631348e-01
-4.247091710567474365e-01
-4.213775098323822021e-01
-4.246612787246704102e-01
-4.208309352397918701e-01
-4.240916967391967773e-01
-4.243178367614746094e-01
-4.232803285121917725e-01
-4.204254448413848877e-01
-4.250594675540924072e-01
-4.250265359878540039e-01
-4.204011261463165283e-01
-4.223793447017669678e-01
-4.258128702640533447e-01
-4.224589467048645020e-01
-4.210456609725952148e-01
-4.221705198287963867e-01
-4.230799674987792969e-01
-4.228467345237731934e-01
-4.230521321296691895e-01
-4.189984202384948730e-01
-4.214660823345184326e-01
-4.271860122680664062e-01
-4.215815365314483643e-01
-4.239660501480102539e-01
-4.262044429779052734e-01
-4.244844615459442139e-01
-4.243870079517364502e-01
-4.281348884105682373e-01
-4.245972931385040283e-01
-4.234241545200347900e-01
-4.248234331607818604e-01
-4.283394813537597656e-01
-4.239862859249114990e-01
-4.245681762695312500e-01
-4.214261472225189209e-01
-4.267366230487823486e-01
-4.211477637290954590e-01
-4.246350824832916260e-01
-4.230923056602478027e-01
-4.290862083435058594e-01
-4.242258667945861816e-01
-4.252360761165618896e-01
-4.271486103534698486e-01
-4.231578707695007324e-01
-4.270224571228027344e-01
-4.235382080078125000e-01
-4.261906147003173828e-01
-4.249021708965301514e-01
-4.246956706047058105e-01
-4.236200451850891113e-01
-4.239124059677124023e-01
-4.239031970500946045e-01
-4.234633445739746094e-01
-4.262540638446807861e-01
-4.272514581680297852e-01
-4.248603284358978271e-01
-4.246412515640258789e-01
-4.268764555454254150e-01
-4.315162003040313721e-01
-4.260771870613098145e-01
-4.256103336811065674e-01
-4.308724403381347656e-01
-4.248755574226379395e-01
-4.239297807216644287e-01
-4.268099367618560791e-01
-4.256443381309509277e-01
-4.256500899791717529e-01
-4.252943098545074463e-01
-4.269366860389709473e-01
-4.281913340091705322e-01
-4.271341562271118164e-01
-4.267916977405548096e-01
-4.263811409473419189e-01
-4.290198385715484619e-01
-4.256700277328491211e-01
-4.244770407676696777e-01
-4.266244173049926758e-01
-4.251222312450408936e-01
-4.274999499320983887e-01
-4.272494912147521973e-01
-4.277876615524291992e-01
-4.258222877979278564e-01
-4.241360723972320557e-01
-4.261824488639831543e-01
-4.238120317459106445e-01
-4.259223043918609619e-01
-4.267996847629547119e-01
-4.270528256893157959e-01
-4.269532561302185059e-01
-4.272585511207580566e-01
-4.285654425621032715e-01
-4.278421103954315186e-01
-4.265767931938171387e-01
-4.252257049083709717e-01
-4.254115223884582520e-01
-4.256524741649627686e-01
-4.276168346405029297e-01
-4.261970221996307373e-01
-4.259162247180938721e-01
-4.293047487735748291e-01
-4.272044301033020020e-01
-4.273639619350433350e-01
-4.305363893508911133e-01
-4.269425272941589355e-01
-4.247226417064666748e-01
-4.293106794357299805e-01
-4.274586737155914307e-01
-4.262970089912414551e-01
-4.270161092281341553e-01
-4.285535812377929688e-01
-4.272092878818511963e-01
-4.277395606040954590e-01
-4.282483160495758057e-01
-4.277251660823822021e-01
-4.264534413814544678e-01
-4.280350208282470703e-01
-4.277096688747406006e-01
-4.266397058963775635e-01
-4.291612803936004639e-01
-4.291992187500000000e-01
-4.278523921966552734e-01
-4.287478625774383545e-01
-4.289496541023254395e-01
-4.288896620273590088e-01
-4.271928369998931885e-01
-4.291601479053497314e-01
-4.313888251781463623e-01
-4.299276769161224365e-01
-4.271425902843475342e-01
-4.318330287933349609e-01
-4.298246800899505615e-01
-4.350172281265258789e-01
-4.315046370029449463e-01
-4.314548969268798828e-01
-4.311709702014923096e-01
-4.316616356372833252e-01
-4.328538179397583008e-01
-4.302051961421966553e-01
-4.308984279632568359e-01
-4.320419430732727051e-01
-4.289287328720092773e-01
-4.296224117279052734e-01
-4.308154284954071045e-01
-4.317511618137359619e-01
-4.333863258361816406e-01
-4.305290579795837402e-01
-4.349491894245147705e-01
-4.353655874729156494e-01
-4.305185675621032715e-01
-4.311605691909790039e-01
-4.282291233539581299e-01
-4.301774203777313232e-01
-4.311644732952117920e-01
-4.300654232501983643e-01
-4.304640293121337891e-01
-4.301864802837371826e-01
-4.319350421428680420e-01
-4.292540252208709717e-01
-4.309923052787780762e-01
-4.307782053947448730e-01
-4.345552325248718262e-01
-4.325361251831054688e-01
-4.312196075916290283e-01
-4.345347881317138672e-01
-4.314589500427246094e-01
-4.328994154930114746e-01
-4.342318177223205566e-01
-4.306105673313140869e-01
-4.308001697063446045e-01
-4.347737133502960205e-01
-4.316033720970153809e-01
-4.376203715801239014e-01
-4.319359660148620605e-01
-4.304808974266052246e-01
-4.320234358310699463e-01
-4.346627295017242432e-01
-4.351691305637359619e-01
-4.294513165950775146e-01
-4.298982620239257812e-01
-4.340665936470031738e-01
-4.323571920394897461e-01
-4.312433302402496338e-01
-4.331707060337066650e-01
-4.318071305751800537e-01
-4.286898076534271240e-01
-4.317516386508941650e-01
-4.333056807518005371e-01
-4.345045685768127441e-01
-4.296735525131225586e-01
-4.339931905269622803e-01
-4.318912327289581299e-01
-4.316032528877258301e-01
-4.361634850502014160e-01
-4.337611198425292969e-01
-4.347844719886779785e-01
-4.308371841907501221e-01
-4.364514648914337158e-01
-4.319091737270355225e-01
-4.319981634616851807e-01
-4.319102168083190918e-01
-4.326682090759277344e-01
-4.328626692295074463e-01
-4.330785870552062988e-01
-4.344165623188018799e-01
-4.346693754196166992e-01
-4.331764578819274902e-01
-4.338816404342651367e-01
-4.325266778469085693e-01
-4.347504377365112305e-01
-4.363397955894470215e-01
-4.330021739006042480e-01
-4.307893812656402588e-01
-4.326545298099517822e-01
-4.358728826045989990e-01
-4.355241358280181885e-01
-4.334925115108489990e-01
-4.333617091178894043e-01
-4.325781464576721191e-01
-4.310269057750701904e-01
-4.321948289871215820e-01
-4.342913627624511719e-01
-4.333844184875488281e-01
-4.339807033538818359e-01
-4.343028366565704346e-01
-4.336034655570983887e-01
-4.365534484386444092e-01
-4.349018931388854980e-01
-4.335292279720306396e-01
-4.357892572879791260e-01
-4.352149069309234619e-01
-4.346703886985778809e-01
-4.333466291427612305e-01
-4.340371191501617432e-01
-4.336906671524047852e-01
-4.348597526550292969e-01
-4.355616271495819092e-01
-4.341560602188110352e-01
-4.372878372669219971e-01
-4.383122026920318604e-01
-4.351550638675689697e-01
-4.319712519645690918e-01
-4.365186691284179688e-01
-4.350759983062744141e-01
-4.319614470005035400e-01
-4.345269203186035156e-01
-4.344561696052551270e-01
-4.349784851074218750e-01
-4.329591989517211914e-01
-4.337248206138610840e-01
-4.336788952350616455e-01
-4.362868070602416992e-01
-4.351289570331573486e-01
-4.356756508350372314e-01
-4.341255426406860352e-01
-4.350435733795166016e-01
-4.376688897609710693e-01
-4.350600242614746094e-01
-4.370977580547332764e-01
-4.358100891113281250e-01
-4.342046976089477539e-01
-4.369541108608245850e-01
-4.357101321220397949e-01
-4.340536296367645264e-01
-4.379537999629974365e-01
-4.350173473358154297e-01
-4.339672625064849854e-01
-4.366955459117889404e-01
-4.367018342018127441e-01
-4.335730075836181641e-01
-4.352959692478179932e-01
-4.344163239002227783e-01
-4.357758760452270508e-01
-4.375967383384704590e-01
-4.356045424938201904e-01
-4.330481588840484619e-01
-4.363681972026824951e-01
-4.375546574592590332e-01
-4.343033432960510254e-01
-4.363253712654113770e-01
-4.337371587753295898e-01
-4.354806840419769287e-01
-4.357824623584747314e-01
-4.379603862762451172e-01
-4.360989928245544434e-01
-4.337390661239624023e-01
-4.341681599617004395e-01
-4.343080818653106689e-01
-4.360587000846862793e-01
-4.339076876640319824e-01
-4.338854253292083740e-01
-4.357030689716339111e-01
-4.340053498744964600e-01
-4.358809590339660645e-01
-4.369409680366516113e-01
-4.341533184051513672e-01
-4.359819889068603516e-01
-4.361236989498138428e-01
-4.340686500072479248e-01
-4.367650747299194336e-01
-4.378441870212554932e-01
-4.357421994209289551e-01
-4.371781051158905029e-01
-4.360618889331817627e-01
-4.361907541751861572e-01
-4.351369440555572510e-01
-4.373129606246948242e-01
-4.379431605339050293e-01
-4.337750375270843506e-01
-4.345573186874389648e-01
-4.370587766170501709e-01
-4.352124035358428955e-01
-4.369198679924011230e-01
-4.367405474185943604e-01
-4.333472251892089844e-01
-4.367367923259735107e-01
-4.359989464282989502e-01
-4.361943304538726807e-01
-4.355368614196777344e-01
-4.334523379802703857e-01
-4.350198507308959961e-01
-4.337223768234252930e-01
-4.363799393177032471e-01
-4.362160265445709229e-01
-4.360562562942504883e-01
-4.386271238327026367e-01
-4.344191253185272217e-01
-4.358306229114532471e-01
-4.390759170055389404e-01
-4.366391599178314209e-01
-4.350962638854980469e-01
-4.362851977348327637e-01
-4.345917701721191406e-01
-4.366587996482849121e-01
-4.335280060768127441e-01
-4.350001215934753418e-01
-4.339528083801269531e-01
-4.364823102951049805e-01
-4.366376399993896484e-01
-4.355673789978027344e-01
-4.362705051898956299e-01
-4.355165362358093262e-01
-4.361136555671691895e-01
-4.343518614768981934e-01
-4.353873431682586670e-01
-4.351638257503509521e-01
-4.370145797729492188e-01
-4.354180395603179932e-01
-4.381309747695922852e-01
-4.351245462894439697e-01
-4.365615546703338623e-01
-4.355143904685974121e-01
-4.387262165546417236e-01
-4.359290003776550293e-01
-4.352615475654602051e-01
-4.367022514343261719e-01
-4.376122653484344482e-01
-4.366267323493957520e-01
-4.360316693782806396e-01
-4.373489618301391602e-01
-4.341661930084228516e-01
-4.400606751441955566e-01
-4.370039999485015869e-01
-4.395783543586730957e-01
-4.377568662166595459e-01
-4.363849461078643799e-01
-4.373126924037933350e-01
-4.348168671131134033e-01
-4.372366666793823242e-01
-4.380759894847869873e-01
-4.350857138633728027e-01
-4.383428990840911865e-01
-4.365183413028717041e-01
-4.368357360363006592e-01
-4.390893876552581787e-01
-4.370129704475402832e-01
-4.361566603183746338e-01
-4.379452466964721680e-01
-4.365257918834686279e-01
-4.358209967613220215e-01
-4.398329257965087891e-01
-4.371743202209472656e-01
-4.389753937721252441e-01
-4.378888905048370361e-01
-4.362444877624511719e-01
-4.382737278938293457e-01
-4.368144869804382324e-01
-4.378873407840728760e-01
-4.370622634887695312e-01
-4.377434551715850830e-01
-4.380469322204589844e-01
-4.365460276603698730e-01
-4.376794695854187012e-01
-4.356378316879272461e-01
-4.396727979183197021e-01
-4.359339475631713867e-01
-4.381584525108337402e-01
-4.360540211200714111e-01
-4.374347627162933350e-01
-4.384114146232604980e-01
-4.363560378551483154e-01
-4.366924464702606201e-01
-4.354974031448364258e-01
-4.356224834918975830e-01
-4.376872181892395020e-01
-4.389640390872955322e-01
-4.339475333690643311e-01
-4.360953271389007568e-01
-4.363727867603302002e-01
-4.391361176967620850e-01
-4.373067617416381836e-01
-4.406789541244506836e-01
-4.395067095756530762e-01
-4.378075599670410156e-01
-4.374733865261077881e-01
-4.396136105060577393e-01
-4.391981065273284912e-01
-4.372256994247436523e-01
-4.368014931678771973e-01
-4.382839500904083252e-01
-4.361177682876586914e-01
-4.349431693553924561e-01
-4.405155777931213379e-01
-4.377354085445404053e-01
-4.354167580604553223e-01
-4.356138408184051514e-01
-4.366919398307800293e-01
-4.403994977474212646e-01
-4.379751682281494141e-01
-4.368171095848083496e-01
-4.391705393791198730e-01
-4.384671449661254883e-01
-4.359685182571411133e-01
-4.365783035755157471e-01
-4.397525489330291748e-01
-4.389389753341674805e-01
-4.395433366298675537e-01
-4.379308521747589111e-01
-4.405809044837951660e-01
-4.389462172985076904e-01
-4.374319016933441162e-01
-4.399172961711883545e-01
-4.402385354042053223e-01
-4.367056190967559814e-01
-4.391716420650482178e-01
-4.388191699981689453e-01
-4.409895241260528564e-01
-4.371533095836639404e-01
-4.387468993663787842e-01
-4.382488429546356201e-01
-4.403353929519653320e-01
-4.371549785137176514e-01
-4.386469423770904541e-01
-4.380002617835998535e-01
-4.371609091758728027e-01
-4.388970434665679932e-01
-4.403618872165679932e-01
-4.396461844444274902e-01
-4.412343204021453857e-01
-4.383833408355712891e-01
-4.384447634220123291e-01
-4.382065832614898682e-01
-4.399520456790924072e-01
-4.399456083774566650e-01
-4.369689822196960449e-01
-4.359756112098693848e-01
-4.370883107185363770e-01
-4.386420845985412598e-01
-4.389182031154632568e-01
-4.407095611095428467e-01
-4.363102316856384277e-01
-4.402523338794708252e-01
-4.403272569179534912e-01
-4.425323605537414551e-01
-4.387837648391723633e-01
-4.383107423782348633e-01
-4.400259256362915039e-01
-4.369175434112548828e-01
-4.386024177074432373e-01
-4.390645623207092285e-01
-4.384464025497436523e-01
-4.388206005096435547e-01
-4.373418688774108887e-01
-4.396160244941711426e-01
-4.402325451374053955e-01
-4.397422671318054199e-01
-4.397673308849334717e-01
-4.380328357219696045e-01
-4.424511492252349854e-01
-4.408996403217315674e-01
-4.379246830940246582e-01
-4.411165118217468262e-01
-4.404689967632293701e-01
-4.381181895732879639e-01
-4.400588274002075195e-01
-4.390544295310974121e-01
-4.395838677883148193e-01
-4.362911581993103027e-01
-4.381116926670074463e-01
-4.377197921276092529e-01
-4.417354166507720947e-01
-4.369654059410095215e-01
-4.392522573471069336e-01
-4.386183917522430420e-01
-4.421670734882354736e-01
-4.376478195190429688e-01
-4.395602345466613770e-01
-4.399693608283996582e-01
-4.381401836872100830e-01
-4.398068189620971680e-01
-4.384304881095886230e-01
-4.406401515007019043e-01
-4.408841431140899658e-01
-4.378608465194702148e-01
-4.393889605998992920e-01
-4.403984546661376953e-01
-4.409935176372528076e-01
-4.372371137142181396e-01
-4.396981596946716309e-01
-4.409967362880706787e-01
-4.379492700099945068e-01
-4.428803622722625732e-01
-4.378567636013031006e-01
-4.376502931118011475e-01
-4.390327036380767822e-01
-4.392770528793334961e-01
-4.391523003578186035e-01
-4.398451745510101318e-01
-4.409430027008056641e-01
-4.407531917095184326e-01
-4.400044679641723633e-01
-4.414110779762268066e-01
-4.413695633411407471e-01
-4.390600621700286865e-01
-4.409873783588409424e-01
-4.411019980907440186e-01
-4.382932186126708984e-01
-4.404540359973907471e-01
-4.411807656288146973e-01
-4.404602348804473877e-01
-4.389961063861846924e-01
-4.394896924495697021e-01
-4.419311583042144775e-01
-4.402586221694946289e-01
-4.374758601188659668e-01
-4.415692389011383057e-01
-4.404968321323394775e-01
-4.405585527420043945e-01
-4.383466839790344238e-01
-4.406503438949584961e-01
-4.397715926170349121e-01
-4.402251243591308594e-01
-4.425898790359497070e-01
-4.401522278785705566e-01
-4.357854127883911133e-01
-4.406471550464630127e-01
-4.380168020725250244e-01
-4.396747648715972900e-01
-4.398026168346405029e-01
-4.387942552566528320e-01
-4.400128722190856934e-01
-4.422431588172912598e-01
-4.440146386623382568e-01
-4.420368969440460205e-01
-4.400187134742736816e-01
-4.396220147609710693e-01
-4.397958517074584961e-01
-4.389192759990692139e-01
-4.391110241413116455e-01
-4.373016357421875000e-01
-4.422345161437988281e-01
-4.421033859252929688e-01
-4.396589696407318115e-01
-4.425015449523925781e-01
-4.402689337730407715e-01
-4.400467872619628906e-01
-4.400875866413116455e-01
-4.406315684318542480e-01
-4.405964612960815430e-01
-4.383485615253448486e-01
-4.400744736194610596e-01
-4.408695995807647705e-01
-4.387667179107666016e-01
-4.387598931789398193e-01
-4.403679668903350830e-01
-4.408373534679412842e-01
-4.392599463462829590e-01
-4.385250806808471680e-01
-4.426660537719726562e-01
-4.407840371131896973e-01
-4.388509988784790039e-01
-4.427264332771301270e-01
-4.418979585170745850e-01
-4.418573975563049316e-01
-4.404809176921844482e-01
-4.404774308204650879e-01
-4.403443038463592529e-01
-4.404497444629669189e-01
-4.433686137199401855e-01
-4.406106770038604736e-01
-4.421909749507904053e-01
-4.433240294456481934e-01
-4.405218064785003662e-01
-4.410841464996337891e-01
-4.398987889289855957e-01
-4.417678415775299072e-01
-4.382385313510894775e-01
-4.385612308979034424e-01
-4.409018754959106445e-01
-4.413640201091766357e-01
-4.413266181945800781e-01
-4.427143037319183350e-01
-4.402041733264923096e-01
-4.434505403041839600e-01
-4.420790374279022217e-01
-4.418939948081970215e-01
-4.401648044586181641e-01
-4.409317672252655029e-01
-4.426138997077941895e-01
-4.411872625350952148e-01
-4.413204491138458252e-01
-4.415585100650787354e-01
-4.406645596027374268e-01
-4.397040903568267822e-01
-4.423716962337493896e-01
-4.458405077457427979e-01
-4.409726560115814209e-01
-4.396577775478363037e-01
-4.411296248435974121e-01
-4.420166611671447754e-01
-4.381933510303497314e-01
-4.390594065189361572e-01
-4.419084191322326660e-01
-4.401406347751617432e-01
-4.406306147575378418e-01
-4.405359029769897461e-01
-4.395301043987274170e-01
-4.407300353050231934e-01
-4.414794445037841797e-01
-4.442163705825805664e-01
-4.424258768558502197e-01
-4.397058188915252686e-01
-4.439094960689544678e-01
-4.399765133857727051e-01
-4.436049759387969971e-01
-4.405364990234375000e-01
-4.429197907447814941e-01
-4.410980641841888428e-01
-4.409537315368652344e-01
-4.434784948825836182e-01
-4.452250599861145020e-01
-4.401376247406005859e-01
-4.440048933029174805e-01
-4.412347376346588135e-01
-4.400663673877716064e-01
-4.426025450229644775e-01
-4.419311285018920898e-01
-4.390696585178375244e-01
-4.418546855449676514e-01
-4.425164461135864258e-01
-4.463464021682739258e-01
-4.432591795921325684e-01
-4.437494575977325439e-01
-4.449040293693542480e-01
-4.439040422439575195e-01
-4.435223340988159180e-01
-4.425936937332153320e-01
-4.402566850185394287e-01
-4.428723156452178955e-01
-4.415171742439270020e-01
-4.401773214340209961e-01
-4.418857991695404053e-01
-4.425310194492340088e-01
-4.424434304237365723e-01
-4.396884739398956299e-01
-4.433830082416534424e-01
-4.420087337493896484e-01
-4.389786720275878906e-01
-4.423563778400421143e-01
-4.397514164447784424e-01
-4.407560825347900391e-01
-4.433327019214630127e-01
-4.402569234371185303e-01
-4.400451779365539551e-01
-4.436098635196685791e-01
-4.454797506332397461e-01
-4.423025548458099365e-01
-4.457070231437683105e-01
-4.415885210037231445e-01
-4.449296891689300537e-01
-4.423216581344604492e-01
-4.424376189708709717e-01
-4.455184638500213623e-01
-4.397451579570770264e-01
-4.409530758857727051e-01
-4.446019828319549561e-01
-4.407994449138641357e-01
-4.403651058673858643e-01
-4.401466548442840576e-01
-4.419680237770080566e-01
-4.442784488201141357e-01
-4.444746077060699463e-01
-4.455820024013519287e-01
-4.434295594692230225e-01
-4.441853761672973633e-01
-4.428344666957855225e-01
-4.460696280002593994e-01
-4.440576136112213135e-01
-4.432755410671234131e-01
-4.410712718963623047e-01
-4.428448975086212158e-01
-4.430297017097473145e-01
-4.407833218574523926e-01
-4.434275031089782715e-01
-4.421122968196868896e-01
-4.442782998085021973e-01
-4.463289678096771240e-01
-4.433550238609313965e-01
-4.462364315986633301e-01
-4.442470073699951172e-01
-4.428277909755706787e-01
-4.452106952667236328e-01
-4.440836012363433838e-01
-4.427327513694763184e-01
-4.427067935466766357e-01
-4.417648315429687500e-01
-4.426527023315429688e-01
-4.430356323719024658e-01
-4.434494078159332275e-01
-4.432055652141571045e-01
-4.449928700923919678e-01
-4.472452700138092041e-01
-4.438231885433197021e-01
-4.432213008403778076e-01
-4.406678080558776855e-01
-4.449642598628997803e-01
-4.435215592384338379e-01
-4.440320134162902832e-01
-4.423594772815704346e-01
-4.455139040946960449e-01
-4.448021054267883301e-01
-4.427823126316070557e-01
-4.433965981006622314e-01
-4.449887573719024658e-01
-4.459581971168518066e-01
-4.442380964756011963e-01
-4.449419081211090088e-01
-4.453077018260955811e-01
-4.432734549045562744e-01
-4.443682432174682617e-01
-4.433862268924713135e-01
-4.426648020744323730e-01
-4.437553584575653076e-01
-4.454540908336639404e-01
-4.433594346046447754e-01
-4.469974935054779053e-01
-4.440365731716156006e-01
-4.440210759639739990e-01
-4.437320530414581299e-01
-4.462660849094390869e-01
-4.427752792835235596e-01
-4.441877305507659912e-01
-4.439000487327575684e-01
-4.469921290874481201e-01
-4.453009665012359619e-01
-4.439949095249176025e-01
-4.453428387641906738e-01
-4.450173377990722656e-01
-4.439488053321838379e-01
-4.448348283767700195e-01
-4.455658495426177979e-01
-4.452578127384185791e-01
-4.452268183231353760e-01
-4.446124434471130371e-01
-4.461790025234222412e-01
-4.472933411598205566e-01
-4.442421197891235352e-01
-4.450360238552093506e-01
-4.443354010581970215e-01
-4.446539878845214844e-01
-4.448381364345550537e-01
-4.450281858444213867e-01
-4.460599422454833984e-01
-4.460904598236083984e-01
-4.431265294551849365e-01
-4.468768835067749023e-01
-4.464135169982910156e-01
-4.443467259407043457e-01
-4.475013911724090576e-01
-4.456286132335662842e-01
-4.434738159179687500e-01
-4.447957873344421387e-01
-4.462466537952423096e-01
-4.439682066440582275e-01
-4.466095566749572754e-01
-4.462229907512664795e-01
-4.461488723754882812e-01
-4.459635317325592041e-01
-4.439142644405364990e-01
-4.448904991149902344e-01
-4.466432631015777588e-01
-4.458529055118560791e-01
-4.484169185161590576e-01
-4.455818533897399902e-01
-4.470939934253692627e-01
-4.461113810539245605e-01
-4.476431012153625488e-01
-4.460580348968505859e-01
-4.493976533412933350e-01
-4.453319013118743896e-01
-4.460105597972869873e-01
-4.458017051219940186e-01
-4.473367929458618164e-01
-4.456676542758941650e-01
-4.420830011367797852e-01
-4.471721351146697998e-01
-4.479112029075622559e-01
-4.426259994506835938e-01
-4.463578462600708008e-01
-4.466291666030883789e-01
-4.479350447654724121e-01
-4.474821686744689941e-01
-4.459487795829772949e-01
-4.466663300991058350e-01
-4.483078420162200928e-01
-4.503260552883148193e-01
-4.446928799152374268e-01
-4.466289579868316650e-01
-4.472694098949432373e-01
-4.463087022304534912e-01
-4.446525573730468750e-01
-4.474532604217529297e-01
-4.459074437618255615e-01
-4.449537694454193115e-01
-4.480563104152679443e-01
