7.759175896644592285e-01
5.162408351898193359e-01
2.752200961112976074e-01
5.768142640590667725e-02
-6.832018494606018066e-02
-1.642787158489227295e-01
-2.246256023645401001e-01
-2.492159008979797363e-01
-2.704986631870269775e-01
-2.620666027069091797e-01
-2.602091729640960693e-01
-2.614350318908691406e-01
-2.509239017963409424e-01
-2.381704151630401611e-01
-2.454971373081207275e-01
-2.350329309701919556e-01
-2.373137027025222778e-01
-2.229516953229904175e-01
-2.263735532760620117e-01
-2.300656288862228394e-01
-2.344540953636169434e-01
-2.356072515249252319e-01
-2.286290228366851807e-01
-2.373092025518417358e-01
-2.378426343202590942e-01
-2.427404224872589111e-01
-2.493644952774047852e-01
-2.588070333003997803e-01
-2.670046985149383545e-01
-2.685847282409667969e-01
-2.601274549961090088e-01
-2.687568366527557373e-01
-2.868650257587432861e-01
-2.832684516906738281e-01
-2.932206988334655762e-01
-2.967336475849151611e-01
-3.007365763187408447e-01
-3.028975129127502441e-01
-3.058131039142608643e-01
-3.028697371482849121e-01
-2.967693507671356201e-01
-2.971590459346771240e-01
-2.941165268421173096e-01
-2.906924486160278320e-01
-2.824261486530303955e-01
-2.989687025547027588e-01
-3.075128197669982910e-01
-2.904681861400604248e-01
-2.819397449493408203e-01
-2.916197180747985840e-01
-3.061934709548950195e-01
-3.080687820911407471e-01
-3.101196289062500000e-01
-2.998414337635040283e-01
-3.003067374229431152e-01
-3.071381151676177979e-01
-3.089971840381622314e-01
-3.091525435447692871e-01
-2.981291413307189941e-01
-3.185456395149230957e-01
-3.116671144962310791e-01
-2.966154813766479492e-01
-3.171507716178894043e-01
-3.121796846389770508e-01
-3.109016120433807373e-01
-3.185797035694122314e-01
-3.124012351036071777e-01
-3.112007975578308105e-01
-3.119698464870452881e-01
-3.118887543678283691e-01
-3.254357278347015381e-01
-3.192541003227233887e-01
-3.113328218460083008e-01
-3.288865387439727783e-01
-3.101356327533721924e-01
-3.131082653999328613e-01
-3.142772912979125977e-01
-3.083117604255676270e-01
-3.238947689533233643e-01
-3.250681757926940918e-01
-3.266261518001556396e-01
-3.225546777248382568e-01
-3.245547413825988770e-01
-3.292542695999145508e-01
-3.244415223598480225e-01
-3.263083398342132568e-01
-3.271089494228363037e-01
-3.270524144172668457e-01
-3.267778754234313965e-01
-3.266399502754211426e-01
-3.352856934070587158e-01
-3.248299658298492432e-01
-3.402219712734222412e-01
-3.276710808277130127e-01
-3.341518938541412354e-01
-3.325153887271881104e-01
-3.261984288692474365e-01
-3.279621601104736328e-01
-3.200505971908569336e-01
-3.332521915435791016e-01
-3.311194479465484619e-01
-3.409907221794128418e-01
-3.415756821632385254e-01
-3.344916999340057373e-01
-3.433547019958496094e-01
-3.370682895183563232e-01
-3.383873403072357178e-01
-3.402130305767059326e-01
-3.290812969207763672e-01
-3.451131582260131836e-01
-3.471543490886688232e-01
-3.431541919708251953e-01
-3.440842628479003906e-01
-3.476627767086029053e-01
-3.426027894020080566e-01
-3.565893471240997314e-01
-3.490419387817382812e-01
-3.519073426723480225e-01
-3.460972309112548828e-01
-3.421501517295837402e-01
-3.416911959648132324e-01
-3.507853448390960693e-01
-3.455973565578460693e-01
-3.530847728252410889e-01
-3.523987829685211182e-01
-3.412576913833618164e-01
-3.497183322906494141e-01
-3.491735756397247314e-01
-3.508603572845458984e-01
-3.462739884853363037e-01
-3.552827239036560059e-01
-3.544995188713073730e-01
-3.562902808189392090e-01
-3.538559079170227051e-01
-3.534404933452606201e-01
-3.538338840007781982e-01
-3.612716197967529297e-01
-3.570649325847625732e-01
-3.638372421264648438e-01
-3.693085014820098877e-01
-3.673797547817230225e-01
-3.620035350322723389e-01
-3.631682097911834717e-01
-3.668809831142425537e-01
-3.673742115497589111e-01
-3.700523972511291504e-01
-3.761687874794006348e-01
-3.799709081649780273e-01
-3.750804364681243896e-01
-3.758931457996368408e-01
-3.758471310138702393e-01
-3.842387199401855469e-01
-3.805103600025177002e-01
-3.879722952842712402e-01
-3.825385868549346924e-01
-3.881364166736602783e-01
-3.849495351314544678e-01
-3.953214585781097412e-01
-3.915736079216003418e-01
-3.811862170696258545e-01
-3.923541903495788574e-01
-3.911017477512359619e-01
-3.890733420848846436e-01
-3.892508149147033691e-01
-3.890162408351898193e-01
-3.877488672733306885e-01
-3.913339376449584961e-01
-3.930128812789916992e-01
-3.877400159835815430e-01
-3.923967182636260986e-01
-3.916183412075042725e-01
-3.919162452220916748e-01
-3.944523334503173828e-01
-3.981104195117950439e-01
-3.995282053947448730e-01
-3.998901546001434326e-01
-3.985416293144226074e-01
-4.032940566539764404e-01
-3.960461914539337158e-01
-3.956035673618316650e-01
-3.936762809753417969e-01
-3.990092575550079346e-01
-4.029736816883087158e-01
-3.996306657791137695e-01
-4.015169143676757812e-01
-3.996126353740692139e-01
-4.008267223834991455e-01
-4.068734645843505859e-01
-4.072698652744293213e-01
-3.975227177143096924e-01
-4.006159603595733643e-01
-3.992431759834289551e-01
-3.991218507289886475e-01
-4.110500812530517578e-01
-4.008182287216186523e-01
-4.066854119300842285e-01
-4.043273925781250000e-01
-4.035742878913879395e-01
-4.047645628452301025e-01
-4.049937129020690918e-01
-4.008799493312835693e-01
-4.054703414440155029e-01
-3.988749384880065918e-01
-4.088006317615509033e-01
-4.060772061347961426e-01
-4.030440151691436768e-01
-4.025319218635559082e-01
-4.070315361022949219e-01
-4.056419730186462402e-01
-4.079881608486175537e-01
-4.035508334636688232e-01
-4.101616740226745605e-01
-4.083911180496215820e-01
-4.089475572109222412e-01
-4.043850004673004150e-01
-4.112899899482727051e-01
-4.080769419670104980e-01
-4.071167707443237305e-01
-4.097266197204589844e-01
-4.089747369289398193e-01
-4.102279543876647949e-01
-4.111686944961547852e-01
-4.079101383686065674e-01
-4.121119379997253418e-01
-4.126734137535095215e-01
-4.112541377544403076e-01
-4.083729088306427002e-01
-4.117611050605773926e-01
-4.069573283195495605e-01
-4.067381620407104492e-01
-4.071481227874755859e-01
-4.105953276157379150e-01
-4.142051041126251221e-01
-4.080480337142944336e-01
-4.104895591735839844e-01
-4.097771048545837402e-01
-4.130994379520416260e-01
-4.113352894783020020e-01
-4.135265648365020752e-01
-4.129682183265686035e-01
-4.123882353305816650e-01
-4.109512865543365479e-01
-4.099121093750000000e-01
-4.118340611457824707e-01
-4.125184118747711182e-01
-4.135485291481018066e-01
-4.149620831012725830e-01
-4.123660922050476074e-01
-4.111846387386322021e-01
-4.142743051052093506e-01
-4.113126695156097412e-01
-4.139445722103118896e-01
-4.108494222164154053e-01
-4.131084084510803223e-01
-4.132761955261230469e-01
-4.107854068279266357e-01
-4.169224202632904053e-01
-4.137876033782958984e-01
-4.156727790832519531e-01
-4.152131974697113037e-01
-4.126922786235809326e-01
-4.143899083137512207e-01
-4.112118482589721680e-01
-4.133378863334655762e-01
-4.157344400882720947e-01
-4.121791720390319824e-01
-4.116921424865722656e-01
-4.136701226234436035e-01
-4.171003997325897217e-01
-4.134010076522827148e-01
-4.137515723705291748e-01
-4.140899479389190674e-01
-4.169487655162811279e-01
-4.127530157566070557e-01
-4.147656857967376709e-01
-4.155316650867462158e-01
-4.126976728439331055e-01
-4.143674969673156738e-01
-4.192398190498352051e-01
-4.147891700267791748e-01
-4.146021604537963867e-01
-4.172666668891906738e-01
-4.170250892639160156e-01
-4.139991998672485352e-01
-4.168336689472198486e-01
-4.143192172050476074e-01
-4.165545403957366943e-01
-4.175276458263397217e-01
-4.171049892902374268e-01
-4.148783683776855469e-01
-4.160025715827941895e-01
-4.161644279956817627e-01
-4.219841957092285156e-01
-4.161358475685119629e-01
-4.148443341255187988e-01
-4.169283807277679443e-01
-4.134285748004913330e-01
-4.226765036582946777e-01
-4.220056831836700439e-01
-4.204696714878082275e-01
-4.208739697933197021e-01
-4.224548935890197754e-01
-4.183823764324188232e-01
-4.196129739284515381e-01
-4.185577332973480225e-01
-4.179067015647888184e-01
-4.170657992362976074e-01
-4.182236492633819580e-01
-4.190906882286071777e-01
-4.193609356880187988e-01
-4.201077222824096680e-01
-4.149656593799591064e-01
-4.193581044673919678e-01
-4.209267497062683105e-01
-4.210873544216156006e-01
-4.189979135990142822e-01
-4.188114106655120850e-01
-4.174590110778808594e-01
-4.137035012245178223e-01
-4.192135632038116455e-01
-4.167374670505523682e-01
-4.203057885169982910e-01
-4.223647415637969971e-01
-4.193695187568664551e-01
-4.184534847736358643e-01
-4.167709946632385254e-01
-4.214295148849487305e-01
-4.218010306358337402e-01
-4.204170703887939453e-01
-4.225041568279266357e-01
-4.215217232704162598e-01
-4.185310900211334229e-01
-4.199053645133972168e-01
-4.174230992794036865e-01
-4.191281497478485107e-01
-4.169510602951049805e-01
-4.227131009101867676e-01
-4.274241924285888672e-01
-4.207111597061157227e-01
-4.179069995880126953e-01
-4.196965992450714111e-01
-4.223209321498870850e-01
-4.204819202423095703e-01
-4.198780655860900879e-01
-4.176345765590667725e-01
-4.221065044403076172e-01
-4.213379323482513428e-01
-4.190974533557891846e-01
-4.202219545841217041e-01
-4.205298721790313721e-01
-4.178243279457092285e-01
-4.214052557945251465e-01
-4.246145486831665039e-01
-4.210940003395080566e-01
-4.176193475723266602e-01
-4.228222072124481201e-01
-4.199360311031341553e-01
-4.220305681228637695e-01
-4.244104027748107910e-01
-4.200758635997772217e-01
-4.232004582881927490e-01
-4.209419190883636475e-01
-4.249111413955688477e-01
-4.208458960056304932e-01
-4.217045903205871582e-01
-4.234951138496398926e-01
-4.193037748336791992e-01
-4.219566285610198975e-01
-4.193122684955596924e-01
-4.212873578071594238e-01
-4.226256012916564941e-01
-4.206116497516632080e-01
-4.197126328945159912e-01
-4.236983060836791992e-01
-4.236312806606292725e-01
-4.231073260307312012e-01
-4.191829860210418701e-01
-4.216012060642242432e-01
-4.181714951992034912e-01
-4.217988550662994385e-01
-4.180814921855926514e-01
-4.216125905513763428e-01
-4.243120849132537842e-01
-4.203768968582153320e-01
-4.215658009052276611e-01
-4.241715073585510254e-01
-4.250409007072448730e-01
-4.204950630664825439e-01
-4.201480150222778320e-01
-4.217091202735900879e-01
-4.217058122158050537e-01
-4.217017292976379395e-01
-4.236617684364318848e-01
-4.250834286212921143e-01
-4.249892532825469971e-01
-4.226300120353698730e-01
-4.202918708324432373e-01
-4.226967692375183105e-01
-4.230561256408691406e-01
-4.238363206386566162e-01
-4.221173226833343506e-01
-4.233042597770690918e-01
-4.239340126514434814e-01
-4.238090515136718750e-01
-4.253596067428588867e-01
-4.243251979351043701e-01
-4.202033579349517822e-01
-4.224456250667572021e-01
-4.221722185611724854e-01
-4.201396405696868896e-01
-4.208143949508666992e-01
-4.229754507541656494e-01
-4.215660393238067627e-01
-4.221694171428680420e-01
-4.200358390808105469e-01
-4.226166903972625732e-01
-4.232436120510101318e-01
-4.235232770442962646e-01
-4.235075116157531738e-01
-4.247675836086273193e-01
-4.242845475673675537e-01
-4.272459149360656738e-01
-4.235837161540985107e-01
-4.229445755481719971e-01
-4.254485368728637695e-01
-4.214041829109191895e-01
-4.244163930416107178e-01
-4.223143756389617920e-01
-4.263030886650085449e-01
-4.244003891944885254e-01
-4.258191585540771484e-01
-4.215699434280395508e-01
-4.227036237716674805e-01
-4.261265993118286133e-01
-4.236902594566345215e-01
-4.254346191883087158e-01
-4.222515225410461426e-01
-4.240353405475616455e-01
-4.254917800426483154e-01
-4.255358278751373291e-01
-4.212757647037506104e-01
-4.208940565586090088e-01
-4.274083971977233887e-01
-4.219840466976165771e-01
-4.235582649707794189e-01
-4.275231957435607910e-01
-4.228177070617675781e-01
-4.263879656791687012e-01
-4.238880574703216553e-01
-4.256432354450225830e-01
-4.249836206436157227e-01
-4.252069592475891113e-01
-4.264190495014190674e-01
-4.246519207954406738e-01
-4.221109449863433838e-01
-4.229946732521057129e-01
-4.281300604343414307e-01
-4.219474494457244873e-01
-4.289619028568267822e-01
-4.287002682685852051e-01
-4.214633703231811523e-01
-4.254298806190490723e-01
-4.263297319412231445e-01
-4.256184697151184082e-01
-4.243534207344055176e-01
-4.253234863281250000e-01
-4.219243824481964111e-01
-4.232231974601745605e-01
-4.255491495132446289e-01
-4.225869774818420410e-01
-4.240007400512695312e-01
-4.233973920345306396e-01
-4.243636429309844971e-01
-4.274419248104095459e-01
-4.255066215991973877e-01
-4.258415997028350830e-01
-4.260663390159606934e-01
-4.287893176078796387e-01
-4.252999126911163330e-01
-4.252644777297973633e-01
-4.248016178607940674e-01
-4.249424934387207031e-01
-4.228264093399047852e-01
-4.242570698261260986e-01
-4.251476824283599854e-01
-4.210374355316162109e-01
-4.238331615924835205e-01
-4.238657951354980469e-01
-4.284676015377044678e-01
-4.243642091751098633e-01
-4.253280758857727051e-01
-4.246296286582946777e-01
-4.258175194263458252e-01
-4.281131923198699951e-01
-4.257020056247711182e-01
-4.262324571609497070e-01
-4.264578819274902344e-01
-4.232983291149139404e-01
-4.235283732414245605e-01
-4.236771762371063232e-01
-4.235029220581054688e-01
-4.222752153873443604e-01
-4.274706542491912842e-01
-4.251396954059600830e-01
-4.230203330516815186e-01
-4.275434613227844238e-01
-4.247145652770996094e-01
-4.227265119552612305e-01
-4.243392348289489746e-01
-4.266594052314758301e-01
-4.228030741214752197e-01
-4.255412817001342773e-01
-4.242992997169494629e-01
-4.266593158245086670e-01
-4.229656755924224854e-01
-4.250148832798004150e-01
-4.262249767780303955e-01
-4.244746565818786621e-01
-4.252891242504119873e-01
-4.242443740367889404e-01
-4.234697520732879639e-01
-4.264335632324218750e-01
-4.267842173576354980e-01
-4.273947179317474365e-01
-4.260898828506469727e-01
-4.253538548946380615e-01
-4.259945750236511230e-01
-4.267570376396179199e-01
-4.259302914142608643e-01
-4.268819689750671387e-01
-4.275698363780975342e-01
-4.276319742202758789e-01
-4.258722662925720215e-01
-4.251193106174468994e-01
-4.243121743202209473e-01
-4.275877773761749268e-01
-4.294240474700927734e-01
-4.248782992362976074e-01
-4.289340674877166748e-01
-4.274493455886840820e-01
-4.252948462963104248e-01
-4.269020557403564453e-01
-4.273853003978729248e-01
-4.247049093246459961e-01
-4.277111887931823730e-01
-4.246509969234466553e-01
-4.256073534488677979e-01
-4.276511669158935547e-01
-4.270581603050231934e-01
-4.250333607196807861e-01
-4.282056391239166260e-01
-4.251796007156372070e-01
-4.267315566539764404e-01
-4.259049594402313232e-01
-4.281353652477264404e-01
-4.242165386676788330e-01
-4.268330037593841553e-01
-4.249027371406555176e-01
-4.311247467994689941e-01
-4.305703043937683105e-01
-4.269806444644927979e-01
-4.293962121009826660e-01
-4.245681166648864746e-01
-4.283677935600280762e-01
-4.275111556053161621e-01
-4.262704551219940186e-01
-4.244539141654968262e-01
-4.251957535743713379e-01
-4.262375533580780029e-01
-4.281567931175231934e-01
-4.269114434719085693e-01
-4.278524816036224365e-01
-4.246385991573333740e-01
-4.252328872680664062e-01
-4.235333502292633057e-01
-4.259248971939086914e-01
-4.280577600002288818e-01
-4.281819164752960205e-01
-4.250375032424926758e-01
-4.278627336025238037e-01
-4.293596744537353516e-01
-4.288351237773895264e-01
-4.285719096660614014e-01
-4.263337850570678711e-01
-4.245537817478179932e-01
-4.270943403244018555e-01
-4.272960722446441650e-01
-4.243786931037902832e-01
-4.273437857627868652e-01
-4.266279935836791992e-01
-4.277788996696472168e-01
-4.236704707145690918e-01
-4.280143678188323975e-01
-4.250595569610595703e-01
-4.237502813339233398e-01
-4.298132061958312988e-01
-4.272880852222442627e-01
-4.251918196678161621e-01
-4.293228089809417725e-01
-4.269159138202667236e-01
-4.288731813430786133e-01
-4.296648204326629639e-01
-4.266436994075775146e-01
-4.271735250949859619e-01
-4.296584725379943848e-01
-4.287919998168945312e-01
-4.300831258296966553e-01
-4.295336604118347168e-01
-4.268837273120880127e-01
-4.293303787708282471e-01
-4.256971776485443115e-01
-4.309105277061462402e-01
-4.275668263435363770e-01
-4.293814003467559814e-01
-4.293052554130554199e-01
-4.304543435573577881e-01
-4.291580617427825928e-01
-4.271317124366760254e-01
-4.295483827590942383e-01
-4.277110099792480469e-01
-4.302026331424713135e-01
-4.295180737972259521e-01
-4.312484264373779297e-01
-4.327064156532287598e-01
-4.305095970630645752e-01
-4.299712479114532471e-01
-4.285397231578826904e-01
-4.303347468376159668e-01
-4.317050874233245850e-01
-4.277196526527404785e-01
-4.268949627876281738e-01
-4.254659414291381836e-01
-4.294558167457580566e-01
-4.293649494647979736e-01
-4.296646714210510254e-01
-4.303721189498901367e-01
-4.316302537918090820e-01
-4.292064905166625977e-01
-4.285826385021209717e-01
-4.276958703994750977e-01
-4.296917319297790527e-01
-4.315783083438873291e-01
-4.265794157981872559e-01
-4.285685420036315918e-01
-4.331330358982086182e-01
-4.307623207569122314e-01
-4.282803535461425781e-01
-4.301711320877075195e-01
-4.317187964916229248e-01
-4.300277531147003174e-01
-4.308384954929351807e-01
-4.291846752166748047e-01
-4.297240078449249268e-01
-4.302074611186981201e-01
-4.293082356452941895e-01
-4.312064945697784424e-01
-4.311289787292480469e-01
-4.301728308200836182e-01
-4.288097321987152100e-01
-4.284143149852752686e-01
-4.289585053920745850e-01
-4.301296472549438477e-01
-4.312636852264404297e-01
-4.297282099723815918e-01
-4.282880723476409912e-01
-4.333402812480926514e-01
-4.276948869228363037e-01
-4.267890453338623047e-01
-4.311754107475280762e-01
-4.291807413101196289e-01
-4.274128079414367676e-01
-4.297384619712829590e-01
-4.306197166442871094e-01
-4.317524433135986328e-01
-4.312092065811157227e-01
-4.298813343048095703e-01
-4.310093522071838379e-01
-4.288326799869537354e-01
-4.282292425632476807e-01
-4.316924512386322021e-01
-4.307373166084289551e-01
-4.289546012878417969e-01
-4.293981194496154785e-01
-4.292533099651336670e-01
-4.279863834381103516e-01
-4.293068647384643555e-01
-4.308025538921356201e-01
-4.308222532272338867e-01
-4.303225278854370117e-01
-4.305750131607055664e-01
-4.291681647300720215e-01
-4.312753677368164062e-01
-4.283557236194610596e-01
-4.314026236534118652e-01
-4.270958602428436279e-01
-4.286510050296783447e-01
-4.288451969623565674e-01
-4.321136176586151123e-01
-4.289115965366363525e-01
-4.296870827674865723e-01
-4.287252724170684814e-01
-4.308587014675140381e-01
-4.309701919555664062e-01
-4.295978844165802002e-01
-4.350149631500244141e-01
-4.300787448883056641e-01
-4.309728145599365234e-01
-4.303814172744750977e-01
-4.316786229610443115e-01
-4.277017712593078613e-01
-4.356067478656768799e-01
-4.300309121608734131e-01
-4.313333630561828613e-01
-4.279515445232391357e-01
-4.325321018695831299e-01
-4.321725666522979736e-01
-4.320513904094696045e-01
-4.329870939254760742e-01
-4.298622608184814453e-01
-4.303146898746490479e-01
-4.323698282241821289e-01
-4.305234551429748535e-01
-4.299110770225524902e-01
-4.289863705635070801e-01
-4.331615865230560303e-01
-4.292927682399749756e-01
-4.328621327877044678e-01
-4.330762922763824463e-01
-4.309191703796386719e-01
-4.338864088058471680e-01
-4.308875501155853271e-01
-4.310266077518463135e-01
-4.305140078067779541e-01
-4.287307858467102051e-01
-4.301486313343048096e-01
-4.313370585441589355e-01
-4.310813248157501221e-01
-4.280709922313690186e-01
-4.305316805839538574e-01
-4.319386780261993408e-01
-4.314623475074768066e-01
-4.306243360042572021e-01
-4.320393800735473633e-01
-4.316211640834808350e-01
-4.311953485012054443e-01
-4.266978800296783447e-01
-4.288645982742309570e-01
-4.294365346431732178e-01
-4.319587349891662598e-01
-4.328561425209045410e-01
-4.253429472446441650e-01
-4.308016300201416016e-01
-4.329260289669036865e-01
-4.319376051425933838e-01
-4.305162131786346436e-01
-4.289714097976684570e-01
-4.277797937393188477e-01
-4.348131120204925537e-01
-4.299777150154113770e-01
-4.304968118667602539e-01
-4.299238920211791992e-01
-4.293129742145538330e-01
-4.322715997695922852e-01
-4.342632591724395752e-01
-4.305841028690338135e-01
-4.342558681964874268e-01
-4.310447871685028076e-01
-4.314470887184143066e-01
-4.320275187492370605e-01
-4.331144988536834717e-01
-4.307315051555633545e-01
-4.304877519607543945e-01
-4.315099418163299561e-01
-4.333831667900085449e-01
-4.320701956748962402e-01
-4.318283796310424805e-01
-4.332745075225830078e-01
-4.315112233161926270e-01
-4.326543509960174561e-01
-4.314793050289154053e-01
-4.317009150981903076e-01
-4.286619126796722412e-01
-4.322421848773956299e-01
-4.332153201103210449e-01
-4.315057098865509033e-01
-4.303286671638488770e-01
-4.296705424785614014e-01
-4.321390986442565918e-01
-4.317440688610076904e-01
-4.308708310127258301e-01
-4.317736327648162842e-01
-4.324227869510650635e-01
-4.316689372062683105e-01
-4.320133924484252930e-01
-4.297546446323394775e-01
-4.319500029087066650e-01
-4.324521720409393311e-01
-4.316136538982391357e-01
-4.334082603454589844e-01
-4.316504299640655518e-01
-4.332750737667083740e-01
-4.314245879650115967e-01
-4.295081794261932373e-01
-4.301433265209197998e-01
-4.336304366588592529e-01
-4.319522678852081299e-01
-4.306153059005737305e-01
-4.328007400035858154e-01
-4.316038489341735840e-01
-4.378411173820495605e-01
-4.295478463172912598e-01
-4.328362643718719482e-01
-4.324733912944793701e-01
-4.319201707839965820e-01
-4.315369129180908203e-01
-4.317145645618438721e-01
-4.302684366703033447e-01
-4.330294430255889893e-01
-4.299829006195068359e-01
-4.292520880699157715e-01
-4.315211772918701172e-01
-4.334391653537750244e-01
-4.300881624221801758e-01
-4.320847988128662109e-01
-4.349228441715240479e-01
-4.338127970695495605e-01
-4.314812123775482178e-01
-4.335860610008239746e-01
-4.321527779102325439e-01
-4.315077960491180420e-01
-4.328170120716094971e-01
-4.303386211395263672e-01
-4.302994906902313232e-01
-4.321957528591156006e-01
-4.315704107284545898e-01
-4.307407736778259277e-01
-4.326159954071044922e-01
-4.318740367889404297e-01
-4.331558048725128174e-01
-4.322132766246795654e-01
-4.357088208198547363e-01
-4.325805008411407471e-01
-4.301854968070983887e-01
-4.314632713794708252e-01
-4.347331523895263672e-01
-4.304952323436737061e-01
-4.322437644004821777e-01
-4.305086731910705566e-01
-4.301351308822631836e-01
-4.362438917160034180e-01
-4.325012564659118652e-01
-4.317071735858917236e-01
-4.349292516708374023e-01
-4.330509006977081299e-01
-4.290570020675659180e-01
-4.343688488006591797e-01
-4.326565563678741455e-01
-4.325768947601318359e-01
-4.308643043041229248e-01
-4.322354793548583984e-01
-4.337307810783386230e-01
-4.339120388031005859e-01
-4.323544800281524658e-01
-4.309832751750946045e-01
-4.356184899806976318e-01
-4.328211247920989990e-01
-4.350684881210327148e-01
-4.345759749412536621e-01
-4.308741390705108643e-01
-4.345699548721313477e-01
-4.305049479007720947e-01
-4.327600002288818359e-01
-4.340638518333435059e-01
-4.351125359535217285e-01
-4.301616251468658447e-01
-4.316950738430023193e-01
-4.338215589523315430e-01
-4.311848282814025879e-01
-4.329298436641693115e-01
-4.334068000316619873e-01
-4.344863891601562500e-01
-4.325205385684967041e-01
-4.332689344882965088e-01
-4.328244626522064209e-01
-4.308207929134368896e-01
-4.329862594604492188e-01
-4.344264864921569824e-01
-4.344001710414886475e-01
-4.329695701599121094e-01
-4.313632845878601074e-01
-4.322224855422973633e-01
-4.320743083953857422e-01
-4.313644468784332275e-01
-4.311680197715759277e-01
-4.333819448947906494e-01
-4.345732629299163818e-01
-4.337371885776519775e-01
-4.295529425144195557e-01
-4.324387907981872559e-01
-4.333307147026062012e-01
-4.302657544612884521e-01
-4.303614497184753418e-01
-4.319004118442535400e-01
-4.325200617313385010e-01
-4.344575107097625732e-01
-4.313829243183135986e-01
-4.287707507610321045e-01
-4.304351210594177246e-01
-4.320106804370880127e-01
-4.322535693645477295e-01
-4.322971999645233154e-01
-4.295739233493804932e-01
-4.334989488124847412e-01
-4.331303834915161133e-01
-4.314770400524139404e-01
-4.337976574897766113e-01
-4.309082627296447754e-01
-4.315597116947174072e-01
-4.307184517383575439e-01
-4.319302737712860107e-01
-4.338826239109039307e-01
-4.323196709156036377e-01
-4.331779181957244873e-01
-4.319021105766296387e-01
-4.358019232749938965e-01
-4.328455924987792969e-01
-4.329869449138641357e-01
-4.345743358135223389e-01
-4.352556467056274414e-01
-4.335588514804840088e-01
-4.320479929447174072e-01
-4.344304800033569336e-01
-4.327262043952941895e-01
-4.322915673255920410e-01
-4.324376285076141357e-01
-4.300631582736968994e-01
-4.316429495811462402e-01
-4.333391189575195312e-01
-4.337320625782012939e-01
-4.340405464172363281e-01
-4.300515353679656982e-01
-4.308470487594604492e-01
-4.315140247344970703e-01
-4.323168098926544189e-01
-4.324290752410888672e-01
-4.321143925189971924e-01
-4.304483532905578613e-01
-4.329810142517089844e-01
-4.325241744518280029e-01
-4.335266649723052979e-01
-4.346162974834442139e-01
-4.346682131290435791e-01
-4.341067373752593994e-01
-4.321911633014678955e-01
-4.327606558799743652e-01
-4.338490068912506104e-01
-4.370481073856353760e-01
-4.346654415130615234e-01
-4.343596696853637695e-01
-4.348820745944976807e-01
-4.344035983085632324e-01
-4.346109926700592041e-01
-4.318284988403320312e-01
-4.321516752243041992e-01
-4.326881766319274902e-01
-4.319188892841339111e-01
-4.294799864292144775e-01
-4.340111017227172852e-01
-4.312986433506011963e-01
-4.327135086059570312e-01
-4.337560534477233887e-01
-4.338822662830352783e-01
-4.289634227752685547e-01
-4.338455498218536377e-01
-4.331702291965484619e-01
-4.344348013401031494e-01
-4.306030273437500000e-01
-4.321169853210449219e-01
-4.329133927822113037e-01
-4.320872128009796143e-01
-4.343288242816925049e-01
-4.337309598922729492e-01
-4.328451454639434814e-01
-4.298984408378601074e-01
-4.351093769073486328e-01
-4.347581863403320312e-01
-4.310387670993804932e-01
-4.328611195087432861e-01
-4.342183172702789307e-01
-4.332673847675323486e-01
-4.339491128921508789e-01
-4.317179620265960693e-01
-4.356938898563385010e-01
-4.319767355918884277e-01
-4.337351620197296143e-01
-4.332760274410247803e-01
-4.335176348686218262e-01
-4.352341294288635254e-01
-4.298891127109527588e-01
-4.329862594604492188e-01
