-4.186693578958511353e-02
-1.872103363275527954e-01
-2.317992150783538818e-01
-2.509473562240600586e-01
-2.658424675464630127e-01
-2.694713175296783447e-01
-2.785699963569641113e-01
-2.822037339210510254e-01
-2.982326447963714600e-01
-3.004219830036163330e-01
-2.986687719821929932e-01
-3.071667253971099854e-01
-3.077435493469238281e-01
-3.114407062530517578e-01
-3.097698092460632324e-01
-3.092054426670074463e-01
-3.233439326286315918e-01
-3.217078745365142822e-01
-3.249780833721160889e-01
-3.277659714221954346e-01
-3.359499871730804443e-01
-3.394122421741485596e-01
-3.472771048545837402e-01
-3.500606119632720947e-01
-3.634433150291442871e-01
-3.725553154945373535e-01
-3.689136803150177002e-01
-3.683350682258605957e-01
-3.698217868804931641e-01
-3.700744509696960449e-01
-3.707232773303985596e-01
-3.702721595764160156e-01
-3.700707554817199707e-01
-3.701860308647155762e-01
-3.714701831340789795e-01
-3.749881088733673096e-01
-3.726149201393127441e-01
-3.711607754230499268e-01
-3.736058175563812256e-01
-3.743334710597991943e-01
-3.731487989425659180e-01
-3.732640743255615234e-01
-3.714663386344909668e-01
-3.741694092750549316e-01
-3.734151124954223633e-01
-3.718145787715911865e-01
-3.739262521266937256e-01
-3.765038251876831055e-01
-3.768166601657867432e-01
-3.758698999881744385e-01
-3.768427670001983643e-01
-3.775896131992340088e-01
-3.833060562610626221e-01
-3.847633600234985352e-01
-3.825567066669464111e-01
-3.838132321834564209e-01
-3.850217759609222412e-01
-3.868874013423919678e-01
-3.888458311557769775e-01
-3.889707028865814209e-01
-3.899867534637451172e-01
-3.868842720985412598e-01
-3.904967606067657471e-01
-3.904556930065155029e-01
-3.893887996673583984e-01
-3.917704522609710693e-01
-3.882533609867095947e-01
-3.921614289283752441e-01
-3.931661248207092285e-01
-3.931206166744232178e-01
-3.910532295703887939e-01
-3.926847875118255615e-01
-3.912970721721649170e-01
-3.928419947624206543e-01
-3.917316198348999023e-01
-3.922270834445953369e-01
-3.918776810169219971e-01
-3.938122093677520752e-01
-3.925955295562744141e-01
-3.921641409397125244e-01
-3.937882483005523682e-01
-3.941338360309600830e-01
-3.938624560832977295e-01
-3.943033218383789062e-01
-3.946060836315155029e-01
-3.923436403274536133e-01
-3.946139514446258545e-01
-3.933553993701934814e-01
-3.941183686256408691e-01
-3.951919674873352051e-01
-3.952412307262420654e-01
-3.942084908485412598e-01
-3.944144248962402344e-01
-3.948000371456146240e-01
-3.940259516239166260e-01
-3.932278454303741455e-01
-3.952130675315856934e-01
-3.960772156715393066e-01
-3.940329551696777344e-01
-3.951330482959747314e-01
-3.971436619758605957e-01
-3.939737677574157715e-01
-3.948988616466522217e-01
-3.944281041622161865e-01
-3.949894309043884277e-01
-3.959647715091705322e-01
-3.958068192005157471e-01
-3.971726000308990479e-01
-3.952398300170898438e-01
-3.956230580806732178e-01
-3.953212797641754150e-01
-3.949155211448669434e-01
-3.952890038490295410e-01
-3.967073261737823486e-01
-3.947803676128387451e-01
-3.953384459018707275e-01
-3.965834677219390869e-01
-3.957556188106536865e-01
-3.966065347194671631e-01
-3.941608667373657227e-01
-3.947299420833587646e-01
-3.972026407718658447e-01
-3.960461616516113281e-01
-3.943276107311248779e-01
-3.957139849662780762e-01
-3.955129981040954590e-01
-3.941476047039031982e-01
-3.955493867397308350e-01
-3.957618474960327148e-01
-3.954148292541503906e-01
-3.956428170204162598e-01
-3.955906331539154053e-01
-3.961551785469055176e-01
-3.962584733963012695e-01
-3.950702846050262451e-01
-3.956120610237121582e-01
-3.969883322715759277e-01
-3.962712287902832031e-01
-3.960277736186981201e-01
-3.956920206546783447e-01
-3.954341113567352295e-01
-3.976454436779022217e-01
-3.947826027870178223e-01
-3.959480524063110352e-01
-3.958325088024139404e-01
-3.941504657268524170e-01
-3.966170549392700195e-01
-3.949755132198333740e-01
-3.955392539501190186e-01
-3.958530128002166748e-01
-3.955748379230499268e-01
-3.948521912097930908e-01
-3.941498994827270508e-01
-3.956421911716461182e-01
-3.966402113437652588e-01
-3.947993218898773193e-01
-3.956616818904876709e-01
-3.941412270069122314e-01
-3.947656750679016113e-01
-3.957393765449523926e-01
-3.946229219436645508e-01
-3.960861861705780029e-01
-3.970800638198852539e-01
-3.959034085273742676e-01
-3.959562480449676514e-01
-3.958542346954345703e-01
-3.950975239276885986e-01
-3.959321379661560059e-01
-3.956525325775146484e-01
-3.964831531047821045e-01
-3.937825858592987061e-01
-3.959201872348785400e-01
-3.961961567401885986e-01
-3.961321115493774414e-01
-3.948738276958465576e-01
-3.922969102859497070e-01
-3.956316113471984863e-01
-3.952544629573822021e-01
-3.963196575641632080e-01
-3.956028521060943604e-01
-3.973383307456970215e-01
-3.949880003929138184e-01
-3.962518870830535889e-01
-3.939636945724487305e-01
-3.949417173862457275e-01
-3.978620767593383789e-01
-3.952347636222839355e-01
-3.940732777118682861e-01
-3.970515429973602295e-01
-3.965808749198913574e-01
-3.959907889366149902e-01
-3.963460624217987061e-01
-3.950436413288116455e-01
-3.957540392875671387e-01
-3.965477347373962402e-01
-3.948684632778167725e-01
-3.978081047534942627e-01
-3.967548310756683350e-01
-3.972610533237457275e-01
-3.960539698600769043e-01
-3.954789936542510986e-01
-3.953972458839416504e-01
-3.920899331569671631e-01
-3.977538347244262695e-01
-3.951899707317352295e-01
-3.982272446155548096e-01
-3.962732553482055664e-01
-3.920901417732238770e-01
-3.971461653709411621e-01
-3.971833884716033936e-01
-3.969505131244659424e-01
-3.957583010196685791e-01
-3.950508236885070801e-01
-3.956565856933593750e-01
-3.959769904613494873e-01
-3.955201506614685059e-01
-3.958428204059600830e-01
-3.964069783687591553e-01
-3.964567780494689941e-01
-3.961646854877471924e-01
-3.975932896137237549e-01
-3.971848487854003906e-01
-3.961278200149536133e-01
-3.975569009780883789e-01
-3.980006575584411621e-01
-3.960148096084594727e-01
-3.960286080837249756e-01
-3.970675766468048096e-01
-3.963951766490936279e-01
-3.939906656742095947e-01
-3.981164991855621338e-01
-3.963455855846405029e-01
-3.973809480667114258e-01
-3.957591056823730469e-01
-3.962906002998352051e-01
-3.971412181854248047e-01
-3.977790474891662598e-01
-3.970103263854980469e-01
-3.979417681694030762e-01
-3.975083529949188232e-01
-3.967470824718475342e-01
-3.962602913379669189e-01
-3.950995802879333496e-01
-3.977035582065582275e-01
-3.984267115592956543e-01
-3.954192399978637695e-01
-3.971989154815673828e-01
-3.978739678859710693e-01
-3.976708948612213135e-01
-3.988804221153259277e-01
-3.974199295043945312e-01
-3.971285521984100342e-01
-3.968180418014526367e-01
-3.969180285930633545e-01
-3.977694809436798096e-01
-3.981257975101470947e-01
-3.975150883197784424e-01
-3.976258635520935059e-01
-3.968419134616851807e-01
-3.984003961086273193e-01
-3.961344063282012939e-01
-3.980108201503753662e-01
-3.964347541332244873e-01
-3.956855535507202148e-01
-3.992052674293518066e-01
-3.950094282627105713e-01
-3.979551494121551514e-01
-3.978053629398345947e-01
-3.975883424282073975e-01
-3.970194756984710693e-01
-3.978712558746337891e-01
-3.977902233600616455e-01
-3.959189057350158691e-01
-3.956059813499450684e-01
-3.979623317718505859e-01
-3.962132334709167480e-01
-3.961766660213470459e-01
-3.991879224777221680e-01
-3.976075947284698486e-01
-3.978850245475769043e-01
-3.998023867607116699e-01
-3.972861766815185547e-01
-3.984362781047821045e-01
-3.966043889522552490e-01
-3.979057669639587402e-01
-3.977241814136505127e-01
-3.992063403129577637e-01
-3.958787322044372559e-01
-3.973872363567352295e-01
-3.971707820892333984e-01
-3.985368013381958008e-01
-3.978848159313201904e-01
-3.967601954936981201e-01
-3.986987173557281494e-01
-3.989413380622863770e-01
-3.937191963195800781e-01
-3.966389000415802002e-01
-3.979889452457427979e-01
-3.984067440032958984e-01
-3.975238204002380371e-01
-3.976247012615203857e-01
-3.966298699378967285e-01
-3.981706500053405762e-01
-3.984580039978027344e-01
-3.985841870307922363e-01
-3.991875648498535156e-01
-3.982425630092620850e-01
-3.976371586322784424e-01
-3.972969353199005127e-01
-3.987853527069091797e-01
-3.970340490341186523e-01
-3.982059359550476074e-01
-3.968214094638824463e-01
-3.979189693927764893e-01
-3.980549275875091553e-01
-3.990730047225952148e-01
-3.972049057483673096e-01
-3.963504135608673096e-01
-3.982841670513153076e-01
-3.968519270420074463e-01
-3.973414599895477295e-01
-3.987161815166473389e-01
-3.974695801734924316e-01
-3.981630802154541016e-01
-3.985430896282196045e-01
-3.981895744800567627e-01
-3.978640437126159668e-01
-3.990297913551330566e-01
-3.979821205139160156e-01
-3.989737629890441895e-01
-3.973304629325866699e-01
-3.995678126811981201e-01
-3.976424336433410645e-01
-3.987868726253509521e-01
-3.997742235660552979e-01
-3.970229625701904297e-01
-3.975469470024108887e-01
-3.972121179103851318e-01
-3.978012204170227051e-01
-3.984014689922332764e-01
-3.953504264354705811e-01
-3.981309235095977783e-01
-3.985514342784881592e-01
-3.965927660465240479e-01
-3.974360823631286621e-01
-3.971140384674072266e-01
-4.000036120414733887e-01
-3.995544910430908203e-01
-3.982879519462585449e-01
-3.969978690147399902e-01
-3.983697593212127686e-01
-3.978640139102935791e-01
-3.941708505153656006e-01
-3.971326947212219238e-01
-3.986751139163970947e-01
-3.977852761745452881e-01
-3.988493382930755615e-01
-3.981273174285888672e-01
-3.992852270603179932e-01
-3.976284265518188477e-01
-3.980222642421722412e-01
-3.984909057617187500e-01
-3.990805745124816895e-01
-3.985718786716461182e-01
-3.966345787048339844e-01
-3.976083397865295410e-01
-3.988739848136901855e-01
-3.985619246959686279e-01
-3.986903131008148193e-01
-3.979318737983703613e-01
-3.978756070137023926e-01
-3.991788327693939209e-01
-3.967903554439544678e-01
-3.962873220443725586e-01
-3.991155922412872314e-01
-3.980330228805541992e-01
-3.997925519943237305e-01
-3.982769250869750977e-01
-3.992298543453216553e-01
-3.980932533740997314e-01
-4.009228050708770752e-01
-3.981745541095733643e-01
-3.974998891353607178e-01
-3.988148272037506104e-01
-3.990112841129302979e-01
-3.989384174346923828e-01
-3.980904221534729004e-01
-3.996240198612213135e-01
-3.981628417968750000e-01
-4.004177749156951904e-01
-3.995253443717956543e-01
-3.977464437484741211e-01
-3.982875347137451172e-01
-3.985505402088165283e-01
-3.976036906242370605e-01
-3.976759910583496094e-01
-3.997994065284729004e-01
-4.003095030784606934e-01
-3.976660668849945068e-01
-3.990817964076995850e-01
-3.972977697849273682e-01
-3.993020653724670410e-01
-3.987354636192321777e-01
-3.993830382823944092e-01
-3.980009257793426514e-01
-3.987185657024383545e-01
-3.963923752307891846e-01
-3.996639549732208252e-01
-3.999428153038024902e-01
-3.985122740268707275e-01
-3.997974097728729248e-01
-4.007365107536315918e-01
-3.990944325923919678e-01
-3.981294631958007812e-01
-3.976156115531921387e-01
-3.994260728359222412e-01
-3.978746533393859863e-01
-3.973093032836914062e-01
-3.993485569953918457e-01
-3.990744650363922119e-01
-3.989094793796539307e-01
-3.995762467384338379e-01
-3.984524607658386230e-01
-3.994139134883880615e-01
-4.002149701118469238e-01
-3.986651003360748291e-01
-3.971481919288635254e-01
-3.996821939945220947e-01
-3.984256982803344727e-01
-3.973064720630645752e-01
-3.996954560279846191e-01
-3.993321061134338379e-01
-3.977942168712615967e-01
-3.982716202735900879e-01
-3.986575305461883545e-01
-3.992193639278411865e-01
-3.990939557552337646e-01
-3.981702923774719238e-01
-4.000162184238433838e-01
-3.977627754211425781e-01
-3.977111279964447021e-01
-3.979650735855102539e-01
-3.995626866817474365e-01
-3.968838155269622803e-01
-3.994040489196777344e-01
-3.982804119586944580e-01
-3.981988131999969482e-01
-3.998042047023773193e-01
-3.993316292762756348e-01
-3.981553018093109131e-01
-3.990770280361175537e-01
-3.976949751377105713e-01
-3.994511067867279053e-01
-3.991964161396026611e-01
-3.988904356956481934e-01
-3.988261222839355469e-01
-4.003872573375701904e-01
-3.991818726062774658e-01
-3.994416892528533936e-01
-3.997262716293334961e-01
-3.993799686431884766e-01
-3.991173207759857178e-01
-3.998517096042633057e-01
-3.976088762283325195e-01
-3.993307054042816162e-01
-3.990654349327087402e-01
-3.991615772247314453e-01
-3.997313976287841797e-01
-4.018054306507110596e-01
-3.977307081222534180e-01
-4.003986120223999023e-01
-3.991389870643615723e-01
-3.988733589649200439e-01
-4.009306132793426514e-01
-3.991153538227081299e-01
-3.998507559299468994e-01
-3.985327184200286865e-01
-4.000565707683563232e-01
-3.984535634517669678e-01
-3.941950201988220215e-01
-3.976859152317047119e-01
-4.004383683204650879e-01
-3.987288177013397217e-01
-3.999021649360656738e-01
-4.010905325412750244e-01
-4.001112580299377441e-01
-4.003054797649383545e-01
-3.999101519584655762e-01
-3.990248143672943115e-01
-4.004347026348114014e-01
-3.975452780723571777e-01
-3.985856771469116211e-01
-3.991691768169403076e-01
-3.989736735820770264e-01
-4.002983868122100830e-01
-4.002840220928192139e-01
-3.986994922161102295e-01
-3.992636501789093018e-01
-4.001283943653106689e-01
-3.997735381126403809e-01
-3.985425531864166260e-01
-3.991346657276153564e-01
-3.991892039775848389e-01
-4.001206159591674805e-01
-3.991667628288269043e-01
-4.000168442726135254e-01
-4.005711078643798828e-01
-3.995230197906494141e-01
-3.988255262374877930e-01
-3.994070291519165039e-01
-3.993411362171173096e-01
-3.986611664295196533e-01
-3.995549082756042480e-01
-3.994962871074676514e-01
-3.978213667869567871e-01
-3.998280763626098633e-01
-3.992650508880615234e-01
-4.006315469741821289e-01
-3.984825909137725830e-01
-3.953587114810943604e-01
-3.989777565002441406e-01
-3.991674780845642090e-01
-4.012469947338104248e-01
-3.981701135635375977e-01
-3.999155163764953613e-01
-4.012844860553741455e-01
-4.002614617347717285e-01
-4.017242491245269775e-01
-3.993119001388549805e-01
-4.005807638168334961e-01
-3.991677463054656982e-01
-3.990173339843750000e-01
-3.992607295513153076e-01
-4.006076157093048096e-01
-3.992456197738647461e-01
-3.989235460758209229e-01
-3.989357948303222656e-01
-3.998492956161499023e-01
-3.995239138603210449e-01
-3.983782529830932617e-01
-3.992111682891845703e-01
-4.004258513450622559e-01
-4.000782966613769531e-01
-3.982872366905212402e-01
-3.984166979789733887e-01
-4.000098407268524170e-01
-4.002462029457092285e-01
-3.996140062808990479e-01
-3.978980481624603271e-01
-4.013918340206146240e-01
-3.998518586158752441e-01
-3.996525406837463379e-01
-3.997369408607482910e-01
-3.990041613578796387e-01
-3.980119228363037109e-01
-4.007450640201568604e-01
-4.003548920154571533e-01
-3.996166288852691650e-01
-3.979433476924896240e-01
-3.973717689514160156e-01
-3.988839685916900635e-01
-4.012572169303894043e-01
-3.997702300548553467e-01
-3.996774852275848389e-01
-3.980633616447448730e-01
-3.985042870044708252e-01
-3.997583687305450439e-01
-4.014553129673004150e-01
-3.992414772510528564e-01
-3.991336524486541748e-01
-4.002867043018341064e-01
-4.001335203647613525e-01
-4.003506004810333252e-01
-4.011710584163665771e-01
-4.000994861125946045e-01
-3.989770710468292236e-01
-3.996902108192443848e-01
-4.000259935855865479e-01
-3.992479145526885986e-01
-4.005614817142486572e-01
-3.970457017421722412e-01
-3.990702331066131592e-01
-3.997131288051605225e-01
-4.008840918540954590e-01
-3.998111486434936523e-01
-3.992606103420257568e-01
-3.997305035591125488e-01
-3.983901441097259521e-01
-3.993118405342102051e-01
-4.000831544399261475e-01
-3.977611064910888672e-01
-4.006868302822113037e-01
-3.999919295310974121e-01
-4.006771147251129150e-01
-4.001157879829406738e-01
-4.004754722118377686e-01
-4.006872177124023438e-01
-3.998924493789672852e-01
-3.998479545116424561e-01
-4.013481736183166504e-01
-3.989938795566558838e-01
-3.995056450366973877e-01
-3.992601931095123291e-01
-4.005297720432281494e-01
-3.982828855514526367e-01
-4.013651609420776367e-01
-3.996190130710601807e-01
-4.006527960300445557e-01
-4.003890454769134521e-01
-3.996080160140991211e-01
-3.990282118320465088e-01
-3.998650610446929932e-01
-4.022599756717681885e-01
-3.997451663017272949e-01
-4.000670313835144043e-01
-3.997086286544799805e-01
-4.009684324264526367e-01
-3.987373113632202148e-01
-3.975471258163452148e-01
-4.013383686542510986e-01
-3.998535871505737305e-01
-3.999482393264770508e-01
-3.995647728443145752e-01
-4.002121686935424805e-01
-3.967431187629699707e-01
-4.006203711032867432e-01
-3.990671634674072266e-01
-3.973767161369323730e-01
-3.990870416164398193e-01
-3.975352048873901367e-01
-3.974664211273193359e-01
-3.992672264575958252e-01
-3.996411859989166260e-01
-3.938053548336029053e-01
-4.006033539772033691e-01
-3.987546861171722412e-01
-3.987544476985931396e-01
-4.004283249378204346e-01
-4.000921547412872314e-01
-3.990844190120697021e-01
-4.000663161277770996e-01
-4.006510376930236816e-01
-4.003567695617675781e-01
-3.992056250572204590e-01
-3.993837833404541016e-01
-4.002759754657745361e-01
-4.003927111625671387e-01
-4.004545807838439941e-01
-4.000755548477172852e-01
-4.003280401229858398e-01
-3.997706770896911621e-01
-3.995755016803741455e-01
-3.991665542125701904e-01
-4.002308249473571777e-01
-4.008251726627349854e-01
-3.999369740486145020e-01
-4.002523720264434814e-01
-4.005813002586364746e-01
-4.000641405582427979e-01
-3.997598886489868164e-01
-4.012440741062164307e-01
-3.988852500915527344e-01
-4.001497328281402588e-01
-3.990385234355926514e-01
-4.011098444461822510e-01
-4.012727141380310059e-01
-3.993131220340728760e-01
-4.006049335002899170e-01
-3.996703326702117920e-01
-4.004244506359100342e-01
-3.986080884933471680e-01
-3.983002603054046631e-01
-3.986470997333526611e-01
-4.003714025020599365e-01
-4.005377292633056641e-01
-4.002273976802825928e-01
-3.990780413150787354e-01
-4.006103277206420898e-01
-3.986990451812744141e-01
-3.999209105968475342e-01
-3.993627727031707764e-01
-4.000870287418365479e-01
-4.007584154605865479e-01
-3.989154100418090820e-01
-4.000907838344573975e-01
-3.990643620491027832e-01
-4.016741812229156494e-01
-4.000855088233947754e-01
-4.003698825836181641e-01
-3.999205827713012695e-01
-4.011774063110351562e-01
-3.993895351886749268e-01
-4.003397226333618164e-01
-3.993142843246459961e-01
-3.998897075653076172e-01
-3.992209732532501221e-01
-4.004040062427520752e-01
-4.009572267532348633e-01
-3.985491394996643066e-01
-4.001775383949279785e-01
-4.006688296794891357e-01
-4.002762436866760254e-01
-4.008369147777557373e-01
-3.997692167758941650e-01
-4.002244174480438232e-01
-3.999371230602264404e-01
-3.992217481136322021e-01
-4.011498391628265381e-01
-3.993463218212127686e-01
-4.004006087779998779e-01
-4.016834199428558350e-01
-3.997249305248260498e-01
-3.996208608150482178e-01
-4.007172584533691406e-01
-4.015586972236633301e-01
-3.997265100479125977e-01
-4.005426168441772461e-01
-4.004369676113128662e-01
-3.996401429176330566e-01
-4.008822739124298096e-01
-3.989241123199462891e-01
-4.019019305706024170e-01
-3.986537456512451172e-01
-4.011450707912445068e-01
-3.992791473865509033e-01
-4.021069407463073730e-01
-4.008397161960601807e-01
-3.998119533061981201e-01
-4.009919762611389160e-01
-4.011477530002593994e-01
-3.990654647350311279e-01
-3.991497755050659180e-01
-4.005791842937469482e-01
-3.989757597446441650e-01
-4.014511108398437500e-01
-3.999290168285369873e-01
-4.008848071098327637e-01
-3.993638157844543457e-01
-4.006512165069580078e-01
-3.997332453727722168e-01
-4.005369842052459717e-01
-4.017016589641571045e-01
-4.006160795688629150e-01
-4.000645875930786133e-01
-3.998409807682037354e-01
-3.981054723262786865e-01
-3.991678357124328613e-01
-4.009370207786560059e-01
-4.011766314506530762e-01
-3.991262316703796387e-01
-4.015913605690002441e-01
-4.000484645366668701e-01
-3.998936116695404053e-01
-3.990311622619628906e-01
-4.017576575279235840e-01
-3.996013104915618896e-01
-3.991297483444213867e-01
-3.963997662067413330e-01
-4.005523920059204102e-01
-4.001304805278778076e-01
-3.996312916278839111e-01
-4.005484580993652344e-01
-3.995260000228881836e-01
-3.997444510459899902e-01
-4.009683132171630859e-01
-3.998288810253143311e-01
-4.018434584140777588e-01
-3.975683450698852539e-01
-3.983167111873626709e-01
-4.009556174278259277e-01
-3.997126519680023193e-01
-4.008405506610870361e-01
-4.007526636123657227e-01
-4.008329212665557861e-01
-4.015587270259857178e-01
-4.016211032867431641e-01
-3.992203176021575928e-01
-4.009511768817901611e-01
-4.021460711956024170e-01
-4.010342359542846680e-01
-3.981404900550842285e-01
-4.007777869701385498e-01
-4.018958210945129395e-01
-4.014467895030975342e-01
-3.988900184631347656e-01
-3.992724716663360596e-01
-4.006212055683135986e-01
-3.993082344532012939e-01
-4.003804326057434082e-01
-3.994565606117248535e-01
-3.995374143123626709e-01
-4.000476002693176270e-01
-4.004739522933959961e-01
-4.015447497367858887e-01
-4.004182517528533936e-01
-4.014053046703338623e-01
-3.993956744670867920e-01
-4.013364315032958984e-01
-3.997452259063720703e-01
-3.993274867534637451e-01
-3.995101153850555420e-01
-4.003631472587585449e-01
-4.010870754718780518e-01
-4.007171690464019775e-01
-4.020794332027435303e-01
-4.009781479835510254e-01
-4.003844559192657471e-01
-4.016246199607849121e-01
-4.008215963840484619e-01
-3.994914293289184570e-01
-4.001122415065765381e-01
-4.009334146976470947e-01
-4.004971981048583984e-01
-3.997907042503356934e-01
-4.003480970859527588e-01
-4.017480611801147461e-01
-4.012482166290283203e-01
-3.989782333374023438e-01
-4.006110131740570068e-01
-3.992731869220733643e-01
-4.001062512397766113e-01
-3.999577164649963379e-01
-3.995893597602844238e-01
-4.006808996200561523e-01
-4.017111957073211670e-01
-4.013286232948303223e-01
-4.008699953556060791e-01
-4.010325372219085693e-01
-4.008145928382873535e-01
-4.001953601837158203e-01
-4.006419181823730469e-01
-4.011372625827789307e-01
-4.003760814666748047e-01
-4.007360935211181641e-01
-4.008410573005676270e-01
-4.004959762096405029e-01
-3.993531167507171631e-01
-4.001959860324859619e-01
-4.012669920921325684e-01
-3.983365595340728760e-01
-4.016247987747192383e-01
-4.001610577106475830e-01
-4.014863371849060059e-01
-4.016576111316680908e-01
-4.005630016326904297e-01
-4.010129272937774658e-01
-4.006899893283843994e-01
-4.019197523593902588e-01
-4.006450772285461426e-01
-4.014835059642791748e-01
-3.995262682437896729e-01
-4.021819531917572021e-01
-4.016478359699249268e-01
-4.004093706607818604e-01
-4.013205468654632568e-01
-4.018820822238922119e-01
-4.005698263645172119e-01
-4.004113078117370605e-01
-4.008923470973968506e-01
-4.001095592975616455e-01
-4.019124209880828857e-01
-4.013824462890625000e-01
-4.009973108768463135e-01
-4.003150463104248047e-01
-3.990862369537353516e-01
-4.009513854980468750e-01
-4.011559188365936279e-01
-4.006723761558532715e-01
-4.014766514301300049e-01
-4.015699028968811035e-01
-4.011868238449096680e-01
-3.995622694492340088e-01
-4.004104137420654297e-01
-4.000861346721649170e-01
-3.997381031513214111e-01
-3.996020555496215820e-01
-4.007515609264373779e-01
-4.015367925167083740e-01
-4.015305042266845703e-01
-4.020222425460815430e-01
-4.008643329143524170e-01
-4.007981419563293457e-01
-4.011204242706298828e-01
-4.003261625766754150e-01
-3.997201919555664062e-01
-4.008332788944244385e-01
-4.011872410774230957e-01
-4.014707505702972412e-01
-4.007143080234527588e-01
-4.009763896465301514e-01
-4.014628827571868896e-01
-4.010070860385894775e-01
-4.026361405849456787e-01
-4.007229506969451904e-01
-4.006187617778778076e-01
-4.002906382083892822e-01
-4.017952084541320801e-01
-4.018615484237670898e-01
-4.011350572109222412e-01
-3.997351825237274170e-01
-4.012759327888488770e-01
-4.004825353622436523e-01
-4.016061723232269287e-01
-4.002692401409149170e-01
-4.014020264148712158e-01
-4.001772999763488770e-01
-4.008423388004302979e-01
-4.018165171146392822e-01
-4.013424813747406006e-01
-4.009657800197601318e-01
-4.016319513320922852e-01
-4.001147747039794922e-01
-4.010413289070129395e-01
-4.010585546493530273e-01
-4.008334577083587646e-01
-4.004582166671752930e-01
-4.010954499244689941e-01
-4.006344676017761230e-01
-4.006409347057342529e-01
-4.004760682582855225e-01
-4.010606110095977783e-01
-4.016464948654174805e-01
-4.022810459136962891e-01
-4.015252292156219482e-01
-4.009526968002319336e-01
-4.005419909954071045e-01
-4.005806148052215576e-01
-3.994260728359222412e-01
-4.015889763832092285e-01
-4.010854661464691162e-01
-4.023855030536651611e-01
-4.012371003627777100e-01
-4.023199975490570068e-01
-4.005404114723205566e-01
-4.005833268165588379e-01
-4.022164940834045410e-01
-4.012975394725799561e-01
-4.011548757553100586e-01
-4.006167650222778320e-01
-3.995017111301422119e-01
-4.014602005481719971e-01
-3.990707397460937500e-01
-4.015009999275207520e-01
-4.003442823886871338e-01
-4.008999168872833252e-01
-4.006707668304443359e-01
-4.014465808868408203e-01
-4.015534520149230957e-01
-3.994336426258087158e-01
-4.011260569095611572e-01
-4.020569920539855957e-01
-4.008832275867462158e-01
-4.015313684940338135e-01
-4.016126096248626709e-01
-4.014267027378082275e-01
-4.021205008029937744e-01
-4.022822380065917969e-01
-4.021823406219482422e-01
-4.030995368957519531e-01
-4.010972380638122559e-01
-4.009896516799926758e-01
-4.022808969020843506e-01
-4.009573459625244141e-01
-4.028282463550567627e-01
-4.018092155456542969e-01
-4.012295007705688477e-01
-3.993476629257202148e-01
-4.014270603656768799e-01
-4.024409651756286621e-01
-4.017838239669799805e-01
-4.011728465557098389e-01
-4.034503102302551270e-01
-4.014308452606201172e-01
-4.011499583721160889e-01
-4.009053111076354980e-01
-4.015895128250122070e-01
-4.016507267951965332e-01
-4.014717042446136475e-01
-4.013911783695220947e-01
-4.013328850269317627e-01
-4.017288982868194580e-01
-4.020088016986846924e-01
-4.004507958889007568e-01
-4.002880752086639404e-01
-4.018326997756958008e-01
-4.009154736995697021e-01
-4.020612835884094238e-01
-4.024012386798858643e-01
-4.027124643325805664e-01
-4.031957685947418213e-01
-4.022360146045684814e-01
-4.018039405345916748e-01
-4.017406404018402100e-01
-4.034487307071685791e-01
-4.028848409652709961e-01
-4.015944302082061768e-01
-4.019801616668701172e-01
-4.021427333354949951e-01
-4.016512632369995117e-01
-4.008868038654327393e-01
-4.022594094276428223e-01
-4.030440151691436768e-01
-4.006643593311309814e-01
-4.015133082866668701e-01
-4.027419388294219971e-01
-4.030567705631256104e-01
-4.022777080535888672e-01
-4.015672504901885986e-01
-4.017034769058227539e-01
-4.021481573581695557e-01
-4.012683331966400146e-01
-4.025112092494964600e-01
-4.010453522205352783e-01
-4.027219712734222412e-01
-4.024443924427032471e-01
-4.013514518737792969e-01
-4.018045663833618164e-01
-4.018957018852233887e-01
-4.021902680397033691e-01
-4.021065533161163330e-01
-4.028267860412597656e-01
-4.024469852447509766e-01
-4.022244811058044434e-01
-4.023579955101013184e-01
-4.027931690216064453e-01
-4.021003544330596924e-01
-4.013804793357849121e-01
-4.027207493782043457e-01
-4.024382233619689941e-01
-4.009442329406738281e-01
-4.017608761787414551e-01
-4.013311266899108887e-01
-4.016362428665161133e-01
-4.032693505287170410e-01
-4.021373391151428223e-01
-4.022771120071411133e-01
-4.017571508884429932e-01
-4.015078544616699219e-01
-4.021401405334472656e-01
-4.029538631439208984e-01
-4.008874893188476562e-01
-4.027626812458038330e-01
-4.032603800296783447e-01
-4.017452895641326904e-01
-4.023563265800476074e-01
-4.025558531284332275e-01
-4.032585322856903076e-01
-4.021382331848144531e-01
-4.015187919139862061e-01
-4.026718139648437500e-01
-4.030514061450958252e-01
-4.028173387050628662e-01
-4.016936719417572021e-01
-4.019486606121063232e-01
-4.006292223930358887e-01
-4.032483994960784912e-01
-4.035781323909759521e-01
-4.028015434741973877e-01
-4.028189778327941895e-01
-4.026743173599243164e-01
-4.025714695453643799e-01
-4.022847115993499756e-01
-4.031583964824676514e-01
-4.029999375343322754e-01
-4.009222090244293213e-01
-4.021824598312377930e-01
-4.018203318119049072e-01
-4.016403853893280029e-01
-4.017345011234283447e-01
-4.023574292659759521e-01
-4.023095667362213135e-01
-4.013433754444122314e-01
-4.022417664527893066e-01
-4.030450582504272461e-01
-4.023730456829071045e-01
-4.028224349021911621e-01
-4.026939868927001953e-01
-4.031265377998352051e-01
-4.026412069797515869e-01
-4.029284417629241943e-01
-4.015699625015258789e-01
-4.028540551662445068e-01
-4.016478359699249268e-01
-4.038472771644592285e-01
-4.026536643505096436e-01
-4.016467630863189697e-01
-4.027050137519836426e-01
-4.024388492107391357e-01
-4.020389318466186523e-01
-4.026626050472259521e-01
-4.016957879066467285e-01
-4.011000394821166992e-01
-4.022623300552368164e-01
-4.035744071006774902e-01
-4.019733369350433350e-01
-4.006980061531066895e-01
-4.031252861022949219e-01
-4.044549465179443359e-01
-4.011784195899963379e-01
-4.019067287445068359e-01
-4.019873738288879395e-01
-4.021934270858764648e-01
-4.024750888347625732e-01
-4.018095135688781738e-01
-4.011049270629882812e-01
-4.028447866439819336e-01
-4.011082649230957031e-01
-4.035412669181823730e-01
-4.026882648468017578e-01
-4.032390713691711426e-01
-4.020073413848876953e-01
-4.016535878181457520e-01
-4.030253887176513672e-01
-4.022134840488433838e-01
-4.022387564182281494e-01
-4.018946886062622070e-01
-4.019106328487396240e-01
-4.016093015670776367e-01
-4.029464423656463623e-01
-4.014894068241119385e-01
-4.018191695213317871e-01
-4.018906354904174805e-01
-4.028688371181488037e-01
-4.023805558681488037e-01
-4.018639028072357178e-01
-4.003480970859527588e-01
-4.008738994598388672e-01
-4.030545651912689209e-01
-4.032491147518157959e-01
-4.021038115024566650e-01
-4.035468399524688721e-01
-4.026856124401092529e-01
-4.025558531284332275e-01
-4.028903841972351074e-01
-4.025352001190185547e-01
-4.027844965457916260e-01
-4.019184708595275879e-01
-4.028900265693664551e-01
-4.019599556922912598e-01
-4.020029306411743164e-01
-4.013558328151702881e-01
-4.020798504352569580e-01
-4.021076261997222900e-01
-4.019280374050140381e-01
-4.025488495826721191e-01
-4.025638103485107422e-01
-4.027201235294342041e-01
-4.022412300109863281e-01
-4.028118252754211426e-01
-4.028526544570922852e-01
-4.017755389213562012e-01
-4.020291864871978760e-01
-4.025558829307556152e-01
-4.011973738670349121e-01
-4.033946096897125244e-01
-4.027706980705261230e-01
-4.014514088630676270e-01
-4.011607766151428223e-01
-4.027103185653686523e-01
-4.018122553825378418e-01
-4.021014571189880371e-01
-4.033767580986022949e-01
-4.021404981613159180e-01
-4.022474288940429688e-01
-4.022019505500793457e-01
-4.026625454425811768e-01
-4.020679295063018799e-01
-4.032250642776489258e-01
-4.025318026542663574e-01
-4.024654030799865723e-01
-4.018820226192474365e-01
-4.024835526943206787e-01
-4.023557603359222412e-01
-4.027952849864959717e-01
-4.034763276576995850e-01
-4.018544554710388184e-01
-4.022451639175415039e-01
-4.031539857387542725e-01
-4.028941690921783447e-01
-4.024683833122253418e-01
-4.033088684082031250e-01
-4.023175835609436035e-01
-4.014857113361358643e-01
-4.032251834869384766e-01
-4.023477435111999512e-01
-4.024227559566497803e-01
-4.021860361099243164e-01
-4.031726121902465820e-01
-4.033739864826202393e-01
-4.029107093811035156e-01
-4.020192921161651611e-01
-4.020471870899200439e-01
-4.024634659290313721e-01
-4.027254581451416016e-01
-4.030384421348571777e-01
-4.011773765087127686e-01
-4.034855365753173828e-01
-4.028120040893554688e-01
-4.033550620079040527e-01
-4.020583331584930420e-01
-4.031279385089874268e-01
-4.027463793754577637e-01
-4.025231003761291504e-01
-4.027878046035766602e-01
-4.018489122390747070e-01
-4.034498929977416992e-01
-4.021311104297637939e-01
-4.027635455131530762e-01
-4.025174081325531006e-01
-4.034718573093414307e-01
-4.031378030776977539e-01
-4.028761982917785645e-01
-4.019085764884948730e-01
-4.023828506469726562e-01
-4.025217890739440918e-01
-4.021443724632263184e-01
-4.030857682228088379e-01
-4.028997123241424561e-01
-4.021376669406890869e-01
-4.024522900581359863e-01
-4.035684764385223389e-01
-4.018683731555938721e-01
-4.020908474922180176e-01
-4.034624099731445312e-01
-4.027799069881439209e-01
-4.013426601886749268e-01
-4.016531705856323242e-01
-4.024411737918853760e-01
-4.025533199310302734e-01
-4.019755721092224121e-01
-4.041580557823181152e-01
-4.025790095329284668e-01
-4.033258259296417236e-01
-4.027985036373138428e-01
-4.028859734535217285e-01
-4.035313725471496582e-01
-4.031223654747009277e-01
-4.028832316398620605e-01
-4.025712609291076660e-01
-4.014829695224761963e-01
-4.018855988979339600e-01
-4.023479521274566650e-01
-4.022068977355957031e-01
-4.039540588855743408e-01
-4.037222862243652344e-01
-4.041201174259185791e-01
-4.023545086383819580e-01
-4.031146466732025146e-01
-4.029190540313720703e-01
-4.034030735492706299e-01
-4.025523066520690918e-01
-4.026634395122528076e-01
-4.020500481128692627e-01
-4.032710492610931396e-01
-4.033267199993133545e-01
-4.036965370178222656e-01
-4.030430018901824951e-01
-4.024509489536285400e-01
-4.032613635063171387e-01
-4.026691317558288574e-01
-4.018380641937255859e-01
-4.037264883518218994e-01
-4.031248986721038818e-01
-4.024471938610076904e-01
-4.037134945392608643e-01
-4.021271467208862305e-01
-4.033149480819702148e-01
-4.033402204513549805e-01
-4.026081562042236328e-01
-4.030706286430358887e-01
-4.043513834476470947e-01
-4.032183289527893066e-01
-4.022938907146453857e-01
-4.017572700977325439e-01
-4.032130539417266846e-01
-4.020649194717407227e-01
-4.016878604888916016e-01
-4.035380780696868896e-01
-4.028247296810150146e-01
-4.034975171089172363e-01
-4.041710793972015381e-01
-4.027206599712371826e-01
-4.022045433521270752e-01
-4.027962684631347656e-01
-4.030081033706665039e-01
-4.032355248928070068e-01
-4.028012752532958984e-01
-4.026950001716613770e-01
-4.031389951705932617e-01
-4.018127322196960449e-01
-4.032703936100006104e-01
-4.023294746875762939e-01
-4.020403027534484863e-01
-4.031055271625518799e-01
-4.028349816799163818e-01
-4.033296406269073486e-01
-4.024959206581115723e-01
-4.031238257884979248e-01
-4.029556810855865479e-01
-4.027624428272247314e-01
-4.015499353408813477e-01
-4.022976756095886230e-01
-4.019820094108581543e-01
-4.036814570426940918e-01
-4.029955565929412842e-01
-4.036371111869812012e-01
-4.029519259929656982e-01
-4.031204283237457275e-01
-4.025299549102783203e-01
-4.036593139171600342e-01
-4.028028547763824463e-01
-4.019419848918914795e-01
-4.035852253437042236e-01
-4.024728536605834961e-01
-4.019696712493896484e-01
-4.031753242015838623e-01
-4.028463959693908691e-01
-4.028691351413726807e-01
-4.028764665126800537e-01
-4.029159247875213623e-01
-4.034404456615447998e-01
-4.021802544593811035e-01
-4.022329151630401611e-01
-4.043027460575103760e-01
-4.044791460037231445e-01
-4.035281836986541748e-01
-4.036823809146881104e-01
-4.040132164955139160e-01
-4.024716913700103760e-01
-4.038504064083099365e-01
-4.025305807590484619e-01
-4.032425582408905029e-01
-4.034508168697357178e-01
-4.028431475162506104e-01
-4.039020240306854248e-01
-4.040503203868865967e-01
-4.024790525436401367e-01
-4.027734696865081787e-01
-4.029133319854736328e-01
-4.027044773101806641e-01
-4.028166830539703369e-01
-4.025883078575134277e-01
-4.027428030967712402e-01
-4.037311077117919922e-01
-4.024793803691864014e-01
-4.026806056499481201e-01
-4.027461707592010498e-01
-4.034050703048706055e-01
-4.028816819190979004e-01
-4.032539427280426025e-01
-4.027392864227294922e-01
-4.027772247791290283e-01
-4.022705256938934326e-01
-4.017036855220794678e-01
-4.042363762855529785e-01
-4.023139774799346924e-01
-4.022997319698333740e-01
-4.029654860496520996e-01
-4.019401669502258301e-01
-4.035820364952087402e-01
-4.021726250648498535e-01
-4.034255146980285645e-01
-4.032007753849029541e-01
-4.031216800212860107e-01
-4.032129049301147461e-01
-4.025816321372985840e-01
-4.029198586940765381e-01
-4.032694697380065918e-01
-4.027876555919647217e-01
-4.024680852890014648e-01
-4.027907550334930420e-01
-4.039517343044281006e-01
-4.027119874954223633e-01
-4.023301303386688232e-01
-4.031209051609039307e-01
-4.033668935298919678e-01
-4.034684300422668457e-01
-4.025613665580749512e-01
-4.036272764205932617e-01
-4.021541178226470947e-01
-4.040966928005218506e-01
-4.028859436511993408e-01
-4.026157557964324951e-01
-4.030441939830780029e-01
-4.034519791603088379e-01
-4.033992886543273926e-01
-4.024465680122375488e-01
-4.047183692455291748e-01
-4.027512073516845703e-01
-4.034707546234130859e-01
-4.036692380905151367e-01
-4.033201932907104492e-01
-4.035727977752685547e-01
-4.042291939258575439e-01
-4.022617936134338379e-01
-4.023040235042572021e-01
-4.034438729286193848e-01
-4.030803442001342773e-01
-4.038721323013305664e-01
-4.030667245388031006e-01
