-2.821235358715057373e-01
-3.266085088253021240e-01
-3.710213601589202881e-01
-3.686182200908660889e-01
-3.708118796348571777e-01
-3.780745863914489746e-01
-3.862486481666564941e-01
-3.901297748088836670e-01
-3.919547796249389648e-01
-3.943922817707061768e-01
-3.957604467868804932e-01
-3.972887098789215088e-01
-3.969772756099700928e-01
-3.985577225685119629e-01
-3.964894115924835205e-01
-3.980903327465057373e-01
-4.002228379249572754e-01
-3.988774716854095459e-01
-4.009915292263031006e-01
-4.012747406959533691e-01
-4.019314050674438477e-01
-4.010520577430725098e-01
-4.009986519813537598e-01
-4.003967344760894775e-01
-4.014175236225128174e-01
-3.992585241794586182e-01
-3.998782336711883545e-01
-4.004856050014495850e-01
-4.013996422290802002e-01
-4.018542766571044922e-01
-4.007816016674041748e-01
-4.030086696147918701e-01
-4.009457528591156006e-01
-4.033624827861785889e-01
-3.991193175315856934e-01
-4.013832211494445801e-01
-4.016498923301696777e-01
-4.032458961009979248e-01
-4.018380045890808105e-01
-4.032125174999237061e-01
-4.002872705459594727e-01
-4.023350179195404053e-01
-4.022457301616668701e-01
-4.017097651958465576e-01
-4.027663469314575195e-01
-4.042513966560363770e-01
-4.036556482315063477e-01
-4.028984904289245605e-01
-4.012027680873870850e-01
-4.029821753501892090e-01
-4.033778607845306396e-01
-4.027528166770935059e-01
-4.029339849948883057e-01
-4.018059670925140381e-01
-4.025221467018127441e-01
-4.028146564960479736e-01
-4.045588374137878418e-01
-4.039815366268157959e-01
-4.030680358409881592e-01
-4.031687676906585693e-01
-4.032010436058044434e-01
-4.028717577457427979e-01
-4.033005833625793457e-01
-4.043137133121490479e-01
-4.024161696434020996e-01
-4.022423923015594482e-01
-4.030638337135314941e-01
-4.022635221481323242e-01
-4.029082059860229492e-01
-4.031193256378173828e-01
-4.030181169509887695e-01
-4.027279019355773926e-01
-4.037204086780548096e-01
-4.043877124786376953e-01
-4.027573168277740479e-01
-4.025927484035491943e-01
-4.031029045581817627e-01
-4.041901826858520508e-01
-4.028408825397491455e-01
-4.043257534503936768e-01
-4.039093255996704102e-01
-4.028244018554687500e-01
-4.029758274555206299e-01
-4.036066830158233643e-01
-4.038088321685791016e-01
-4.031256735324859619e-01
-4.034683108329772949e-01
-4.036472439765930176e-01
-4.031041264533996582e-01
-4.028533995151519775e-01
-4.023557007312774658e-01
-4.029946625232696533e-01
-4.035926163196563721e-01
-4.038900136947631836e-01
-4.041464328765869141e-01
-4.024519622325897217e-01
-4.032829403877258301e-01
-4.040687978267669678e-01
-4.038462638854980469e-01
-4.035114943981170654e-01
-4.035932421684265137e-01
-4.035443067550659180e-01
-4.030864536762237549e-01
-4.033933579921722412e-01
-4.028042554855346680e-01
-4.038952291011810303e-01
-4.038592875003814697e-01
-4.043079912662506104e-01
-4.036472737789154053e-01
-4.031112790107727051e-01
-4.040507674217224121e-01
-4.034971296787261963e-01
-4.037418961524963379e-01
-4.036401510238647461e-01
-4.038964807987213135e-01
-4.037128984928131104e-01
-4.034372270107269287e-01
-4.033350348472595215e-01
-4.029962718486785889e-01
-4.030358791351318359e-01
-4.031018018722534180e-01
-4.040552973747253418e-01
-4.038432240486145020e-01
-4.036606550216674805e-01
-4.038317799568176270e-01
-4.025556445121765137e-01
-4.029425680637359619e-01
-4.041849374771118164e-01
-4.034639298915863037e-01
-4.042092859745025635e-01
-4.038488268852233887e-01
-4.045402705669403076e-01
-4.038141071796417236e-01
-4.051775038242340088e-01
-4.038430452346801758e-01
-4.036013782024383545e-01
-4.044156074523925781e-01
-4.040055572986602783e-01
-4.033783376216888428e-01
-4.045081138610839844e-01
-4.039210081100463867e-01
-4.030566513538360596e-01
-4.034749567508697510e-01
-4.042964577674865723e-01
-4.034574031829833984e-01
-4.036367833614349365e-01
-4.040586352348327637e-01
-4.040060937404632568e-01
-4.039097726345062256e-01
-4.032181203365325928e-01
-4.036290943622589111e-01
-4.045568406581878662e-01
-4.039466083049774170e-01
-4.035424292087554932e-01
-4.043513834476470947e-01
-4.038571119308471680e-01
-4.043880701065063477e-01
-4.042640924453735352e-01
-4.035679697990417480e-01
-4.034431278705596924e-01
-4.038361907005310059e-01
-4.039471447467803955e-01
-4.041464626789093018e-01
-4.039514064788818359e-01
-4.043910503387451172e-01
-4.038796424865722656e-01
-4.038047790527343750e-01
-4.038991332054138184e-01
-4.044950008392333984e-01
-4.039558172225952148e-01
-4.041651785373687744e-01
-4.045413732528686523e-01
-4.041545391082763672e-01
-4.046745598316192627e-01
-4.051562249660491943e-01
-4.039327800273895264e-01
-4.041216969490051270e-01
-4.040918350219726562e-01
-4.035425186157226562e-01
-4.040561020374298096e-01
-4.042366743087768555e-01
-4.040892720222473145e-01
-4.044709503650665283e-01
-4.044116139411926270e-01
-4.048368036746978760e-01
-4.045854806900024414e-01
-4.036551415920257568e-01
-4.047905206680297852e-01
-4.042481482028961182e-01
-4.041855335235595703e-01
-4.035852253437042236e-01
-4.042456746101379395e-01
-4.043130278587341309e-01
-4.040653109550476074e-01
-4.046351611614227295e-01
-4.037808775901794434e-01
-4.043113887310028076e-01
-4.041917324066162109e-01
-4.043634533882141113e-01
-4.043845534324645996e-01
-4.044583737850189209e-01
-4.038619101047515869e-01
-4.044131934642791748e-01
-4.042443335056304932e-01
-4.041861593723297119e-01
-4.046229422092437744e-01
-4.040401279926300049e-01
-4.041596651077270508e-01
-4.044658243656158447e-01
-4.042233228683471680e-01
-4.046067893505096436e-01
-4.037751257419586182e-01
-4.033562242984771729e-01
-4.041247069835662842e-01
-4.046158492565155029e-01
-4.048443138599395752e-01
-4.048033654689788818e-01
-4.048892259597778320e-01
-4.037078619003295898e-01
-4.038929343223571777e-01
-4.046277999877929688e-01
-4.039339721202850342e-01
-4.037143588066101074e-01
-4.048568010330200195e-01
-4.042996168136596680e-01
-4.040787816047668457e-01
-4.042365849018096924e-01
-4.046317636966705322e-01
-4.043264687061309814e-01
-4.048533737659454346e-01
-4.051285386085510254e-01
-4.042820930480957031e-01
-4.042949974536895752e-01
-4.043120145797729492e-01
-4.045651853084564209e-01
-4.037517607212066650e-01
-4.044761359691619873e-01
-4.044182598590850830e-01
-4.045500457286834717e-01
-4.042938351631164551e-01
-4.041536748409271240e-01
-4.037334024906158447e-01
-4.046770036220550537e-01
-4.044494628906250000e-01
-4.044570028781890869e-01
-4.048625826835632324e-01
-4.041868150234222412e-01
-4.043211936950683594e-01
-4.047608077526092529e-01
-4.042655527591705322e-01
-4.046239256858825684e-01
-4.043492674827575684e-01
-4.045285582542419434e-01
-4.050369262695312500e-01
-4.045503437519073486e-01
-4.048561453819274902e-01
-4.045777022838592529e-01
-4.040099978446960449e-01
-4.046538770198822021e-01
-4.041165709495544434e-01
-4.046439826488494873e-01
-4.043348729610443115e-01
-4.038788676261901855e-01
-4.042876958847045898e-01
-4.043819904327392578e-01
-4.039684534072875977e-01
-4.039192497730255127e-01
-4.049860239028930664e-01
-4.045875072479248047e-01
-4.047259390354156494e-01
-4.046083390712738037e-01
-4.043080806732177734e-01
-4.050516784191131592e-01
-4.038393497467041016e-01
-4.044295251369476318e-01
-4.037849605083465576e-01
-4.038145244121551514e-01
-4.045490622520446777e-01
-4.038527607917785645e-01
-4.044832885265350342e-01
-3.927053511142730713e-01
-3.910422325134277344e-01
-3.927311897277832031e-01
-3.966230452060699463e-01
-3.919405341148376465e-01
-3.946609199047088623e-01
-3.973230719566345215e-01
-3.974249362945556641e-01
-3.976660072803497314e-01
-3.987434804439544678e-01
-4.005364775657653809e-01
-3.996721208095550537e-01
-4.012572765350341797e-01
-4.004531204700469971e-01
-4.009715616703033447e-01
-4.027802050113677979e-01
-4.007505774497985840e-01
-4.028233587741851807e-01
-4.014921784400939941e-01
-4.031673371791839600e-01
-4.015552103519439697e-01
-4.029832184314727783e-01
-3.936162292957305908e-01
-3.978788852691650391e-01
-4.003370702266693115e-01
-4.009238779544830322e-01
-3.996262848377227783e-01
-4.012335836887359619e-01
-4.008837640285491943e-01
-4.021860361099243164e-01
-4.018240272998809814e-01
-4.013391733169555664e-01
-4.002136290073394775e-01
-4.032586812973022461e-01
-4.020032584667205811e-01
-4.033541083335876465e-01
-4.023157954216003418e-01
-4.030995070934295654e-01
-4.031363725662231445e-01
-4.018787145614624023e-01
-4.031671285629272461e-01
-4.030502736568450928e-01
-4.031296968460083008e-01
-4.031598567962646484e-01
-4.034442007541656494e-01
-4.040973484516143799e-01
-4.032244980335235596e-01
-4.043056666851043701e-01
-4.024032652378082275e-01
-4.031985104084014893e-01
-4.045145809650421143e-01
-4.032301008701324463e-01
-4.047979116439819336e-01
-4.037309587001800537e-01
-4.048733115196228027e-01
-4.039210677146911621e-01
-3.985508382320404053e-01
-4.013492763042449951e-01
-4.024063646793365479e-01
-4.024407863616943359e-01
-4.025948047637939453e-01
-4.037460982799530029e-01
-4.029211103916168213e-01
-4.045014083385467529e-01
-4.035363793373107910e-01
-4.023878872394561768e-01
-4.041664004325866699e-01
-4.033811092376708984e-01
-4.036834239959716797e-01
-4.042963087558746338e-01
-4.031082689762115479e-01
-4.047658443450927734e-01
-4.028808474540710449e-01
-4.040690958499908447e-01
-4.039637744426727295e-01
-4.036105871200561523e-01
-4.034574031829833984e-01
-4.041837751865386963e-01
-4.040985107421875000e-01
-4.042356610298156738e-01
-4.035367965698242188e-01
-4.045985043048858643e-01
-4.044348597526550293e-01
-4.030994772911071777e-01
-4.049010872840881348e-01
-4.040134847164154053e-01
-4.037050604820251465e-01
-4.040965735912322998e-01
-4.037006795406341553e-01
-4.038634002208709717e-01
-4.045618176460266113e-01
-4.055894911289215088e-01
-4.036813974380493164e-01
-4.045043885707855225e-01
-4.044025242328643799e-01
-4.044933021068572998e-01
-4.039871096611022949e-01
-4.047144055366516113e-01
-4.042927920818328857e-01
-4.041657149791717529e-01
-4.043732285499572754e-01
-4.038149416446685791e-01
-4.041259288787841797e-01
-4.039321541786193848e-01
-4.038877487182617188e-01
-4.039934575557708740e-01
-4.034681320190429688e-01
-4.029682576656341553e-01
-4.036182761192321777e-01
-4.046066999435424805e-01
-4.042209684848785400e-01
-4.040679037570953369e-01
-4.049762189388275146e-01
-4.044601321220397949e-01
-4.044241011142730713e-01
-4.046810269355773926e-01
-4.042626321315765381e-01
-4.035348296165466309e-01
-4.038111865520477295e-01
-4.056438505649566650e-01
-4.039590954780578613e-01
-4.045789241790771484e-01
-4.042965173721313477e-01
-4.042751491069793701e-01
-4.041472375392913818e-01
-4.043896198272705078e-01
-4.043651819229125977e-01
-4.048754870891571045e-01
-4.043712019920349121e-01
-4.049182534217834473e-01
-4.039445817470550537e-01
-4.042249023914337158e-01
-4.038582146167755127e-01
-4.038341045379638672e-01
-4.047724604606628418e-01
-4.045127630233764648e-01
-4.043471813201904297e-01
-4.048497974872589111e-01
-4.041196405887603760e-01
-4.047615230083465576e-01
-4.045315682888031006e-01
-4.045063853263854980e-01
-4.031368494033813477e-01
-4.042409956455230713e-01
-4.047689139842987061e-01
-4.042901992797851562e-01
-4.047569036483764648e-01
-4.054652750492095947e-01
-4.043740630149841309e-01
-4.041714966297149658e-01
-4.039971232414245605e-01
-4.041539728641510010e-01
-4.044443964958190918e-01
-4.040205776691436768e-01
-4.040069282054901123e-01
-4.045214354991912842e-01
-4.037565886974334717e-01
-4.041586816310882568e-01
-4.047750234603881836e-01
-4.042967855930328369e-01
-4.043414294719696045e-01
-4.045460820198059082e-01
-4.041301310062408447e-01
-4.037420451641082764e-01
-4.047746360301971436e-01
-4.051407575607299805e-01
-4.050092101097106934e-01
-4.038889110088348389e-01
-4.045667052268981934e-01
-4.041278660297393799e-01
-4.046984314918518066e-01
-4.043607711791992188e-01
-4.045192301273345947e-01
-4.051385819911956787e-01
-4.045986831188201904e-01
-4.042628109455108643e-01
-4.042638540267944336e-01
-4.049302935600280762e-01
-4.041182994842529297e-01
-4.046717882156372070e-01
-4.043275117874145508e-01
-4.042523801326751709e-01
-4.049790203571319580e-01
-4.048989117145538330e-01
-4.042022824287414551e-01
-4.043731987476348877e-01
-4.044206440448760986e-01
-4.044924974441528320e-01
-4.041837751865386963e-01
-4.051567912101745605e-01
-4.050038456916809082e-01
-4.043326377868652344e-01
-4.048274159431457520e-01
-4.040949642658233643e-01
-4.044555723667144775e-01
-4.043685197830200195e-01
-4.048746824264526367e-01
-4.045511782169342041e-01
-4.050634801387786865e-01
-4.047623574733734131e-01
-4.042644798755645752e-01
-4.043311178684234619e-01
-4.052845239639282227e-01
-4.048463702201843262e-01
-4.049456119537353516e-01
-4.045134484767913818e-01
-4.045321643352508545e-01
-4.044078886508941650e-01
-4.042092561721801758e-01
-4.044423401355743408e-01
-4.043904840946197510e-01
-4.050552845001220703e-01
-4.051625430583953857e-01
-4.050631821155548096e-01
-4.046804010868072510e-01
-4.051342904567718506e-01
-4.047100841999053955e-01
-4.052036702632904053e-01
-4.050192236900329590e-01
-4.049937129020690918e-01
-4.047817289829254150e-01
-4.046588838100433350e-01
-4.048039019107818604e-01
-4.042463898658752441e-01
-4.041735827922821045e-01
-4.045238792896270752e-01
-4.040344357490539551e-01
-4.045054912567138672e-01
-4.041869640350341797e-01
-4.047354757785797119e-01
-4.039886593818664551e-01
-4.045869112014770508e-01
-4.045509994029998779e-01
-4.039599001407623291e-01
-4.046342670917510986e-01
-4.045834839344024658e-01
-4.041775166988372803e-01
-4.042121469974517822e-01
-4.046813845634460449e-01
-4.048332273960113525e-01
-4.045195877552032471e-01
-4.043796360492706299e-01
-4.048098623752593994e-01
-4.043504595756530762e-01
-4.044954776763916016e-01
-4.048881232738494873e-01
-4.045340418815612793e-01
-4.049499630928039551e-01
-4.045826494693756104e-01
-4.051376283168792725e-01
-4.047742187976837158e-01
-4.046150147914886475e-01
-4.050154089927673340e-01
-4.049484729766845703e-01
-4.041186869144439697e-01
-4.049335420131683350e-01
-4.045221209526062012e-01
-4.044612348079681396e-01
-4.042786359786987305e-01
-4.045549035072326660e-01
-4.053786993026733398e-01
-4.045351743698120117e-01
-4.046403169631958008e-01
-4.049304127693176270e-01
-4.046675562858581543e-01
-4.050572812557220459e-01
-4.046531319618225098e-01
-4.047595858573913574e-01
-4.048681557178497314e-01
-4.053772687911987305e-01
-4.037323594093322754e-01
-4.048213064670562744e-01
-4.047053158283233643e-01
-4.047683775424957275e-01
-4.049853384494781494e-01
-4.046569168567657471e-01
-4.043474793434143066e-01
-3.581852614879608154e-01
-3.842071592807769775e-01
-3.920113444328308105e-01
-3.942469060420989990e-01
-3.793394863605499268e-01
-3.882505893707275391e-01
-3.778611421585083008e-01
-3.799824118614196777e-01
-3.774274289608001709e-01
-3.846480846405029297e-01
-3.863760232925415039e-01
-3.806732296943664551e-01
-3.864316940307617188e-01
-3.886583745479583740e-01
-3.866712749004364014e-01
-3.805539011955261230e-01
-3.845102488994598389e-01
-3.903540670871734619e-01
-3.876412212848663330e-01
-3.906334042549133301e-01
-3.861441612243652344e-01
-3.854359090328216553e-01
-3.888942897319793701e-01
-3.771402835845947266e-01
-3.788293004035949707e-01
-3.871037960052490234e-01
-3.873374164104461670e-01
-3.830377757549285889e-01
-3.838854730129241943e-01
-3.872964680194854736e-01
-3.857703804969787598e-01
-3.840036094188690186e-01
-3.901301622390747070e-01
-3.892442584037780762e-01
-3.920656144618988037e-01
-3.897075951099395752e-01
-3.936437368392944336e-01
-3.825478553771972656e-01
-3.958180248737335205e-01
-3.962261080741882324e-01
-3.983422219753265381e-01
-3.967780172824859619e-01
-3.983496725559234619e-01
-3.983467221260070801e-01
-4.008342921733856201e-01
-4.012053310871124268e-01
-4.011409282684326172e-01
-3.988900184631347656e-01
-4.011288583278656006e-01
-4.003793001174926758e-01
-4.014400541782379150e-01
-4.019391536712646484e-01
-4.022716581821441650e-01
-3.996114432811737061e-01
-4.020601809024810791e-01
-4.028559625148773193e-01
-4.012225568294525146e-01
-4.008009731769561768e-01
-4.032530188560485840e-01
-4.029421210289001465e-01
-4.023554325103759766e-01
-4.004573225975036621e-01
-3.998883068561553955e-01
-3.998972177505493164e-01
-4.005811810493469238e-01
-4.009938538074493408e-01
-4.006233811378479004e-01
-4.010033011436462402e-01
-4.018524587154388428e-01
-4.017073512077331543e-01
-4.016207158565521240e-01
-4.020959734916687012e-01
-4.015670418739318848e-01
-4.014782309532165527e-01
-4.022287130355834961e-01
-4.027032554149627686e-01
-4.026696085929870605e-01
-4.035035371780395508e-01
-4.025927484035491943e-01
-4.023061990737915039e-01
-4.020330905914306641e-01
-4.027167856693267822e-01
-4.030075669288635254e-01
-4.017663002014160156e-01
-4.024081826210021973e-01
-4.033917784690856934e-01
-4.023594856262207031e-01
-4.032184481620788574e-01
-4.030921757221221924e-01
-4.040722548961639404e-01
-4.037725627422332764e-01
-4.029042124748229980e-01
-4.028739035129547119e-01
-4.033111929893493652e-01
-4.042716026306152344e-01
-4.031269550323486328e-01
-4.025291800498962402e-01
-4.043048620223999023e-01
-4.041093885898590088e-01
-4.043942093849182129e-01
-4.034397602081298828e-01
-4.031401872634887695e-01
-4.036804735660552979e-01
-4.043341875076293945e-01
-4.037208855152130127e-01
-4.025197327136993408e-01
-4.034359753131866455e-01
-4.038881361484527588e-01
-4.040568172931671143e-01
-4.037311077117919922e-01
-4.034813940525054932e-01
-4.026125371456146240e-01
-4.035667181015014648e-01
-4.032222330570220947e-01
-4.042039811611175537e-01
-4.034858644008636475e-01
-4.032492339611053467e-01
-4.037159979343414307e-01
-4.036839306354522705e-01
-4.029245674610137939e-01
-4.038211107254028320e-01
-4.039005339145660400e-01
-4.042586088180541992e-01
-4.039420783519744873e-01
-4.034229815006256104e-01
-4.029386937618255615e-01
-4.036914706230163574e-01
-4.030709564685821533e-01
-4.037820994853973389e-01
-4.038264155387878418e-01
-4.030551314353942871e-01
-4.032839536666870117e-01
-4.039412736892700195e-01
-4.040109515190124512e-01
-4.036357402801513672e-01
-4.042714238166809082e-01
-4.037441909313201904e-01
-4.029899537563323975e-01
-4.032157659530639648e-01
-4.034283459186553955e-01
-4.046211838722229004e-01
-4.046794772148132324e-01
-4.039325118064880371e-01
-4.039051532745361328e-01
-4.042761027812957764e-01
-4.041868150234222412e-01
-4.041565060615539551e-01
-4.041975736618041992e-01
-4.045917987823486328e-01
-4.033157229423522949e-01
-4.038577377796173096e-01
-4.039014279842376709e-01
-4.037440419197082520e-01
-4.038430750370025635e-01
-4.041471183300018311e-01
-4.033298194408416748e-01
-4.040130674839019775e-01
-4.042591154575347900e-01
-4.039063155651092529e-01
-4.030638933181762695e-01
-4.040029942989349365e-01
-4.041733443737030029e-01
-4.040319323539733887e-01
-4.048315882682800293e-01
-4.037886261940002441e-01
-4.032149016857147217e-01
-4.035709202289581299e-01
-4.035757184028625488e-01
-4.050854146480560303e-01
-4.050729274749755859e-01
-4.041350185871124268e-01
-4.039737582206726074e-01
-4.040260910987854004e-01
-4.047284722328186035e-01
-4.048453271389007568e-01
-4.036866426467895508e-01
-4.043255150318145752e-01
-4.046225547790527344e-01
-4.038694798946380615e-01
-4.034507572650909424e-01
-4.040059149265289307e-01
-4.047083854675292969e-01
-4.039985835552215576e-01
-4.045485854148864746e-01
-4.045943319797515869e-01
-4.049730300903320312e-01
-4.039849340915679932e-01
-4.039483666419982910e-01
-4.034587442874908447e-01
-4.045213758945465088e-01
-4.038780033588409424e-01
-4.048207402229309082e-01
-4.040316641330718994e-01
-4.042227566242218018e-01
-4.044357240200042725e-01
-4.042508006095886230e-01
-4.044309854507446289e-01
-4.048793613910675049e-01
-4.047099947929382324e-01
-4.040854275226593018e-01
-4.040301442146301270e-01
-4.048089683055877686e-01
-4.042865037918090820e-01
-4.040764272212982178e-01
-4.047279357910156250e-01
-4.052103161811828613e-01
-4.039139449596405029e-01
-4.039649367332458496e-01
-4.040268659591674805e-01
-4.038929045200347900e-01
-4.040318131446838379e-01
-4.048909246921539307e-01
-4.036928415298461914e-01
-4.038071334362030029e-01
-4.042226672172546387e-01
-4.041202962398529053e-01
-4.036233425140380859e-01
-4.038576185703277588e-01
-4.045022130012512207e-01
-4.054898619651794434e-01
-4.045765399932861328e-01
-4.043333232402801514e-01
-4.042952060699462891e-01
-4.041197896003723145e-01
-4.048396050930023193e-01
-4.046966433525085449e-01
-4.046550989151000977e-01
-4.039647877216339111e-01
-4.046376049518585205e-01
-4.038434326648712158e-01
-4.037873446941375732e-01
-4.038517475128173828e-01
-4.044421911239624023e-01
-4.040184319019317627e-01
-4.045124351978302002e-01
-4.041933715343475342e-01
-4.043824970722198486e-01
-4.041777551174163818e-01
-4.047824740409851074e-01
-4.038619399070739746e-01
-4.050050079822540283e-01
-4.037804603576660156e-01
-4.033406376838684082e-01
-4.041050076484680176e-01
-4.037951231002807617e-01
-4.048056900501251221e-01
-4.044120609760284424e-01
-4.043728709220886230e-01
-4.047237634658813477e-01
-4.043744504451751709e-01
-4.041492342948913574e-01
-4.049177765846252441e-01
-4.047388732433319092e-01
-4.042713046073913574e-01
-4.044268727302551270e-01
-4.046937823295593262e-01
-4.045800864696502686e-01
-4.045184254646301270e-01
-4.041335582733154297e-01
-4.040520787239074707e-01
-4.048266708850860596e-01
-4.044409990310668945e-01
-4.042575359344482422e-01
-4.043654799461364746e-01
-4.036406576633453369e-01
-4.047162532806396484e-01
-4.040986001491546631e-01
-4.048630893230438232e-01
-4.042073488235473633e-01
-4.040452837944030762e-01
-4.035371840000152588e-01
-4.041918814182281494e-01
-4.051928818225860596e-01
-4.038400948047637939e-01
-4.054059982299804688e-01
-4.039445817470550537e-01
-4.045601785182952881e-01
-4.044110774993896484e-01
-4.044203758239746094e-01
-4.041159152984619141e-01
-4.044547379016876221e-01
-4.043665826320648193e-01
-4.045282900333404541e-01
-4.043250381946563721e-01
-4.043401181697845459e-01
-4.041972160339355469e-01
-4.041659832000732422e-01
-4.045345485210418701e-01
-4.041060805320739746e-01
-4.046945273876190186e-01
-4.042321145534515381e-01
-4.046196937561035156e-01
-4.039300084114074707e-01
-4.045642912387847900e-01
-4.047747850418090820e-01
-4.038954973220825195e-01
-4.044510424137115479e-01
-4.039361476898193359e-01
-4.044243097305297852e-01
-4.041380882263183594e-01
-4.035982787609100342e-01
-4.047960937023162842e-01
-4.046298563480377197e-01
-4.053426384925842285e-01
-4.043942093849182129e-01
-4.040540754795074463e-01
-4.043177664279937744e-01
-4.046457409858703613e-01
-4.052517116069793701e-01
-4.044955372810363770e-01
-4.039051830768585205e-01
-4.047127366065979004e-01
-4.041797518730163574e-01
-4.042587876319885254e-01
-4.038054943084716797e-01
-4.044000804424285889e-01
-4.050259888172149658e-01
-4.043506383895874023e-01
-4.039227962493896484e-01
-4.041835963726043701e-01
-4.049541354179382324e-01
-4.039411544799804688e-01
-4.050440788269042969e-01
-4.047558009624481201e-01
-4.050468802452087402e-01
-4.045758545398712158e-01
-4.044086933135986328e-01
-4.044344127178192139e-01
-4.047080576419830322e-01
-4.047548174858093262e-01
-4.041162133216857910e-01
-4.046581387519836426e-01
-4.046786427497863770e-01
-4.042558073997497559e-01
-4.043799340724945068e-01
-4.051311612129211426e-01
-4.041306376457214355e-01
-4.044437110424041748e-01
-4.043932557106018066e-01
-4.045219421386718750e-01
-4.052017629146575928e-01
-4.048842191696166992e-01
-4.044447541236877441e-01
-4.047986567020416260e-01
-4.045109450817108154e-01
-4.043585658073425293e-01
-4.042710959911346436e-01
-4.047873020172119141e-01
-4.043319225311279297e-01
-4.052007496356964111e-01
-4.042114317417144775e-01
-4.038227498531341553e-01
-4.058195948600769043e-01
-4.044564068317413330e-01
-4.048292934894561768e-01
-4.047658741474151611e-01
-4.040209949016571045e-01
-4.058302640914916992e-01
-4.043672680854797363e-01
-4.047718644142150879e-01
-4.044962525367736816e-01
-4.050171971321105957e-01
-4.047772884368896484e-01
-4.042256474494934082e-01
-4.045304656028747559e-01
-4.047574400901794434e-01
-3.834505975246429443e-01
-3.880130648612976074e-01
-3.901196420192718506e-01
-3.932581841945648193e-01
-3.971903026103973389e-01
-4.001314640045166016e-01
-3.980841636657714844e-01
-4.001083970069885254e-01
-4.007805585861206055e-01
-3.984424471855163574e-01
-4.019019305706024170e-01
-4.008310139179229736e-01
-4.013597965240478516e-01
-3.492523729801177979e-01
-3.600699603557586670e-01
-3.689324557781219482e-01
-3.704178929328918457e-01
-3.789464533329010010e-01
-3.784092962741851807e-01
-3.848003447055816650e-01
-3.835927248001098633e-01
-3.897658884525299072e-01
-3.954831063747406006e-01
-3.999999463558197021e-01
-3.994918763637542725e-01
-3.981594741344451904e-01
-4.010369777679443359e-01
-4.018375277519226074e-01
-4.007246196269989014e-01
-4.008440375328063965e-01
-4.012225866317749023e-01
-4.015206396579742432e-01
-4.034636318683624268e-01
-4.039534926414489746e-01
-4.017001986503601074e-01
-4.022197425365447998e-01
-4.039659202098846436e-01
-4.029650986194610596e-01
-4.024647772312164307e-01
-4.041462242603302002e-01
-4.023216664791107178e-01
-4.014522731304168701e-01
-4.029724001884460449e-01
-4.016322493553161621e-01
-4.038498401641845703e-01
-4.046918153762817383e-01
-4.038850367069244385e-01
-4.031729102134704590e-01
-4.022600650787353516e-01
-4.043824374675750732e-01
-4.039584994316101074e-01
-4.025327265262603760e-01
-4.027419388294219971e-01
-4.030737280845642090e-01
-4.042158722877502441e-01
-4.031715095043182373e-01
-4.041421413421630859e-01
-4.034217596054077148e-01
-4.043175578117370605e-01
-4.040383398532867432e-01
-4.039743840694427490e-01
-4.041375517845153809e-01
-4.028260409832000732e-01
-4.039390385150909424e-01
-4.041846990585327148e-01
-4.027902185916900635e-01
-4.045248031616210938e-01
-4.032779037952423096e-01
-4.040809869766235352e-01
-4.030756950378417969e-01
-4.041960537433624268e-01
-4.032225906848907471e-01
-4.023210108280181885e-01
-4.043172597885131836e-01
-4.042415916919708252e-01
-4.038142561912536621e-01
-4.033636152744293213e-01
