2.744129763709174386e-01
-4.756279786427815987e-02
-1.360287533866034737e-01
-1.851310862435234794e-01
-1.998088094923231306e-01
-2.128434048758612862e-01
-2.204115655687120257e-01
-2.210939062966240654e-01
-2.316327624850803013e-01
-2.323301103379991350e-01
-2.375309997134738560e-01
-2.397794193691677456e-01
-2.432717482248941965e-01
-2.521681255764431362e-01
-2.484943336910671596e-01
-2.552794615427653180e-01
-2.585596773359510880e-01
-2.604115539126926060e-01
-2.620004812876383649e-01
-2.577160994211832867e-01
-2.637965414259169084e-01
-2.637557983398437500e-01
-2.605769634246826172e-01
-2.675690915849473495e-01
-2.654151386684841518e-01
-2.664456102583143693e-01
-2.623758580949571151e-01
-2.617966598934597378e-01
-2.643693023257785435e-01
-2.685946093665229073e-01
-2.669203281402587891e-01
-2.674195501539442521e-01
-2.682881620195176620e-01
-2.667193942599826451e-01
-2.742143736945258370e-01
-2.761588361528184432e-01
-2.782555951012505302e-01
-2.784514427185058594e-01
-2.828665839301215401e-01
-2.816344102223714008e-01
-2.802803251478407365e-01
-2.784417470296223773e-01
-2.795170942942301617e-01
-2.828342914581298828e-01
-2.763076358371310826e-01
-2.785443729824489956e-01
-2.887468602922227401e-01
-2.853882577684190291e-01
-2.858075300852457867e-01
-2.851741049024794084e-01
-2.875142097473144531e-01
-2.807108296288384208e-01
-2.811570167541503906e-01
-2.882538901435004464e-01
-2.871986230214436664e-01
-2.859965165456135883e-01
-2.825509177313910714e-01
-2.833625740475124721e-01
-2.870456377665202008e-01
-2.855446603563096541e-01
-2.852650218539767857e-01
-2.846264309353298549e-01
-2.839296393924289341e-01
-2.910031477610270367e-01
-2.765415244632297154e-01
-2.897186544206407088e-01
-2.863276534610324497e-01
-2.858239014943440570e-01
-2.849565347035725726e-01
-2.893253962198893414e-01
-2.878829108344184151e-01
-2.821078565385606307e-01
-2.881620460086398716e-01
-2.933941682179768695e-01
-2.837252087063259487e-01
-2.860403855641682758e-01
-2.826913992563883649e-01
-2.880818049112955914e-01
-2.807669904496934432e-01
-2.904246383243136997e-01
-2.850639820098876953e-01
-2.882821294996473771e-01
-2.864170339372422713e-01
-2.873780462476942521e-01
-2.866477701399061662e-01
-2.875275082058376674e-01
-2.823697990841335659e-01
-2.884100013309054966e-01
-2.868046760559082031e-01
-2.889310783810085659e-01
-2.858138614230685826e-01
-2.895911004808213729e-01
-2.906574408213297711e-01
-2.847587532467312221e-01
-2.804765171474880581e-01
-2.917010784149169922e-01
-2.866877184973822823e-01
-2.906974156697590961e-01
-2.937354511684841518e-01
-2.864990234375000000e-01
-2.891765965355767021e-01
-2.897861268785264510e-01
-2.885811593797471541e-01
-2.872861756218804130e-01
-2.923967043558756695e-01
-2.895197868347167969e-01
-2.844577365451388951e-01
-2.914781570434570312e-01
-2.915335231357150669e-01
-2.874836126963297711e-01
-2.886044449276394253e-01
-2.912067042456732979e-01
-2.962689929538303013e-01
-2.875980271233452568e-01
-2.881409592098659878e-01
-2.922514014773898716e-01
-2.889442708757188338e-01
-2.901337941487630023e-01
-2.945497035980224609e-01
-2.826026280721028461e-01
-2.890026569366455078e-01
-2.933536635504828682e-01
-2.945927249060736886e-01
-2.904976738823784599e-01
-2.949592537350124721e-01
-2.974705166286892299e-01
-2.945084042019314174e-01
-3.004078865051269531e-01
-2.942858537038167133e-01
-2.964672247568766461e-01
-3.007138835059272042e-01
-3.036993874443901786e-01
-2.954764101240370255e-01
-3.029544618394639510e-01
-3.016218609280056362e-01
-3.055329852634006138e-01
-3.032471868726942521e-01
-2.996251848008897323e-01
-3.024322986602783203e-01
-3.025118245018852958e-01
-3.003754880693223495e-01
-3.031831847296820870e-01
-3.037500646379258651e-01
-3.064541021982828961e-01
-3.006585703955756417e-01
-3.062721358405219307e-01
-3.112725151909722099e-01
-3.040032121870253068e-01
-3.055950270758734932e-01
-3.090073532528347378e-01
-3.103413846757676620e-01
-3.069169256422255021e-01
-3.065907690260145646e-01
-3.115391731262207031e-01
-3.126945495605468750e-01
-3.076354132758246651e-01
-3.116076257493760604e-01
-3.110686673058403739e-01
-3.134178055657280693e-01
-3.112306594848632812e-01
-3.063984182145860213e-01
-3.109315766228569755e-01
-3.127122190263535995e-01
-3.101763195461696987e-01
-3.104596138000488281e-01
-3.115960227118598214e-01
-3.086149692535400391e-01
-3.117406368255615234e-01
-3.083656628926594867e-01
-3.074745866987440568e-01
-3.147039943271213169e-01
-3.136525683932834263e-01
-3.127503924899631138e-01
-3.134138849046494979e-01
-3.162330256568061104e-01
-3.140104876624213448e-01
-3.096980253855387555e-01
-3.139090273115370255e-01
-3.147928714752197266e-01
-3.173912631140815011e-01
-3.139636251661512834e-01
-3.171364996168348771e-01
-3.135368824005126953e-01
-3.150251706441243305e-01
-3.170126014285617466e-01
-3.160121440887451172e-01
-3.147316508822970982e-01
-3.193314870198567523e-01
-3.162124686770969029e-01
-3.167981306711832867e-01
-3.149276839362250557e-01
-3.189623090955946427e-01
-3.220552338494194755e-01
-3.188447687360975724e-01
-3.135836389329698104e-01
-3.208686245812309989e-01
-3.192742400699191685e-01
-3.222915331522623883e-01
-3.209790123833550224e-01
-3.177670372856987724e-01
-3.207321431901719588e-01
-3.196374310387505302e-01
-3.202550411224365234e-01
-3.187200493282741909e-01
-3.199885421329074497e-01
-3.215124871995713729e-01
-3.183720111846923828e-01
-3.210292922125922432e-01
-3.230890168084038505e-01
-3.229691982269287109e-01
-3.199900256262885323e-01
-3.199455208248562221e-01
-3.230834537082248326e-01
-3.199810716840956193e-01
-3.233167065514458427e-01
-3.239954577551947823e-01
-3.291141457027859096e-01
-3.228375381893581753e-01
-3.284825483957926617e-01
-3.217162026299370536e-01
-3.266071743435329799e-01
-3.249012629191080914e-01
-3.244493802388508930e-01
-3.244570626152886161e-01
-3.251082897186279297e-01
-3.255060778723822823e-01
-3.234653207990858537e-01
-3.268714216020371932e-01
-3.289804193708631974e-01
-3.258911503685845146e-01
-3.231456279754638672e-01
-3.271550072564018974e-01
-3.275435235765244979e-01
-3.266208701663547154e-01
-3.276190492841932755e-01
-3.325814406077067242e-01
-3.267756038241916294e-01
-3.267964522043864117e-01
-3.294938670264350167e-01
-3.300518459743923549e-01
-3.304479122161865234e-01
-3.323079480065239677e-01
-3.289546436733669643e-01
-3.260486125946044922e-01
-3.306034141116672154e-01
-3.275192048814561385e-01
-3.301414913601345424e-01
-3.325716654459635602e-01
-3.326055738661024552e-01
-3.289029863145616073e-01
-3.318991925981309432e-01
-3.315368758307563057e-01
-3.305625385708279018e-01
-3.329869641198052177e-01
-3.326885435316297990e-01
-3.305855857001410714e-01
-3.315513663821750279e-01
-3.352821667989094867e-01
-3.339817788865830916e-01
-3.332235283321804409e-01
-3.320277267032199497e-01
-3.347394201490614396e-01
-3.340085082583957310e-01
-3.339709440867106305e-01
-3.348048263125949497e-01
-3.321653207143147601e-01
-3.367236985100640068e-01
-3.391888141632080078e-01
-3.372973601023356305e-01
-3.379761642879909878e-01
-3.397988213433159599e-01
-3.383597532908121930e-01
-3.396021525065104352e-01
-3.392879698011610490e-01
-3.379464149475097656e-01
-3.366642263200547713e-01
-3.397328058878580914e-01
-3.388813601599799386e-01
-3.371808263990614396e-01
-3.433491918775770646e-01
-3.431843651665581474e-01
-3.413017061021592635e-01
-3.408692412906222935e-01
-3.425985442267523995e-01
-3.426804542541503906e-01
-3.435752391815185547e-01
-3.425321049160427456e-01
-3.399959670172797432e-01
-3.436697589026557198e-01
-3.418832355075412388e-01
-3.449417220221625557e-01
-3.402178287506103516e-01
-3.429673512776692523e-01
-3.421576552920871372e-01
-3.443862862057155971e-01
-3.431161509619818917e-01
-3.455598619249131698e-01
-3.453790081871880302e-01
-3.447142442067464008e-01
-3.451539145575629464e-01
-3.415449195437961216e-01
-3.445620536804199219e-01
-3.444738388061523438e-01
-3.421781327989366073e-01
-3.452192147572835101e-01
-3.443923526340060826e-01
-3.412150277031792411e-01
-3.463321526845296039e-01
-3.458924823337131138e-01
-3.485202524397108537e-01
-3.446548779805501117e-01
-3.454849190182155971e-01
-3.449343575371636161e-01
-3.457136154174804688e-01
-3.454718854692246932e-01
-3.472190697987874164e-01
-3.451190259721543807e-01
-3.431994385189480190e-01
-3.484730985429551620e-01
-3.473810089959038505e-01
-3.455274634891086216e-01
-3.445824252234565011e-01
-3.446350097656250000e-01
-3.439811865488688336e-01
-3.474789990319145927e-01
-3.482044802771674386e-01
-3.448368178473578682e-01
-3.472012678782145367e-01
-3.489998976389567242e-01
-3.435378604465060826e-01
-3.430704275767008649e-01
-3.481983608669704799e-01
-3.472101158565945034e-01
-3.460047774844699497e-01
-3.462091551886664620e-01
-3.480586740705702287e-01
-3.448558913336859932e-01
-3.464815616607666016e-01
-3.474068111843532924e-01
-3.498114744822184430e-01
-3.453331788380940570e-01
-3.462352487776014787e-01
-3.478906684451633091e-01
-3.499636914994981307e-01
-3.491951624552409039e-01
-3.474780188666449776e-01
-3.486648665534125557e-01
-3.480943308936225167e-01
-3.483326170179579240e-01
-3.486014737023247489e-01
-3.472309642367892857e-01
-3.485005961524115792e-01
-3.462717533111572266e-01
-3.479847378200954799e-01
-3.493929968939887276e-01
-3.482683499654133930e-01
-3.491846720377604352e-01
-3.497730096181233539e-01
-3.485037485758463727e-01
-3.485447565714518414e-01
-3.474491702185736886e-01
-3.465504116482204799e-01
-3.470134470197889787e-01
-3.467795319027370815e-01
-3.483956919776068917e-01
-3.506907092200385323e-01
-3.478094736735026227e-01
-3.494790395100911273e-01
-3.511988321940104352e-01
-3.480608728196885604e-01
-3.486879666646321430e-01
-3.489485051896836776e-01
-3.502028253343369979e-01
-3.494092888302273159e-01
-3.469315369923909320e-01
-3.469362523820664901e-01
-3.483400079939100724e-01
-3.482718467712402344e-01
-3.506975438859727401e-01
-3.480956554412841797e-01
-3.476596143510606307e-01
-3.476201693216959820e-01
-3.478555679321289062e-01
-3.494089709387885323e-01
-3.490877946217854633e-01
-3.503968715667724609e-01
-3.509342935350205916e-01
-3.483364582061767578e-01
-3.516506618923611049e-01
-3.478641245100233537e-01
-3.517564137776692523e-01
-3.516782654656304130e-01
-3.485598299238417130e-01
-3.490574094984266740e-01
-3.501860830518934709e-01
-3.486086527506510602e-01
-3.489322927263047713e-01
-3.486996491750081195e-01
-3.499780760871039620e-01
-3.503754138946533203e-01
-3.477067682478163224e-01
-3.488718403710259208e-01
-3.512870735592312221e-01
-3.492339981926811943e-01
-3.513298829396565570e-01
-3.497817251417372209e-01
-3.502961264716254464e-01
-3.502021630605061664e-01
-3.481964270273844586e-01
-3.510570791032578963e-01
-3.518479135301377791e-01
-3.501261340247260323e-01
-3.515436119503445034e-01
-3.517279095119900112e-01
-3.498221238454182758e-01
-3.504522111680772323e-01
-3.508601983388264789e-01
-3.526488675011528739e-01
-3.483324580722385044e-01
-3.503011332617865792e-01
-3.504188325670030135e-01
-3.535152011447482701e-01
-3.528941472371419086e-01
-3.525411287943522320e-01
-3.493913809458414899e-01
-3.510247866312662945e-01
-3.523303402794731864e-01
-3.514103359646267299e-01
-3.531379169887966518e-01
-3.499206701914469586e-01
-3.508667151133219586e-01
-3.522956636216905135e-01
-3.516069783104790458e-01
-3.530514770083957310e-01
-3.518899811638726005e-01
-3.500487274593777065e-01
-3.535429636637369977e-01
-3.529854085710313338e-01
-3.519080744849311104e-01
-3.508181307050917130e-01
-3.488682640923393974e-01
-3.521734608544243583e-01
-3.520007133483886719e-01
-3.492786089579264508e-01
-3.500460518731011161e-01
-3.514962726169162388e-01
-3.528841071658664341e-01
-3.514217005835639229e-01
-3.510248396131727677e-01
-3.519082334306504745e-01
-3.526212374369303570e-01
-3.509994347890217914e-01
-3.534098201327853794e-01
-3.501218424903022042e-01
-3.533719115787082310e-01
-3.535032802157931919e-01
-3.525664011637369977e-01
-3.537079493204752789e-01
-3.522301514943440570e-01
-3.510789871215820312e-01
-3.512874709235297432e-01
-3.535878923204209823e-01
-3.517207039727104911e-01
-3.504522641499837055e-01
-3.504548072814941406e-01
-3.517179489135742188e-01
-3.528837362925211774e-01
-3.535170555114746094e-01
-3.530952400631374721e-01
-3.539524078369140625e-01
-3.519820902082655412e-01
-3.516454961564805526e-01
-3.544985983106825334e-01
-3.538712925381130581e-01
-3.514278994666205636e-01
-3.524831400977240792e-01
-3.530682192908393136e-01
-3.529225190480549945e-01
-3.526860607994927177e-01
-3.540799882676866073e-01
-3.523539967007107143e-01
-3.525642818874782924e-01
-3.544445567660861607e-01
-3.534923924340142021e-01
-3.539154794481065291e-01
-3.516703446706135883e-01
-3.504909409417046318e-01
-3.548657894134521484e-01
-3.540555900997585659e-01
-3.503976133134629745e-01
-3.523683547973632812e-01
-3.542524443732367745e-01
-3.513577514224582310e-01
-3.532276153564453125e-01
-3.540435896979438057e-01
-3.526626957787407646e-01
-3.545426792568630581e-01
-3.515984482235378628e-01
-3.548715909322102680e-01
-3.536991013420952568e-01
-3.536424636840820312e-01
-3.537373542785644531e-01
-3.532382912105984096e-01
-3.549816873338487166e-01
-3.550102445814344865e-01
-3.522112634446885604e-01
-3.536603715684678573e-01
-3.544315232170952568e-01
-3.526522318522135602e-01
-3.525572882758246651e-01
-3.557178709242079240e-01
-3.544065687391493302e-01
-3.544952604505751115e-01
-3.511459297604030971e-01
-3.517890241410996932e-01
-3.534300327301025391e-01
-3.511341942681206474e-01
-3.508947955237494698e-01
-3.527018229166666852e-01
-3.539447254604763393e-01
-3.554289076063368302e-01
-3.539607259962294084e-01
-3.524638546837700614e-01
-3.544213242001003628e-01
-3.523359563615586776e-01
-3.524552981058756695e-01
-3.531366984049479352e-01
-3.532089127434624443e-01
-3.532612323760986328e-01
-3.534721533457438336e-01
-3.528643184238010044e-01
-3.536463578542073383e-01
-3.549289438459608537e-01
-3.557923634847005023e-01
-3.543410566118028182e-01
-3.553345733218722935e-01
-3.530010117424858818e-01
-3.557098971472846261e-01
-3.557090494367811662e-01
-3.542942206064860211e-01
-3.531741566128200893e-01
-3.566806581285264510e-01
-3.543324205610487443e-01
-3.542094230651855469e-01
-3.542070388793945312e-01
-3.543880250718858260e-01
-3.543633884853786831e-01
-3.528837098015679130e-01
-3.530946837531195870e-01
-3.535796006520589008e-01
-3.531972302330864677e-01
-3.549413416120741349e-01
-3.507733345031738281e-01
-3.542050255669487724e-01
-3.545254866282145367e-01
-3.522895442114936104e-01
-3.552378283606635323e-01
-3.554353713989257812e-01
-3.519423537784152622e-01
-3.533617920345730190e-01
-3.563436932033962612e-01
-3.539525402916802177e-01
-3.524690734015570870e-01
-3.554978370666503906e-01
-3.542121516333686104e-01
-3.553037908342149276e-01
-3.559193346235487443e-01
-3.562133577134873885e-01
-3.557120164235432758e-01
-3.527908590104844588e-01
-3.576784928639729633e-01
-3.545429971483018416e-01
-3.547112411922878628e-01
-3.518804179297553292e-01
-3.545598453945583706e-01
-3.525655269622802734e-01
-3.580161995357937221e-01
-3.526387479570176620e-01
-3.554415702819824219e-01
-3.550332122378879185e-01
-3.547925949096679688e-01
-3.547881974114311943e-01
-3.531324863433837891e-01
-3.574922084808349609e-01
-3.527319961123996372e-01
-3.549351692199707031e-01
-3.538113170199924107e-01
-3.546089596218532924e-01
-3.527186446719699497e-01
-3.532038264804416294e-01
-3.524360921647813338e-01
-3.556739489237467633e-01
-3.546539677513970146e-01
-3.549028767479790458e-01
-3.550385634104410992e-01
-3.543853494856092912e-01
-3.519461949666340961e-01
-3.540366490681965961e-01
-3.543869919247097378e-01
-3.532414701249864120e-01
-3.555555078718397599e-01
-3.550069597032334823e-01
-3.558203379313151227e-01
-3.553696738349066964e-01
-3.543706205156114120e-01
-3.554195298088921318e-01
-3.561762968699137555e-01
-3.556194835238986607e-01
-3.548468218909369698e-01
-3.519578509860568638e-01
-3.557957543267143974e-01
-3.522822062174479352e-01
-3.556382921006944198e-01
-3.547966745164659041e-01
-3.563959863450791854e-01
-3.540993796454535714e-01
-3.530136744181315289e-01
-3.560955524444580078e-01
-3.527308040195041294e-01
-3.537686930762397042e-01
-3.533368640475803013e-01
-3.550243112776014787e-01
-3.544801076253255023e-01
-3.544218275282118302e-01
-3.540432718065049666e-01
-3.565872510274251117e-01
-3.548508750067816964e-01
-3.568601873185899276e-01
-3.541497654385036831e-01
-3.559321827358669643e-01
-3.579927020602756138e-01
-3.552485042148166294e-01
-3.559321827358669643e-01
-3.516501320732964286e-01
-3.542816374037001115e-01
-3.561977015601264229e-01
-3.540240923563639508e-01
-3.555183940463595982e-01
-3.545926411946614398e-01
-3.563222090403239117e-01
-3.543283409542507534e-01
-3.544612725575764789e-01
-3.559001816643608818e-01
-3.551414277818467635e-01
-3.540925184885660992e-01
-3.548854457007514229e-01
-3.546602461073133927e-01
-3.527547253502739677e-01
-3.539119031694200057e-01
-3.549164401160346261e-01
-3.551834159427219029e-01
-3.538420465257432479e-01
-3.542744848463270646e-01
-3.542805777655707589e-01
-3.560784392886691685e-01
-3.560683992173936385e-01
-3.563942644331190568e-01
-3.543021943834092635e-01
-3.559091620975070591e-01
-3.549862437778049107e-01
-3.560070461697048549e-01
-3.534294764200846539e-01
-3.537005848354763393e-01
-3.552363183763291854e-01
-3.566491338941786271e-01
-3.554778099060058594e-01
-3.532836967044406529e-01
-3.561952114105224609e-01
-3.556057082282172432e-01
-3.554791079627143136e-01
-3.568254576789008370e-01
-3.554205894470214844e-01
-3.570599820878770370e-01
-3.569449848598904018e-01
-3.553191290961371651e-01
-3.556781080034043807e-01
-3.543597062428792133e-01
-3.539857864379882812e-01
-3.549935552808973771e-01
-3.541897667778862724e-01
-3.545335133870442523e-01
-3.548396163516574497e-01
-3.548249138726128349e-01
-3.550470405154758091e-01
-3.566615051693386440e-01
-3.561857806311713448e-01
-3.564552995893690568e-01
-3.546269999610053292e-01
-3.531758785247802734e-01
-3.566193580627441406e-01
-3.566523657904731026e-01
-3.582340876261393414e-01
-3.556573390960693359e-01
-3.546725379096137276e-01
-3.550776905483669643e-01
-3.531436655256483537e-01
-3.575175603230794086e-01
-3.561946551005045758e-01
-3.554072644975450057e-01
-3.540124098459879742e-01
-3.560677104526095982e-01
-3.531760109795464286e-01
-3.563073741065131417e-01
-3.577951855129665737e-01
-3.549352222018771763e-01
-3.555849658118354073e-01
-3.571518262227376117e-01
-3.544872866736518136e-01
-3.567073080274794084e-01
-3.560566902160644531e-01
-3.568225966559516182e-01
-3.573256068759494419e-01
-3.568378024631076451e-01
-3.556072976854112166e-01
-3.554052776760525112e-01
-3.561805619133843193e-01
-3.527125252617729911e-01
-3.554168277316623326e-01
-3.570635318756103516e-01
-3.551214271121554966e-01
-3.544190724690755023e-01
-3.558020061916775112e-01
-3.572541077931721820e-01
-3.556315633985731584e-01
-3.550561534033881417e-01
-3.574863539801703682e-01
-3.561779393090142021e-01
-3.553966946072048549e-01
-3.545866807301839008e-01
-3.576514191097683315e-01
-3.575746483272976284e-01
-3.577571180131700057e-01
-3.557869858211941128e-01
-3.580457899305555802e-01
-3.591360780927870255e-01
-3.569186793433295479e-01
-3.567224078708224888e-01
-3.563356134626600724e-01
-3.561624421013726005e-01
-3.576442135704888114e-01
-3.579631646474202289e-01
-3.552618821461995258e-01
-3.584376706017388114e-01
-3.555915885501437779e-01
-3.572419484456380023e-01
-3.565788798862033482e-01
-3.565276728736029854e-01
-3.561751842498779297e-01
-3.537538581424289341e-01
-3.574131859673393974e-01
-3.556433253818088169e-01
-3.574096096886528739e-01
-3.542637295193142299e-01
-3.552403979831271763e-01
-3.575650850931803570e-01
-3.530929883321126117e-01
-3.591955767737494698e-01
-3.546806706322563896e-01
-3.555327521430121651e-01
-3.549743493398030414e-01
-3.593140178256564732e-01
-3.578942086961534041e-01
-3.575281037224663505e-01
-3.553945488399929409e-01
-3.577913443247477399e-01
-3.561852243211534041e-01
-3.546991878085666294e-01
-3.548101584116618024e-01
-3.561675018734402065e-01
-3.564580811394585380e-01
-3.603040907118055802e-01
-3.578522735171847935e-01
-3.574789365132649555e-01
-3.574692938062880021e-01
-3.580354319678412667e-01
-3.575396007961696987e-01
-3.580451806386311664e-01
-3.582591745588514787e-01
-3.561157915327284318e-01
-3.570036358303493862e-01
-3.590879970126681919e-01
-3.572260803646511440e-01
-3.582934538523356305e-01
-3.567492432064480190e-01
-3.576912879943847656e-01
-3.590307500627305526e-01
-3.551371627383761997e-01
-3.582634925842285156e-01
-3.593265480465359096e-01
-3.587053616841633930e-01
-3.564587699042426339e-01
-3.558267487419976005e-01
-3.587755892011854630e-01
-3.554001914130316964e-01
-3.575407134162055245e-01
-3.556648360358344307e-01
-3.565394878387451172e-01
-3.549305068122016182e-01
-3.569292492336696987e-01
-3.570355309380425224e-01
-3.574963145785861607e-01
-3.583095868428547992e-01
-3.558164967430962333e-01
-3.574909898969862443e-01
-3.561545213063557758e-01
-3.574675718943278180e-01
-3.598329491085476284e-01
-3.594700495402018414e-01
-3.583908345964219588e-01
-3.573051028781467076e-01
-3.578356901804606305e-01
-3.566289477878146763e-01
-3.577075269487168807e-01
-3.561554219987657088e-01
-3.571026060316297990e-01
-3.585028118557400112e-01
-3.574030399322509766e-01
-3.572768635219997768e-01
-3.596840169694688338e-01
-3.587201171451144810e-01
-3.578898111979166852e-01
-3.551891114976670760e-01
-3.581362830268012276e-01
-3.564306894938151227e-01
-3.556833797030978794e-01
-3.591306739383273716e-01
-3.582420349121093750e-01
-3.576808240678575057e-01
-3.573891586727566128e-01
-3.594779703352186662e-01
-3.575325277116563338e-01
-3.578561676873101005e-01
-3.590153058369954242e-01
-3.542702462938096541e-01
-3.581059508853488560e-01
-3.575616677602131976e-01
-3.590115971035427456e-01
-3.579681979285346261e-01
-3.580645985073513393e-01
-3.578490681118435268e-01
-3.565000957912868862e-01
-3.578133318159315568e-01
-3.566436237759060268e-01
-3.586236900753445034e-01
-3.564469284481472378e-01
-3.576594723595513114e-01
-3.578918774922688617e-01
-3.602621555328369141e-01
-3.594862884945339565e-01
-3.583575619591606864e-01
-3.572827445136176339e-01
-3.571173085106743583e-01
-3.599561850229899274e-01
-3.568372461530897599e-01
-3.568216694725884208e-01
-3.585467603471543807e-01
-3.594899707370334263e-01
-3.572297096252441406e-01
-3.589681519402397880e-01
-3.589447074466281529e-01
-3.596433268653022042e-01
-3.569118181864420758e-01
-3.606966866387261161e-01
-3.582632276746962052e-01
-3.590355714162190570e-01
-3.585166136423746930e-01
-3.575579590267605190e-01
-3.615530596839057198e-01
-3.592094845241970424e-01
-3.590563138326008930e-01
-3.594848579830593471e-01
-3.590357568528916854e-01
-3.585815429687500000e-01
-3.579903973473442802e-01
-3.592086103227403182e-01
-3.593666818406846541e-01
-3.592623074849446430e-01
-3.576905992296006698e-01
-3.584607177310519810e-01
-3.573530250125461216e-01
-3.576968775855170479e-01
-3.593751589457194195e-01
-3.584992355770534878e-01
-3.606552547878689174e-01
-3.578972021738688336e-01
-3.575395478142632255e-01
-3.579574161105685826e-01
-3.573626147376166573e-01
-3.589124149746364956e-01
-3.564535776774088727e-01
-3.612629837459988003e-01
-3.595484362708197823e-01
-3.582839171091715680e-01
-3.580819765726725445e-01
-3.599933253394232979e-01
-3.587372038099501115e-01
-3.571748733520507812e-01
-3.583397600385878068e-01
-3.568103048536512834e-01
-3.597469064924452287e-01
-3.584429423014323102e-01
-3.576746251848008651e-01
-3.572385576036241073e-01
-3.606881830427381974e-01
-3.579374949137369977e-01
-3.598600758446587333e-01
-3.575327396392822266e-01
-3.598601288265652065e-01
-3.610548973083496094e-01
-3.572416570451524276e-01
-3.571888340844048271e-01
-3.590055306752522601e-01
-3.607620398203532086e-01
-3.590798113081190568e-01
-3.609126938713921318e-01
-3.585857815212673549e-01
-3.610643015967475167e-01
-3.612758318583170758e-01
-3.602019945780436383e-01
-3.588756985134548549e-01
-3.577731185489230747e-01
-3.582272794511582870e-01
-3.603878021240234375e-01
-3.611294958326551896e-01
-3.581339783138698940e-01
-3.597801526387532367e-01
-3.581135537889268416e-01
-3.598746193779839286e-01
-3.603458669450547713e-01
-3.577757941351996651e-01
-3.593811194101969586e-01
-3.596696323818630581e-01
-3.591127395629882812e-01
-3.577110502454969865e-01
-3.582246833377414341e-01
-3.582496378156874162e-01
-3.563290966881645927e-01
-3.572893937428792133e-01
-3.596815798017714005e-01
-3.565144273969862443e-01
-3.592267036437988281e-01
-3.602998256683349609e-01
-3.591516282823350448e-01
-3.593885898590087891e-01
-3.586628172132704240e-01
-3.609206411573622209e-01
-3.590701950920952568e-01
-3.590367900000678292e-01
-3.576781749725341797e-01
-3.610534403059217912e-01
-3.598325517442491073e-01
-3.575659592946370258e-01
-3.592513667212592354e-01
-3.599503835042317523e-01
-3.599934577941894531e-01
-3.599980937110053292e-01
-3.582383791605631695e-01
-3.581299251980251674e-01
-3.588484658135308036e-01
-3.570331732432047711e-01
-3.602935208214653739e-01
-3.573488924238417130e-01
-3.599051104651557198e-01
-3.584226502312554130e-01
-3.587535222371419086e-01
-3.614266448550754185e-01
-3.595780796474880581e-01
-3.603799343109130859e-01
-3.590437836117214565e-01
-3.609159522586398716e-01
-3.589278592003716239e-01
-3.601556089189317245e-01
-3.598832024468315849e-01
-3.606513341267903461e-01
-3.591271771325005302e-01
-3.599770863850911273e-01
-3.587656286027696151e-01
-3.599434163835313338e-01
-3.594225777520073661e-01
-3.593833976321750279e-01
-3.589957555135090961e-01
-3.612029022640652065e-01
-3.592943085564507255e-01
-3.603872193230522880e-01
-3.580933676825629464e-01
-3.573257128397623883e-01
-3.571333620283339005e-01
-3.613777690463595982e-01
-3.590457969241672154e-01
-3.612525463104248047e-01
-3.575173483954535714e-01
-3.595865832434760323e-01
-3.605870670742458706e-01
-3.605182170867919922e-01
-3.587095737457275391e-01
-3.594840367635090961e-01
-3.584733009338378906e-01
-3.590003914303249721e-01
-3.612053394317626953e-01
-3.616931173536512834e-01
-3.594630029466416854e-01
-3.604446252187092914e-01
-3.599701192643907088e-01
-3.595484627617729911e-01
-3.591928746965196151e-01
-3.613339265187581195e-01
-3.600041866302490234e-01
-3.611041704813639508e-01
-3.581813706292046318e-01
-3.579054938422309151e-01
-3.574644459618462333e-01
-3.616064389546712055e-01
-3.590594927469889508e-01
-3.615612983703613281e-01
-3.577250374688042411e-01
-3.598534266153971539e-01
-3.610500759548611049e-01
-3.605588012271457310e-01
-3.591021166907416573e-01
-3.600317372216118583e-01
-3.585974375406901227e-01
-3.592756324344211216e-01
-3.613521522945827846e-01
-3.620038297441270370e-01
-3.593002425299750557e-01
-3.614753617180718193e-01
-3.590094513363308315e-01
-3.586596118079291573e-01
-3.602610429128010883e-01
-3.601387076907687779e-01
-3.585485617319743024e-01
-3.609844048817952289e-01
-3.593407207065158482e-01
-3.599458270602756138e-01
-3.619122505187988281e-01
-3.609505229526095982e-01
-3.604577382405598773e-01
-3.608549700842963448e-01
-3.593734105428059711e-01
-3.606619040171305524e-01
-3.626854949527316685e-01
-3.615457216898600445e-01
-3.601595560709635602e-01
-3.593326939476860771e-01
-3.616441620720757255e-01
-3.602879842122395648e-01
-3.598196771409776229e-01
-3.611056009928385602e-01
-3.611438539293077010e-01
-3.603433238135443917e-01
-3.614602883656819476e-01
-3.597184022267659320e-01
-3.613300588395860213e-01
-3.614013724856906529e-01
-3.611130714416503906e-01
-3.595822387271457310e-01
-3.600889311896430245e-01
-3.585748142666286831e-01
-3.610562483469645367e-01
-3.608148892720540180e-01
-3.613759676615397320e-01
-3.622694280412461776e-01
-3.596299489339192523e-01
-3.615270455678303851e-01
-3.579829533894856586e-01
-3.610889116923014508e-01
-3.595922258165147323e-01
-3.591272566053602677e-01
-3.612261878119574776e-01
-3.606967926025390625e-01
-3.633312119377983818e-01
-3.572424517737494698e-01
-3.606874942779541016e-01
-3.605773184034559709e-01
-3.577852778964572544e-01
-3.622226450178358537e-01
-3.597686025831434709e-01
-3.606147766113281250e-01
-3.606556521521674386e-01
-3.590905401441786271e-01
-3.593784703148735771e-01
-3.577512105305989398e-01
-3.590196503533257255e-01
-3.602983156840006695e-01
-3.602291742960612164e-01
-3.613844447665744419e-01
-3.604657120174831753e-01
-3.600417243109809151e-01
-3.620251814524332867e-01
-3.603221310509575614e-01
-3.592135111490885602e-01
-3.603612846798366909e-01
-3.614016373952229633e-01
-3.602996137407090682e-01
-3.607451650831434709e-01
-3.599852720896403180e-01
-3.585442437065972099e-01
-3.575899600982666016e-01
-3.613932397630479354e-01
-3.609574370914035435e-01
-3.606711493598090401e-01
-3.602791362338595982e-01
-3.617591593000624162e-01
-3.624654346042209263e-01
-3.620556725396050224e-01
-3.601759009891086216e-01
-3.619929154713948383e-01
-3.617077403598361607e-01
-3.623002105289035435e-01
-3.598015308380126953e-01
-3.577030764685736886e-01
-3.626179695129394531e-01
-3.614119423760308036e-01
-3.582335842980278739e-01
-3.603488869137234096e-01
-3.589261637793647042e-01
-3.610490692986382255e-01
-3.593013286590576172e-01
-3.609242704179551620e-01
-3.589251836140950336e-01
-3.592946794297959823e-01
-3.623968760172526227e-01
-3.610566986931694755e-01
-3.608833418952094307e-01
-3.606151739756266461e-01
-3.600424130757649555e-01
-3.617169062296549664e-01
-3.637466960483127232e-01
-3.622414271036784039e-01
-3.602077166239420758e-01
-3.631350199381510602e-01
-3.607891930474175224e-01
-3.614986472659640904e-01
-3.609506289164225445e-01
-3.617969618903266182e-01
-3.605199125077989120e-01
-3.596669303046332589e-01
-3.616508907741970424e-01
-3.597707218594021206e-01
-3.593824704488118305e-01
-3.602311081356472378e-01
-3.596630626254611607e-01
-3.600818581051296596e-01
-3.605994383494059430e-01
-3.601291179656982422e-01
-3.622659047444661273e-01
-3.608290354410807477e-01
-3.595388465457492466e-01
-3.611530462900797711e-01
-3.632310761345757255e-01
-3.593464957343207589e-01
-3.606251345740424386e-01
-3.613465097215440291e-01
-3.600475258297390346e-01
-3.597630394829643974e-01
-3.606583012474907646e-01
-3.619311650594075336e-01
-3.608127964867485771e-01
-3.618581824832492466e-01
-3.619027667575412388e-01
-3.596710099114311943e-01
-3.607498539818657646e-01
-3.611383967929416294e-01
-3.597465356190999164e-01
-3.623740143246120815e-01
-3.607445557912190570e-01
-3.614800771077473773e-01
-3.593346807691786271e-01
-3.602115843031141740e-01
-3.583709663814968471e-01
-3.617513444688584823e-01
-3.598051865895589008e-01
-3.628375795152452010e-01
-3.605968422359890346e-01
-3.613713847266303292e-01
-3.592946529388427734e-01
-3.607614305284287948e-01
-3.604144785139296037e-01
-3.599909941355387555e-01
-3.604151142968071708e-01
-3.628258440229628068e-01
-3.617953459421793805e-01
-3.597290515899658203e-01
-3.601418336232503070e-01
-3.619697888692219867e-01
-3.625455432467990513e-01
-3.621570534176296596e-01
-3.617996109856499443e-01
-3.608115514119465961e-01
-3.589753044976128349e-01
-3.625684314303928013e-01
-3.610479831695556641e-01
-3.591626750098334542e-01
-3.606624338361952287e-01
-3.603010442521836776e-01
-3.620413409339057198e-01
-3.617032633887397042e-01
-3.617008792029486886e-01
-3.638045787811279297e-01
-3.607130050659179688e-01
-3.604422410329182758e-01
-3.623694578806559430e-01
-3.615501721700032367e-01
-3.602530691358778459e-01
-3.622822231716579799e-01
-3.614743285708957310e-01
-3.618945810529921037e-01
-3.619110319349501115e-01
-3.599857754177517299e-01
-3.601361645592583427e-01
-3.588332864973280412e-01
-3.628528647952609654e-01
-3.604837258656819476e-01
-3.619113763173421039e-01
-3.599916299184163226e-01
-3.612678050994873047e-01
-3.623730341593424664e-01
-3.626020484500461216e-01
-3.608290089501274833e-01
-3.610738118489583148e-01
-3.606114387512207031e-01
-3.602419164445664901e-01
-3.624256716834174386e-01
-3.626608583662245255e-01
-3.606719705793592912e-01
-3.635003036922878628e-01
-3.607627550760905133e-01
-3.591127130720350724e-01
-3.616252475314670201e-01
-3.613310125139024276e-01
-3.600795798831515904e-01
-3.619449933369954242e-01
-3.601176473829481584e-01
-3.609271844228108539e-01
-3.630536662207709542e-01
-3.618485132853190289e-01
-3.615988890329996930e-01
-3.622491624620225448e-01
-3.609278996785481586e-01
-3.626690970526801339e-01
-3.634946081373426896e-01
-3.628180291917588729e-01
-3.616326120164659041e-01
-3.602633476257324219e-01
-3.624085585276285992e-01
-3.608229955037434711e-01
-3.610101540883381976e-01
-3.620222409566243305e-01
-3.622171878814697266e-01
-3.618747658199734096e-01
-3.625444041358100167e-01
-3.608802159627278461e-01
-3.626923296186659318e-01
-3.627560138702392578e-01
-3.631251653035481586e-01
-3.607450061374240513e-01
-3.612313270568847656e-01
-3.602835337320963727e-01
-3.618612289428710938e-01
-3.614942232767741070e-01
-3.621306154463026505e-01
-3.635046746995713729e-01
-3.608896997239854354e-01
-3.626500500573052177e-01
-3.590308825174967633e-01
-3.620299498240153180e-01
-3.601032892862955914e-01
-3.605517546335856305e-01
-3.615451918707953682e-01
-3.616790241665310268e-01
-3.643414709303114396e-01
-3.598735332489013672e-01
-3.617761664920383091e-01
-3.615496953328450336e-01
-3.593042161729600448e-01
-3.633690410190158482e-01
-3.613367080688476562e-01
-3.618021276262071151e-01
-3.619263701968722935e-01
-3.606143792470296039e-01
-3.612949583265516740e-01
-3.593312104543049945e-01
-3.600766393873426896e-01
-3.613428804609510880e-01
-3.616121874915229073e-01
-3.620714611477321987e-01
-3.609960609012179966e-01
-3.617705239189995536e-01
-3.626577059427897320e-01
-3.610751099056667690e-01
-3.602940506405300503e-01
-3.624866008758544922e-01
-3.623770607842339286e-01
-3.607174555460612164e-01
-3.620918326907687779e-01
-3.602792951795790177e-01
-3.600908385382758370e-01
-3.591202894846598492e-01
-3.616238170199924107e-01
-3.609940475887722378e-01
-3.624156051211886997e-01
-3.605636225806342354e-01
-3.631352583567301617e-01
-3.633860217200385323e-01
-3.629454241858588448e-01
-3.613083892398410435e-01
-3.619383176167805805e-01
-3.625359270307753068e-01
-3.627127276526557198e-01
-3.611480659908718471e-01
-3.588480419582790737e-01
-3.631587823232014789e-01
-3.620176845126681919e-01
-3.597592512766520367e-01
-3.614850838979085101e-01
-3.597307735019260044e-01
-3.619165685441758651e-01
-3.604555924733479633e-01
-3.619913789961073380e-01
-3.602803813086615792e-01
-3.606958124372694474e-01
-3.631243175930446987e-01
-3.616390228271484375e-01
-3.616231547461615792e-01
-3.610994550916883927e-01
-3.609287208980984096e-01
-3.626579178704155693e-01
-3.641960620880126953e-01
-3.636826674143473492e-01
-3.607745700412326451e-01
-3.646228843265109654e-01
-3.612818188137478237e-01
-3.615874449412028180e-01
-3.626112673017714005e-01
-3.620870378282334823e-01
-3.615965048472086774e-01
-3.601981798807780133e-01
-3.630722628699408761e-01
-3.607085545857747211e-01
-3.604697386423746930e-01
-3.607814047071669084e-01
-3.614865938822428570e-01
-3.605647881825764789e-01
-3.617053031921386719e-01
-3.607855902777777901e-01
-3.639011912875705357e-01
-3.614370557996962052e-01
-3.606101671854655133e-01
-3.622477054595947266e-01
-3.641834788852267857e-01
-3.607126077016194476e-01
-3.616411156124538784e-01
-3.632718457116020927e-01
-3.614255587259928570e-01
-3.602293332417805805e-01
-3.607972992791069755e-01
-3.623633384704589844e-01
-3.622056113349066964e-01
-3.627440134684244977e-01
-3.621360196007622489e-01
-3.605931599934895648e-01
-3.610953754848904018e-01
-3.623234695858425503e-01
-3.607417477501763114e-01
-3.628817399342854633e-01
-3.613803121778700334e-01
-3.626422617170546037e-01
-3.599232302771674386e-01
-3.609983656141493302e-01
-3.596521748436821708e-01
-3.625790013207329521e-01
-3.604375256432427177e-01
-3.633015420701768416e-01
-3.609730137719048271e-01
-3.620187176598442802e-01
-3.608165052202012557e-01
-3.611318005455864677e-01
-3.612446784973144531e-01
-3.604296843210856305e-01
-3.612333668602837333e-01
-3.628909587860107422e-01
-3.624424669477674943e-01
-3.607184886932373047e-01
-3.608265982733832589e-01
-3.618971241845024833e-01
-3.630872037675645370e-01
-3.627188205718994141e-01
-3.623888757493760604e-01
-3.617554240756564732e-01
-3.600222534603542690e-01
-3.633778625064426060e-01
-3.617342842949761161e-01
-3.599285019768608818e-01
-3.611877494388156529e-01
-3.608418040805392857e-01
-3.620847860972086774e-01
-3.621679147084553851e-01
-3.625154230329725724e-01
-3.645873069763183594e-01
-3.614784611596001396e-01
