-2.103169494205051060e-01
-2.401346100701226005e-01
-2.503717475467258091e-01
-2.681062486436631698e-01
-2.732239564259846820e-01
-2.796600394778781529e-01
-2.855538792080349331e-01
-2.856390741136338729e-01
-2.816605567932128906e-01
-2.892491552564833146e-01
-2.758869594997829799e-01
-2.902991506788465959e-01
-2.946493095821804409e-01
-2.882225513458251953e-01
-2.901718881395127791e-01
-2.978072961171467914e-01
-3.092068301306830636e-01
-3.130759133232964286e-01
-3.106710380978054409e-01
-3.163463804456922990e-01
-3.135095437367756976e-01
-3.192741341061062221e-01
-3.202702204386393414e-01
-3.252382808261447544e-01
-3.193132877349853516e-01
-3.239305019378662109e-01
-3.142851988474528180e-01
-3.205356332990858537e-01
-3.231318791707356586e-01
-3.244810104370117188e-01
-3.209344016181098214e-01
-3.234255578782823104e-01
-3.254132535722520370e-01
-3.257502714792887555e-01
-3.245647483401828404e-01
-3.255300521850585938e-01
-3.296972115834553851e-01
-3.298878139919704799e-01
-3.298869132995605469e-01
-3.262336783938937779e-01
-3.298065132564968471e-01
-3.287485440572102680e-01
-3.319968382517496930e-01
-3.306164211697048549e-01
-3.278696272108290177e-01
-3.299762937757704240e-01
-3.334746095869276505e-01
-3.264612356821696149e-01
-3.282140360938178292e-01
-3.333990838792588729e-01
-3.328138457404242745e-01
-3.298162354363335380e-01
-3.300126393636067523e-01
-3.358552720811631698e-01
-3.374703195359971541e-01
-3.317752944098578682e-01
-3.316304948594834823e-01
-3.288528654310438615e-01
-3.337718645731608258e-01
-3.307237890031602401e-01
-3.357957469092475167e-01
-3.361528714497883930e-01
-3.287157217661539899e-01
-3.365939723120795479e-01
-3.335483868916829242e-01
-3.330652713775634766e-01
-3.305897977617051620e-01
-3.397255208757188338e-01
-3.369561036427815570e-01
-3.375426398383246651e-01
-3.372772534688313617e-01
-3.362657758924696427e-01
-3.365118238661024552e-01
-3.399761782752143136e-01
-3.337035179138183594e-01
-3.410196304321289062e-01
-3.388216230604383927e-01
-3.381324079301621932e-01
-3.388258881039089565e-01
-3.408080471886528739e-01
-3.384216096666123885e-01
-3.365190558963351841e-01
-3.360063234965006695e-01
-3.401359717051188336e-01
-3.409085273742675781e-01
-3.457804520924885883e-01
-3.396320078108046037e-01
-3.385857211218940011e-01
-3.408305644989013672e-01
-3.400135835011799945e-01
-3.371793693966335659e-01
-3.390195104810926896e-01
-3.427842987908257255e-01
-3.379896216922336216e-01
-3.383869065178765068e-01
-3.421223958333333148e-01
-3.390151924557155971e-01
-3.413272168901231307e-01
-3.437892860836452846e-01
-3.431369728512234096e-01
-3.430027167002360211e-01
-3.383789592319064732e-01
-3.416405253940158482e-01
-3.462507194942898159e-01
-3.419822586907280693e-01
-3.441335095299614677e-01
-3.424336380428738003e-01
-3.459486431545681362e-01
-3.468426598442925224e-01
-3.433525297376844865e-01
-3.444649643368191128e-01
-3.452928331163194198e-01
-3.427515029907226562e-01
-3.418902291191948661e-01
-3.458401891920301896e-01
-3.469407558441162109e-01
-3.465692996978759766e-01
-3.443128797743055802e-01
-3.476396931542290458e-01
-3.410872353447808036e-01
-3.455894523196750279e-01
-3.484618133968777065e-01
-3.472909132639567242e-01
-3.486245738135443917e-01
-3.478691313001844865e-01
-3.467303117116292133e-01
-3.488682905832926617e-01
-3.472299310896131974e-01
-3.466589185926649552e-01
-3.491706318325466518e-01
-3.492990334828694476e-01
-3.491750293307834263e-01
-3.452665275997585659e-01
-3.471793333689371930e-01
-3.495474126603868026e-01
-3.464028835296630859e-01
-3.496748341454399833e-01
-3.513886133829752789e-01
-3.493036693996853237e-01
-3.467323250240749721e-01
-3.445881207784016742e-01
-3.491350279914008370e-01
-3.474121623569064732e-01
-3.475521670447455636e-01
-3.474011686113145370e-01
-3.510371843973795758e-01
-3.506460984547932758e-01
-3.494714101155598773e-01
-3.526429070366753349e-01
-3.507046699523925781e-01
-3.495327631632487164e-01
-3.512766096327040177e-01
-3.495723141564263114e-01
-3.492272165086534041e-01
-3.491222328609890346e-01
-3.491918775770399552e-01
-3.480107519361708146e-01
-3.494069576263427734e-01
-3.507596121893988839e-01
-3.515754540761311664e-01
-3.506953451368544084e-01
-3.517035643259684430e-01
-3.500061829884846820e-01
-3.494119114345974331e-01
-3.511131604512532367e-01
-3.509698443942599888e-01
-3.500607013702392578e-01
-3.496408727433946151e-01
-3.480834696027967912e-01
-3.505725330776638393e-01
-3.489981757269965401e-01
-3.481240272521972656e-01
-3.500748740302191964e-01
-3.506850666469997768e-01
-3.494983779059516182e-01
-3.513107564714219588e-01
-3.454592757754855747e-01
-3.485392199622260323e-01
-3.518671724531385880e-01
-3.466758463117811662e-01
-3.523049884372287388e-01
-3.534074094560410995e-01
-3.493983215755886440e-01
-3.470106919606526508e-01
-3.527543014950222378e-01
-3.521725336710612164e-01
-3.480434152815077287e-01
-3.522858619689941406e-01
-3.498328261905246372e-01
-3.502078321244981307e-01
-3.519577980041503906e-01
-3.514099915822346820e-01
-3.499844339158799666e-01
-3.484583430820041294e-01
-3.495631482866075057e-01
-3.510731856028239117e-01
-3.537188106113010044e-01
-3.498894373575846539e-01
-3.519990709092881698e-01
-3.513282140096028461e-01
-3.524323039584689732e-01
-3.514851729075114117e-01
-3.531956407758924943e-01
-3.491217030419243583e-01
-3.518875175052219029e-01
-3.520832856496174945e-01
-3.516495757632785435e-01
-3.543231752183702010e-01
-3.525040679507785435e-01
-3.516515360938178292e-01
-3.503114117516411552e-01
-3.469090196821424943e-01
-3.509792751736111049e-01
-3.501176569196913224e-01
-3.529990514119465961e-01
-3.526485761006672992e-01
-3.529880046844482422e-01
-3.544469144609239120e-01
-3.561120033264160156e-01
-3.492252031962077008e-01
-3.538324038187662945e-01
-3.539672427707248326e-01
-3.513719505733913784e-01
-3.539541562398274555e-01
-3.514317936367458706e-01
-3.536888758341471539e-01
-3.535153071085612164e-01
-3.548604647318522320e-01
-3.529828654395209542e-01
-3.492492834726969586e-01
-3.497697512308756695e-01
-3.550056086646186104e-01
-3.521561092800564174e-01
-3.530333307054307479e-01
-3.525722556644015904e-01
-3.538681666056315289e-01
-3.562844594319661273e-01
-3.533578448825412388e-01
-3.504184087117512836e-01
-3.521020677354600448e-01
-3.520565297868516463e-01
-3.536434438493516463e-01
-3.520957628885905133e-01
-3.501864804161919364e-01
-3.527108298407660714e-01
-3.519766065809462052e-01
-3.518714110056559430e-01
-3.551198376549614677e-01
-3.567247125837538224e-01
-3.482381502787272320e-01
-3.512153890397813338e-01
-3.550040192074245815e-01
-3.511832555135090961e-01
-3.542061646779378070e-01
-3.512109650505913505e-01
-3.494999938540988560e-01
-3.540549278259277344e-01
-3.539335992601182479e-01
-3.514343632592095146e-01
-3.549487325880262834e-01
-3.533217642042372209e-01
-3.516405688391791573e-01
-3.503824869791666852e-01
-3.533006244235568638e-01
-3.507528834872775669e-01
-3.518660068511962891e-01
-3.537573814392089844e-01
-3.546217017703586216e-01
-3.523464997609456195e-01
-3.552414311303032646e-01
-3.553495407104492188e-01
-3.533331818050808315e-01
-3.553442955017089844e-01
-3.516605695088704242e-01
-3.554990556504991073e-01
-3.527614010704888114e-01
-3.535852697160508651e-01
-3.529813289642333984e-01
-3.521240817175971261e-01
-3.538846439785427456e-01
-3.537551561991373883e-01
-3.543392022450764789e-01
-3.536752859751383649e-01
-3.562923272450764789e-01
-3.544424374898274555e-01
-3.538787364959716797e-01
-3.547538651360405693e-01
-3.528612189822726841e-01
-3.535434405008952008e-01
-3.533024787902832031e-01
-3.533734480539957867e-01
-3.540875381893581753e-01
-3.524542914496527901e-01
-3.526859018537733537e-01
-3.537957403394911271e-01
-3.532685968610975724e-01
-3.533028496636284599e-01
-3.520681858062744141e-01
-3.579905562930636997e-01
-3.543904622395833148e-01
-3.547579712337917690e-01
-3.537882433997260323e-01
-3.514253033532036552e-01
-3.545318444569905414e-01
-3.535565800136989956e-01
-3.554213311937119979e-01
-3.542350133260090961e-01
-3.535762892829047432e-01
-3.544144895341660995e-01
-3.526104556189643136e-01
-3.538264433542887555e-01
-3.525504536098904018e-01
-3.564456568823920479e-01
-3.539513217078315011e-01
-3.576589955223931083e-01
-3.547967010074191685e-01
-3.543058766259087333e-01
-3.520787292056613560e-01
-3.529397116767035714e-01
-3.545839786529541016e-01
-3.521549966600205916e-01
-3.531739976671006698e-01
-3.521141476101345424e-01
-3.507853613959418526e-01
-3.541770776112874164e-01
-3.530739943186442242e-01
-3.509013387891981584e-01
-3.555420504675971261e-01
-3.566916518741183872e-01
-3.519894811842176896e-01
-3.506693840026855469e-01
-3.545206387837727680e-01
-3.520126342773437500e-01
-3.559859858618842354e-01
-3.542794651455349331e-01
-3.574715720282660714e-01
-3.536232577429877511e-01
-3.524140516916910992e-01
-3.520011901855468750e-01
-3.557344807518852958e-01
-3.537027306026882534e-01
-3.500092029571533203e-01
-3.518702718946669084e-01
-3.570537302229139787e-01
-3.534559673733181362e-01
-3.555723561180962333e-01
-3.524550331963433036e-01
-3.546316623687744141e-01
-3.539092805650498885e-01
-3.513941235012478237e-01
-3.517676724327934989e-01
-3.561218844519721261e-01
-3.516959349314371930e-01
-3.539503680335150948e-01
-3.516691525777180805e-01
-3.528893258836534041e-01
-3.553567727406819476e-01
-3.493736849890815011e-01
-3.559035460154215680e-01
-3.477605713738335380e-01
-3.512157069312201729e-01
-3.539608319600422992e-01
-3.556017080942789899e-01
-3.550383514828152065e-01
-3.534309864044189453e-01
-3.534077803293864117e-01
-3.523828718397352677e-01
-3.532033496432834263e-01
-3.506805102030436383e-01
-3.541709052191840401e-01
-3.518093162112765904e-01
-3.541535801357693081e-01
-3.566613462236192245e-01
-3.528847164577907924e-01
-3.518541124131944198e-01
-3.504232830471462612e-01
-3.548920419481065291e-01
-3.553005059560139789e-01
-3.516703181796603794e-01
-3.530731730990939732e-01
-3.504956033494737166e-01
-3.532769680023193359e-01
-3.527665138244628906e-01
-3.561171955532497768e-01
-3.553083207872178573e-01
-3.528916570875380021e-01
-3.557977411482069474e-01
-3.490214347839355469e-01
-3.541640705532497768e-01
-3.519856135050455914e-01
-3.532167805565727958e-01
-3.570347097184922713e-01
-3.560427029927571430e-01
-3.544335895114474888e-01
-3.529353671603732701e-01
-3.487034373813205357e-01
-3.520262506273057479e-01
-3.571311632792155133e-01
-3.546520074208577289e-01
-3.548124101426866073e-01
-3.514493571387397042e-01
-3.532906903160942802e-01
-3.519283930460612164e-01
-3.522617816925048828e-01
-3.538910547892252789e-01
-3.533249696095784320e-01
-3.545293543073866349e-01
-3.540611267089843750e-01
-3.542166550954182758e-01
-3.553897804684109096e-01
-3.554737038082546596e-01
-3.517020013597276229e-01
-3.528199195861816406e-01
-3.509612613254123326e-01
-3.539643022749159318e-01
-3.521422015296088448e-01
-3.570924599965413226e-01
-3.561880853441026229e-01
-3.482318189409043807e-01
-3.524156146579318638e-01
-3.537378840976291294e-01
-3.558792803022596818e-01
-3.523114787207709542e-01
-3.554667366875542411e-01
-3.533444669511582870e-01
-3.538712395562065849e-01
-3.534374501970078963e-01
-3.497723208533393136e-01
-3.537822829352484932e-01
-3.529197904798719865e-01
-3.508042229546440849e-01
-3.502718077765570870e-01
-3.544363445705837612e-01
-3.590736654069688338e-01
-3.536967171563042411e-01
-3.550618754492865792e-01
-3.548296292622883930e-01
-3.527133199903700334e-01
-3.540381590525309430e-01
-3.479981157514784318e-01
-3.516995906829833984e-01
-3.553682698143852958e-01
-3.547902901967366351e-01
-3.541944026947021484e-01
-3.543534543779160995e-01
-3.522471321953667411e-01
-3.508237202962239398e-01
-3.557852109273274555e-01
-3.568029403686523438e-01
-3.558492395612928849e-01
-3.541180027855767021e-01
-3.549375004238552456e-01
-3.515906069013807755e-01
-3.510214222802056083e-01
-3.545916345384385604e-01
-3.537874221801757812e-01
-3.528136412302653180e-01
-3.517793284522162667e-01
-3.523509237501356584e-01
-3.540816307067871094e-01
-3.511380089653862724e-01
-3.561650911966959820e-01
-3.501454989115397320e-01
-3.535200754801432477e-01
-3.530300988091362724e-01
-3.526275422837998885e-01
-3.497924274868435268e-01
-3.537021742926703682e-01
-3.579477998945448380e-01
-3.524238268534342633e-01
-3.538385497199164620e-01
