3.533602396647135269e+00
2.773871527777777679e+00
2.203143649631076340e+00
1.605789608425564285e+00
1.208805084228515625e+00
8.170340326097276229e-01
5.932232009039984932e-01
3.859628836313883649e-01
2.837044397989909039e-01
1.821981271107991629e-01
1.332488589816623326e-01
7.733964920043945312e-02
6.514379713270398997e-02
3.486130634943643974e-02
4.041665461328294850e-02
2.700882032513618469e-04
7.757905146314038412e-04
-1.304834418826632952e-02
-3.604659106996324636e-02
-2.991800175772772741e-02
-3.755980067782931781e-02
-4.631838864750332380e-02
-6.131392055087619281e-02
-7.994136545393201732e-02
-8.789614174101087474e-02
-9.497128592597113561e-02
-9.474423858854505442e-02
-1.081471774313184919e-01
-1.046349406242370605e-01
-1.303965383105807896e-01
-1.303250922097100029e-01
-1.284758779737684431e-01
-1.331692536671956473e-01
-1.424641476737128487e-01
-1.504211955600314732e-01
-1.551431417465209961e-01
-1.585423946380615234e-01
-1.560594373279147740e-01
-1.626443730460273018e-01
-1.675261656443277902e-01
-1.658057769139607840e-01
-1.715418232811821708e-01
-1.695393058988783064e-01
-1.760418547524346122e-01
-1.703549755944145927e-01
-1.766123639212714425e-01
-1.894232299592759905e-01
-1.824469301435682478e-01
-1.894047260284423828e-01
-1.945986615286933175e-01
-1.925963560740152902e-01
-1.875392463472154436e-01
-1.882013744778103237e-01
-1.997011635038587751e-01
-2.016947269439697266e-01
-1.965384085973103934e-01
-1.996544864442613421e-01
-2.034483088387383232e-01
-2.013295888900756836e-01
-1.972559425565931501e-01
-2.067486710018581753e-01
-2.056180503633287249e-01
-2.067908975813123884e-01
-2.082347604963514509e-01
-1.976305643717447824e-01
-2.072668208016289482e-01
-2.083178361256917410e-01
-2.105259630415174665e-01
-2.147026856740315848e-01
-2.138192388746473493e-01
-2.087001403172810965e-01
-2.107622093624538784e-01
-2.126473453309800921e-01
-2.149380975299411412e-01
-2.102878888448079520e-01
-2.181634505589803152e-01
-2.135032415390014648e-01
-2.159634563657972517e-01
-2.095497714148627511e-01
-2.179304626252916155e-01
-2.074411312739054269e-01
-2.190374533335367746e-01
-2.143895228703816824e-01
-2.194778919219970703e-01
-2.209340466393364677e-01
-2.193551195992363700e-01
-2.131081289715237026e-01
-2.184211545520358677e-01
-2.156282001071506138e-01
-2.209097146987915039e-01
-2.146209610833061943e-01
-2.202527920405069894e-01
-2.253999445173475447e-01
-2.211696174409654436e-01
-2.121835947036743164e-01
-2.167139450709024973e-01
-2.136688364876641044e-01
-2.222681045532226562e-01
-2.263166904449462891e-01
-2.199202511045667829e-01
-2.196391953362358818e-01
-2.153154346677992048e-01
-2.178833749559190569e-01
-2.192077239354451590e-01
-2.264773050944010324e-01
-2.191880676481458845e-01
-2.164604796303642997e-01
-2.234262360466851005e-01
-2.192935811148749581e-01
-2.199635505676269531e-01
-2.174024714363945732e-01
-2.202811373604668388e-01
-2.251300017038981027e-01
-2.156676186455620536e-01
-2.180622551176283064e-01
-2.326023048824734096e-01
-2.171270714865790596e-01
-2.206203805075751534e-01
-2.274054421318901786e-01
-2.143444617589314871e-01
-2.193883525000678292e-01
-2.192023065355089007e-01
-2.230105664994981585e-01
-2.221833997302585240e-01
-2.218101951811048689e-01
-2.273730172051323661e-01
-2.251072194841172991e-01
-2.277981705135769253e-01
-2.224815421634250279e-01
-2.240387598673502512e-01
-2.257147630055745535e-01
-2.289072407616509208e-01
-2.291889720492892857e-01
-2.269022994571261997e-01
-2.267726262410481863e-01
-2.262069914076063337e-01
-2.263691690233018694e-01
-2.295973300933837891e-01
-2.266115612453884487e-01
-2.305859194861518136e-01
-2.303255663977729073e-01
-2.309126589033338728e-01
-2.307982974582248326e-01
-2.406155533260769253e-01
-2.301826741960313616e-01
-2.351790004306369419e-01
-2.328775988684760323e-01
-2.330593532986111049e-01
-2.374650107489691964e-01
-2.354699505700005302e-01
-2.410686280992296038e-01
-2.335130108727349052e-01
-2.355088657803005581e-01
-2.396145926581488839e-01
-2.378179762098524275e-01
-2.385660807291666574e-01
-2.336818906995985212e-01
-2.434146669175889788e-01
-2.410009437137179966e-01
-2.376930713653564453e-01
-2.328047222561306362e-01
-2.328060997856987724e-01
-2.367933591206868582e-01
-2.338133123185899553e-01
-2.408655749426947823e-01
-2.414573033650716238e-01
-2.355928950839572544e-01
-2.395962344275580636e-01
-2.333375612894693918e-01
-2.371028529273139229e-01
-2.411089738210042410e-01
-2.357134289211696987e-01
-2.378954357571071987e-01
-2.370991706848144531e-01
-2.421086629231770926e-01
-2.375857300228542690e-01
-2.378855016496446428e-01
-2.309307787153455915e-01
-2.369085417853461495e-01
-2.426964441935221262e-01
-2.332059012518988839e-01
-2.386216852400037947e-01
-2.305881712171766462e-01
-2.381202644771999721e-01
-2.404109901852077846e-01
-2.420941458808051339e-01
-2.345388995276557198e-01
-2.423119280073377790e-01
-2.377577357821994419e-01
-2.416863176557752790e-01
-2.401351398891872768e-01
-2.445060941908094587e-01
-2.412140899234347935e-01
-2.424234549204508371e-01
-2.357199986775716238e-01
-2.449158562554253349e-01
-2.453191810184054966e-01
-2.441654205322265625e-01
-2.458441257476806641e-01
-2.450683381822374163e-01
-2.430302302042643137e-01
-2.406477133433023996e-01
-2.443097432454427176e-01
-2.379228538937038784e-01
-2.391957706875271206e-01
-2.419204976823594866e-01
-2.383605639139811105e-01
-2.400936285654703684e-01
-2.449455526140001116e-01
-2.407299147711859932e-01
-2.477304405636257534e-01
-2.378375265333387556e-01
-2.414387067159017020e-01
-2.419455316331651507e-01
-2.432761457231309710e-01
-2.418918079800075893e-01
-2.471276124318440848e-01
-2.406112353006998605e-01
-2.466138468848334542e-01
-2.384509775373670759e-01
-2.503770192464192523e-01
-2.403198348151313057e-01
-2.427502738104926339e-01
-2.470555570390489397e-01
-2.474306954277886161e-01
-2.432156933678520927e-01
-2.451918125152587891e-01
-2.489177385965982980e-01
-2.453560299343532924e-01
-2.489069832695854911e-01
-2.408099439409044085e-01
-2.519910070631239396e-01
-2.471938398149278460e-01
-2.484050326877170201e-01
-2.489796479543050223e-01
-2.531008455488417130e-01
-2.538473606109619141e-01
-2.519879076215956193e-01
-2.462871604495578404e-01
-2.543378406100803013e-01
-2.481219503614637556e-01
-2.555497487386067523e-01
-2.522876262664794922e-01
-2.477058304680718193e-01
-2.584238582187228794e-01
-2.435740629831949777e-01
-2.537626425425211774e-01
-2.500189145406087055e-01
-2.639195124308268414e-01
-2.561593055725097656e-01
-2.518823941548665180e-01
-2.643987867567274552e-01
-2.544113794962565289e-01
-2.566823429531521206e-01
-2.459619575076633091e-01
-2.546921571095784320e-01
-2.574052810668945312e-01
-2.617746194203694476e-01
-2.548658847808837891e-01
-2.518605921003553849e-01
-2.580162684122721539e-01
-2.560403611924912948e-01
-2.545635435316297990e-01
-2.566007508171929130e-01
-2.535475360022650948e-01
-2.534125381045871372e-01
-2.630181312561035156e-01
-2.586086326175265904e-01
-2.553803126017252789e-01
-2.606379985809326172e-01
-2.517565091451008930e-01
-2.599316702948676339e-01
-2.587383588155110492e-01
-2.491865158081054688e-01
-2.576874627007378349e-01
-2.552337116665310268e-01
-2.643959787156846541e-01
-2.529193295372856864e-01
-2.537690533532036552e-01
-2.670740816328260880e-01
-2.531791528065999164e-01
-2.610722117953830357e-01
-2.575115892622206193e-01
-2.618165810902913226e-01
-2.592549059126112443e-01
-2.602612972259521484e-01
-2.576467461056179409e-01
-2.622063159942626953e-01
-2.575860023498535156e-01
-2.528221607208251953e-01
-2.591284645928276786e-01
-2.638385030958387834e-01
-2.585358354780409318e-01
-2.571182780795627232e-01
-2.676427099439833146e-01
-2.608395417531331195e-01
-2.604924572838677177e-01
-2.712466981675889510e-01
-2.540113925933837891e-01
-2.585105366177029018e-01
-2.561477820078532086e-01
-2.589498096042209263e-01
-2.665535608927409039e-01
-2.611483203040229073e-01
-2.586963706546359654e-01
-2.605368296305338727e-01
-2.636202176411946430e-01
-2.584523095024956474e-01
-2.621704207526313057e-01
-2.588025728861491070e-01
-2.585845788319905414e-01
-2.574970722198486328e-01
-2.670129934946696149e-01
-2.576820850372314453e-01
-2.572281890445285435e-01
-2.557009326087104073e-01
-2.615885999467637557e-01
-2.636772261725531807e-01
-2.581550545162624721e-01
-2.661977344089084263e-01
-2.627945211198594588e-01
-2.577672004699707031e-01
-2.584583494398329240e-01
-2.525103092193603516e-01
-2.653524875640869141e-01
-2.641279962327744979e-01
-2.573713461558024274e-01
-2.623789575364854354e-01
-2.660377290513780135e-01
-2.663306130303276786e-01
-2.601977984110514508e-01
-2.587690353393554688e-01
-2.548513942294650669e-01
-2.715277406904432755e-01
-2.592829068501790180e-01
-2.689604229397243862e-01
-2.604210641649034041e-01
-2.707526683807373047e-01
-2.624691592322455636e-01
-2.629472679562038784e-01
-2.699406941731770648e-01
-2.614936298794216518e-01
-2.597253057691786271e-01
-2.651185459560818081e-01
-2.655030621422661552e-01
-2.604758474561903459e-01
-2.665006054772270927e-01
-2.646774980756971818e-01
-2.569180859459770927e-01
-2.638812330034043807e-01
-2.619992097218831195e-01
-2.641042338477240792e-01
-2.672383785247802734e-01
-2.644786834716796875e-01
-2.652914524078369141e-01
-2.665713893042670479e-01
-2.620448006523979911e-01
-2.734851307339138393e-01
-2.675306797027587891e-01
-2.648910151587592354e-01
-2.602423032124837055e-01
-2.624213430616590959e-01
-2.618695365058051339e-01
-2.626035213470458984e-01
-2.635031541188557758e-01
-2.727530267503526229e-01
-2.656751738654242745e-01
-2.635856734381781807e-01
-2.679374217987060547e-01
-2.615657117631700057e-01
-2.691394752926296596e-01
-2.631188498602973214e-01
-2.678730752733018416e-01
-2.634615898132324219e-01
-2.720794942643907088e-01
-2.636873457166883927e-01
-2.636312908596462612e-01
-2.671791712443034039e-01
-2.693483564588758927e-01
-2.658786773681640625e-01
-2.656498485141330357e-01
-2.631294197506374721e-01
-2.631337112850613003e-01
-2.702262401580810547e-01
-2.697688208685981026e-01
-2.696548832787407646e-01
-2.710110346476237164e-01
-2.654459741380479354e-01
-2.676057020823160992e-01
-2.674007150861952287e-01
-2.704176637861464005e-01
-2.629251745012071151e-01
-2.671279907226562500e-01
-2.722768518659803849e-01
-2.632703251308864956e-01
-2.720491621229383927e-01
-2.659419907463921318e-01
-2.661640644073486328e-01
-2.673008441925048828e-01
-2.704229089948866349e-01
-2.706681357489691964e-01
-2.678334712982177734e-01
-2.689840528700087052e-01
-2.659944693247477399e-01
-2.681196265750461216e-01
-2.698523998260498047e-01
-2.708127233717176896e-01
-2.683895428975422992e-01
-2.641476790110270367e-01
-2.751173178354899274e-01
-2.673956553141276227e-01
-2.710783481597900391e-01
-2.724295722113715401e-01
-2.680063512590196151e-01
-2.719380325741238003e-01
-2.662954595353868026e-01
-2.728834417131211776e-01
-2.733076678382025948e-01
-2.641628053453233260e-01
-2.699424425760905133e-01
-2.640659809112548828e-01
-2.766511970096164341e-01
-2.755276362101237164e-01
-2.657181951734755021e-01
-2.783669895595974331e-01
-2.766605483161078682e-01
-2.755866315629746932e-01
-2.736904886033799666e-01
-2.714652750227186662e-01
-2.716677188873291016e-01
-2.703228526645236607e-01
-2.762580977545844307e-01
-2.724286980099148159e-01
-2.696677049001057758e-01
-2.802676889631483537e-01
-2.732493877410888672e-01
-2.710217899746364956e-01
-2.789634333716498604e-01
-2.748526732126871930e-01
-2.717029518551296596e-01
-2.744212680392795201e-01
-2.743668026394314174e-01
-2.773003578186035156e-01
-2.762743102179633370e-01
-2.754324807061089286e-01
-2.741405434078640346e-01
-2.751739290025498885e-01
-2.789435651567246932e-01
-2.772686746385362166e-01
-2.704531616634792690e-01
-2.785215642717149276e-01
-2.751294506920708427e-01
-2.763792408837212333e-01
-2.767845524681938896e-01
-2.817693816290961495e-01
-2.756359842088487166e-01
-2.813720173305935268e-01
-2.809839513566758651e-01
-2.726786401536729354e-01
-2.760939598083496094e-01
-2.768796284993489398e-01
-2.761703597174750557e-01
-2.760758929782443638e-01
-2.823232544793022880e-01
-2.777798440721299666e-01
-2.733200656043158761e-01
-2.715944978925917130e-01
-2.803180217742919922e-01
-2.747574912177191964e-01
-2.795526981353759766e-01
-2.802356349097357979e-01
-2.784474955664740792e-01
-2.816289001040988560e-01
-2.810976505279541016e-01
-2.737417221069335938e-01
-2.805435657501220703e-01
-2.746613025665283203e-01
-2.814048396216498604e-01
-2.734512223137749443e-01
-2.782637808057997209e-01
-2.832037078009711495e-01
-2.761133776770697823e-01
-2.755476898617214565e-01
-2.769777509901258927e-01
-2.824039194318983537e-01
-2.780809137556288224e-01
-2.833673424190945034e-01
-2.778517140282524833e-01
-2.778726683722602120e-01
-2.816804514990912667e-01
-2.807735072241889229e-01
-2.746711572011311664e-01
-2.814053164588080636e-01
-2.864796320597330914e-01
-2.755511601765950336e-01
-2.821144792768690568e-01
-2.822344303131103516e-01
-2.729205820295546037e-01
-2.796810997856987724e-01
-2.821048100789387836e-01
-2.815833091735839844e-01
-2.771659957038031807e-01
-2.823807398478190289e-01
-2.820256021287705916e-01
-2.861515945858425503e-01
-2.787397172715928573e-01
-2.809112866719563617e-01
-2.832163969675700055e-01
-2.764057848188612443e-01
-2.788418398963080636e-01
-2.808584107293022880e-01
-2.845365471310085659e-01
-2.808841599358452568e-01
-2.807373735639784318e-01
-2.830630938212077008e-01
-2.861056592729356307e-01
-2.807819843292236328e-01
-2.781846258375380021e-01
-2.750032212999131698e-01
-2.850412262810601005e-01
-2.818411191304524555e-01
-2.831277582380506974e-01
-2.770820193820529576e-01
-2.835478252834743862e-01
-2.827959855397542133e-01
-2.816800541347927456e-01
-2.794908947414821987e-01
-2.838524977366129742e-01
-2.862052122751871930e-01
-2.838469346364339008e-01
-2.827791902754042130e-01
-2.780241966247558594e-01
-2.820063696967231026e-01
-2.827609644995795479e-01
-2.790959676106770648e-01
-2.853413687811957589e-01
-2.870694266425238839e-01
-2.859214941660563336e-01
-2.790578471289740792e-01
-2.768863836924235211e-01
-2.838436232672797432e-01
-2.839590443505181083e-01
-2.817744149102104911e-01
-2.783656650119357701e-01
-2.877150376637776508e-01
-2.877619266510009766e-01
-2.754166920979817523e-01
-2.792292700873481026e-01
-2.846590677897135602e-01
-2.871271769205729352e-01
-2.889134354061550503e-01
-2.751982741885715122e-01
-2.825335396660698661e-01
-2.846656640370686664e-01
-2.893821663326687221e-01
-2.844826380411784039e-01
-2.826262580023871651e-01
-2.774102952745225448e-01
-2.842188146379258651e-01
-2.828812334272596818e-01
-2.850692537095811385e-01
-2.784041298760308036e-01
-2.834106286366780414e-01
-2.791571087307400112e-01
-2.761589421166313896e-01
-2.793840567270914899e-01
-2.886684470706515904e-01
-2.839882903628879185e-01
-2.843822638193766461e-01
-2.819461557600233537e-01
-2.883859740363227120e-01
-2.745250595940483818e-01
-2.804506354861789341e-01
-2.780261304643418807e-01
-2.837674352857801896e-01
-2.864116827646891461e-01
-2.857164541880289899e-01
-2.782106929355197544e-01
-2.831696934170193081e-01
-2.808500925699869977e-01
-2.830926047431098214e-01
-2.825382285647922154e-01
-2.853908008999294643e-01
-2.857883506351047154e-01
-2.797080145941840401e-01
-2.862705124749077568e-01
-2.904874218834770927e-01
-2.900096575419108258e-01
-2.794685628679063338e-01
-2.803910573323567523e-01
-2.849518722958034878e-01
-2.859018643697102680e-01
-2.843723297119140625e-01
-2.830843660566542130e-01
-2.825344138675265904e-01
-2.771746052636040458e-01
-2.847832043965657367e-01
-2.829436726040310268e-01
-2.821744547949897042e-01
-2.838616636064317245e-01
-2.877125210232204799e-01
-2.824837896558973771e-01
-2.803273200988769531e-01
-2.828964392344157086e-01
-2.850998507605658761e-01
-2.811841434902614956e-01
-2.835216522216796875e-01
-2.763703929053412667e-01
-2.830562326643202287e-01
-2.830511199103461495e-01
-2.805401219262017021e-01
-2.682301468319363003e-01
-2.846185631222195034e-01
-2.839711242251926060e-01
-2.901788817511664620e-01
-2.845777405632866630e-01
-2.889951070149739398e-01
-2.871787018246120815e-01
-2.837708526187472935e-01
-2.789133654700385323e-01
-2.853645748562282924e-01
-2.863286866082085380e-01
-2.817482683393690568e-01
-2.844520409901936664e-01
-2.833685610029432755e-01
-2.861939271291096820e-01
-2.829061614142523995e-01
-2.887300385369194755e-01
-2.801570097605387555e-01
-2.858774662017822266e-01
-2.910549640655517578e-01
-2.820107407040066128e-01
-2.889502843221028461e-01
-2.811233202616373883e-01
-2.867307662963867188e-01
-2.899263170030381698e-01
-2.820046212938096541e-01
-2.822451856401231307e-01
-2.795161406199137555e-01
-2.860915131039089565e-01
-2.771235307057698383e-01
-2.902873357137044086e-01
-2.849346531762017021e-01
-2.824130588107638951e-01
-2.817695935567219867e-01
-2.821198039584689732e-01
-2.850533326466878070e-01
-2.878361013200547713e-01
-2.847697469923231584e-01
-2.868362532721625557e-01
-2.792795234256320591e-01
-2.926279173956977120e-01
-2.828018135494655971e-01
-2.780399852328830357e-01
-2.861224015553792133e-01
-2.904222541385226841e-01
-2.801076836056179409e-01
-2.891204357147216797e-01
-2.880125310685899276e-01
-2.880225446489121932e-01
-2.775239944458007812e-01
-2.865031560262044086e-01
-2.826742066277397880e-01
-2.871714697943793526e-01
-2.829173670874701729e-01
-2.819039291805691128e-01
-2.863594955868191128e-01
-2.815329498714870815e-01
-2.826288011338975448e-01
-2.853205204010009766e-01
-2.899760935041639787e-01
-2.807672023773193359e-01
-2.769955264197455636e-01
-2.842282719082302456e-01
-2.882685131496853237e-01
-2.848460144466823940e-01
-2.799158626132541294e-01
-2.805886798434787388e-01
-2.885555426279703961e-01
-2.842618624369303570e-01
-2.786795563167995815e-01
-2.863966888851589565e-01
-2.882985538906521206e-01
-2.808350986904568081e-01
-2.829476992289225445e-01
-2.823095586564805526e-01
-2.740848329332139510e-01
-2.825354735056559430e-01
-2.850364579094780693e-01
-2.857146528032090682e-01
-2.834196355607774276e-01
-2.903694311777750836e-01
-2.881225479973686943e-01
-2.792196273803710938e-01
-2.806725766923692245e-01
-2.804495493570963727e-01
-2.878182993994818917e-01
-2.783580356174045201e-01
-2.856314712100558872e-01
-2.818560600280761719e-01
-2.820889684889051896e-01
-2.832929293314616070e-01
-2.853318055470784320e-01
-2.842025227016872768e-01
-2.799899048275417690e-01
-2.870946990119086495e-01
-2.898579703436957589e-01
-2.815567387474907646e-01
-2.855383555094401227e-01
-2.898713747660319195e-01
-2.745052708519829521e-01
-2.857076856825087052e-01
-2.833130889468722935e-01
-2.856192323896620255e-01
-2.847251627180311662e-01
-2.846470144059922713e-01
-2.816226217481825334e-01
-2.896370357937282924e-01
-2.864528497060139789e-01
-2.820975515577528459e-01
-2.865943113962809430e-01
-2.866330411699082870e-01
-2.830973731146918526e-01
-2.808780405256483537e-01
-2.854428026411268693e-01
-2.859281169043647042e-01
-2.820987966325547713e-01
-2.734203603532578963e-01
-2.901365492078993302e-01
-2.928583357069227677e-01
-2.821420033772786273e-01
-2.871137724982367745e-01
-2.866095966762966518e-01
-2.890948984358046037e-01
-2.903420925140380859e-01
-2.742703490787082310e-01
-2.877440452575683594e-01
-2.805323335859510880e-01
-2.890150811937119979e-01
-2.808806366390652065e-01
-2.861255009969075336e-01
-2.894745402865939732e-01
-2.832179599338107701e-01
-2.905517154269748326e-01
-2.835271888309054966e-01
-2.834515571594238281e-01
-2.812974452972412109e-01
-2.849271827273898716e-01
-2.817909187740749721e-01
-2.815878921084933872e-01
-2.797233528561062221e-01
-2.862614525689018974e-01
-2.774905628628200893e-01
-2.828286753760443917e-01
-2.909138202667236328e-01
-2.828753259446885604e-01
-2.845956219567192802e-01
-2.846774525112575893e-01
-2.922229766845703125e-01
-2.859945827060275669e-01
-2.865692774454752789e-01
-2.854339016808403739e-01
-2.860942946539984932e-01
-2.900985081990559711e-01
-2.828347418043348771e-01
-2.738386525048149833e-01
-2.841548389858669643e-01
-2.883700264824761161e-01
-2.875042226579453963e-01
-2.827068434821234932e-01
-2.827768325805664062e-01
-2.860524919297959823e-01
-2.837877008650038224e-01
-2.853131824069553013e-01
-2.796243826548258649e-01
-2.826379934946696149e-01
-2.889977296193440570e-01
-2.811265786488850726e-01
-2.838047875298393974e-01
-2.861365212334526786e-01
-2.817936738332112445e-01
-2.826403246985541573e-01
-2.877490520477294922e-01
-2.940292888217502232e-01
-2.831724749671088448e-01
-2.792675760057237166e-01
-2.898051738739013672e-01
-2.836539215511745815e-01
-2.868780295054118024e-01
-2.797554069095187779e-01
-2.840288215213351841e-01
-2.861660056644015904e-01
-2.900677522023518695e-01
-2.803410424126518974e-01
-2.807252671983506698e-01
-2.862461407979329242e-01
-2.897490130530463448e-01
-2.815102471245659599e-01
-2.838124434153239117e-01
-2.834224171108669643e-01
-2.781843609280056362e-01
-2.857963773939344865e-01
-2.861689461602104911e-01
-2.840540409088134766e-01
-2.883954842885335101e-01
-2.904635535346137276e-01
-2.903681066301133651e-01
-2.874528566996256695e-01
-2.776347266303168526e-01
-2.878029346466064453e-01
-2.882625791761610490e-01
-2.828119330936008091e-01
-2.838155958387587052e-01
-2.864094045427110213e-01
-2.950393358866373883e-01
-2.840305434332953682e-01
-2.755020724402533761e-01
-2.842407226562500000e-01
-2.886651357014973773e-01
-2.887319723765055524e-01
-2.784903314378526229e-01
-2.818011707729763393e-01
-2.827778392367892857e-01
-2.800683180491129742e-01
-2.874228689405653459e-01
-2.853693962097167969e-01
-2.868133121066623326e-01
-2.788884109920925503e-01
-2.840866512722439174e-01
-2.928376197814941406e-01
-2.878233061896430245e-01
-2.755278746287028180e-01
-2.850987381405300503e-01
-2.799246046278212052e-01
-2.896396319071452008e-01
-2.895803981357150669e-01
-2.810196081797282086e-01
-2.872848775651719588e-01
-2.946004072825114117e-01
-2.865553961859809151e-01
-2.742692629496256695e-01
-2.860876189337836495e-01
-2.901429070366753349e-01
-2.854871484968397599e-01
-2.818739944034152622e-01
-2.874537309010823383e-01
-2.836622662014431362e-01
-2.819793754153781529e-01
-2.861147721608479633e-01
-2.820190323723686943e-01
-2.879248460133870258e-01
-2.828137609693739396e-01
-2.807516786787245255e-01
-2.866001394059922713e-01
-2.775194115108913784e-01
-2.855532169342041016e-01
-2.856083446078830357e-01
-2.864963213602702008e-01
-2.856963740454779854e-01
-2.853877809312608260e-01
-2.900045712788899555e-01
-2.872239483727349052e-01
-2.931233512030707589e-01
-2.818938361273871651e-01
-2.840036551157633649e-01
-2.839495340983073102e-01
-2.879854573143852958e-01
-2.857722441355387555e-01
-2.865638997819688338e-01
-2.873753176795111886e-01
-2.855561574300130023e-01
-2.814661661783854352e-01
-2.853306664360893974e-01
-2.862417962816026229e-01
-2.816918161180284041e-01
-2.858089605967203961e-01
-2.858857843610975724e-01
-2.858052783542209263e-01
-2.853280438317192802e-01
-2.859621312883164901e-01
-2.850522465176052456e-01
-2.894708845350477677e-01
-2.831736140780978794e-01
-2.896827326880561104e-01
-2.787891228993733539e-01
-2.824136945936415177e-01
-2.835442225138346539e-01
-2.831913100348578682e-01
-2.893626425001356584e-01
-2.828367021348741073e-01
-2.881787618001301898e-01
-2.814385890960693359e-01
-2.858972019619411831e-01
-2.853123876783583146e-01
-2.884607844882541294e-01
-2.842848565843369979e-01
-2.811182604895697823e-01
-2.877000967661539899e-01
-2.799171076880561104e-01
-2.813293933868408203e-01
-2.875697877671983260e-01
-2.822725772857666016e-01
-2.844694985283745536e-01
-2.863431241777207870e-01
-2.803442478179931641e-01
-2.889590528276231307e-01
-2.907979753282334823e-01
-2.864316834343804130e-01
-2.825320031907823104e-01
-2.814380327860514508e-01
-2.822909090254042130e-01
-2.897450129191080914e-01
-2.821296850840250836e-01
-2.821544806162516461e-01
-2.846421930525038224e-01
-2.829433017306857701e-01
-2.838139533996582031e-01
-2.860684659745957870e-01
-2.814694510565863839e-01
-2.818698353237575893e-01
-2.855814827813042411e-01
-2.877559396955702287e-01
-2.871292961968315849e-01
-2.866060203976101284e-01
-2.808347807990180245e-01
-2.871196269989013672e-01
-2.797516981760660992e-01
-2.818120850457085380e-01
-2.907706631554497489e-01
-2.856010331047905693e-01
-2.824020120832655412e-01
-2.862008147769504185e-01
-2.863596810234917411e-01
-2.912749979231092912e-01
-2.844724390241835099e-01
-2.779547638363308315e-01
-2.757967842949761161e-01
-2.891031636132134208e-01
-2.931738694508870258e-01
-2.784397866990830916e-01
-2.790046268039279576e-01
-2.876678572760688057e-01
-2.833518981933593750e-01
-2.910783290863037109e-01
-2.880262004004584542e-01
-2.826949755350748883e-01
-2.842500739627414341e-01
-2.818371454874674664e-01
-2.869833310445149555e-01
-2.888366381327311383e-01
-2.846521801418728237e-01
-2.864058282640244979e-01
-2.879867553710937500e-01
-2.869543234507243024e-01
-2.838152779473198661e-01
-2.862418227725558872e-01
-2.826905250549316406e-01
-2.817611164516872768e-01
-2.857025994194878349e-01
-2.866642210218641740e-01
-2.785099877251518974e-01
-2.804618941413031807e-01
-2.942966885036892299e-01
-2.897857030232747211e-01
-2.762910789913601284e-01
-2.867397732204861049e-01
-2.880903085072835101e-01
-2.873680061764187221e-01
-2.869983779059516182e-01
-2.829245726267496930e-01
-2.847151226467556362e-01
-2.855167124006483537e-01
-2.875277201334635602e-01
-2.878696918487548828e-01
-2.765813138749864120e-01
-2.823586199018690568e-01
-2.834428681267632255e-01
-2.868583467271592635e-01
-2.780944506327311383e-01
-2.902674674987792969e-01
-2.883876429663764229e-01
-2.814386685689290180e-01
-2.858871089087592354e-01
-2.820644378662109375e-01
-2.848159472147623883e-01
-2.837410238054063338e-01
-2.815473079681396484e-01
-2.866649362776014787e-01
-2.885992527008056641e-01
-2.842700746324327010e-01
-2.896278699239094867e-01
-2.782627741495768414e-01
-2.950221432579888114e-01
-2.839371098412407646e-01
-2.866853872934977399e-01
-2.840300665961371651e-01
-2.829109827677409039e-01
-2.821902169121636161e-01
-2.850118213229709263e-01
-2.850819163852267857e-01
