1.114601347181532143e+00
6.892357402377657927e-01
3.518900341457790737e-01
1.084907783402336984e-01
-4.839010371102227259e-02
-1.666843361324734096e-01
-2.248671849568684988e-01
-2.554507255554199219e-01
-2.586741977267795201e-01
-2.531582514444987164e-01
-2.436866760253906250e-01
-2.375355826483832589e-01
-2.255227565765380859e-01
-2.166520754496256418e-01
-2.104554838604397182e-01
-2.064623170428805943e-01
-2.038679785198635463e-01
-1.958648231294420061e-01
-1.977988216612074079e-01
-1.955876217948065987e-01
-1.946831411785549526e-01
-1.997736692428588867e-01
-1.969590981801351004e-01
-2.011950413386026926e-01
-2.015634377797444754e-01
-2.051159010993109932e-01
-2.073530620998806362e-01
-2.124829954571194057e-01
-2.193417946497599191e-01
-2.220275137159559431e-01
-2.255976200103759766e-01
-2.283862961663140068e-01
-2.333837085300021763e-01
-2.364419301350911551e-01
-2.459740373823377790e-01
-2.469188637203640346e-01
-2.512321472167968750e-01
-2.552401754591200334e-01
-2.595203717549641742e-01
-2.626381185319688338e-01
-2.666232056087917690e-01
-2.687113814883761997e-01
-2.676264180077446708e-01
-2.694918844434950334e-01
-2.695594098832871932e-01
-2.711364958021376115e-01
-2.716200616624619979e-01
-2.671085463629828682e-01
-2.728185653686523438e-01
-2.694082260131835938e-01
-2.695859273274739398e-01
-2.714348634084065570e-01
-2.695608668857150669e-01
-2.710782421959770927e-01
-2.711770799424912948e-01
-2.724471622043185826e-01
-2.709543704986572266e-01
-2.752050293816460380e-01
-2.737217214372422713e-01
-2.735639148288303013e-01
-2.753507031334770927e-01
-2.750753561655680524e-01
-2.730991840362548828e-01
-2.807043658362494698e-01
-2.784496678246392021e-01
-2.771113713582356586e-01
-2.754591835869683036e-01
-2.803197436862521763e-01
-2.781200144026014787e-01
-2.777186499701606026e-01
-2.767864598168267021e-01
-2.775303522745768414e-01
-2.796281443701850167e-01
-2.771525912814670201e-01
-2.782198323143852958e-01
-2.777835792965359096e-01
-2.815069887373182755e-01
-2.794120046827528459e-01
-2.801117897033691406e-01
-2.769587569766574497e-01
-2.792593108283148995e-01
-2.815054257710774555e-01
-2.826208273569743024e-01
-2.793098555670844307e-01
-2.776447931925455914e-01
-2.801181210411919364e-01
-2.801164256201850167e-01
-2.826916111840142021e-01
-2.806627485487196427e-01
-2.821413411034477958e-01
-2.789107958475748883e-01
-2.813064787122938615e-01
-2.833813826243082867e-01
-2.833199501037597656e-01
-2.775275972154405135e-01
-2.861221101548936385e-01
-2.866188685099284039e-01
-2.854569223192002791e-01
-2.827079825931125279e-01
-2.864477634429931641e-01
-2.810438474019368305e-01
-2.853874365488688336e-01
-2.871111763848198661e-01
-2.849371168348524552e-01
-2.849545478820800781e-01
-2.805457909901936664e-01
-2.802252504560682755e-01
-2.875520388285319195e-01
-2.887349658542209263e-01
-2.841984166039360771e-01
-2.853341897328694476e-01
-2.903943591647678013e-01
-2.887634966108534318e-01
-2.886614004770914899e-01
-2.856380144755045758e-01
-2.888829443189833146e-01
-2.877020570966932755e-01
-2.881217002868652344e-01
-2.865576479170057755e-01
-2.880078686608208427e-01
-2.870499557918972378e-01
-2.851236926184760323e-01
-2.835366461012098771e-01
-2.889282173580593471e-01
-2.879052427079942245e-01
-2.905035813649495258e-01
-2.875070571899414062e-01
-2.873222563001844865e-01
-2.885811593797471541e-01
-2.889760600195990792e-01
-2.913607491387261161e-01
-2.915053102705214005e-01
-2.875702910953097935e-01
-2.891215748257107143e-01
-2.898541821373833427e-01
-2.890482743581135883e-01
-2.878382735782199497e-01
-2.879768477545844307e-01
-2.879357602861192245e-01
-2.900925477345784320e-01
-2.920946809980604630e-01
-2.912612226274278182e-01
-2.942429118686252232e-01
-2.902121278974745255e-01
-2.938140763176811943e-01
-2.892004648844401227e-01
-2.897833188374837055e-01
-2.891340785556369419e-01
-2.953471077813042411e-01
-2.933411068386501674e-01
-2.907449669308132534e-01
-2.928224139743381138e-01
-2.929869757758246651e-01
-2.926001548767089844e-01
-2.907041443718804130e-01
-2.909314897325303573e-01
-2.906437185075547713e-01
-2.911502520243327008e-01
-2.933258745405409318e-01
-2.925316492716471539e-01
-2.918316258324517021e-01
-2.894996802012125836e-01
-2.928268644544813615e-01
-2.931872738732231864e-01
-2.949894269307454242e-01
-2.911248472001817245e-01
-2.940275139278835659e-01
-2.949925793541802177e-01
-2.919560538397895089e-01
-2.916665077209472656e-01
-2.920542558034260883e-01
-2.992931207021077289e-01
-2.917055024041069755e-01
-2.943471802605522880e-01
-2.963877518971760883e-01
-2.955649958716498604e-01
-2.952793439229329242e-01
-2.913885646396213169e-01
-2.969417307111952287e-01
-2.955708503723144531e-01
-2.953493065304226284e-01
-2.920601103040907365e-01
-2.981204456753200893e-01
-2.973458237118191128e-01
-2.938896550072563896e-01
-2.937924067179362164e-01
-2.913193967607285995e-01
-2.956847614712185268e-01
-2.970243559943305245e-01
-2.932274341583251953e-01
-2.943261464436848773e-01
-2.963380283779568081e-01
-2.955855793423122768e-01
-2.941382196214463729e-01
-2.937815984090169086e-01
-2.953676117791069755e-01
-2.953815725114610213e-01
-2.910968197716606864e-01
-2.954117986891005021e-01
-2.964574231041802177e-01
-2.969201405843098773e-01
-2.944275538126627789e-01
-2.959765328301323661e-01
-2.934676806131998883e-01
-2.969082991282145367e-01
-2.919466230604383927e-01
-2.944957150353325614e-01
-2.946401437123616351e-01
-2.950315740373399276e-01
-2.958722909291585101e-01
-2.975394460890028459e-01
-2.986231115129258651e-01
-2.966114944881863003e-01
-2.963416046566433315e-01
-2.962279584672715682e-01
-2.942725022633870258e-01
-2.968406942155625838e-01
-2.974192831251356584e-01
-2.947328620486789341e-01
-2.970556683010525112e-01
-2.981031470828586216e-01
-2.976785500844319476e-01
-2.944483492109510880e-01
-2.986549271477593193e-01
-2.983975410461425781e-01
-3.004415035247802734e-01
-2.956335279676649552e-01
-2.998142772250705357e-01
-2.993078496721055526e-01
-2.977612813313801898e-01
-2.984975973765055524e-01
-3.005846076541476841e-01
-2.980577150980631695e-01
-2.964130242665608539e-01
-3.022824923197428570e-01
-3.016010920206705914e-01
-2.986336284213595982e-01
-2.981464597913954240e-01
-3.000392383999294643e-01
-3.014234436882866630e-01
-3.004585107167561664e-01
-2.998183038499619979e-01
-2.999133533901638393e-01
-2.985282209184434432e-01
-3.049380514356825334e-01
-2.960562705993652344e-01
-2.997449504004584542e-01
-3.004433049096001396e-01
-2.989238633049858818e-01
-2.995777395036485213e-01
-3.009796407487657088e-01
-3.029339843326144810e-01
-3.013683689965142021e-01
-3.000449339548746930e-01
-2.972811328040229073e-01
-3.037056393093532924e-01
-3.009441428714328404e-01
-2.989382478925917130e-01
-2.994448343912760602e-01
-3.001470830705430526e-01
-3.004493713378906250e-01
-3.062876065572102680e-01
-3.022995789845784320e-01
-2.996901936001247768e-01
-3.001340760125054130e-01
-3.015262285868327008e-01
-3.009525934855143414e-01
-3.029511769612630023e-01
-2.977817588382297154e-01
-2.971058421664767857e-01
-2.968929343753390904e-01
-3.005325529310438615e-01
-2.992915047539604911e-01
-3.005279964870876674e-01
-2.991397115919325334e-01
-2.957529226938883649e-01
-2.988882594638400669e-01
-2.990247673458523159e-01
-3.026697105831570034e-01
-3.019521501329209823e-01
-2.997393078274196987e-01
-2.997706996070014229e-01
-3.009912967681884766e-01
-3.017941580878363839e-01
-3.000820742713080636e-01
-2.983488506740993862e-01
-2.987206512027316685e-01
-2.973878118726942521e-01
-3.005261421203613281e-01
-2.994256814320881976e-01
-2.982198927137587052e-01
-3.006239997016059151e-01
-3.015806145138210659e-01
-2.993217839135063896e-01
-3.002690739101833706e-01
-3.026560677422417411e-01
-2.981250286102294922e-01
-3.000083234575059432e-01
-3.007163206736246930e-01
-3.034524917602539062e-01
-3.010518021053738003e-01
-3.002028200361464005e-01
-3.006386227077907924e-01
-3.016133838229709263e-01
-3.014778825971815568e-01
-3.005129761166042690e-01
-2.984535694122314453e-01
-3.014335897233750838e-01
-3.014778031243218193e-01
-3.014732201894124164e-01
-3.027040163675944195e-01
-3.039777543809678573e-01
-3.013709121280246372e-01
-3.012854788038465959e-01
-2.998537222544352399e-01
-3.010482258266872768e-01
-3.003807067871093750e-01
-3.014236556159125557e-01
-3.004603650834825057e-01
-3.042173650529649276e-01
-3.015312088860405693e-01
-3.000209596421983260e-01
-3.025844891866047992e-01
-3.018850485483805524e-01
-3.024702072143554688e-01
-3.039013544718424664e-01
-3.019354343414306641e-01
-3.017413616180419922e-01
-3.013617197672526227e-01
-3.019259240892198104e-01
-3.029653761121962052e-01
-3.017672432793511161e-01
-3.024968041314018974e-01
-2.987689971923828125e-01
-3.030034436119927177e-01
-3.011560969882541294e-01
-3.003399637010362166e-01
-3.001018365224202289e-01
-2.988900078667534599e-01
-3.000878492991129742e-01
-3.033360905117458706e-01
-3.008353180355495815e-01
-2.993746598561604633e-01
-2.978707684410942802e-01
-3.034226894378662109e-01
-3.048445648617214565e-01
-3.008050653669569474e-01
-2.997246848212348214e-01
-3.002210458119710101e-01
-2.985671096377902622e-01
-2.975248760647243862e-01
-2.996230390336778182e-01
-3.043284946017795201e-01
-2.997933493720160714e-01
-2.989600764380561104e-01
-3.012094232771131974e-01
-3.019538720448811664e-01
-3.012491332160102120e-01
-3.005268043941921596e-01
-2.993676132626003628e-01
-3.006296157836914062e-01
-3.012153837415907365e-01
-3.045966360304090959e-01
-3.001484870910644531e-01
-3.020340071784125557e-01
-3.009236388736301060e-01
-3.003874884711371651e-01
-2.996338738335503349e-01
-2.991209295060899276e-01
-2.992188135782877789e-01
-3.010967572530110492e-01
-3.020837042066786271e-01
-3.015575673845078963e-01
-2.995603084564208984e-01
-2.993805408477783203e-01
-3.015017509460449219e-01
-3.008906311459011440e-01
-3.010385831197102680e-01
-3.018301328023274555e-01
-3.010913530985514508e-01
-3.016477955712212333e-01
-3.026515377892388114e-01
-2.981717056698269253e-01
-2.998534838358561383e-01
-3.020586437649196987e-01
-3.033782111273871651e-01
-3.002234829796684989e-01
-3.021203941769070034e-01
-2.956884172227647323e-01
-3.025757471720377789e-01
-3.015748659769694195e-01
-3.020810551113552456e-01
-3.007160292731391182e-01
-2.997779051462809430e-01
-3.039664692348904018e-01
-3.007556067572699776e-01
-2.993379963768852958e-01
-3.019946416219075336e-01
-3.004935052659776229e-01
-3.036356502109103794e-01
-3.016528818342421037e-01
-3.026252852545844307e-01
-3.019232220119900112e-01
-3.029110166761610490e-01
-3.033288584815131417e-01
-2.992186546325683594e-01
-3.009058104621039620e-01
-3.011648654937744141e-01
-3.030243184831407088e-01
-2.990800804562038784e-01
-3.028025627136230469e-01
-2.987232738071017857e-01
-2.994814713795979633e-01
-3.018732600741916294e-01
-3.026029003991020927e-01
-2.998215357462565289e-01
-2.982734044392903461e-01
-3.033976289961073380e-01
-3.026775254143608818e-01
-3.013881047566731586e-01
-3.001466592152913226e-01
-3.001346588134765625e-01
-3.006594975789387836e-01
-3.028170532650417690e-01
-3.017020490434434432e-01
-3.012941148546006698e-01
-3.023793432447645646e-01
-3.043194876776801339e-01
-3.037392033471001396e-01
-3.007900449964735490e-01
-3.066839906904432755e-01
-3.045290840996636161e-01
-3.005700111389160156e-01
-3.015782038370768414e-01
-3.021059830983479633e-01
-3.026587433285183315e-01
-3.032946586608886719e-01
-3.005292945437961216e-01
-3.012742996215820312e-01
-3.051283624437119979e-01
-3.037136660681830636e-01
-3.025932047102186662e-01
-3.018060525258381976e-01
-3.020686308542887555e-01
-3.009308179219563617e-01
-3.022883468204074497e-01
-3.032173845503065568e-01
-3.021383020612928849e-01
-3.044210010104709263e-01
-3.033103148142496930e-01
-2.989339033762614117e-01
-3.008700741661919364e-01
-3.010993798573811664e-01
-3.005798657735188617e-01
-3.045108318328857422e-01
-3.043060567643907088e-01
-3.011040422651503068e-01
-3.002944522433810826e-01
-3.019474612341986886e-01
-3.054951561821831474e-01
-3.039128780364990234e-01
-3.031559255388047713e-01
-3.011278841230604630e-01
-3.038859632280137557e-01
-3.028198877970377789e-01
-3.037385940551757812e-01
-3.026066621144612445e-01
-3.004602326287163505e-01
-3.050241470336914062e-01
-3.027053938971625557e-01
-3.056203524271647320e-01
-3.018676175011528739e-01
-2.987407313452826729e-01
-3.011491298675537109e-01
-3.040464189317491073e-01
-3.036645518408881417e-01
-3.029298252529568081e-01
-3.035133414798312779e-01
-3.029114405314127789e-01
-3.036362330118815289e-01
-3.031973308987087612e-01
-3.044141133626301898e-01
-3.030406898922390346e-01
-3.048500484890407924e-01
-3.035957018534342633e-01
-3.053498797946506138e-01
-3.036861419677734375e-01
-3.042386107974582310e-01
-3.066619502173529854e-01
-3.036317030588785992e-01
-3.048772811889648438e-01
-3.045013480716281529e-01
-3.025816016727023716e-01
-3.025023937225341797e-01
-3.054821756150987166e-01
-3.016284836663140068e-01
-3.011093669467502232e-01
-3.050955401526557198e-01
-3.001786073048909320e-01
-3.034836186303032646e-01
-3.050119082132975445e-01
-3.035015794965956193e-01
-3.079549736446804409e-01
-3.087848027547200336e-01
-3.059855037265353794e-01
-3.031141228146023159e-01
-3.048000600602891463e-01
-3.037006590101454240e-01
-3.054884009891086216e-01
-3.068652947743733539e-01
-3.070424927605522880e-01
-3.041484091016981584e-01
-3.051981131235758649e-01
-3.062187300788031807e-01
-3.046135637495253068e-01
-3.059784571329752789e-01
-3.038760821024577008e-01
-3.052083386315239677e-01
-3.046176433563232422e-01
-3.058560689290364398e-01
-3.019253677792019253e-01
-3.070960574679904576e-01
-3.064472145504421596e-01
-3.070715003543429966e-01
-3.057250976562500000e-01
-3.084402084350585938e-01
-3.077451123131645927e-01
-3.071180979410807477e-01
-3.086373805999755859e-01
-3.050856590270996094e-01
-3.067979547712538224e-01
-3.060606850518120536e-01
-3.042387697431776505e-01
-3.061234156290690289e-01
-3.079263634151882534e-01
-3.051392237345377789e-01
-3.061821195814344865e-01
-3.058031664954291573e-01
-3.077780935499403459e-01
-3.121479352315266742e-01
-3.083110650380452289e-01
-3.116300635867648716e-01
-3.077058527204725724e-01
-3.083353837331135883e-01
-3.091841273837619419e-01
-3.096332550048828125e-01
-3.098752233717176896e-01
-3.088670571645100726e-01
-3.103630012936062221e-01
-3.119277689192030412e-01
-3.096917205386691685e-01
-3.086344401041666852e-01
-3.145100805494520646e-01
-3.113531006707085380e-01
-3.109495374891493302e-01
-3.084873623318142299e-01
-3.095263640085856305e-01
-3.122732639312744141e-01
-3.111136224534776229e-01
-3.133210606045193081e-01
-3.097999360826280135e-01
-3.139448165893554688e-01
-3.107782734764946708e-01
-3.107335037655300503e-01
-3.140723175472683315e-01
-3.133947054545084820e-01
-3.104953236050075893e-01
-3.120674822065565568e-01
-3.124618265363905412e-01
-3.127483261956108818e-01
-3.129300011528862724e-01
-3.135810958014594307e-01
-3.154376082950168247e-01
-3.139544328053792133e-01
-3.152776824103461495e-01
-3.132488727569580078e-01
-3.139311472574869977e-01
-3.120905558268229352e-01
-3.151337835523817521e-01
-3.132627805074055805e-01
-3.158551322089301339e-01
-3.132675753699408761e-01
-3.139317035675048828e-01
-3.156863053639729633e-01
-3.147097428639729633e-01
-3.158004813724094029e-01
-3.175686465369330636e-01
-3.153642813364664899e-01
-3.162018722958034878e-01
-3.177802562713623047e-01
-3.151725927988688336e-01
-3.138627211252848492e-01
-3.161651558346218471e-01
-3.134995301564534320e-01
-3.163675732082790737e-01
-3.159284591674804688e-01
-3.175343672434489117e-01
-3.159728580050998326e-01
-3.168165153927273159e-01
-3.162914382086859932e-01
-3.168731530507405414e-01
-3.137901888953315011e-01
-3.174803786807590122e-01
-3.151649898952907924e-01
-3.143353197309706193e-01
-3.199953238169352399e-01
-3.158993721008300781e-01
-3.179685274759928570e-01
-3.170037534501817245e-01
-3.186950683593750000e-01
-3.165438969930012836e-01
-3.166111045413547154e-01
-3.159111340840657367e-01
-3.177218437194824219e-01
-3.151726987626817245e-01
-3.149514463212754745e-01
-3.181084526909722099e-01
-3.188128736284043807e-01
-3.167981041802300224e-01
-3.211802906460232143e-01
-3.192190859052870255e-01
-3.212126890818278180e-01
-3.179500367906358260e-01
-3.169479635026719588e-01
-3.198480870988633651e-01
-3.181553151872422713e-01
-3.203136656019422990e-01
-3.180641863081190568e-01
-3.186265362633599052e-01
-3.180301719241672154e-01
-3.187201552920871372e-01
-3.180156018998887557e-01
-3.206414911482069474e-01
-3.194987508985731584e-01
-3.189178572760688057e-01
-3.169328901502821427e-01
-3.181345727708604354e-01
-3.200463718838161831e-01
-3.182285096910264510e-01
-3.185555140177409039e-01
-3.176510598924424666e-01
-3.193228244781494141e-01
-3.215614159901936664e-01
-3.200866911146376115e-01
-3.185543749067518693e-01
-3.200208346048991070e-01
-3.178259531656901227e-01
-3.203652169969346541e-01
-3.192946381039089565e-01
-3.195305400424533482e-01
-3.207843303680419922e-01
-3.188086350758870258e-01
-3.201694753434922713e-01
-3.178481260935465680e-01
-3.204132450951470146e-01
-3.186484972635905133e-01
-3.224324650234646206e-01
-3.190525902642143974e-01
-3.205516073438856584e-01
-3.214875327216254464e-01
-3.220872879028320312e-01
-3.220865461561415177e-01
-3.209684954749213448e-01
-3.212488492329915180e-01
-3.226552274492051620e-01
-3.201749589708116073e-01
-3.242624335818820591e-01
-3.202521536085340959e-01
-3.204853004879421596e-01
-3.218996789720323104e-01
-3.234065108829074497e-01
-3.210674656762017021e-01
-3.218008412255181083e-01
-3.207013607025146484e-01
-3.214855723910861607e-01
-3.213363488515217914e-01
-3.202040990193684711e-01
-3.228886127471923828e-01
-3.217962582906087055e-01
-3.220367961459689732e-01
-3.238952954610188617e-01
-3.247893386416965122e-01
-3.239549265967475167e-01
-3.213447199927436104e-01
-3.231325944264729633e-01
-3.221061759524875279e-01
-3.208573394351535435e-01
-3.199354277716742745e-01
-3.248988787333170758e-01
-3.229958216349284039e-01
-3.246929910447862166e-01
-3.220531145731608258e-01
-3.221269978417290458e-01
-3.241377406650119419e-01
-3.235775894588894253e-01
-3.231552441914876117e-01
-3.233549859788682479e-01
-3.205317921108669643e-01
-3.228864404890272599e-01
-3.234541945987277622e-01
-3.220278422037760602e-01
-3.238516383700900669e-01
-3.215185536278618583e-01
-3.211314148373073940e-01
-3.233709070417616349e-01
-3.239749802483452568e-01
-3.228497240278456193e-01
-3.235601319207085380e-01
-3.236132462819417133e-01
-3.208585580190022601e-01
-3.234203126695420760e-01
-3.248959382375081195e-01
-3.252466254764133091e-01
-3.207872973548041573e-01
-3.224087026384141463e-01
-3.245749473571777344e-01
-3.238562477959526786e-01
-3.230008284250895367e-01
-3.232825597127278461e-01
-3.220664660135905133e-01
-3.259190453423393974e-01
-3.229872385660807477e-01
-3.209761248694525948e-01
-3.230285644531250000e-01
-3.217848141988118305e-01
-3.232372866736518136e-01
-3.239616552988688336e-01
-3.237648540072970982e-01
-3.213006655375162945e-01
-3.277153438991970424e-01
-3.244354195064968471e-01
-3.236498037974039899e-01
-3.236143589019775391e-01
-3.256043857998318081e-01
-3.255532847510443917e-01
-3.248637782202826729e-01
-3.249110910627577287e-01
-3.247750070359971541e-01
-3.248827722337510604e-01
-3.236314455668131695e-01
-3.221718470255534039e-01
-3.253575960795084820e-01
-3.252064916822645646e-01
-3.261277940538194198e-01
-3.253517150878906250e-01
-3.248339758978949776e-01
-3.240194055769178849e-01
-3.246117168002658482e-01
-3.240599632263183594e-01
-3.260402149624294643e-01
-3.235811127556694755e-01
-3.247385025024414062e-01
-3.243583838144938336e-01
-3.228439754909939174e-01
-3.235863844553629742e-01
-3.267520533667670479e-01
-3.237877686818440570e-01
-3.255151377783881417e-01
-3.259776433308919086e-01
-3.257761001586914062e-01
-3.265565236409505023e-01
-3.238935735490586776e-01
-3.246700233883327846e-01
-3.231563303205702287e-01
-3.237721920013427734e-01
-3.243313895331488839e-01
-3.243489265441894531e-01
-3.265651067097981586e-01
-3.261576493581135883e-01
-3.246714538998073940e-01
-3.252565595838758927e-01
-3.260536988576253070e-01
-3.256176577674018136e-01
-3.258617983924018136e-01
-3.241277005937364120e-01
-3.255200121137831193e-01
-3.265074359046088448e-01
-3.244715266757541294e-01
-3.241779804229736328e-01
-3.247081703609890346e-01
-3.276803493499755859e-01
-3.258291615380181083e-01
-3.252843485938178292e-01
-3.258197572496202010e-01
-3.242718113793267021e-01
-3.257907496558295479e-01
-3.230024708641899833e-01
-3.261920611063639508e-01
-3.251648479037814732e-01
-3.252196311950683594e-01
-3.232035371992323380e-01
-3.233556217617458706e-01
-3.239093621571858539e-01
-3.255938424004448661e-01
-3.231581052144368305e-01
-3.234125773111979352e-01
-3.251748085021972656e-01
-3.253491189744737166e-01
-3.258316516876220703e-01
-3.267958429124619979e-01
-3.232501612769232979e-01
-3.259464634789360771e-01
-3.235844771067301617e-01
-3.247431649102104911e-01
-3.267184098561604633e-01
-3.245375421312119979e-01
-3.236455917358398438e-01
-3.268440299563937779e-01
-3.266856140560573940e-01
-3.256670369042290458e-01
-3.236622810363769531e-01
-3.258594142066107979e-01
-3.243626223670111886e-01
-3.269799285464816685e-01
-3.250801298353407365e-01
-3.251923720041910992e-01
-3.235329257117377511e-01
-3.258824613359239120e-01
-3.252002133263481864e-01
-3.289542198181152344e-01
-3.257271978590223771e-01
-3.250737455156114120e-01
-3.261469735039604911e-01
-3.229669200049506417e-01
-3.260561095343695870e-01
-3.250743812984890346e-01
-3.260956605275471820e-01
-3.245801395840114956e-01
-3.249942991468641740e-01
-3.284867074754502791e-01
-3.246905803680419922e-01
-3.259268601735432758e-01
-3.262710571289062500e-01
-3.254232406616210938e-01
-3.245278994242350445e-01
-3.243766360812717076e-01
-3.233254750569661273e-01
-3.274948332044813615e-01
-3.250264061821831474e-01
-3.263484636942545758e-01
-3.242839177449544086e-01
-3.238018088870578404e-01
-3.273286554548475724e-01
-3.267064889272053851e-01
-3.271776835123698102e-01
-3.255057069990370255e-01
-3.252197901407877789e-01
-3.231564097934299107e-01
-3.226863013373481026e-01
-3.261732790205214005e-01
-3.253549734751383649e-01
-3.256009949578179130e-01
-3.209249178568522320e-01
-3.233132097456190568e-01
-3.230465253194172992e-01
-3.245576752556694755e-01
-3.208283583323160992e-01
-3.220606644948323383e-01
-3.234356774224175224e-01
-3.261743121676974888e-01
-3.227602375878227958e-01
-3.241420586903889789e-01
-3.248473538292778739e-01
-3.252755800882975445e-01
-3.257512781355116349e-01
-3.272305859459770927e-01
-3.260916868845621930e-01
-3.253777027130126953e-01
-3.256396982404921037e-01
-3.264271153344048271e-01
-3.249713049994574776e-01
-3.253389199574788226e-01
-3.238647249009873885e-01
-3.263284630245632534e-01
-3.263503180609809151e-01
-3.254193200005425224e-01
-3.249366283416748047e-01
-3.260710239410400391e-01
-3.270883825090196151e-01
-3.281753593020969029e-01
-3.242335584428575057e-01
-3.263153235117594586e-01
-3.247981336381700057e-01
-3.259575102064344865e-01
-3.261684046851264229e-01
-3.256485462188720703e-01
-3.238026301066080914e-01
-3.258339828915066128e-01
-3.247593243916829242e-01
-3.244729306962754745e-01
-3.259747823079426898e-01
-3.262825542026095982e-01
-3.236334058973524552e-01
-3.257481522030300503e-01
-3.249368137783474331e-01
-3.263830343882243024e-01
-3.265129195319281807e-01
-3.252161343892415180e-01
-3.243634435865614396e-01
-3.259786764780680524e-01
-3.242078357272678013e-01
-3.265664842393662948e-01
-3.270288573371039620e-01
-3.255157205793592912e-01
-3.270030816396077289e-01
-3.263590070936415177e-01
-3.277810414632161273e-01
-3.250639968448215122e-01
-3.268873161739773159e-01
-3.245941797892252789e-01
-3.262908988528781529e-01
-3.270260492960612164e-01
-3.259771135118272323e-01
-3.228992091284857979e-01
-3.278066317240397320e-01
-3.264066378275553570e-01
-3.260337511698405133e-01
-3.247272703382704240e-01
-3.260267045762803573e-01
-3.259886900583903180e-01
-3.240369160970051898e-01
-3.248140017191569195e-01
-3.259793917338053570e-01
-3.238650163014729633e-01
-3.257437017228868026e-01
-3.261054621802436104e-01
-3.268802960713704242e-01
-3.287165429857041854e-01
-3.256929980383979073e-01
-3.240051534440782088e-01
-3.250747256808810826e-01
-3.254365126291910992e-01
-3.261079523298475724e-01
-3.257786962721083146e-01
-3.257862991756863003e-01
-3.245252238379584542e-01
-3.242845005459255581e-01
-3.257595433129204521e-01
-3.254855473836262836e-01
-3.268177509307861328e-01
-3.263236681620280133e-01
-3.275129795074462891e-01
-3.256514337327744979e-01
-3.265979025099012834e-01
-3.284862571292453404e-01
-3.242580625745985490e-01
-3.290460374620225448e-01
-3.266695075564914341e-01
-3.262316120995415458e-01
-3.249367872873942242e-01
-3.259564240773518695e-01
-3.258445792728000279e-01
-3.271430333455403461e-01
-3.242346180809868583e-01
-3.240714603000217076e-01
-3.294086986117892857e-01
-3.245758480495876674e-01
-3.245635297563340682e-01
-3.293941285875108260e-01
-3.276229434543185826e-01
-3.250462743971083146e-01
-3.247811529371473771e-01
-3.269369072384304409e-01
-3.253144952985975724e-01
-3.264800442589653739e-01
-3.255721992916530971e-01
-3.233996762169731864e-01
-3.243063290913899555e-01
-3.256144788530137557e-01
-3.265204429626464844e-01
-3.250610033671061383e-01
-3.271515369415283203e-01
-3.247433238559299107e-01
-3.256907463073730469e-01
-3.245260715484619141e-01
-3.266646597120497209e-01
-3.271936045752631417e-01
-3.250190416971842633e-01
-3.255795372856987724e-01
-3.265523645612928849e-01
-3.240910636054145089e-01
-3.232200410630967635e-01
-3.246361679501003628e-01
-3.248829841613769531e-01
-3.256434069739447823e-01
-3.243974049886067523e-01
-3.216449154747856864e-01
-3.229762713114420758e-01
-3.256355126698811664e-01
-3.247512976328532086e-01
-3.257394101884629745e-01
-3.283009529113769531e-01
-3.246431085798475724e-01
-3.258100615607367745e-01
-3.242663277520073661e-01
-3.269476360744900112e-01
-3.250661426120334263e-01
-3.280609713660346261e-01
-3.259270191192626953e-01
-3.273399670918782367e-01
