-5.933076515793800354e-02
-1.361677944660186768e-01
2.271034941077232361e-02
-1.743234246969223022e-01
-1.530612111091613770e-01
-2.047969251871109009e-01
-1.975098699331283569e-01
-2.131996601819992065e-01
-2.195021957159042358e-01
-2.225833684206008911e-01
-2.193815857172012329e-01
-2.221205383539199829e-01
-2.361789196729660034e-01
-2.263471931219100952e-01
-2.274984717369079590e-01
-2.237370610237121582e-01
-2.363042533397674561e-01
-2.474588006734848022e-01
-2.376390397548675537e-01
-2.405947297811508179e-01
-2.438004165887832642e-01
-2.455751150846481323e-01
-2.368570417165756226e-01
-2.365044504404067993e-01
-2.338758111000061035e-01
-2.452944815158843994e-01
-2.369574904441833496e-01
-2.319688498973846436e-01
-2.376205921173095703e-01
-2.358825653791427612e-01
-2.500903904438018799e-01
-2.444281280040740967e-01
-2.334166467189788818e-01
-2.402779459953308105e-01
-2.434387356042861938e-01
-2.432493120431900024e-01
-2.417733520269393921e-01
-2.399120777845382690e-01
-2.476979345083236694e-01
-2.381754219532012939e-01
-2.438430190086364746e-01
-2.444881051778793335e-01
-2.461707442998886108e-01
-2.555052042007446289e-01
-2.514906227588653564e-01
-2.509898543357849121e-01
-2.575284838676452637e-01
-2.411652207374572754e-01
-2.555190622806549072e-01
-2.566485404968261719e-01
-2.509144544601440430e-01
-2.534237205982208252e-01
-2.478554695844650269e-01
-2.533923089504241943e-01
-2.476627379655838013e-01
-2.538673281669616699e-01
-2.552027404308319092e-01
-2.501426935195922852e-01
-2.517431378364562988e-01
-2.572388947010040283e-01
-2.640576064586639404e-01
-2.571089565753936768e-01
-2.527384757995605469e-01
-2.475818395614624023e-01
-2.512698173522949219e-01
-2.688233554363250732e-01
-2.502170801162719727e-01
-2.534923851490020752e-01
-2.494585365056991577e-01
-2.539131641387939453e-01
-2.549213767051696777e-01
-2.413720041513442993e-01
-2.569000124931335449e-01
-2.689067423343658447e-01
-2.483597397804260254e-01
-2.594389021396636963e-01
-2.536156177520751953e-01
-2.527852654457092285e-01
-2.686330378055572510e-01
-2.602425217628479004e-01
-2.622314393520355225e-01
-2.600615322589874268e-01
-2.524422407150268555e-01
-2.630560100078582764e-01
-2.560555934906005859e-01
-2.711977064609527588e-01
-2.520286738872528076e-01
-2.682099342346191406e-01
-2.601988613605499268e-01
-2.723754644393920898e-01
-2.570361495018005371e-01
-2.785791158676147461e-01
-2.545107901096343994e-01
-2.676752507686614990e-01
-2.637816071510314941e-01
-2.642220556735992432e-01
-2.582742273807525635e-01
-2.682570815086364746e-01
-2.785026133060455322e-01
-2.538797557353973389e-01
-2.687488198280334473e-01
-2.759550809860229492e-01
-2.523631453514099121e-01
-2.736169993877410889e-01
-2.657301723957061768e-01
-2.698846161365509033e-01
-2.744521498680114746e-01
-2.690899074077606201e-01
-2.803457081317901611e-01
-2.739638090133666992e-01
-2.703821957111358643e-01
-2.722454369068145752e-01
-2.767681181430816650e-01
-2.736441791057586670e-01
-2.673780024051666260e-01
-2.671833634376525879e-01
-2.730576694011688232e-01
-2.790003716945648193e-01
-2.796946465969085693e-01
-2.642159461975097656e-01
-2.735309898853302002e-01
-2.727921605110168457e-01
-2.775394320487976074e-01
-2.694699168205261230e-01
-2.748319506645202637e-01
-2.677505910396575928e-01
-2.719503045082092285e-01
-2.584207057952880859e-01
-2.710614502429962158e-01
-2.751262485980987549e-01
-2.650994956493377686e-01
-2.705284357070922852e-01
-2.715916037559509277e-01
-2.662064433097839355e-01
-2.778212428092956543e-01
-2.726792097091674805e-01
-2.730217278003692627e-01
-2.712076008319854736e-01
-2.727928459644317627e-01
-2.762759029865264893e-01
-2.873394787311553955e-01
-2.536291182041168213e-01
-2.844242453575134277e-01
-2.634509205818176270e-01
-2.726522684097290039e-01
-2.739702165126800537e-01
-2.693569362163543701e-01
-2.721827328205108643e-01
-2.753301858901977539e-01
-2.627024948596954346e-01
-2.739844620227813721e-01
-2.808761000633239746e-01
-2.650296986103057861e-01
-2.752664089202880859e-01
-2.713867425918579102e-01
-2.592930495738983154e-01
-2.815307378768920898e-01
-2.734256088733673096e-01
-2.743603289127349854e-01
-2.648535072803497314e-01
-2.771774232387542725e-01
-2.689430713653564453e-01
-2.761932313442230225e-01
-2.730230093002319336e-01
-2.717912495136260986e-01
-2.801519036293029785e-01
-2.753763496875762939e-01
-2.647562325000762939e-01
-2.684684395790100098e-01
-2.773381173610687256e-01
-2.710458934307098389e-01
-2.773364782333374023e-01
-2.706628441810607910e-01
-2.752098441123962402e-01
-2.668433487415313721e-01
-2.854066789150238037e-01
-2.581880092620849609e-01
-2.809451222419738770e-01
-2.671010792255401611e-01
-2.621489167213439941e-01
-2.785524427890777588e-01
-2.712121009826660156e-01
-2.649048864841461182e-01
-2.779130935668945312e-01
-2.758386731147766113e-01
-2.744769752025604248e-01
-2.663600444793701172e-01
-2.685926258563995361e-01
-2.758303284645080566e-01
-2.657236456871032715e-01
-2.689710259437561035e-01
-2.738662064075469971e-01
-2.694037258625030518e-01
-2.605813145637512207e-01
-2.702252566814422607e-01
-2.778399586677551270e-01
-2.654697895050048828e-01
-2.780608534812927246e-01
-2.813113927841186523e-01
-2.822801470756530762e-01
-2.687245607376098633e-01
-2.670255005359649658e-01
-2.698656022548675537e-01
-2.831023335456848145e-01
-2.743318080902099609e-01
-2.623403966426849365e-01
-2.683576941490173340e-01
-2.671467959880828857e-01
-2.691892385482788086e-01
-2.861329317092895508e-01
-2.657111883163452148e-01
-2.652282714843750000e-01
-2.837125957012176514e-01
-2.755301892757415771e-01
-2.653527557849884033e-01
-2.798331379890441895e-01
-2.812795341014862061e-01
-2.694564163684844971e-01
-2.688392400741577148e-01
-2.790027856826782227e-01
-2.768797874450683594e-01
-2.748462259769439697e-01
-2.743605375289916992e-01
-2.703822851181030273e-01
-2.664865851402282715e-01
-2.817042171955108643e-01
-2.886107265949249268e-01
-2.782543301582336426e-01
-2.806434333324432373e-01
-2.717696130275726318e-01
-2.662346661090850830e-01
-2.811140716075897217e-01
-2.800999581813812256e-01
-2.713778018951416016e-01
-2.755180001258850098e-01
-2.866660654544830322e-01
-2.737618982791900635e-01
-2.773949503898620605e-01
-2.775517106056213379e-01
-2.747042477130889893e-01
-2.728407084941864014e-01
-2.801882028579711914e-01
-2.835144996643066406e-01
-2.718913555145263672e-01
-2.691851854324340820e-01
-2.753415703773498535e-01
-2.861681580543518066e-01
-2.864674329757690430e-01
-2.746386528015136719e-01
-2.732314765453338623e-01
-2.925402224063873291e-01
-2.844438552856445312e-01
-2.810721099376678467e-01
-2.882222831249237061e-01
-2.866128087043762207e-01
-2.811836004257202148e-01
-2.667165398597717285e-01
-2.838977575302124023e-01
-2.843147814273834229e-01
-2.930918633937835693e-01
-2.913210988044738770e-01
-2.836151123046875000e-01
-2.862900793552398682e-01
-2.821451723575592041e-01
-2.763349711894989014e-01
-2.817605733871459961e-01
-2.795179188251495361e-01
-2.854393124580383301e-01
-2.804217934608459473e-01
-2.888553440570831299e-01
-2.823787331581115723e-01
-2.904831469058990479e-01
-2.805907130241394043e-01
-2.864681482315063477e-01
-2.824627161026000977e-01
-2.924301028251647949e-01
-2.967025041580200195e-01
-2.722626328468322754e-01
-2.981276214122772217e-01
-2.852552533149719238e-01
-2.810389399528503418e-01
-2.844266593456268311e-01
-2.884958386421203613e-01
-2.963853478431701660e-01
-2.767153978347778320e-01
-2.827471196651458740e-01
-2.892301976680755615e-01
-2.842906415462493896e-01
-2.763434946537017822e-01
-2.848285436630249023e-01
-2.932567000389099121e-01
-2.747654914855957031e-01
-2.925463914871215820e-01
-2.852971851825714111e-01
-2.847396433353424072e-01
-2.912110686302185059e-01
-2.770859599113464355e-01
-2.902424335479736328e-01
-2.931941449642181396e-01
-2.778688371181488037e-01
-2.877231538295745850e-01
-2.944837212562561035e-01
-2.921640574932098389e-01
-2.793942987918853760e-01
-2.875255048274993896e-01
-2.918419241905212402e-01
-2.714137732982635498e-01
-2.982414364814758301e-01
-2.886980473995208740e-01
-2.793247103691101074e-01
-3.007682561874389648e-01
-2.803307473659515381e-01
-2.834262251853942871e-01
-2.908368408679962158e-01
-2.884553074836730957e-01
-2.904934585094451904e-01
-2.842709422111511230e-01
-2.891739010810852051e-01
-2.762473225593566895e-01
-2.859907448291778564e-01
-2.974229753017425537e-01
-2.934297323226928711e-01
-2.814216315746307373e-01
-2.929756939411163330e-01
-2.996716797351837158e-01
-2.793399691581726074e-01
-2.892222404479980469e-01
-2.905603051185607910e-01
-2.864064574241638184e-01
-2.944279909133911133e-01
-2.851610183715820312e-01
-2.822442054748535156e-01
-2.801958024501800537e-01
-2.997391521930694580e-01
-2.900302708148956299e-01
-2.946889996528625488e-01
-2.900329828262329102e-01
-2.876534163951873779e-01
-3.000582158565521240e-01
-2.806405127048492432e-01
-2.855988442897796631e-01
-2.957413792610168457e-01
-2.709780335426330566e-01
-2.919917106628417969e-01
-2.845972776412963867e-01
-2.956222593784332275e-01
-2.888102829456329346e-01
-2.830468118190765381e-01
-2.883433699607849121e-01
-2.806885242462158203e-01
-2.891561985015869141e-01
-2.957021594047546387e-01
-2.819551527500152588e-01
-2.970343530178070068e-01
-2.902961373329162598e-01
-2.990305721759796143e-01
-2.877900898456573486e-01
-2.962457239627838135e-01
-2.864449024200439453e-01
-2.934757769107818604e-01
-2.846195995807647705e-01
-2.959575951099395752e-01
-2.898210287094116211e-01
-2.877898216247558594e-01
-2.881496548652648926e-01
-2.877494990825653076e-01
-2.858895957469940186e-01
-2.879442274570465088e-01
-2.824159562587738037e-01
-2.965703308582305908e-01
-2.859544754028320312e-01
-2.894161045551300049e-01
-2.857119739055633545e-01
-2.974217534065246582e-01
-2.876687645912170410e-01
-2.958808541297912598e-01
-2.899595499038696289e-01
-2.872822284698486328e-01
-2.907296717166900635e-01
-2.853885293006896973e-01
-2.885680198669433594e-01
-2.925291061401367188e-01
-2.919309735298156738e-01
-2.757172882556915283e-01
-2.922746241092681885e-01
-2.939293980598449707e-01
-2.739453613758087158e-01
-2.967309057712554932e-01
-2.913837134838104248e-01
-2.883252799510955811e-01
-2.847994267940521240e-01
-2.961123585700988770e-01
-2.805948257446289062e-01
-2.993579804897308350e-01
-2.843414545059204102e-01
-2.922445237636566162e-01
-2.835793495178222656e-01
-2.952894866466522217e-01
-2.858725488185882568e-01
-3.001276850700378418e-01
-2.760561704635620117e-01
-2.953066527843475342e-01
-2.868602275848388672e-01
-2.955721020698547363e-01
-2.896014451980590820e-01
-2.838347554206848145e-01
-2.931665480136871338e-01
-2.836418449878692627e-01
-2.960671484470367432e-01
-2.770465314388275146e-01
-2.932178974151611328e-01
-2.960340082645416260e-01
-2.907197773456573486e-01
-2.889393866062164307e-01
-2.855741083621978760e-01
-3.025073409080505371e-01
-2.822777628898620605e-01
-2.948108017444610596e-01
-2.920775115489959717e-01
-2.903219461441040039e-01
-2.935258150100708008e-01
-2.879371345043182373e-01
-2.882475256919860840e-01
-2.958053350448608398e-01
-2.907753884792327881e-01
-2.952012419700622559e-01
-2.966048121452331543e-01
-2.856765091419219971e-01
-2.982563376426696777e-01
-2.887336909770965576e-01
-2.870439291000366211e-01
-2.946826219558715820e-01
-2.872686982154846191e-01
-2.925108671188354492e-01
-2.977197468280792236e-01
-2.907183170318603516e-01
-2.895191609859466553e-01
-2.968988120555877686e-01
-2.797788083553314209e-01
-2.964030802249908447e-01
-2.873865962028503418e-01
-2.919424474239349365e-01
-2.967525720596313477e-01
-2.842589020729064941e-01
-2.872912585735321045e-01
-2.918397188186645508e-01
-2.939088642597198486e-01
-2.964379191398620605e-01
-2.887594401836395264e-01
-2.944614887237548828e-01
-2.940944135189056396e-01
-2.904704511165618896e-01
-2.910656630992889404e-01
-2.918490469455718994e-01
-2.950010299682617188e-01
-2.853299379348754883e-01
-2.973538339138031006e-01
-2.788045704364776611e-01
-3.041167855262756348e-01
-2.887289524078369141e-01
-2.880784571170806885e-01
-2.879489958286285400e-01
-2.932201623916625977e-01
-2.957094013690948486e-01
-2.907307744026184082e-01
-2.877664566040039062e-01
-2.897296845912933350e-01
-2.941877543926239014e-01
-2.879386544227600098e-01
-2.915631830692291260e-01
-2.871677875518798828e-01
-2.933349609375000000e-01
-2.827327847480773926e-01
-3.051193058490753174e-01
-2.886811494827270508e-01
-2.957890927791595459e-01
-2.954744398593902588e-01
-2.878738343715667725e-01
-2.917197346687316895e-01
-2.953615188598632812e-01
-2.952228486537933350e-01
-2.894627153873443604e-01
-2.905416488647460938e-01
-2.886129021644592285e-01
-2.962847054004669189e-01
-2.909520268440246582e-01
-2.981619238853454590e-01
-2.842623889446258545e-01
-2.937876284122467041e-01
-2.920313477516174316e-01
-2.876777946949005127e-01
-2.915424108505249023e-01
-3.018190860748291016e-01
-2.889127731323242188e-01
-2.945304214954376221e-01
-2.855952084064483643e-01
-3.014497756958007812e-01
-2.949419915676116943e-01
-2.907884418964385986e-01
-2.987311482429504395e-01
-2.975085377693176270e-01
-2.928766310214996338e-01
-2.963936030864715576e-01
-2.933978438377380371e-01
-2.992755770683288574e-01
-2.977432012557983398e-01
-2.983788251876831055e-01
-2.896578907966613770e-01
-3.006709814071655273e-01
-2.782996594905853271e-01
-2.959741950035095215e-01
-2.980104982852935791e-01
-2.912243008613586426e-01
-2.976376712322235107e-01
-2.831124067306518555e-01
-2.878712117671966553e-01
-2.930107414722442627e-01
-3.004215657711029053e-01
-2.965500950813293457e-01
-2.832533121109008789e-01
-3.010381460189819336e-01
-2.942025661468505859e-01
-2.979678213596343994e-01
-3.005510866641998291e-01
-2.956554293632507324e-01
-2.876820266246795654e-01
-2.931661903858184814e-01
-2.956399619579315186e-01
-2.928083539009094238e-01
-2.962318956851959229e-01
-2.943526208400726318e-01
-2.907190024852752686e-01
-2.949867844581604004e-01
-2.932544648647308350e-01
-2.936024069786071777e-01
-2.911017537117004395e-01
-2.889447510242462158e-01
-2.938507199287414551e-01
-2.946289181709289551e-01
-2.899157404899597168e-01
-2.986356317996978760e-01
-2.994260787963867188e-01
-2.989524006843566895e-01
-2.827814221382141113e-01
-2.964525222778320312e-01
-2.942025661468505859e-01
-2.930490374565124512e-01
-2.915581762790679932e-01
-2.991702854633331299e-01
-2.944129109382629395e-01
-2.957895398139953613e-01
-2.924506366252899170e-01
-2.913003861904144287e-01
-3.028995096683502197e-01
-2.846756577491760254e-01
-3.011531233787536621e-01
-2.962783873081207275e-01
-2.876408100128173828e-01
-2.926675379276275635e-01
-2.981759309768676758e-01
-2.915814220905303955e-01
-2.944785952568054199e-01
-2.985492050647735596e-01
-2.822491824626922607e-01
-2.960244715213775635e-01
-2.901310026645660400e-01
-2.955304384231567383e-01
-2.963959872722625732e-01
-2.941779196262359619e-01
-2.910678088665008545e-01
-3.012099564075469971e-01
-2.941706776618957520e-01
-2.911555767059326172e-01
-2.971338331699371338e-01
-2.997339963912963867e-01
-2.851748764514923096e-01
-3.053977787494659424e-01
-2.931711375713348389e-01
-3.003749251365661621e-01
-2.873466908931732178e-01
-2.913609743118286133e-01
-2.968034148216247559e-01
-2.899192869663238525e-01
-3.027859330177307129e-01
-2.954741120338439941e-01
-2.924678325653076172e-01
-2.966654002666473389e-01
-3.020883202552795410e-01
-2.885059714317321777e-01
-2.999097406864166260e-01
-2.950870990753173828e-01
-2.977505028247833252e-01
-2.964740395545959473e-01
-2.868364453315734863e-01
-3.031873703002929688e-01
-2.857618331909179688e-01
-2.968179285526275635e-01
-2.977931201457977295e-01
-2.899499535560607910e-01
-3.048196434974670410e-01
-2.886395752429962158e-01
-2.935693860054016113e-01
-3.019937276840209961e-01
-2.885902822017669678e-01
-2.909953296184539795e-01
-2.965269684791564941e-01
-2.926401197910308838e-01
-2.948224842548370361e-01
-2.889037430286407471e-01
-3.011616170406341553e-01
-2.864010035991668701e-01
-3.035136163234710693e-01
-2.920653820037841797e-01
-3.039119839668273926e-01
-3.001330196857452393e-01
-2.911702990531921387e-01
-3.023895323276519775e-01
-2.962635457515716553e-01
-2.920158803462982178e-01
-2.975237667560577393e-01
-2.943992018699645996e-01
-3.015885651111602783e-01
-2.937192320823669434e-01
-2.927044034004211426e-01
-2.980186343193054199e-01
-3.010707497596740723e-01
-2.847639024257659912e-01
-3.032078444957733154e-01
-2.879131436347961426e-01
-2.937848865985870361e-01
-2.945850491523742676e-01
-2.929765582084655762e-01
-3.016850948333740234e-01
-2.930764853954315186e-01
-3.002116382122039795e-01
-2.937030494213104248e-01
-2.961522936820983887e-01
-3.003823757171630859e-01
-3.005214333534240723e-01
-2.869465351104736328e-01
-3.031074404716491699e-01
-2.921799421310424805e-01
-3.041230738162994385e-01
-2.899667918682098389e-01
-2.912476062774658203e-01
-2.929661870002746582e-01
-2.956777513027191162e-01
-3.018762171268463135e-01
-2.997606098651885986e-01
-2.926861047744750977e-01
-2.992130219936370850e-01
-2.955183088779449463e-01
-3.032871782779693604e-01
-2.858146429061889648e-01
-3.049905598163604736e-01
-2.932403981685638428e-01
-2.920471429824829102e-01
-2.984687387943267822e-01
-3.003332912921905518e-01
-2.937544584274291992e-01
-2.984660565853118896e-01
-2.856110334396362305e-01
-3.006957471370697021e-01
-2.989524900913238525e-01
-2.879052460193634033e-01
-3.004286587238311768e-01
-2.921208739280700684e-01
-2.952462136745452881e-01
-2.963198125362396240e-01
-2.984777688980102539e-01
-2.956123054027557373e-01
-2.909973263740539551e-01
-3.028576970100402832e-01
-2.988970279693603516e-01
-3.036740720272064209e-01
-2.856892943382263184e-01
-2.969147861003875732e-01
-2.978227734565734863e-01
-2.924475073814392090e-01
-2.931666970252990723e-01
-3.021066188812255859e-01
-3.006252944469451904e-01
-3.005510270595550537e-01
-2.930549979209899902e-01
-3.001390099525451660e-01
-2.945348024368286133e-01
-2.997749447822570801e-01
-2.918945848941802979e-01
-2.930538654327392578e-01
-2.968545854091644287e-01
-2.989469468593597412e-01
-2.971602678298950195e-01
-2.938832938671112061e-01
-2.965067625045776367e-01
-2.968065142631530762e-01
-2.958538830280303955e-01
-2.976507246494293213e-01
-3.056102395057678223e-01
-3.011147975921630859e-01
-2.943850159645080566e-01
-2.950353026390075684e-01
-3.017578125000000000e-01
-2.840940654277801514e-01
-3.046428859233856201e-01
-2.964672148227691650e-01
-3.047615885734558105e-01
-2.943297028541564941e-01
-3.005834221839904785e-01
-2.887288331985473633e-01
-2.989337742328643799e-01
-2.967160642147064209e-01
-3.027134537696838379e-01
-2.997731864452362061e-01
-2.936517894268035889e-01
-3.127290308475494385e-01
-2.934018671512603760e-01
-2.943793833255767822e-01
-3.014836609363555908e-01
-2.941401302814483643e-01
-2.973197996616363525e-01
-2.990702092647552490e-01
-2.998028099536895752e-01
-2.973342835903167725e-01
-3.059472441673278809e-01
-2.970204055309295654e-01
-2.990489304065704346e-01
-2.978011965751647949e-01
-3.012941479682922363e-01
-2.986474037170410156e-01
-3.079639971256256104e-01
-2.998569607734680176e-01
-3.048164546489715576e-01
-2.914629578590393066e-01
-3.032142519950866699e-01
-2.980239391326904297e-01
-2.902523279190063477e-01
-3.080253303050994873e-01
-2.879503667354583740e-01
-3.074975907802581787e-01
-2.991013228893280029e-01
-3.053618073463439941e-01
-2.943251430988311768e-01
-2.935155034065246582e-01
-3.082332909107208252e-01
-3.005363047122955322e-01
-3.008652329444885254e-01
-2.989984154701232910e-01
-3.035117387771606445e-01
-3.045968115329742432e-01
-3.064266145229339600e-01
-2.905450165271759033e-01
-3.034510314464569092e-01
-3.023390471935272217e-01
-3.024342954158782959e-01
-2.959884405136108398e-01
-3.023636937141418457e-01
-3.056774735450744629e-01
-2.985773980617523193e-01
-2.986095547676086426e-01
-3.037663102149963379e-01
-3.061770796775817871e-01
-3.061168193817138672e-01
-3.080567419528961182e-01
-3.015762567520141602e-01
-3.001721203327178955e-01
-3.121849298477172852e-01
-2.978701889514923096e-01
-2.996823191642761230e-01
-3.034642040729522705e-01
-3.040995001792907715e-01
-3.084783256053924561e-01
-2.979811728000640869e-01
-3.019788265228271484e-01
-3.075346052646636963e-01
-2.974520027637481689e-01
-3.080014884471893311e-01
-3.048811554908752441e-01
-3.099517226219177246e-01
-3.084019422531127930e-01
-3.035314977169036865e-01
-2.996953725814819336e-01
-2.929809689521789551e-01
-3.136748075485229492e-01
-2.992731630802154541e-01
-3.130900561809539795e-01
-2.967846095561981201e-01
-3.058316111564636230e-01
-3.011626601219177246e-01
-2.988973855972290039e-01
-3.049846291542053223e-01
-3.033638298511505127e-01
-3.049056529998779297e-01
-3.079176545143127441e-01
-3.086541891098022461e-01
-3.045192062854766846e-01
-2.999911010265350342e-01
-3.186849951744079590e-01
-2.966295778751373291e-01
-3.095511496067047119e-01
-3.046063780784606934e-01
-3.091020584106445312e-01
-3.117355406284332275e-01
-3.081655204296112061e-01
-3.123568892478942871e-01
-2.876756489276885986e-01
-3.113837540149688721e-01
-3.148379027843475342e-01
-2.992427349090576172e-01
-3.151501417160034180e-01
-3.036729097366333008e-01
-3.125565648078918457e-01
-3.049218356609344482e-01
-3.008798360824584961e-01
-3.095778822898864746e-01
-3.088024854660034180e-01
-3.074621856212615967e-01
-3.103559911251068115e-01
-3.091687262058258057e-01
-3.093189597129821777e-01
-3.074262142181396484e-01
-3.077521920204162598e-01
-3.039206862449645996e-01
-3.107803165912628174e-01
-2.996431291103363037e-01
-3.093264997005462646e-01
-3.039871752262115479e-01
-3.086706101894378662e-01
-3.092844784259796143e-01
-3.037295043468475342e-01
-3.055073916912078857e-01
-3.079850971698760986e-01
-3.104654252529144287e-01
-3.140094578266143799e-01
-3.003164529800415039e-01
-3.067467510700225830e-01
-3.092757165431976318e-01
-3.030017614364624023e-01
-3.113834261894226074e-01
-3.099461793899536133e-01
-3.132547140121459961e-01
-2.981304824352264404e-01
-3.078936040401458740e-01
-3.065200448036193848e-01
-3.076413571834564209e-01
-3.160490989685058594e-01
-3.035386204719543457e-01
-3.093307018280029297e-01
-3.066655993461608887e-01
-3.088731467723846436e-01
-3.094169199466705322e-01
-3.137701451778411865e-01
-3.033887743949890137e-01
-3.148680627346038818e-01
-3.016197979450225830e-01
-3.077875673770904541e-01
-3.045478463172912598e-01
-3.143579959869384766e-01
-3.039095997810363770e-01
-3.021674454212188721e-01
-3.190433979034423828e-01
-3.014301359653472900e-01
-3.117407262325286865e-01
-3.114247322082519531e-01
-3.075410723686218262e-01
-3.088563680648803711e-01
-3.100993037223815918e-01
-3.087247908115386963e-01
-3.189539015293121338e-01
-3.068795502185821533e-01
-3.082338869571685791e-01
-3.056892752647399902e-01
-3.077774643898010254e-01
-3.037140369415283203e-01
-3.141656816005706787e-01
-3.072956502437591553e-01
-3.150410354137420654e-01
-3.087199628353118896e-01
-3.127724528312683105e-01
-3.114018440246582031e-01
-3.124185800552368164e-01
-3.112549781799316406e-01
-3.073534071445465088e-01
-3.055844604969024658e-01
-3.060797750949859619e-01
-3.065670430660247803e-01
-3.054502904415130615e-01
-3.099761009216308594e-01
-3.116078674793243408e-01
-3.125316202640533447e-01
-3.065322935581207275e-01
-3.107254207134246826e-01
-3.130316138267517090e-01
-3.093265295028686523e-01
-3.138206899166107178e-01
-3.140084743499755859e-01
-3.065450787544250488e-01
-3.054755330085754395e-01
-3.041595518589019775e-01
-3.066622316837310791e-01
-3.128853142261505127e-01
-3.088646829128265381e-01
-3.169974386692047119e-01
-2.994390130043029785e-01
-3.126670122146606445e-01
-3.136683404445648193e-01
-3.128035366535186768e-01
-3.065750896930694580e-01
-3.110854327678680420e-01
-3.097498118877410889e-01
-3.076127171516418457e-01
-3.128798902034759521e-01
-3.106612563133239746e-01
-3.057374954223632812e-01
-3.079018294811248779e-01
-3.131652772426605225e-01
-3.053922951221466064e-01
-3.148127496242523193e-01
-3.103159368038177490e-01
-3.105239570140838623e-01
-3.028923869132995605e-01
-3.091188073158264160e-01
-3.140242695808410645e-01
-3.125813007354736328e-01
-3.105556368827819824e-01
-3.175778388977050781e-01
-3.130151033401489258e-01
-3.061422109603881836e-01
-3.115811944007873535e-01
-3.137514591217041016e-01
-3.160337805747985840e-01
-3.132518827915191650e-01
-3.126337826251983643e-01
-3.041696548461914062e-01
-3.165055215358734131e-01
-3.146658241748809814e-01
-3.018311858177185059e-01
-3.175281882286071777e-01
-3.069318234920501709e-01
-3.120382726192474365e-01
-3.107382059097290039e-01
-3.137245476245880127e-01
-3.102970719337463379e-01
-3.076019287109375000e-01
-3.144837021827697754e-01
-2.989294528961181641e-01
-3.140413761138916016e-01
-3.140943944454193115e-01
-3.097364008426666260e-01
-3.182377815246582031e-01
-3.133112788200378418e-01
-3.156559467315673828e-01
-3.098593056201934814e-01
-3.074505925178527832e-01
-3.179120719432830811e-01
-3.081481754779815674e-01
-3.104350566864013672e-01
-3.125969767570495605e-01
-3.133491277694702148e-01
-3.084710836410522461e-01
-3.055737912654876709e-01
-3.091264665126800537e-01
-3.090426325798034668e-01
-3.127042651176452637e-01
-3.127557933330535889e-01
-3.029989898204803467e-01
-3.170396089553833008e-01
-3.015972375869750977e-01
-3.163378834724426270e-01
-3.121756017208099365e-01
-3.102832734584808350e-01
-3.107498884201049805e-01
-3.109779655933380127e-01
-3.124737441539764404e-01
-3.107050657272338867e-01
-3.078902661800384521e-01
-3.106699883937835693e-01
-3.074902892112731934e-01
-3.177667558193206787e-01
-3.036417663097381592e-01
-3.095876574516296387e-01
-3.170555531978607178e-01
-3.103662729263305664e-01
-3.050540983676910400e-01
-3.147248327732086182e-01
-3.082731664180755615e-01
-3.132181465625762939e-01
-3.084132969379425049e-01
-3.204390406608581543e-01
-3.135458827018737793e-01
-3.092853426933288574e-01
-3.162426054477691650e-01
-3.208492398262023926e-01
-3.206692636013031006e-01
-3.157499730587005615e-01
-3.154266476631164551e-01
-3.150948286056518555e-01
-3.154308497905731201e-01
-3.201613724231719971e-01
-3.101339340209960938e-01
-3.030219078063964844e-01
