-4.115350246429443359e-01
-4.416262209415435791e-01
-4.468948543071746826e-01
-4.500001966953277588e-01
-4.496163427829742432e-01
-4.506813883781433105e-01
-4.503654837608337402e-01
-4.495404660701751709e-01
-4.514915943145751953e-01
-4.511307179927825928e-01
-4.514582157135009766e-01
-4.520479738712310791e-01
-4.504945576190948486e-01
-4.528350830078125000e-01
-4.521086215972900391e-01
-4.531562030315399170e-01
-4.523707926273345947e-01
-4.526755809783935547e-01
-4.517911970615386963e-01
-4.526134729385375977e-01
-4.506995379924774170e-01
-4.524428844451904297e-01
-4.521432816982269287e-01
-4.522517025470733643e-01
-4.521547555923461914e-01
-4.522742629051208496e-01
-4.522362053394317627e-01
-4.527497589588165283e-01
-4.529389142990112305e-01
-4.540454149246215820e-01
-4.505980610847473145e-01
-4.527990818023681641e-01
-4.528626501560211182e-01
-4.514584839344024658e-01
-4.523014426231384277e-01
-4.526274204254150391e-01
-4.523594677448272705e-01
-4.529556334018707275e-01
-4.523286223411560059e-01
-4.519513547420501709e-01
-4.522853493690490723e-01
-4.530781209468841553e-01
-4.524490237236022949e-01
-4.528229236602783203e-01
-4.530338048934936523e-01
-4.524601399898529053e-01
-4.537711441516876221e-01
-4.529152512550354004e-01
-4.528895318508148193e-01
-4.518932402133941650e-01
-4.519082307815551758e-01
-4.530979096889495850e-01
-4.526150226593017578e-01
-4.516031146049499512e-01
-4.535593390464782715e-01
-4.526428878307342529e-01
-4.513786733150482178e-01
-4.524996280670166016e-01
-4.527221620082855225e-01
-4.540304243564605713e-01
-4.512408077716827393e-01
-4.534289538860321045e-01
-4.519682228565216064e-01
-4.523569345474243164e-01
-4.526428878307342529e-01
-4.512307047843933105e-01
-4.515026807785034180e-01
-4.523441195487976074e-01
-4.523442387580871582e-01
-4.527450501918792725e-01
-4.515665769577026367e-01
-4.525217413902282715e-01
-4.532267451286315918e-01
-4.525486528873443604e-01
-4.524177312850952148e-01
-4.530103802680969238e-01
-4.521328806877136230e-01
-4.530118405818939209e-01
-4.518522322177886963e-01
-4.540517628192901611e-01
-4.530262351036071777e-01
-4.536056816577911377e-01
-4.534796178340911865e-01
-4.528942406177520752e-01
-4.527869224548339844e-01
-4.527883231639862061e-01
-4.528027176856994629e-01
-4.521217644214630127e-01
-4.518479108810424805e-01
-4.533438980579376221e-01
-4.526536762714385986e-01
-4.508235156536102295e-01
-4.538770616054534912e-01
-4.538724422454833984e-01
-4.536394178867340088e-01
-4.515164792537689209e-01
-4.513269662857055664e-01
-4.529401957988739014e-01
-4.516061544418334961e-01
-4.526881575584411621e-01
-4.539120495319366455e-01
-4.534793794155120850e-01
-4.516211450099945068e-01
-4.533210992813110352e-01
-4.517251551151275635e-01
-4.529609680175781250e-01
-4.521490335464477539e-01
-4.528041481971740723e-01
-4.509641826152801514e-01
-4.513811469078063965e-01
-4.507513046264648438e-01
-4.518183171749114990e-01
-4.527176022529602051e-01
-4.518797397613525391e-01
-4.517303705215454102e-01
-4.519051313400268555e-01
-4.517844915390014648e-01
-4.521265625953674316e-01
-4.516535699367523193e-01
-4.508792459964752197e-01
-4.517423808574676514e-01
-4.508756697177886963e-01
-4.512400627136230469e-01
-4.517071545124053955e-01
-4.508576095104217529e-01
-4.507822990417480469e-01
-4.527091979980468750e-01
-4.522065818309783936e-01
-4.512268304824829102e-01
-4.507805407047271729e-01
-4.527007937431335449e-01
-4.521177411079406738e-01
-4.511574804782867432e-01
-4.528893530368804932e-01
-4.513863325119018555e-01
-4.500571191310882568e-01
-4.512978494167327881e-01
-4.520883560180664062e-01
-4.505545496940612793e-01
-4.508485794067382812e-01
-4.530873298645019531e-01
-4.512636661529541016e-01
-4.525336921215057373e-01
-4.531497061252593994e-01
-4.520839750766754150e-01
-4.518042504787445068e-01
-4.517772495746612549e-01
-4.524561762809753418e-01
-4.507089853286743164e-01
-4.513787329196929932e-01
-4.523664712905883789e-01
-4.526033997535705566e-01
-4.523464441299438477e-01
-4.520222842693328857e-01
-4.512725770473480225e-01
-4.525724351406097412e-01
-4.500794112682342529e-01
-4.514965116977691650e-01
-4.510095119476318359e-01
-4.511481225490570068e-01
-4.506358504295349121e-01
-4.521522223949432373e-01
-4.509062170982360840e-01
-4.516482055187225342e-01
-4.512122869491577148e-01
-4.522824585437774658e-01
-4.485206902027130127e-01
-4.521820545196533203e-01
-4.509340226650238037e-01
-4.526067376136779785e-01
-4.514085054397583008e-01
-4.508540034294128418e-01
-4.525237679481506348e-01
-4.512429833412170410e-01
-4.519791901111602783e-01
-4.511961638927459717e-01
-4.514758288860321045e-01
-4.506451487541198730e-01
-4.503074288368225098e-01
-4.510409533977508545e-01
-4.508902430534362793e-01
-4.512908458709716797e-01
-4.499791264533996582e-01
-4.510891735553741455e-01
-4.518205523490905762e-01
-4.507786333560943604e-01
-4.507974386215209961e-01
-4.527685046195983887e-01
-4.531574845314025879e-01
-4.516398310661315918e-01
-4.508753418922424316e-01
-4.498626887798309326e-01
-4.500098228454589844e-01
-4.496161341667175293e-01
-4.498674273490905762e-01
-4.516547918319702148e-01
-4.504508078098297119e-01
-4.504951238632202148e-01
-4.502920806407928467e-01
-4.495221376419067383e-01
-4.513050317764282227e-01
-4.504840970039367676e-01
-4.514410197734832764e-01
-4.511072337627410889e-01
-4.514131546020507812e-01
-4.502479135990142822e-01
-4.520353972911834717e-01
-4.514861404895782471e-01
-4.488779306411743164e-01
-4.512908756732940674e-01
-4.516743719577789307e-01
-4.512726068496704102e-01
-4.492118656635284424e-01
-4.511609971523284912e-01
-4.483008980751037598e-01
-4.511816501617431641e-01
-4.526469111442565918e-01
-4.496344923973083496e-01
-4.499050080776214600e-01
-4.501678347587585449e-01
-4.497578740119934082e-01
-4.518586099147796631e-01
-4.492357671260833740e-01
-4.508318603038787842e-01
-4.521642923355102539e-01
-4.531947076320648193e-01
-4.501103460788726807e-01
-4.502028226852416992e-01
-4.522196352481842041e-01
-4.509454965591430664e-01
-4.515116512775421143e-01
-4.503844380378723145e-01
-4.519299566745758057e-01
-4.503184854984283447e-01
-4.510430395603179932e-01
-4.506812095642089844e-01
-4.510470926761627197e-01
-4.502983391284942627e-01
-4.505980908870697021e-01
-4.501445889472961426e-01
-4.494980871677398682e-01
-4.508701264858245850e-01
-4.506449699401855469e-01
-4.512553215026855469e-01
-4.513415694236755371e-01
-4.507661759853363037e-01
-4.484268426895141602e-01
-4.534212648868560791e-01
-4.490878582000732422e-01
-4.502478837966918945e-01
-4.500403106212615967e-01
-4.514966309070587158e-01
-4.503514170646667480e-01
-4.496006369590759277e-01
-4.506075382232666016e-01
-4.521976709365844727e-01
-4.508844017982482910e-01
-4.497050940990447998e-01
-4.489482343196868896e-01
-4.528742730617523193e-01
-4.506826698780059814e-01
-4.502784907817840576e-01
-4.500614404678344727e-01
-4.541729092597961426e-01
-4.474866390228271484e-01
-4.498438835144042969e-01
-4.491762518882751465e-01
-4.485870301723480225e-01
-4.519295990467071533e-01
-4.519713521003723145e-01
-4.511973857879638672e-01
-4.519212543964385986e-01
-4.470884501934051514e-01
-4.511956870555877686e-01
-4.475950002670288086e-01
-4.480048716068267822e-01
-4.525662362575531006e-01
-4.491024911403656006e-01
-4.501090645790100098e-01
-4.523584246635437012e-01
-4.488390386104583740e-01
-4.511781930923461914e-01
-4.529218971729278564e-01
-4.501167833805084229e-01
-4.496654570102691650e-01
-4.508720934391021729e-01
-4.516096711158752441e-01
-4.508407115936279297e-01
-4.511583745479583740e-01
-4.479437172412872314e-01
-4.521332085132598877e-01
-4.515809714794158936e-01
-4.477961361408233643e-01
-4.512540996074676514e-01
-4.511746466159820557e-01
-4.517318010330200195e-01
-4.470782577991485596e-01
-4.496896862983703613e-01
-4.503508210182189941e-01
-4.514224231243133545e-01
-4.530889093875885010e-01
-4.497200846672058105e-01
-4.515366554260253906e-01
-4.501719772815704346e-01
-4.517493546009063721e-01
-4.505046010017395020e-01
-4.496234655380249023e-01
-4.498234093189239502e-01
-4.499981105327606201e-01
-4.513147473335266113e-01
-4.496665000915527344e-01
-4.530895650386810303e-01
-4.482484757900238037e-01
-4.504671692848205566e-01
-4.515511393547058105e-01
-4.533858597278594971e-01
-4.479059576988220215e-01
-4.488786756992340088e-01
-4.487345516681671143e-01
-4.508437216281890869e-01
-4.503692388534545898e-01
-4.503350257873535156e-01
-4.530079960823059082e-01
-4.494602084159851074e-01
-4.497909545898437500e-01
-4.506771862506866455e-01
-4.496914148330688477e-01
-4.499683082103729248e-01
-4.509356617927551270e-01
-4.505675435066223145e-01
-4.505370557308197021e-01
-4.501375854015350342e-01
-4.496430158615112305e-01
-4.495973885059356689e-01
-4.502675831317901611e-01
-4.494391977787017822e-01
-4.497778713703155518e-01
-4.504827558994293213e-01
-4.499659538269042969e-01
-4.471922516822814941e-01
-4.466297924518585205e-01
-4.480400085449218750e-01
-4.506043791770935059e-01
-4.503838121891021729e-01
-4.507645070552825928e-01
-4.502317607402801514e-01
-4.482957720756530762e-01
-4.508964717388153076e-01
-4.484076499938964844e-01
-4.489662349224090576e-01
-4.517215490341186523e-01
-4.499641060829162598e-01
-4.483123123645782471e-01
-4.514654278755187988e-01
-4.491230547428131104e-01
-4.498597979545593262e-01
-4.512607455253601074e-01
-4.485588073730468750e-01
-4.497483074665069580e-01
-4.516977071762084961e-01
-4.495089352130889893e-01
-4.510256350040435791e-01
-4.479563236236572266e-01
-4.505455493927001953e-01
-4.471796154975891113e-01
-4.479501247406005859e-01
-4.497413337230682373e-01
-4.483934938907623291e-01
-4.515646398067474365e-01
-4.476061165332794189e-01
-4.472013413906097412e-01
-4.481872022151947021e-01
-4.491617679595947266e-01
-4.497701525688171387e-01
-4.493583440780639648e-01
-4.536923766136169434e-01
-4.515185058116912842e-01
-4.493398368358612061e-01
-4.501104652881622314e-01
-4.508289694786071777e-01
-4.480287432670593262e-01
-4.529622793197631836e-01
-4.472131729125976562e-01
-4.460300505161285400e-01
-4.500227570533752441e-01
-4.515085220336914062e-01
-4.514791667461395264e-01
-4.477900862693786621e-01
-4.501305520534515381e-01
-4.550465643405914307e-01
-4.488090276718139648e-01
-4.502361416816711426e-01
-4.479933381080627441e-01
-4.517932832241058350e-01
-4.507358372211456299e-01
-4.475986659526824951e-01
-4.482238888740539551e-01
-4.492760002613067627e-01
-4.513497054576873779e-01
-4.490670263767242432e-01
-4.488942921161651611e-01
-4.507314860820770264e-01
-4.484716653823852539e-01
-4.501252472400665283e-01
-4.520815014839172363e-01
-4.502195119857788086e-01
-4.490723311901092529e-01
-4.489052593708038330e-01
-4.478114545345306396e-01
-4.491134285926818848e-01
-4.459647834300994873e-01
-4.512003660202026367e-01
-4.508970379829406738e-01
-4.490381181240081787e-01
-4.542324841022491455e-01
-4.513186514377593994e-01
-4.498068988323211670e-01
-4.492454230785369873e-01
-4.515297114849090576e-01
-4.493845403194427490e-01
-4.482097029685974121e-01
-4.495390951633453369e-01
-4.483739137649536133e-01
-4.485201537609100342e-01
-4.481096863746643066e-01
-4.512275457382202148e-01
-4.512772560119628906e-01
-4.482340514659881592e-01
-4.499905705451965332e-01
-4.521853625774383545e-01
-4.497543275356292725e-01
-4.492146670818328857e-01
-4.508642554283142090e-01
-4.551860690116882324e-01
-4.472768008708953857e-01
-4.508538842201232910e-01
-4.487006962299346924e-01
-4.464216530323028564e-01
-4.466902017593383789e-01
-4.510882198810577393e-01
-4.477955102920532227e-01
-4.463243484497070312e-01
-4.482243657112121582e-01
-4.493324458599090576e-01
-4.490034282207489014e-01
-4.492853283882141113e-01
-4.473543167114257812e-01
-4.504165947437286377e-01
-4.528883993625640869e-01
-4.509027004241943359e-01
-4.500775635242462158e-01
-4.501248598098754883e-01
-4.519552290439605713e-01
-4.513050913810729980e-01
-4.499457478523254395e-01
-4.494717419147491455e-01
-4.476933479309082031e-01
-4.483948349952697754e-01
-4.495583772659301758e-01
-4.491814374923706055e-01
-4.495377838611602783e-01
-4.481928050518035889e-01
-4.509425163269042969e-01
-4.505930542945861816e-01
-4.481777250766754150e-01
-4.522849023342132568e-01
-4.511702060699462891e-01
-4.525515139102935791e-01
-4.493973255157470703e-01
-4.513940513134002686e-01
-4.522525072097778320e-01
-4.501426815986633301e-01
-4.466635882854461670e-01
-4.499442577362060547e-01
-4.479428231716156006e-01
-4.495742917060852051e-01
-4.515982568264007568e-01
-4.505344629287719727e-01
-4.480744004249572754e-01
-4.482341408729553223e-01
-4.461836516857147217e-01
-4.489967525005340576e-01
-4.492656290531158447e-01
-4.487071633338928223e-01
-4.512774348258972168e-01
-4.487919211387634277e-01
-4.478573203086853027e-01
-4.482245445251464844e-01
-4.494795203208923340e-01
-4.504165053367614746e-01
-4.493899047374725342e-01
-4.494056403636932373e-01
-4.492217898368835449e-01
-4.481579065322875977e-01
-4.492301642894744873e-01
-4.479176104068756104e-01
-4.498990774154663086e-01
-4.482986927032470703e-01
-4.494884014129638672e-01
-4.482787251472473145e-01
-4.464188516139984131e-01
-4.476986229419708252e-01
-4.487148523330688477e-01
-4.504735171794891357e-01
-4.470663368701934814e-01
-4.471840262413024902e-01
-4.506819546222686768e-01
-4.503439366817474365e-01
-4.494663178920745850e-01
-4.490618109703063965e-01
-4.480068981647491455e-01
-4.501715302467346191e-01
-4.504279196262359619e-01
-4.523912668228149414e-01
-4.502561390399932861e-01
-4.496848583221435547e-01
-4.502228796482086182e-01
-4.513276815414428711e-01
-4.484863877296447754e-01
-4.477503597736358643e-01
-4.459827244281768799e-01
-4.498478472232818604e-01
-4.488125443458557129e-01
-4.479940235614776611e-01
-4.480865299701690674e-01
-4.465487897396087646e-01
-4.479971230030059814e-01
-4.486647248268127441e-01
-4.546582102775573730e-01
-4.496965408325195312e-01
-4.508560895919799805e-01
-4.483551383018493652e-01
-4.503457546234130859e-01
-4.511558711528778076e-01
-4.503359198570251465e-01
-4.462269842624664307e-01
-4.490561485290527344e-01
-4.527075290679931641e-01
-4.524764418601989746e-01
-4.478430747985839844e-01
-4.482389390468597412e-01
-4.533462524414062500e-01
-4.518668949604034424e-01
-4.498797059059143066e-01
-4.475385248661041260e-01
-4.511481821537017822e-01
-4.521754682064056396e-01
-4.482867121696472168e-01
-4.450343549251556396e-01
-4.497173428535461426e-01
-4.489952921867370605e-01
-4.492210149765014648e-01
-4.510720372200012207e-01
-4.483517408370971680e-01
-4.514863789081573486e-01
-4.506964087486267090e-01
-4.504170119762420654e-01
-4.483551979064941406e-01
-4.492965042591094971e-01
-4.473050236701965332e-01
-4.485106766223907471e-01
-4.531278610229492188e-01
-4.493302702903747559e-01
-4.466122388839721680e-01
-4.497654139995574951e-01
-4.515137970447540283e-01
-4.516281783580780029e-01
-4.494339823722839355e-01
-4.456754028797149658e-01
-4.477973580360412598e-01
-4.535629749298095703e-01
-4.501702785491943359e-01
-4.497575759887695312e-01
-4.481934309005737305e-01
-4.502012431621551514e-01
-4.463557302951812744e-01
-4.503824412822723389e-01
-4.480221569538116455e-01
-4.478781819343566895e-01
-4.495218396186828613e-01
-4.484639465808868408e-01
-4.512210190296173096e-01
-4.486402571201324463e-01
-4.474342465400695801e-01
-4.452349841594696045e-01
-4.459307193756103516e-01
-4.488324820995330811e-01
-4.494125247001647949e-01
-4.492555558681488037e-01
-4.500339329242706299e-01
-4.512563645839691162e-01
-4.498486220836639404e-01
-4.513847827911376953e-01
-4.503576755523681641e-01
-4.459365904331207275e-01
-4.505479633808135986e-01
-4.499342143535614014e-01
-4.505280256271362305e-01
-4.471825063228607178e-01
-4.480071067810058594e-01
-4.505998194217681885e-01
-4.495070278644561768e-01
-4.510272145271301270e-01
-4.503557085990905762e-01
-4.496552646160125732e-01
-4.511289894580841064e-01
-4.514272511005401611e-01
-4.511902928352355957e-01
-4.501273036003112793e-01
-4.499110579490661621e-01
-4.499442875385284424e-01
-4.489382803440093994e-01
-4.478836059570312500e-01
-4.475629925727844238e-01
-4.484954476356506348e-01
-4.478799402713775635e-01
-4.510768651962280273e-01
-4.480077922344207764e-01
-4.482604265213012695e-01
-4.479824900627136230e-01
-4.477226436138153076e-01
-4.495602846145629883e-01
-4.474504888057708740e-01
-4.513292610645294189e-01
-4.491363465785980225e-01
-4.469322860240936279e-01
-4.528903663158416748e-01
-4.526507258415222168e-01
-4.488218426704406738e-01
-4.494470357894897461e-01
-4.506629705429077148e-01
-4.487191140651702881e-01
-4.501546025276184082e-01
-4.498490095138549805e-01
-4.481960535049438477e-01
-4.481837749481201172e-01
-4.506511986255645752e-01
-4.474351108074188232e-01
-4.492370188236236572e-01
-4.478144645690917969e-01
-4.486089646816253662e-01
-4.502799808979034424e-01
-4.509849846363067627e-01
-4.508167207241058350e-01
-4.503399431705474854e-01
-4.492757916450500488e-01
-4.487037062644958496e-01
-4.496371746063232422e-01
-4.503552317619323730e-01
-4.457071721553802490e-01
-4.477697610855102539e-01
-4.490601420402526855e-01
-4.491580128669738770e-01
-4.507037997245788574e-01
-4.489274322986602783e-01
-4.490633010864257812e-01
-4.492562413215637207e-01
-4.497079849243164062e-01
-4.501297175884246826e-01
-4.525583982467651367e-01
-4.497985839843750000e-01
-4.497511982917785645e-01
-4.483084082603454590e-01
-4.504819810390472412e-01
-4.501739740371704102e-01
-4.489568173885345459e-01
-4.498342275619506836e-01
-4.485583305358886719e-01
-4.487598538398742676e-01
-4.494502842426300049e-01
-4.538947939872741699e-01
-4.500148296356201172e-01
-4.484433233737945557e-01
-4.504590630531311035e-01
-4.448125064373016357e-01
-4.510054290294647217e-01
-4.503662884235382080e-01
-4.487317204475402832e-01
-4.484628438949584961e-01
-4.466768205165863037e-01
-4.483077824115753174e-01
-4.485943913459777832e-01
-4.484026134014129639e-01
-4.502142071723937988e-01
-4.481019377708435059e-01
-4.531344473361968994e-01
-4.500528573989868164e-01
-4.491384029388427734e-01
-4.460156857967376709e-01
-4.515051245689392090e-01
-4.490762948989868164e-01
-4.479790031909942627e-01
-4.482095837593078613e-01
-4.453566372394561768e-01
-4.491833448410034180e-01
-4.489696621894836426e-01
-4.454040527343750000e-01
-4.488095641136169434e-01
-4.499816000461578369e-01
-4.482628405094146729e-01
-4.511576890945434570e-01
-4.501400887966156006e-01
-4.500883817672729492e-01
-4.487571716308593750e-01
-4.456937313079833984e-01
-4.485468864440917969e-01
-4.509813189506530762e-01
-4.508495628833770752e-01
-4.513620734214782715e-01
-4.498000442981719971e-01
-4.493417143821716309e-01
-4.453020989894866943e-01
-4.483666419982910156e-01
-4.501185715198516846e-01
-4.499653875827789307e-01
-4.483620226383209229e-01
-4.490199685096740723e-01
-4.523636102676391602e-01
-4.504097402095794678e-01
-4.461683332920074463e-01
-4.477961957454681396e-01
-4.538915455341339111e-01
-4.536519944667816162e-01
-4.464353621006011963e-01
-4.486644268035888672e-01
-4.480097591876983643e-01
-4.520462453365325928e-01
-4.500491321086883545e-01
-4.489859640598297119e-01
-4.513564407825469971e-01
-4.487930238246917725e-01
-4.486437141895294189e-01
-4.483104646205902100e-01
-4.521283805370330811e-01
-4.530067145824432373e-01
-4.493682086467742920e-01
-4.493519365787506104e-01
-4.527525603771209717e-01
-4.496380090713500977e-01
-4.500375092029571533e-01
-4.487166702747344971e-01
-4.482173323631286621e-01
-4.500648677349090576e-01
-4.497737586498260498e-01
-4.500258564949035645e-01
-4.485449790954589844e-01
-4.497572779655456543e-01
-4.461202919483184814e-01
-4.486519098281860352e-01
-4.487268626689910889e-01
-4.469183981418609619e-01
-4.475279450416564941e-01
-4.497585594654083252e-01
-4.516170620918273926e-01
-4.491388797760009766e-01
-4.501805901527404785e-01
-4.523738920688629150e-01
-4.440286755561828613e-01
-4.492417871952056885e-01
-4.484083950519561768e-01
-4.469320774078369141e-01
-4.494493305683135986e-01
-4.494363367557525635e-01
-4.523260593414306641e-01
-4.489555060863494873e-01
-4.509059190750122070e-01
-4.467996656894683838e-01
-4.473549723625183105e-01
-4.492640495300292969e-01
-4.475151896476745605e-01
-4.467056691646575928e-01
-4.492069184780120850e-01
-4.507859051227569580e-01
-4.491800665855407715e-01
-4.484940767288208008e-01
-4.492441415786743164e-01
-4.484357833862304688e-01
-4.441898763179779053e-01
-4.450467526912689209e-01
-4.509718120098114014e-01
-4.492825865745544434e-01
-4.489813745021820068e-01
-4.486198723316192627e-01
-4.495889246463775635e-01
-4.491307139396667480e-01
-4.466204643249511719e-01
-4.503688514232635498e-01
-4.467594325542449951e-01
-4.451053440570831299e-01
-4.500287771224975586e-01
-4.459170401096343994e-01
-4.475659132003784180e-01
-4.491971433162689209e-01
-4.523722231388092041e-01
-4.515241682529449463e-01
-4.482769072055816650e-01
-4.516869485378265381e-01
-4.501727223396301270e-01
-4.484068751335144043e-01
-4.465297162532806396e-01
-4.474359452724456787e-01
-4.480723142623901367e-01
-4.482916295528411865e-01
-4.480435848236083984e-01
-4.478203654289245605e-01
-4.503846466541290283e-01
-4.490955173969268799e-01
-4.465227723121643066e-01
-4.507231414318084717e-01
-4.518702328205108643e-01
-4.476101994514465332e-01
-4.489216804504394531e-01
-4.484862685203552246e-01
-4.460211396217346191e-01
-4.475508332252502441e-01
-4.513742625713348389e-01
-4.482547640800476074e-01
-4.466736316680908203e-01
-4.485994577407836914e-01
-4.487388432025909424e-01
-4.477112889289855957e-01
-4.502857625484466553e-01
-4.474782645702362061e-01
-4.519152343273162842e-01
-4.505841135978698730e-01
-4.468725919723510742e-01
-4.467545151710510254e-01
-4.499688148498535156e-01
-4.476566910743713379e-01
-4.477750360965728760e-01
-4.478850662708282471e-01
-4.477499723434448242e-01
-4.464021027088165283e-01
-4.481460154056549072e-01
-4.465219378471374512e-01
-4.495709240436553955e-01
-4.470829367637634277e-01
-4.469960331916809082e-01
-4.506025910377502441e-01
-4.487410485744476318e-01
-4.501419663429260254e-01
-4.476622641086578369e-01
-4.464261531829833984e-01
-4.462738037109375000e-01
-4.492396414279937744e-01
-4.496792256832122803e-01
-4.498508274555206299e-01
-4.504674375057220459e-01
-4.472413361072540283e-01
-4.464404881000518799e-01
-4.470717608928680420e-01
-4.479966163635253906e-01
-4.487449228763580322e-01
-4.496212899684906006e-01
-4.469498097896575928e-01
-4.508697390556335449e-01
-4.490848481655120850e-01
-4.476573467254638672e-01
-4.517217874526977539e-01
-4.495246112346649170e-01
-4.472559690475463867e-01
-4.475955665111541748e-01
-4.524368941783905029e-01
-4.485452771186828613e-01
-4.494842290878295898e-01
-4.492987692356109619e-01
-4.496314823627471924e-01
-4.500527381896972656e-01
-4.472570717334747314e-01
-4.467821717262268066e-01
-4.476965963840484619e-01
-4.499522149562835693e-01
-4.520431756973266602e-01
-4.479347467422485352e-01
-4.471447169780731201e-01
-4.503004252910614014e-01
-4.495590329170227051e-01
-4.515187144279479980e-01
-4.510811865329742432e-01
-4.487537145614624023e-01
-4.525946676731109619e-01
-4.505839943885803223e-01
-4.480544328689575195e-01
-4.466061592102050781e-01
-4.492167234420776367e-01
-4.488562047481536865e-01
-4.490597546100616455e-01
-4.491782188415527344e-01
-4.460762441158294678e-01
-4.452548623085021973e-01
-4.487505853176116943e-01
-4.506534337997436523e-01
-4.514479041099548340e-01
-4.504042267799377441e-01
-4.502963125705718994e-01
-4.477931559085845947e-01
-4.490923881530761719e-01
-4.537586569786071777e-01
-4.481599032878875732e-01
-4.476493597030639648e-01
-4.472616612911224365e-01
-4.479369223117828369e-01
-4.515557885169982910e-01
-4.535657465457916260e-01
-4.513512849807739258e-01
-4.493553340435028076e-01
-4.512227773666381836e-01
-4.478023946285247803e-01
-4.487909376621246338e-01
-4.485073387622833252e-01
-4.460501074790954590e-01
-4.464592933654785156e-01
-4.489704966545104980e-01
-4.484733939170837402e-01
-4.464500844478607178e-01
-4.524916112422943115e-01
-4.492030739784240723e-01
-4.499855637550354004e-01
-4.487672150135040283e-01
-4.502604305744171143e-01
-4.491358101367950439e-01
-4.515833258628845215e-01
-4.481890499591827393e-01
-4.472059309482574463e-01
-4.504061341285705566e-01
-4.496812224388122559e-01
-4.503058195114135742e-01
-4.505912363529205322e-01
-4.446721971035003662e-01
-4.471254050731658936e-01
-4.495595991611480713e-01
-4.473558664321899414e-01
-4.450274109840393066e-01
-4.475584924221038818e-01
-4.482463598251342773e-01
-4.467346072196960449e-01
-4.490884542465209961e-01
-4.503216743469238281e-01
-4.489177167415618896e-01
-4.494343400001525879e-01
-4.479018449783325195e-01
-4.469935595989227295e-01
-4.501537382602691650e-01
-4.473270177841186523e-01
-4.465043842792510986e-01
-4.477722942829132080e-01
-4.499074220657348633e-01
-4.518029987812042236e-01
-4.506172239780426025e-01
-4.501850605010986328e-01
-4.482635259628295898e-01
-4.502051174640655518e-01
-4.484721720218658447e-01
-4.502240419387817383e-01
-4.478605985641479492e-01
-4.447643458843231201e-01
-4.502455890178680420e-01
-4.504959583282470703e-01
-4.465747773647308350e-01
-4.486320614814758301e-01
-4.479068517684936523e-01
-4.507503807544708252e-01
-4.509464800357818604e-01
-4.478916525840759277e-01
-4.484742879867553711e-01
-4.481838047504425049e-01
-4.472489058971405029e-01
-4.461755752563476562e-01
-4.485754668712615967e-01
-4.461990892887115479e-01
-4.492295980453491211e-01
-4.484347403049468994e-01
-4.509702026844024658e-01
-4.497681856155395508e-01
-4.514790773391723633e-01
-4.497479200363159180e-01
-4.491323232650756836e-01
-4.489973783493041992e-01
-4.509402811527252197e-01
-4.513687193393707275e-01
-4.491539895534515381e-01
-4.461366534233093262e-01
-4.443598091602325439e-01
-4.490416944026947021e-01
-4.492264986038208008e-01
-4.458905160427093506e-01
-4.502735733985900879e-01
-4.501584172248840332e-01
-4.458148479461669922e-01
-4.494789242744445801e-01
-4.476845264434814453e-01
-4.493497014045715332e-01
-4.457532167434692383e-01
-4.494541287422180176e-01
-4.489687383174896240e-01
-4.455483555793762207e-01
-4.476641714572906494e-01
-4.433693885803222656e-01
-4.505895376205444336e-01
-4.487680494785308838e-01
