-1.624282300472259521e-01
-2.919432520866394043e-01
-3.755384385585784912e-01
-3.871977031230926514e-01
-3.997065722942352295e-01
-4.013591408729553223e-01
-4.090452492237091064e-01
-4.070196747779846191e-01
-4.171729981899261475e-01
-4.290325343608856201e-01
-4.178774952888488770e-01
-4.213218986988067627e-01
-4.217379391193389893e-01
-4.238555729389190674e-01
-4.241681993007659912e-01
-4.301892220973968506e-01
-4.269310235977172852e-01
-4.351415932178497314e-01
-4.356508255004882812e-01
-4.406256079673767090e-01
-4.423276782035827637e-01
-4.435476660728454590e-01
-4.427198767662048340e-01
-4.419268369674682617e-01
-4.462423026561737061e-01
-4.498786628246307373e-01
-4.460328221321105957e-01
-4.481574892997741699e-01
-4.504280388355255127e-01
-4.478009939193725586e-01
-4.480690956115722656e-01
-4.494443535804748535e-01
-4.489113688468933105e-01
-4.507365822792053223e-01
-4.490913152694702148e-01
-4.507380425930023193e-01
-4.480004906654357910e-01
-4.480062127113342285e-01
-4.508044719696044922e-01
-4.493874013423919678e-01
-4.479616284370422363e-01
-4.505890309810638428e-01
-4.505773484706878662e-01
-4.493377804756164551e-01
-4.509046971797943115e-01
-4.512853920459747314e-01
-4.552729725837707520e-01
-4.499423205852508545e-01
-4.493363499641418457e-01
-4.501633942127227783e-01
-4.504992365837097168e-01
-4.509579539299011230e-01
-4.502738118171691895e-01
-4.521008431911468506e-01
-4.507302343845367432e-01
-4.518359601497650146e-01
-4.516670405864715576e-01
-4.524612128734588623e-01
-4.511094987392425537e-01
-4.516840875148773193e-01
-4.513180553913116455e-01
-4.523297846317291260e-01
-4.500619471073150635e-01
-4.516088366508483887e-01
-4.516579806804656982e-01
-4.507087171077728271e-01
-4.513277709484100342e-01
-4.514122307300567627e-01
-4.512351155281066895e-01
-4.516195952892303467e-01
-4.516051113605499268e-01
-4.497005045413970947e-01
-4.528127014636993408e-01
-4.524681270122528076e-01
-4.529736936092376709e-01
-4.516361057758331299e-01
-4.529213607311248779e-01
-4.516072869300842285e-01
-4.510637223720550537e-01
-4.508906006813049316e-01
-4.521134495735168457e-01
-4.515549540519714355e-01
-4.506406188011169434e-01
-4.516299068927764893e-01
-4.510690271854400635e-01
-4.520219564437866211e-01
-4.528641998767852783e-01
-4.513087570667266846e-01
-4.518289268016815186e-01
-4.507882297039031982e-01
-4.532983005046844482e-01
-4.511173069477081299e-01
-4.510108232498168945e-01
-4.533342421054840088e-01
-4.522694647312164307e-01
-4.517082273960113525e-01
-4.506967067718505859e-01
-4.535501301288604736e-01
-4.527600109577178955e-01
-4.516995847225189209e-01
-4.540792107582092285e-01
-4.517340362071990967e-01
-4.509203135967254639e-01
-4.523755013942718506e-01
-4.510813057422637939e-01
-4.505740106105804443e-01
-4.522159993648529053e-01
-4.509720206260681152e-01
-4.519197046756744385e-01
-4.515573978424072266e-01
-4.526023566722869873e-01
-4.531174898147583008e-01
-4.499961137771606445e-01
-4.508842229843139648e-01
-4.514933526515960693e-01
-4.513901472091674805e-01
-4.521225094795227051e-01
-4.521945714950561523e-01
-4.519619643688201904e-01
-4.519993960857391357e-01
-4.514423310756683350e-01
-4.507290720939636230e-01
-4.512235820293426514e-01
-4.520335197448730469e-01
-4.525448381900787354e-01
-4.516133069992065430e-01
-4.524464011192321777e-01
-4.518405795097351074e-01
-4.550015926361083984e-01
-4.515523612499237061e-01
-4.514602720737457275e-01
-4.512788355350494385e-01
-4.518450796604156494e-01
-4.528976380825042725e-01
-4.511285424232482910e-01
-4.523716568946838379e-01
-4.536602497100830078e-01
-4.533970355987548828e-01
-4.513518810272216797e-01
-4.524501264095306396e-01
-4.514836370944976807e-01
-4.515659809112548828e-01
-4.512769281864166260e-01
-4.526674747467041016e-01
-4.520409107208251953e-01
-4.522762894630432129e-01
-4.515121281147003174e-01
-4.528818428516387939e-01
-4.518977105617523193e-01
-4.543343484401702881e-01
-4.526053965091705322e-01
-4.517170190811157227e-01
-4.511844515800476074e-01
-4.513927698135375977e-01
-4.523613452911376953e-01
-4.513534009456634521e-01
-4.510973989963531494e-01
-4.518876969814300537e-01
-4.514179825782775879e-01
-4.514900147914886475e-01
-4.517374336719512939e-01
-4.515484571456909180e-01
-4.514198005199432373e-01
-4.525753259658813477e-01
-4.521711468696594238e-01
-4.534773528575897217e-01
-4.502771496772766113e-01
-4.525485038757324219e-01
-4.523705244064331055e-01
-4.531438350677490234e-01
-4.522357285022735596e-01
-4.526875019073486328e-01
-4.526336789131164551e-01
-4.512431621551513672e-01
-4.540496170520782471e-01
-4.522446691989898682e-01
-4.526442587375640869e-01
-4.508672952651977539e-01
-4.517641365528106689e-01
-4.528612792491912842e-01
-4.507849216461181641e-01
-4.526422321796417236e-01
-4.503519535064697266e-01
-4.517725110054016113e-01
-4.538047909736633301e-01
-4.518868327140808105e-01
-4.524005055427551270e-01
-4.514136612415313721e-01
-4.527645409107208252e-01
-4.529366195201873779e-01
-4.527580440044403076e-01
-4.520997703075408936e-01
-4.523450732231140137e-01
-4.512263536453247070e-01
-4.520774483680725098e-01
-4.520862102508544922e-01
-4.520681202411651611e-01
-4.512677192687988281e-01
-4.518514275550842285e-01
-4.514485895633697510e-01
-4.535546600818634033e-01
-4.519439041614532471e-01
-4.519770741462707520e-01
-4.529356062412261963e-01
-4.525609016418457031e-01
-4.513248801231384277e-01
-4.531670510768890381e-01
-4.519084095954895020e-01
-4.520214796066284180e-01
-4.519874751567840576e-01
-4.517492055892944336e-01
-4.517034292221069336e-01
-4.525845944881439209e-01
-4.521971344947814941e-01
-4.536312520503997803e-01
-4.523343145847320557e-01
-4.525603652000427246e-01
-4.522374272346496582e-01
-4.515925645828247070e-01
-4.519083201885223389e-01
-4.517670869827270508e-01
-4.519116878509521484e-01
-4.516496658325195312e-01
-4.527013003826141357e-01
-4.518941044807434082e-01
-4.522143602371215820e-01
-4.514957666397094727e-01
-4.521543681621551514e-01
-4.528317749500274658e-01
-4.520971477031707764e-01
-4.526716470718383789e-01
-4.520680010318756104e-01
-4.530609846115112305e-01
-4.526409208774566650e-01
-4.523160159587860107e-01
-4.527328610420227051e-01
-4.529880583286285400e-01
-4.516080915927886963e-01
-4.531723558902740479e-01
-4.536579549312591553e-01
-4.527246057987213135e-01
-4.530430436134338379e-01
-4.516648054122924805e-01
-4.518140852451324463e-01
-4.522322118282318115e-01
-4.509110152721405029e-01
-4.529721140861511230e-01
-4.529248178005218506e-01
-4.535475075244903564e-01
-4.530683457851409912e-01
-4.523269236087799072e-01
-4.523363113403320312e-01
-4.522147774696350098e-01
-4.519362151622772217e-01
-4.533227682113647461e-01
-4.523598551750183105e-01
-4.525401592254638672e-01
-4.524675607681274414e-01
-4.532230794429779053e-01
-4.522023200988769531e-01
-4.515768289566040039e-01
-4.534930884838104248e-01
-4.524056911468505859e-01
-4.525221586227416992e-01
-4.523251354694366455e-01
-4.516128003597259521e-01
-4.522468745708465576e-01
-4.522080719470977783e-01
-4.525652229785919189e-01
-4.531470835208892822e-01
-4.519063830375671387e-01
-4.517572820186614990e-01
-4.523912370204925537e-01
-4.533275663852691650e-01
-4.524443745613098145e-01
-4.530180096626281738e-01
-4.523653984069824219e-01
-4.529701769351959229e-01
-4.527669548988342285e-01
-4.557373523712158203e-01
-4.515948593616485596e-01
-4.527212083339691162e-01
-4.527775645256042480e-01
-4.535675048828125000e-01
-4.531097710132598877e-01
-4.515294134616851807e-01
-4.516232311725616455e-01
-4.534105360507965088e-01
-4.529155194759368896e-01
-4.516351819038391113e-01
-4.525176882743835449e-01
-4.546259045600891113e-01
-4.520737230777740479e-01
-4.524022042751312256e-01
-4.517943263053894043e-01
-4.516259133815765381e-01
-4.521645009517669678e-01
-4.524456262588500977e-01
-4.522908031940460205e-01
-4.525538980960845947e-01
-4.532902240753173828e-01
-4.532407820224761963e-01
-4.525865614414215088e-01
-4.521797001361846924e-01
-4.522551894187927246e-01
-4.517821669578552246e-01
-4.521521627902984619e-01
-4.524437189102172852e-01
-4.533748030662536621e-01
-4.517142474651336670e-01
-4.528317451477050781e-01
-4.537968933582305908e-01
-4.520748257637023926e-01
-4.526378214359283447e-01
-4.524435400962829590e-01
-4.533235132694244385e-01
-4.535906910896301270e-01
-4.519544541835784912e-01
-4.520438611507415771e-01
-4.518744349479675293e-01
-4.522303938865661621e-01
-4.525596499443054199e-01
-4.537955820560455322e-01
-4.521593153476715088e-01
-4.523487687110900879e-01
-4.518862962722778320e-01
-4.524955749511718750e-01
-4.533665180206298828e-01
-4.517698884010314941e-01
-4.525035321712493896e-01
-4.527232646942138672e-01
-4.510186910629272461e-01
-4.523672461509704590e-01
-4.519492387771606445e-01
-4.524920582771301270e-01
-4.517130553722381592e-01
-4.522121548652648926e-01
-4.524158239364624023e-01
-4.523497521877288818e-01
-4.524224102497100830e-01
-4.525398015975952148e-01
-4.530203640460968018e-01
-4.514467716217041016e-01
-4.530827403068542480e-01
-4.526083767414093018e-01
-4.523577988147735596e-01
-4.516495466232299805e-01
-4.528901278972625732e-01
-4.534935355186462402e-01
-4.514253735542297363e-01
-4.516632556915283203e-01
-4.527041316032409668e-01
-4.532806277275085449e-01
-4.535013437271118164e-01
-4.520330727100372314e-01
-4.529173374176025391e-01
-4.519678056240081787e-01
-4.520883262157440186e-01
-4.533101320266723633e-01
-4.528144896030426025e-01
-4.526121914386749268e-01
-4.526660740375518799e-01
-4.528094828128814697e-01
-4.524299502372741699e-01
-4.520030021667480469e-01
-4.522126317024230957e-01
-4.529944062232971191e-01
-4.534484744071960449e-01
-4.535548090934753418e-01
-4.541248381137847900e-01
-4.526784420013427734e-01
-4.525718688964843750e-01
-4.526299536228179932e-01
-4.527020454406738281e-01
-4.524526000022888184e-01
-4.539745450019836426e-01
-4.524786472320556641e-01
-4.520541429519653320e-01
-4.534987211227416992e-01
-4.530054926872253418e-01
-4.523091912269592285e-01
-4.523292183876037598e-01
-4.530316889286041260e-01
-4.516421258449554443e-01
-4.526176452636718750e-01
-4.533207714557647705e-01
-4.518237411975860596e-01
-4.532854855060577393e-01
-4.523206055164337158e-01
-4.533833563327789307e-01
-4.519850611686706543e-01
-4.522534012794494629e-01
-4.525693953037261963e-01
-4.523230493068695068e-01
-4.539706408977508545e-01
-4.526066780090332031e-01
-4.526022970676422119e-01
-4.531715810298919678e-01
-4.522086679935455322e-01
-4.526514708995819092e-01
-4.523839950561523438e-01
-4.531714618206024170e-01
-4.530489146709442139e-01
-4.529445171356201172e-01
-4.538176357746124268e-01
-4.522506594657897949e-01
-4.519400596618652344e-01
-4.525899589061737061e-01
-4.525304436683654785e-01
-4.510180056095123291e-01
-4.524601995944976807e-01
-4.533693790435791016e-01
-4.529668390750885010e-01
-4.517196416854858398e-01
-4.531137645244598389e-01
-4.536710083484649658e-01
-4.521354138851165771e-01
-4.517998099327087402e-01
-4.525595605373382568e-01
-4.525772333145141602e-01
-4.524610042572021484e-01
-4.530621469020843506e-01
-4.522378146648406982e-01
-4.526596963405609131e-01
-4.517387151718139648e-01
-4.542581737041473389e-01
-4.530816674232482910e-01
-4.520638585090637207e-01
-4.531736969947814941e-01
-4.522289931774139404e-01
-4.533446133136749268e-01
-4.525056779384613037e-01
-4.532069563865661621e-01
-4.537758827209472656e-01
-4.523240327835083008e-01
-4.524016380310058594e-01
-4.533479511737823486e-01
-4.542845785617828369e-01
-4.520969092845916748e-01
-4.525822103023529053e-01
-4.530552923679351807e-01
-4.531041383743286133e-01
-4.523658752441406250e-01
-4.538604617118835449e-01
-4.518243372440338135e-01
-4.519650042057037354e-01
-4.529824852943420410e-01
-4.523380398750305176e-01
-4.533615708351135254e-01
-4.525376856327056885e-01
-4.532214999198913574e-01
-4.541773200035095215e-01
-4.523430168628692627e-01
-4.543829858303070068e-01
-4.533057808876037598e-01
-4.530104100704193115e-01
-4.522058963775634766e-01
-4.527077078819274902e-01
-4.550864994525909424e-01
-4.520404040813446045e-01
-4.531343281269073486e-01
-4.525873661041259766e-01
-4.531652033329010010e-01
-4.517991244792938232e-01
-4.533610343933105469e-01
-4.523674249649047852e-01
-4.529077708721160889e-01
-4.536288678646087646e-01
-4.520151615142822266e-01
-4.521762728691101074e-01
-4.524042606353759766e-01
-4.532450437545776367e-01
-4.523568749427795410e-01
-4.529012739658355713e-01
-4.522531628608703613e-01
-4.527581930160522461e-01
-4.525494873523712158e-01
-4.526715576648712158e-01
-4.524633884429931641e-01
-4.527655839920043945e-01
-4.522053897380828857e-01
-4.519940912723541260e-01
-4.532744288444519043e-01
-4.532656073570251465e-01
-4.533696174621582031e-01
-4.530762434005737305e-01
-4.520121514797210693e-01
-4.526004195213317871e-01
-4.524122178554534912e-01
-4.526636898517608643e-01
-4.530611634254455566e-01
-4.523723721504211426e-01
-4.530358016490936279e-01
-4.531139731407165527e-01
-4.550051987171173096e-01
-4.521574676036834717e-01
-4.513013958930969238e-01
-4.520447552204132080e-01
-4.533746242523193359e-01
-4.531013071537017822e-01
-4.530720710754394531e-01
-4.523539841175079346e-01
-4.525918662548065186e-01
-4.522381424903869629e-01
-4.531800150871276855e-01
-4.540163576602935791e-01
-4.519043564796447754e-01
-4.527053534984588623e-01
-4.540161788463592529e-01
-4.523735940456390381e-01
-4.534249007701873779e-01
-4.528186619281768799e-01
-4.528070688247680664e-01
-4.532713294029235840e-01
-4.534964561462402344e-01
-4.531311690807342529e-01
-4.523907005786895752e-01
-4.520070254802703857e-01
-4.530155658721923828e-01
-4.521245062351226807e-01
-4.525583982467651367e-01
-4.530268311500549316e-01
-4.524826705455780029e-01
-4.527528285980224609e-01
-4.535692334175109863e-01
-4.527024626731872559e-01
-4.516796171665191650e-01
-4.526555836200714111e-01
-4.520455598831176758e-01
-4.527181982994079590e-01
-4.536188840866088867e-01
-4.520186781883239746e-01
-4.525738358497619629e-01
-4.522256553173065186e-01
-4.529953598976135254e-01
-4.517785310745239258e-01
-4.534141421318054199e-01
-4.529796242713928223e-01
-4.521511197090148926e-01
-4.520027935504913330e-01
-4.529613852500915527e-01
-4.522593319416046143e-01
-4.526756107807159424e-01
-4.534540474414825439e-01
-4.521277546882629395e-01
-4.528351426124572754e-01
-4.525628685951232910e-01
-4.526682496070861816e-01
-4.517533183097839355e-01
-4.527502954006195068e-01
-4.528434574604034424e-01
-4.531982243061065674e-01
-4.530872106552124023e-01
-4.528583586215972900e-01
-4.537525475025177002e-01
-4.535383284091949463e-01
-4.536379873752593994e-01
-4.528997838497161865e-01
-4.523542523384094238e-01
-4.529479444026947021e-01
-4.522023499011993408e-01
-4.521002769470214844e-01
-4.532775282859802246e-01
-4.517390727996826172e-01
-4.521155953407287598e-01
-4.519781470298767090e-01
-4.526430368423461914e-01
-4.534224867820739746e-01
-4.529857933521270752e-01
-4.531261622905731201e-01
-4.528241455554962158e-01
-4.515292048454284668e-01
-4.530949592590332031e-01
-4.527887105941772461e-01
-4.532806873321533203e-01
-4.520237147808074951e-01
-4.525482654571533203e-01
-4.523177444934844971e-01
-4.518157839775085449e-01
-4.530986845493316650e-01
-4.528031647205352783e-01
-4.527198672294616699e-01
-4.530847072601318359e-01
-4.535534679889678955e-01
-4.521604478359222412e-01
-4.531667232513427734e-01
-4.531210660934448242e-01
-4.530520141124725342e-01
-4.522434175014495850e-01
-4.523863494396209717e-01
-4.529486596584320068e-01
-4.520373046398162842e-01
-4.529122412204742432e-01
-4.527573287487030029e-01
-4.528368413448333740e-01
-4.529978632926940918e-01
-4.516800045967102051e-01
-4.531480073928833008e-01
-4.529375731945037842e-01
-4.519357681274414062e-01
-4.533458948135375977e-01
-4.537564516067504883e-01
-4.524895548820495605e-01
-4.530711770057678223e-01
-4.531667232513427734e-01
-4.524945914745330811e-01
-4.521066546440124512e-01
-4.529681503772735596e-01
-4.522248506546020508e-01
-4.530648291110992432e-01
-4.523830711841583252e-01
-4.528943002223968506e-01
-4.539292454719543457e-01
-4.517222642898559570e-01
-4.518325328826904297e-01
-4.538195729255676270e-01
-4.536449611186981201e-01
-4.533805549144744873e-01
-4.524382054805755615e-01
-4.524013698101043701e-01
-4.521677792072296143e-01
-4.531402587890625000e-01
-4.529522657394409180e-01
-4.529338479042053223e-01
-4.524998664855957031e-01
-4.533060789108276367e-01
-4.526656866073608398e-01
-4.533096253871917725e-01
-4.520762562751770020e-01
-4.536288976669311523e-01
-4.523519575595855713e-01
-4.535039663314819336e-01
-4.528086483478546143e-01
-4.529776573181152344e-01
-4.519660770893096924e-01
-4.521136581897735596e-01
-4.535452127456665039e-01
-4.537055790424346924e-01
-4.533241391181945801e-01
-4.534017741680145264e-01
-4.527485370635986328e-01
-4.522716999053955078e-01
-4.530677497386932373e-01
-4.526396095752716064e-01
-4.529329240322113037e-01
-4.529719352722167969e-01
-4.527328610420227051e-01
-4.533349573612213135e-01
-4.532969295978546143e-01
-4.529447853565216064e-01
-4.521455764770507812e-01
-4.533566236495971680e-01
-4.525558650493621826e-01
-4.532912075519561768e-01
-4.526849985122680664e-01
-4.521335959434509277e-01
-4.523679912090301514e-01
-4.529513418674468994e-01
-4.522396922111511230e-01
-4.525774121284484863e-01
-4.533367455005645752e-01
-4.524839520454406738e-01
-4.529851675033569336e-01
-4.537188112735748291e-01
-4.527103900909423828e-01
-4.531104564666748047e-01
-4.544099867343902588e-01
-4.531018733978271484e-01
-4.534749388694763184e-01
-4.527113735675811768e-01
-4.533455073833465576e-01
-4.526069462299346924e-01
-4.526899158954620361e-01
-4.535175263881683350e-01
-4.527018368244171143e-01
-4.532808363437652588e-01
-4.529650509357452393e-01
-4.530825912952423096e-01
-4.524127244949340820e-01
-4.523636400699615479e-01
-4.518914520740509033e-01
-4.522756934165954590e-01
-4.530310034751892090e-01
-4.533932507038116455e-01
-4.526571631431579590e-01
-4.528949260711669922e-01
-4.526721835136413574e-01
-4.516974687576293945e-01
-4.524318277835845947e-01
-4.526427984237670898e-01
-4.518443048000335693e-01
-4.532398581504821777e-01
-4.530565440654754639e-01
-4.536586999893188477e-01
-4.534101188182830811e-01
-4.519635140895843506e-01
-4.526112079620361328e-01
-4.526756703853607178e-01
-4.522076547145843506e-01
-4.512842893600463867e-01
-4.528790414333343506e-01
-4.539750218391418457e-01
-4.528090357780456543e-01
-4.529515504837036133e-01
-4.518555998802185059e-01
-4.521666765213012695e-01
-4.526335000991821289e-01
-4.518347680568695068e-01
-4.525833129882812500e-01
-4.526923298835754395e-01
-4.530639052391052246e-01
-4.517281055450439453e-01
-4.521593153476715088e-01
-4.521496891975402832e-01
-4.527713060379028320e-01
-4.518380761146545410e-01
-4.529293477535247803e-01
-4.531446397304534912e-01
-4.534009993076324463e-01
-4.532098770141601562e-01
-4.523251652717590332e-01
-4.523335695266723633e-01
-4.529403150081634521e-01
-4.525452852249145508e-01
-4.526809751987457275e-01
-4.540192782878875732e-01
-4.530577957630157471e-01
-4.523880183696746826e-01
-4.515754878520965576e-01
-4.527027010917663574e-01
-4.520831704139709473e-01
-4.525660872459411621e-01
-4.526721239089965820e-01
-4.530994594097137451e-01
-4.524541199207305908e-01
-4.518519341945648193e-01
-4.527071416378021240e-01
-4.532145559787750244e-01
-4.533094763755798340e-01
-4.520345032215118408e-01
-4.529007673263549805e-01
-4.536526203155517578e-01
-4.525170922279357910e-01
-4.532259106636047363e-01
-4.529277086257934570e-01
-4.523992240428924561e-01
-4.524707496166229248e-01
-4.513359665870666504e-01
-4.528574645519256592e-01
-4.531957507133483887e-01
-4.524105191230773926e-01
-4.522755146026611328e-01
-4.528795182704925537e-01
-4.520491957664489746e-01
-4.524684548377990723e-01
-4.524908661842346191e-01
-4.531919956207275391e-01
-4.520839750766754150e-01
-4.523624181747436523e-01
-4.522642195224761963e-01
-4.525484740734100342e-01
-4.520835578441619873e-01
-4.525891542434692383e-01
-4.524874389171600342e-01
-4.543281197547912598e-01
-4.526495337486267090e-01
-4.523697197437286377e-01
-4.529169797897338867e-01
-4.528611898422241211e-01
-4.519290030002593994e-01
-4.526484310626983643e-01
-4.526569843292236328e-01
-4.523718655109405518e-01
-4.520376920700073242e-01
-4.533550739288330078e-01
-4.524663686752319336e-01
-4.523201286792755127e-01
-4.531939029693603516e-01
-4.524775743484497070e-01
-4.522750675678253174e-01
-4.525126218795776367e-01
-4.524463117122650146e-01
-4.520585238933563232e-01
-4.530445635318756104e-01
-4.519924819469451904e-01
-4.516828656196594238e-01
-4.529239535331726074e-01
-4.533487558364868164e-01
-4.527699351310729980e-01
-4.519770443439483643e-01
-4.527128636837005615e-01
-4.522176980972290039e-01
-4.531061053276062012e-01
-4.529935419559478760e-01
-4.519523084163665771e-01
-4.520003199577331543e-01
-4.534032940864562988e-01
-4.530005455017089844e-01
-4.538832306861877441e-01
-4.526023864746093750e-01
-4.524104595184326172e-01
-4.530026316642761230e-01
-4.524926245212554932e-01
-4.523591995239257812e-01
-4.533093571662902832e-01
-4.534498453140258789e-01
-4.526701569557189941e-01
-4.529582262039184570e-01
-4.522565305233001709e-01
-4.530076980590820312e-01
-4.538952112197875977e-01
-4.526949822902679443e-01
-4.524104893207550049e-01
-4.526141881942749023e-01
-4.523148834705352783e-01
-4.529719948768615723e-01
-4.519102275371551514e-01
-4.523844718933105469e-01
-4.519924819469451904e-01
-4.523793458938598633e-01
-4.525807201862335205e-01
-4.520269334316253662e-01
-4.523603022098541260e-01
-4.523952901363372803e-01
-4.516602158546447754e-01
-4.520982503890991211e-01
-4.515686035156250000e-01
-4.523065686225891113e-01
-4.532747864723205566e-01
-4.524682164192199707e-01
-4.509893059730529785e-01
-4.527661800384521484e-01
-4.503411352634429932e-01
-4.531573355197906494e-01
-4.532145559787750244e-01
-4.525696933269500732e-01
-4.530674219131469727e-01
-4.518930613994598389e-01
-4.529202282428741455e-01
-4.521357715129852295e-01
-4.524041116237640381e-01
-4.522826969623565674e-01
-4.527509212493896484e-01
-4.532704949378967285e-01
-4.525883793830871582e-01
-4.526807367801666260e-01
-4.531774818897247314e-01
-4.524871110916137695e-01
-4.524508714675903320e-01
-4.526193141937255859e-01
-4.534121155738830566e-01
-4.532973766326904297e-01
-4.532653391361236572e-01
-4.526028931140899658e-01
-4.525917172431945801e-01
-4.538765847682952881e-01
-4.527209103107452393e-01
-4.532025456428527832e-01
-4.538814723491668701e-01
-4.531346559524536133e-01
-4.519136250019073486e-01
-4.523057937622070312e-01
-4.542861878871917725e-01
-4.532260298728942871e-01
-4.538440406322479248e-01
-4.526410996913909912e-01
-4.528007209300994873e-01
-4.526480138301849365e-01
-4.534189105033874512e-01
-4.520136117935180664e-01
-4.527866840362548828e-01
-4.531738758087158203e-01
-4.525473117828369141e-01
-4.527111649513244629e-01
-4.518419504165649414e-01
-4.525578320026397705e-01
-4.522097110748291016e-01
-4.529707133769989014e-01
-4.520256221294403076e-01
-4.514660835266113281e-01
-4.514128565788269043e-01
-4.525324106216430664e-01
-4.533522129058837891e-01
-4.523881673812866211e-01
-4.530734419822692871e-01
-4.533608555793762207e-01
-4.522321224212646484e-01
-4.529774785041809082e-01
-4.529043436050415039e-01
-4.526060223579406738e-01
-4.530817270278930664e-01
-4.522612988948822021e-01
-4.536077976226806641e-01
-4.534890055656433105e-01
-4.524216949939727783e-01
-4.531929194927215576e-01
-4.522676467895507812e-01
-4.519886672496795654e-01
-4.518160521984100342e-01
-4.513106644153594971e-01
-4.527544379234313965e-01
-4.526123404502868652e-01
-4.518876969814300537e-01
-4.532749652862548828e-01
-4.533334970474243164e-01
-4.514031410217285156e-01
-4.524648487567901611e-01
-4.518343806266784668e-01
-4.526259303092956543e-01
-4.513795673847198486e-01
-4.509589970111846924e-01
-4.538363516330718994e-01
-4.526123702526092529e-01
-4.532285332679748535e-01
-4.516799449920654297e-01
-4.526962935924530029e-01
-4.541040658950805664e-01
-4.531737565994262695e-01
-4.532370567321777344e-01
-4.530415832996368408e-01
-4.539584219455718994e-01
-4.523490667343139648e-01
-4.526559114456176758e-01
-4.530894160270690918e-01
-4.526072442531585693e-01
-4.522537589073181152e-01
-4.531649351119995117e-01
-4.537291228771209717e-01
-4.530320763587951660e-01
-4.521931707859039307e-01
-4.530526995658874512e-01
-4.516363441944122314e-01
-4.510209262371063232e-01
-4.520224928855895996e-01
-4.525438845157623291e-01
-4.524017274379730225e-01
-4.530982971191406250e-01
-4.528504610061645508e-01
-4.521169960498809814e-01
-4.514428079128265381e-01
-4.517038166522979736e-01
-4.516312777996063232e-01
-4.526906907558441162e-01
-4.524691402912139893e-01
-4.528348147869110107e-01
-4.528601169586181641e-01
-4.518135786056518555e-01
-4.528583884239196777e-01
-4.538675248622894287e-01
-4.517418444156646729e-01
-4.537725746631622314e-01
-4.527935385704040527e-01
-4.531865715980529785e-01
-4.529781937599182129e-01
-4.530933797359466553e-01
-4.524728059768676758e-01
-4.545179605484008789e-01
-4.533050060272216797e-01
-4.522257745265960693e-01
-4.535061419010162354e-01
-4.532913267612457275e-01
-4.530478119850158691e-01
-4.528884887695312500e-01
-4.529263377189636230e-01
-4.525072574615478516e-01
-4.521055519580841064e-01
-4.531206786632537842e-01
-4.517966806888580322e-01
-4.525918662548065186e-01
-4.516956508159637451e-01
-4.530830085277557373e-01
-4.530346393585205078e-01
-4.529857933521270752e-01
-4.523755609989166260e-01
-4.532202184200286865e-01
-4.533540606498718262e-01
-4.535457491874694824e-01
-4.524904489517211914e-01
-4.531961083412170410e-01
-4.531176686286926270e-01
-4.524364173412322998e-01
-4.531011879444122314e-01
-4.508904516696929932e-01
-4.532822370529174805e-01
-4.529515504837036133e-01
-4.529359936714172363e-01
-4.523627758026123047e-01
-4.529167413711547852e-01
-4.523169398307800293e-01
-4.529378712177276611e-01
-4.526357352733612061e-01
-4.520122110843658447e-01
-4.540189206600189209e-01
-4.522602558135986328e-01
-4.534828364849090576e-01
-4.524889290332794189e-01
-4.517014026641845703e-01
-4.516316056251525879e-01
-4.525068104267120361e-01
-4.535040557384490967e-01
-4.529348015785217285e-01
-4.526857435703277588e-01
-4.522558450698852539e-01
-4.527014195919036865e-01
-4.525742530822753906e-01
-4.529296159744262695e-01
-4.520844221115112305e-01
-4.516099095344543457e-01
-4.524062573909759521e-01
-4.520667195320129395e-01
-4.526425898075103760e-01
-4.529593586921691895e-01
-4.517599344253540039e-01
-4.529533088207244873e-01
-4.530903995037078857e-01
-4.527738690376281738e-01
-4.524590969085693359e-01
-4.532529413700103760e-01
-4.525508284568786621e-01
-4.515075683593750000e-01
-4.538753032684326172e-01
-4.523341655731201172e-01
-4.527396559715270996e-01
-4.538159072399139404e-01
-4.527511000633239746e-01
-4.517838954925537109e-01
-4.534021615982055664e-01
-4.526048302650451660e-01
-4.521762132644653320e-01
-4.526558220386505127e-01
-4.530678689479827881e-01
-4.515762925148010254e-01
-4.525725841522216797e-01
-4.542197287082672119e-01
-4.523700773715972900e-01
-4.520827531814575195e-01
-4.513376951217651367e-01
-4.519267082214355469e-01
-4.520775377750396729e-01
-4.534565210342407227e-01
-4.508578181266784668e-01
-4.537895023822784424e-01
-4.524105787277221680e-01
-4.532128274440765381e-01
-4.530014097690582275e-01
-4.520455598831176758e-01
-4.526202380657196045e-01
-4.534680843353271484e-01
-4.529621005058288574e-01
-4.512049555778503418e-01
-4.525809288024902344e-01
-4.530809223651885986e-01
-4.524444043636322021e-01
-4.531881213188171387e-01
-4.530418813228607178e-01
-4.521580040454864502e-01
-4.529943168163299561e-01
-4.530534148216247559e-01
-4.526923298835754395e-01
-4.534751176834106445e-01
-4.507135152816772461e-01
-4.528392255306243896e-01
-4.512777030467987061e-01
-4.525529146194458008e-01
-4.526178836822509766e-01
-4.523648321628570557e-01
-4.526287615299224854e-01
-4.529695510864257812e-01
-4.529353082180023193e-01
-4.530318677425384521e-01
-4.536929428577423096e-01
-4.526940286159515381e-01
-4.520820379257202148e-01
-4.527179002761840820e-01
-4.523997306823730469e-01
-4.525041580200195312e-01
-4.523188471794128418e-01
-4.526570737361907959e-01
-4.519656896591186523e-01
-4.531252384185791016e-01
-4.525116086006164551e-01
-4.524550437927246094e-01
-4.529111385345458984e-01
-4.516321122646331787e-01
-4.519898593425750732e-01
-4.525496661663055420e-01
-4.536058008670806885e-01
-4.517891108989715576e-01
-4.524864852428436279e-01
-4.530189335346221924e-01
-4.522821605205535889e-01
-4.515714943408966064e-01
-4.532640278339385986e-01
-4.533865451812744141e-01
-4.534161686897277832e-01
-4.516089260578155518e-01
-4.513903558254241943e-01
-4.529388546943664551e-01
-4.522046744823455811e-01
-4.530785381793975830e-01
-4.527625143527984619e-01
-4.530421793460845947e-01
-4.512080550193786621e-01
-4.530502855777740479e-01
-4.526921212673187256e-01
-4.524893164634704590e-01
-4.531768262386322021e-01
-4.525307118892669678e-01
-4.521872997283935547e-01
-4.520398080348968506e-01
-4.509005248546600342e-01
-4.527766704559326172e-01
-4.520599842071533203e-01
-4.525171518325805664e-01
-4.513950943946838379e-01
-4.529474377632141113e-01
-4.539893865585327148e-01
-4.531172811985015869e-01
-4.518571794033050537e-01
-4.520482122898101807e-01
-4.519546031951904297e-01
-4.521658420562744141e-01
-4.528988599777221680e-01
-4.523743987083435059e-01
-4.526041746139526367e-01
-4.515943527221679688e-01
-4.522603750228881836e-01
-4.517970681190490723e-01
-4.525827765464782715e-01
-4.521891474723815918e-01
-4.523060321807861328e-01
-4.528384804725646973e-01
-4.520688652992248535e-01
-4.529082775115966797e-01
-4.523280560970306396e-01
-4.518992006778717041e-01
-4.523600339889526367e-01
-4.529074728488922119e-01
-4.513071775436401367e-01
-4.515377879142761230e-01
-4.529411494731903076e-01
-4.516155123710632324e-01
-4.525147676467895508e-01
-4.522145390510559082e-01
-4.523259103298187256e-01
-4.523495733737945557e-01
-4.530735611915588379e-01
-4.528326988220214844e-01
-4.514302313327789307e-01
-4.526771306991577148e-01
-4.531211555004119873e-01
-4.518593847751617432e-01
-4.525576829910278320e-01
-4.523716568946838379e-01
-4.521299302577972412e-01
-4.527285993099212646e-01
-4.516293704509735107e-01
-4.522436559200286865e-01
-4.525968432426452637e-01
-4.518838524818420410e-01
-4.527376890182495117e-01
-4.517019093036651611e-01
-4.522936046123504639e-01
-4.523420929908752441e-01
-4.533163905143737793e-01
-4.536348581314086914e-01
-4.521918296813964844e-01
-4.524464607238769531e-01
-4.528728425502777100e-01
-4.531839489936828613e-01
-4.532376229763031006e-01
-4.522340893745422363e-01
-4.518166482448577881e-01
-4.527146518230438232e-01
-4.533800780773162842e-01
-4.517529606819152832e-01
-4.534478187561035156e-01
-4.526423215866088867e-01
-4.531959891319274902e-01
-4.530053138732910156e-01
-4.518307149410247803e-01
-4.520705044269561768e-01
-4.514128863811492920e-01
-4.528696238994598389e-01
-4.525616765022277832e-01
-4.525006115436553955e-01
-4.523463845252990723e-01
-4.522893428802490234e-01
-4.535538852214813232e-01
-4.522904157638549805e-01
-4.512463510036468506e-01
-4.523927271366119385e-01
-4.529702961444854736e-01
-4.519475698471069336e-01
-4.531380534172058105e-01
-4.525056183338165283e-01
-4.526945054531097412e-01
-4.531120061874389648e-01
-4.517915248870849609e-01
-4.509907960891723633e-01
-4.530311822891235352e-01
-4.521858990192413330e-01
-4.525557160377502441e-01
-4.527630209922790527e-01
-4.529569149017333984e-01
-4.515329301357269287e-01
-4.525128901004791260e-01
-4.524845182895660400e-01
-4.519932270050048828e-01
-4.525812268257141113e-01
-4.526253640651702881e-01
-4.527216255664825439e-01
-4.524739384651184082e-01
-4.519335925579071045e-01
-4.530763626098632812e-01
-4.528544545173645020e-01
-4.535430669784545898e-01
-4.515525996685028076e-01
-4.523211121559143066e-01
-4.526393413543701172e-01
-4.527121782302856445e-01
-4.511348307132720947e-01
-4.523454606533050537e-01
-4.518449604511260986e-01
-4.530323445796966553e-01
-4.517457187175750732e-01
-4.523068368434906006e-01
-4.540185034275054932e-01
-4.520785510540008545e-01
-4.520896077156066895e-01
-4.535666406154632568e-01
-4.533363282680511475e-01
-4.524617195129394531e-01
-4.524700939655303955e-01
-4.520975947380065918e-01
-4.519427418708801270e-01
-4.533953964710235596e-01
-4.528483450412750244e-01
-4.522448182106018066e-01
-4.530775845050811768e-01
-4.524525105953216553e-01
-4.532101154327392578e-01
-4.524921178817749023e-01
-4.535290300846099854e-01
-4.525433480739593506e-01
-4.499702155590057373e-01
-4.520770311355590820e-01
-4.509355723857879639e-01
-4.525342285633087158e-01
-4.525763690471649170e-01
-4.527564644813537598e-01
-4.526347815990447998e-01
-4.521245956420898438e-01
-4.515874981880187988e-01
-4.519199132919311523e-01
-4.529026746749877930e-01
-4.525680243968963623e-01
-4.519487917423248291e-01
-4.515428543090820312e-01
-4.529046714305877686e-01
-4.535879492759704590e-01
-4.523548483848571777e-01
-4.525824487209320068e-01
-4.524917006492614746e-01
-4.514009952545166016e-01
-4.523243904113769531e-01
-4.520273208618164062e-01
-4.517990350723266602e-01
-4.529063403606414795e-01
-4.525983035564422607e-01
-4.534118175506591797e-01
-4.518623650074005127e-01
-4.518931806087493896e-01
-4.533019363880157471e-01
-4.515384435653686523e-01
-4.515982568264007568e-01
-4.526689052581787109e-01
-4.519740045070648193e-01
-4.530047476291656494e-01
-4.519669115543365479e-01
-4.524505734443664551e-01
-4.523012638092041016e-01
-4.516832828521728516e-01
-4.518112540245056152e-01
-4.523342251777648926e-01
-4.514147639274597168e-01
-4.511322379112243652e-01
-4.540357589721679688e-01
-4.523858428001403809e-01
-4.507705569267272949e-01
-4.535070657730102539e-01
-4.543874859809875488e-01
-4.511403143405914307e-01
-4.530551731586456299e-01
-4.519450664520263672e-01
-4.531000852584838867e-01
-4.507486522197723389e-01
-4.521786570549011230e-01
-4.521565735340118408e-01
-4.535422027111053467e-01
-4.525365233421325684e-01
-4.531811475753784180e-01
-4.529706239700317383e-01
-4.535460770130157471e-01
-4.535829424858093262e-01
-4.516874253749847412e-01
-4.517518877983093262e-01
-4.521696269512176514e-01
-4.519392251968383789e-01
-4.530235230922698975e-01
-4.529365003108978271e-01
-4.547233879566192627e-01
-4.522479176521301270e-01
-4.528146982192993164e-01
-4.526946842670440674e-01
-4.534408152103424072e-01
-4.522221088409423828e-01
-4.518308639526367188e-01
-4.520987868309020996e-01
-4.521716535091400146e-01
-4.516889750957489014e-01
-4.518880248069763184e-01
-4.526852369308471680e-01
-4.532693922519683838e-01
-4.516952931880950928e-01
-4.528785347938537598e-01
-4.519576430320739746e-01
-4.525594115257263184e-01
-4.521231949329376221e-01
-4.516392946243286133e-01
-4.524013698101043701e-01
-4.517403841018676758e-01
-4.513801336288452148e-01
-4.512523114681243896e-01
-4.526366293430328369e-01
-4.519668519496917725e-01
-4.529947042465209961e-01
-4.520549476146697998e-01
-4.532032608985900879e-01
-4.518900215625762939e-01
-4.506358504295349121e-01
-4.517322778701782227e-01
-4.516128599643707275e-01
-4.537249207496643066e-01
-4.528163075447082520e-01
-4.521933495998382568e-01
-4.517320394515991211e-01
-4.524025022983551025e-01
-4.525983035564422607e-01
-4.517413973808288574e-01
-4.517051875591278076e-01
-4.521244466304779053e-01
-4.527637064456939697e-01
-4.517789185047149658e-01
-4.519361555576324463e-01
-4.523096978664398193e-01
-4.513315558433532715e-01
-4.522348642349243164e-01
-4.517083168029785156e-01
-4.510105252265930176e-01
-4.519832134246826172e-01
-4.527665376663208008e-01
-4.526796340942382812e-01
-4.518789052963256836e-01
-4.510219097137451172e-01
-4.514111280441284180e-01
-4.532025158405303955e-01
-4.533090889453887939e-01
-4.524167776107788086e-01
-4.526169002056121826e-01
-4.523678719997406006e-01
-4.520444273948669434e-01
-4.514492750167846680e-01
-4.522005021572113037e-01
-4.526536762714385986e-01
-4.533460140228271484e-01
-4.523727893829345703e-01
-4.523244500160217285e-01
-4.532958269119262695e-01
-4.538590610027313232e-01
-4.511899948120117188e-01
-4.527642726898193359e-01
-4.530610144138336182e-01
-4.521224498748779297e-01
-4.521099030971527100e-01
-4.521388113498687744e-01
-4.517475664615631104e-01
-4.520975351333618164e-01
-4.519021809101104736e-01
-4.529391527175903320e-01
-4.518694877624511719e-01
-4.531266391277313232e-01
-4.522614181041717529e-01
-4.524052739143371582e-01
-4.540975689888000488e-01
-4.516308605670928955e-01
-4.521142542362213135e-01
-4.508794546127319336e-01
-4.528879523277282715e-01
-4.514652788639068604e-01
