1.366792917251586914e+00
4.580787718296051025e-01
-6.777385249733924866e-03
-8.239799737930297852e-02
-5.545996129512786865e-02
-3.195204585790634155e-02
-3.268271684646606445e-02
-8.313471823930740356e-02
-9.697075188159942627e-02
-8.294817805290222168e-02
-8.714168518781661987e-02
-1.258294433355331421e-01
-1.224895343184471130e-01
-1.474579423666000366e-01
-1.410343050956726074e-01
-1.643671840429306030e-01
-1.808163523674011230e-01
-1.879144906997680664e-01
-1.836852729320526123e-01
-2.058789879083633423e-01
-1.994061022996902466e-01
-2.101128548383712769e-01
-2.180475145578384399e-01
-2.165115177631378174e-01
-2.241968959569931030e-01
-2.290780991315841675e-01
-2.343641072511672974e-01
-2.389792501926422119e-01
-2.347736209630966187e-01
-2.457276433706283569e-01
-2.456365078687667847e-01
-2.501818537712097168e-01
-2.464453428983688354e-01
-2.464724332094192505e-01
-2.561246454715728760e-01
-2.658704221248626709e-01
-2.599540948867797852e-01
-2.469184845685958862e-01
-2.676637470722198486e-01
-2.556350231170654297e-01
-2.596244812011718750e-01
-2.745290100574493408e-01
-2.688073217868804932e-01
-2.644912302494049072e-01
-2.688535749912261963e-01
-2.569458484649658203e-01
-2.739660441875457764e-01
-2.699887752532958984e-01
-2.708822488784790039e-01
-2.737404108047485352e-01
-2.699051201343536377e-01
-2.729933261871337891e-01
-2.805934548377990723e-01
-2.803798913955688477e-01
-2.807672917842864990e-01
-2.737938463687896729e-01
-2.879458665847778320e-01
-2.847087681293487549e-01
-2.831375598907470703e-01
-2.787314951419830322e-01
-2.781733274459838867e-01
-2.862866818904876709e-01
-2.826233208179473877e-01
-2.790765464305877686e-01
-2.767790555953979492e-01
-2.823689579963684082e-01
-2.625897228717803955e-01
-2.760458886623382568e-01
-2.767285108566284180e-01
-2.732620835304260254e-01
-2.768303751945495605e-01
-2.839055657386779785e-01
-2.809592783451080322e-01
-2.893271446228027344e-01
-2.814557552337646484e-01
-2.837080061435699463e-01
-2.879558801651000977e-01
-2.898937463760375977e-01
-2.857374548912048340e-01
-2.924825847148895264e-01
-2.958917915821075439e-01
-2.965007722377777100e-01
-3.057686090469360352e-01
-2.887249886989593506e-01
-2.979728877544403076e-01
-2.888413965702056885e-01
-3.087213337421417236e-01
-3.041845560073852539e-01
-3.091898858547210693e-01
-2.901722788810729980e-01
-3.084090054035186768e-01
-3.152936995029449463e-01
-3.219481110572814941e-01
-3.096276819705963135e-01
-3.058022558689117432e-01
-3.045048415660858154e-01
-3.129933178424835205e-01
-3.105567395687103271e-01
-3.096554577350616455e-01
-3.164173364639282227e-01
-3.129920363426208496e-01
-3.130719661712646484e-01
-3.104591071605682373e-01
-3.126317262649536133e-01
-3.166713118553161621e-01
-3.229126334190368652e-01
-3.208031952381134033e-01
-3.245454728603363037e-01
-2.996825575828552246e-01
-3.090880215167999268e-01
-3.131748735904693604e-01
-3.126719594001770020e-01
-3.157752454280853271e-01
-3.195014595985412598e-01
-3.121574819087982178e-01
-3.044465780258178711e-01
-3.151931166648864746e-01
-3.230222165584564209e-01
-3.228974640369415283e-01
-3.233601450920104980e-01
-3.262380361557006836e-01
-3.227362334728240967e-01
-3.218635618686676025e-01
-3.249743878841400146e-01
-3.356389701366424561e-01
-3.264082372188568115e-01
-3.322355449199676514e-01
-3.308620154857635498e-01
-3.341473340988159180e-01
-3.195889890193939209e-01
-3.282805085182189941e-01
-3.337483406066894531e-01
-3.310519456863403320e-01
-3.360379040241241455e-01
-3.426282703876495361e-01
-3.425595164299011230e-01
-3.318884074687957764e-01
-3.247464001178741455e-01
-3.329411745071411133e-01
-3.408190906047821045e-01
-3.408153057098388672e-01
-3.390355706214904785e-01
-3.409374952316284180e-01
-3.431261777877807617e-01
-3.398970365524291992e-01
-3.332616984844207764e-01
-3.399046063423156738e-01
-3.436688482761383057e-01
-3.487002551555633545e-01
-3.450528085231781006e-01
-3.402695357799530029e-01
-3.454874753952026367e-01
-3.512663543224334717e-01
-3.441746830940246582e-01
-3.424822092056274414e-01
-3.499309718608856201e-01
-3.525886237621307373e-01
-3.536711931228637695e-01
-3.546683490276336670e-01
-3.542943596839904785e-01
-3.559595942497253418e-01
-3.501917719841003418e-01
-3.507595360279083252e-01
-3.531609475612640381e-01
-3.554206490516662598e-01
-3.494403064250946045e-01
-3.599179387092590332e-01
-3.540032505989074707e-01
-3.537518978118896484e-01
-3.580815494060516357e-01
-3.551050424575805664e-01
-3.585330545902252197e-01
-3.559944033622741699e-01
-3.602986931800842285e-01
-3.600598275661468506e-01
-3.560699522495269775e-01
-3.600420653820037842e-01
-3.499723374843597412e-01
-3.577142953872680664e-01
-3.526536822319030762e-01
-3.557916283607482910e-01
-3.562138378620147705e-01
-3.509400486946105957e-01
-3.540382683277130127e-01
-3.585574328899383545e-01
-3.595270514488220215e-01
-3.626474738121032715e-01
-3.705962598323822021e-01
-3.602785170078277588e-01
-3.600516617298126221e-01
-3.628409504890441895e-01
-3.590136766433715820e-01
-3.601078689098358154e-01
-3.600763976573944092e-01
-3.563570380210876465e-01
-3.540984988212585449e-01
-3.566693663597106934e-01
-3.613907694816589355e-01
-3.616610765457153320e-01
-3.554009795188903809e-01
-3.554263412952423096e-01
-3.619698286056518555e-01
-3.644711375236511230e-01
-3.566707372665405273e-01
-3.574986159801483154e-01
-3.628245294094085693e-01
-3.598884046077728271e-01
-3.580464124679565430e-01
-3.584536015987396240e-01
-3.600732386112213135e-01
-3.604684174060821533e-01
-3.632966578006744385e-01
-3.599814474582672119e-01
-3.587117791175842285e-01
-3.586922585964202881e-01
-3.580770790576934814e-01
-3.610984385013580322e-01
-3.620901405811309814e-01
-3.619504570960998535e-01
-3.654825091361999512e-01
-3.662362098693847656e-01
-3.615776300430297852e-01
-3.649266362190246582e-01
-3.636249303817749023e-01
-3.601531982421875000e-01
-3.597397506237030029e-01
-3.595412373542785645e-01
-3.610282242298126221e-01
-3.658702969551086426e-01
-3.586018979549407959e-01
-3.659646511077880859e-01
-3.596492409706115723e-01
-3.641359806060791016e-01
-3.595967292785644531e-01
-3.609079718589782715e-01
-3.588700592517852783e-01
-3.620522320270538330e-01
-3.611370325088500977e-01
-3.677825033664703369e-01
-3.659371137619018555e-01
-3.614828586578369141e-01
-3.618026673793792725e-01
-3.643072247505187988e-01
-3.649530410766601562e-01
-3.671601116657257080e-01
-3.646557927131652832e-01
-3.651067614555358887e-01
-3.679727315902709961e-01
-3.684972524642944336e-01
-3.693771362304687500e-01
-3.712292909622192383e-01
-3.668770194053649902e-01
-3.680371046066284180e-01
-3.662100136280059814e-01
-3.654508888721466064e-01
-3.695997595787048340e-01
-3.649687469005584717e-01
-3.696721196174621582e-01
-3.678820729255676270e-01
-3.616375625133514404e-01
-3.660476505756378174e-01
-3.645896315574645996e-01
-3.641525804996490479e-01
-3.628735244274139404e-01
-3.712077438831329346e-01
-3.668261766433715820e-01
-3.659245073795318604e-01
-3.702697455883026123e-01
-3.637841939926147461e-01
-3.654087781906127930e-01
-3.672073185443878174e-01
-3.701641261577606201e-01
-3.704788088798522949e-01
-3.618844747543334961e-01
-3.681683242321014404e-01
-3.627425432205200195e-01
-3.679418861865997314e-01
-3.661655783653259277e-01
-3.684131503105163574e-01
-3.681980669498443604e-01
-3.720968663692474365e-01
-3.675907552242279053e-01
-3.606755733489990234e-01
-3.664556443691253662e-01
-3.695553541183471680e-01
-3.716565072536468506e-01
-3.630102574825286865e-01
-3.655717074871063232e-01
-3.640415370464324951e-01
-3.693118989467620850e-01
-3.725896179676055908e-01
-3.705226778984069824e-01
-3.668639957904815674e-01
-3.680175840854644775e-01
-3.646896481513977051e-01
-3.671880364418029785e-01
-3.672206997871398926e-01
-3.685551881790161133e-01
-3.684874773025512695e-01
-3.708740770816802979e-01
-3.686037361621856689e-01
-3.658210337162017822e-01
-3.683323264122009277e-01
-3.638164103031158447e-01
-3.668695092201232910e-01
-3.728059828281402588e-01
-3.675161302089691162e-01
-3.723357319831848145e-01
-3.704046905040740967e-01
-3.710590898990631104e-01
-3.692412376403808594e-01
-3.707326054573059082e-01
-3.662371337413787842e-01
-3.702252209186553955e-01
-3.701946735382080078e-01
-3.686753511428833008e-01
-3.661491274833679199e-01
-3.614661991596221924e-01
-3.705967962741851807e-01
-3.716214597225189209e-01
-3.677379786968231201e-01
-3.681916892528533936e-01
-3.672024905681610107e-01
-3.707675039768218994e-01
-3.716215193271636963e-01
-3.707277476787567139e-01
-3.683218955993652344e-01
-3.707053363323211670e-01
-3.699826598167419434e-01
-3.709978163242340088e-01
-3.711908757686614990e-01
-3.721921443939208984e-01
-3.684847056865692139e-01
-3.700414299964904785e-01
-3.707731366157531738e-01
-3.698808252811431885e-01
-3.649255037307739258e-01
-3.638751804828643799e-01
-3.665609955787658691e-01
-3.707524538040161133e-01
-3.655834496021270752e-01
-3.687921762466430664e-01
-3.715748190879821777e-01
-3.712741732597351074e-01
-3.685426712036132812e-01
-3.736341893672943115e-01
-3.725278079509735107e-01
-3.701256215572357178e-01
-3.722725808620452881e-01
-3.709646463394165039e-01
-3.697918653488159180e-01
-3.692815303802490234e-01
-3.720826506614685059e-01
-3.699195683002471924e-01
-3.686178028583526611e-01
-3.710621297359466553e-01
-3.687671422958374023e-01
-3.709400296211242676e-01
-3.706787228584289551e-01
-3.694389760494232178e-01
-3.699061274528503418e-01
-3.683382272720336914e-01
-3.639781475067138672e-01
-3.686405420303344727e-01
-3.662487268447875977e-01
-3.724874854087829590e-01
-3.711799383163452148e-01
-3.697845339775085449e-01
-3.724569678306579590e-01
-3.666956126689910889e-01
-3.676581978797912598e-01
-3.676759600639343262e-01
-3.724747598171234131e-01
-3.703228831291198730e-01
-3.687164783477783203e-01
-3.703046739101409912e-01
-3.728345930576324463e-01
-3.720427751541137695e-01
-3.672665953636169434e-01
-3.660811781883239746e-01
-3.692844212055206299e-01
-3.673329353332519531e-01
-3.710787296295166016e-01
-3.675841093063354492e-01
-3.719275593757629395e-01
-3.694480061531066895e-01
-3.674257993698120117e-01
-3.707539439201354980e-01
-3.709622621536254883e-01
-3.683825135231018066e-01
-3.734762370586395264e-01
-3.672439157962799072e-01
-3.632001280784606934e-01
-3.636224865913391113e-01
-3.688425421714782715e-01
-3.702252507209777832e-01
-3.718703687191009521e-01
-3.678359985351562500e-01
-3.631220161914825439e-01
-3.652524352073669434e-01
-3.659391999244689941e-01
-3.718845844268798828e-01
-3.697400093078613281e-01
-3.712879717350006104e-01
-3.635641038417816162e-01
-3.726508915424346924e-01
-3.689161241054534912e-01
-3.730403780937194824e-01
-3.676987290382385254e-01
-3.639479577541351318e-01
-3.717014789581298828e-01
-3.696815967559814453e-01
-3.681593537330627441e-01
-3.658563196659088135e-01
-3.677510321140289307e-01
-3.673719167709350586e-01
-3.702758550643920898e-01
-3.666318356990814209e-01
-3.653351962566375732e-01
-3.605202734470367432e-01
-3.651585578918457031e-01
-3.709349632263183594e-01
-3.656136393547058105e-01
-3.701477646827697754e-01
-3.625093698501586914e-01
-3.664936125278472900e-01
-3.668812215328216553e-01
-3.672390878200531006e-01
-3.666755855083465576e-01
-3.667191863059997559e-01
-3.665599226951599121e-01
-3.675839900970458984e-01
-3.681950569152832031e-01
-3.666090667247772217e-01
-3.646528124809265137e-01
-3.677861690521240234e-01
-3.712985813617706299e-01
-3.703558444976806641e-01
-3.641626834869384766e-01
-3.681344687938690186e-01
-3.666811585426330566e-01
-3.681886494159698486e-01
-3.674401640892028809e-01
-3.642332851886749268e-01
-3.650073111057281494e-01
-3.681089878082275391e-01
-3.693381845951080322e-01
-3.692674636840820312e-01
-3.660868108272552490e-01
-3.645426630973815918e-01
-3.670897781848907471e-01
-3.667133748531341553e-01
-3.699102699756622314e-01
-3.689038455486297607e-01
-3.699992001056671143e-01
-3.669622242450714111e-01
-3.647434115409851074e-01
-3.656821846961975098e-01
-3.689113855361938477e-01
-3.637269735336303711e-01
-3.672497272491455078e-01
-3.678976297378540039e-01
-3.651707768440246582e-01
-3.629311025142669678e-01
-3.679191768169403076e-01
-3.668410480022430420e-01
-3.639937937259674072e-01
-3.674873113632202148e-01
-3.705875277519226074e-01
-3.683764636516571045e-01
-3.651755452156066895e-01
-3.643369376659393311e-01
-3.636883497238159180e-01
-3.665564954280853271e-01
-3.661319017410278320e-01
-3.689236938953399658e-01
-3.628216087818145752e-01
-3.631229698657989502e-01
-3.668876886367797852e-01
-3.619582355022430420e-01
-3.674961626529693604e-01
-3.661683201789855957e-01
-3.674058020114898682e-01
-3.654260933399200439e-01
-3.656413853168487549e-01
-3.659067749977111816e-01
-3.668293654918670654e-01
-3.663640022277832031e-01
-3.649368882179260254e-01
-3.642588555812835693e-01
-3.704818785190582275e-01
-3.702172040939331055e-01
-3.673935830593109131e-01
-3.648031353950500488e-01
-3.652822375297546387e-01
-3.640784323215484619e-01
-3.675017654895782471e-01
-3.641203045845031738e-01
-3.667952418327331543e-01
-3.644115030765533447e-01
-3.632253706455230713e-01
-3.646973669528961182e-01
-3.676379919052124023e-01
-3.657336533069610596e-01
-3.638736307621002197e-01
-3.678627908229827881e-01
-3.668962419033050537e-01
-3.648723661899566650e-01
-3.644954860210418701e-01
-3.634112477302551270e-01
-3.645260632038116455e-01
-3.632646203041076660e-01
-3.659820556640625000e-01
-3.629929423332214355e-01
-3.643767833709716797e-01
-3.651765882968902588e-01
-3.602858781814575195e-01
-3.615264296531677246e-01
-3.648791909217834473e-01
-3.641831278800964355e-01
-3.648341894149780273e-01
-3.650227487087249756e-01
-3.645929694175720215e-01
-3.650785088539123535e-01
-3.645575642585754395e-01
-3.638280034065246582e-01
-3.686278760433197021e-01
-3.645134270191192627e-01
-3.651145696640014648e-01
-3.652066588401794434e-01
-3.636502921581268311e-01
-3.655729889869689941e-01
-3.615014553070068359e-01
-3.643401563167572021e-01
-3.663632273674011230e-01
-3.627807796001434326e-01
-3.627945482730865479e-01
-3.619705140590667725e-01
-3.620607256889343262e-01
-3.636789023876190186e-01
-3.639495372772216797e-01
-3.593236207962036133e-01
-3.643995225429534912e-01
-3.651275038719177246e-01
-3.634870052337646484e-01
-3.593693375587463379e-01
-3.659209012985229492e-01
-3.617174625396728516e-01
-3.651458919048309326e-01
-3.625035583972930908e-01
-3.631418347358703613e-01
-3.577969968318939209e-01
-3.638064861297607422e-01
-3.654088675975799561e-01
-3.620333969593048096e-01
-3.588100075721740723e-01
-3.564171195030212402e-01
-3.601679801940917969e-01
-3.647171556949615479e-01
-3.610875606536865234e-01
-3.623609840869903564e-01
-3.595813512802124023e-01
-3.630959391593933105e-01
-3.639674186706542969e-01
-3.638998270034790039e-01
-3.657829761505126953e-01
-3.638443648815155029e-01
-3.597775995731353760e-01
-3.583325743675231934e-01
-3.622431159019470215e-01
-3.674497306346893311e-01
-3.556322157382965088e-01
-3.602607846260070801e-01
-3.575061559677124023e-01
-3.581420481204986572e-01
-3.606061339378356934e-01
-3.631416559219360352e-01
-3.608399033546447754e-01
-3.632139563560485840e-01
-3.639581203460693359e-01
-3.589330613613128662e-01
-3.558403849601745605e-01
-3.595250844955444336e-01
-3.632390201091766357e-01
-3.640993833541870117e-01
-3.581304252147674561e-01
-3.623951375484466553e-01
-3.633455932140350342e-01
-3.624906539916992188e-01
-3.594660758972167969e-01
-3.588133454322814941e-01
-3.640443384647369385e-01
-3.580515086650848389e-01
-3.627326786518096924e-01
-3.608259260654449463e-01
-3.588788509368896484e-01
-3.587472438812255859e-01
-3.621379137039184570e-01
-3.632455170154571533e-01
-3.651232123374938965e-01
-3.584145009517669678e-01
-3.613786101341247559e-01
-3.606874942779541016e-01
-3.610613346099853516e-01
-3.605570495128631592e-01
-3.638199269771575928e-01
-3.599866032600402832e-01
-3.578522205352783203e-01
-3.630311191082000732e-01
-3.598357439041137695e-01
-3.610729873180389404e-01
-3.612713515758514404e-01
-3.617393672466278076e-01
-3.617034554481506348e-01
-3.649349510669708252e-01
-3.662978410720825195e-01
-3.605348467826843262e-01
-3.598474860191345215e-01
-3.610140979290008545e-01
-3.573581576347351074e-01
-3.625243902206420898e-01
-3.589758574962615967e-01
-3.621703386306762695e-01
-3.597189188003540039e-01
-3.607685565948486328e-01
-3.612003028392791748e-01
-3.633129596710205078e-01
-3.587892055511474609e-01
-3.610420823097229004e-01
-3.605784773826599121e-01
-3.594229817390441895e-01
-3.636157512664794922e-01
-3.587070107460021973e-01
-3.554265499114990234e-01
-3.550729751586914062e-01
-3.586146235466003418e-01
-3.638245761394500732e-01
-3.573844730854034424e-01
-3.619546592235565186e-01
-3.626029491424560547e-01
-3.571152091026306152e-01
-3.613758981227874756e-01
-3.611577749252319336e-01
-3.592773973941802979e-01
-3.631638586521148682e-01
-3.569215834140777588e-01
-3.626790046691894531e-01
-3.599164485931396484e-01
-3.546242415904998779e-01
-3.602629899978637695e-01
-3.640631139278411865e-01
-3.575777113437652588e-01
-3.616249561309814453e-01
-3.553695082664489746e-01
-3.601940274238586426e-01
-3.577953875064849854e-01
-3.551883995532989502e-01
-3.606016337871551514e-01
-3.637514114379882812e-01
-3.534986674785614014e-01
-3.576637506484985352e-01
-3.595026731491088867e-01
-3.561576008796691895e-01
-3.580789566040039062e-01
-3.604550659656524658e-01
-3.589657843112945557e-01
-3.558155000209808350e-01
-3.579050600528717041e-01
-3.575004637241363525e-01
-3.615199029445648193e-01
-3.528728783130645752e-01
-3.565262854099273682e-01
-3.547956943511962891e-01
-3.585151433944702148e-01
-3.612764477729797363e-01
-3.569656014442443848e-01
-3.517992198467254639e-01
-3.591669797897338867e-01
-3.534019887447357178e-01
-3.533515632152557373e-01
-3.560784161090850830e-01
-3.574783504009246826e-01
-3.572630882263183594e-01
-3.543915450572967529e-01
-3.574113547801971436e-01
-3.536484837532043457e-01
-3.559391796588897705e-01
-3.565012812614440918e-01
-3.598237335681915283e-01
-3.562278449535369873e-01
-3.555783629417419434e-01
-3.578588366508483887e-01
-3.557586073875427246e-01
-3.512455523014068604e-01
-3.554210960865020752e-01
-3.570610880851745605e-01
-3.619953095912933350e-01
-3.534291684627532959e-01
-3.560024201869964600e-01
-3.559747040271759033e-01
-3.555630445480346680e-01
-3.541953563690185547e-01
-3.554860055446624756e-01
-3.569102883338928223e-01
-3.608353137969970703e-01
-3.537780940532684326e-01
-3.555423617362976074e-01
-3.603721261024475098e-01
-3.553217053413391113e-01
-3.580648303031921387e-01
-3.546216785907745361e-01
-3.593825697898864746e-01
-3.578560948371887207e-01
-3.541270494461059570e-01
-3.585493564605712891e-01
-3.527252078056335449e-01
-3.537271022796630859e-01
-3.544533550739288330e-01
-3.567011058330535889e-01
-3.523555994033813477e-01
-3.563266098499298096e-01
-3.538317978382110596e-01
-3.559864461421966553e-01
-3.559175431728363037e-01
-3.514321148395538330e-01
-3.566676676273345947e-01
-3.558074533939361572e-01
-3.557191789150238037e-01
-3.545738160610198975e-01
-3.567936420440673828e-01
-3.565133213996887207e-01
-3.553532660007476807e-01
-3.549859225749969482e-01
-3.519589304924011230e-01
-3.469908535480499268e-01
-3.523702323436737061e-01
-3.541059494018554688e-01
-3.553906679153442383e-01
-3.517830669879913330e-01
-3.562097847461700439e-01
-3.505134284496307373e-01
-3.558959960937500000e-01
-3.543254435062408447e-01
-3.570569455623626709e-01
-3.504997491836547852e-01
-3.571601510047912598e-01
-3.540830612182617188e-01
-3.545747399330139160e-01
-3.540877103805541992e-01
-3.486763238906860352e-01
-3.575982153415679932e-01
-3.532222211360931396e-01
-3.535688519477844238e-01
-3.545877039432525635e-01
-3.524011671543121338e-01
-3.550711572170257568e-01
-3.525988757610321045e-01
-3.513087630271911621e-01
-3.513655662536621094e-01
-3.566914796829223633e-01
-3.533529043197631836e-01
-3.527001440525054932e-01
-3.479717373847961426e-01
-3.506956100463867188e-01
-3.547942638397216797e-01
-3.503144085407257080e-01
-3.518966734409332275e-01
-3.518873155117034912e-01
-3.520447909832000732e-01
-3.535033464431762695e-01
-3.548674881458282471e-01
-3.515318632125854492e-01
-3.532894253730773926e-01
-3.532827198505401611e-01
-3.476630747318267822e-01
-3.485257625579833984e-01
-3.495014607906341553e-01
-3.525650799274444580e-01
-3.478324711322784424e-01
-3.519032597541809082e-01
-3.538925945758819580e-01
-3.561885356903076172e-01
-3.488338291645050049e-01
-3.503431379795074463e-01
-3.512055873870849609e-01
-3.515913188457489014e-01
-3.503040671348571777e-01
-3.484264612197875977e-01
-3.519026637077331543e-01
-3.456898331642150879e-01
-3.498672544956207275e-01
-3.498401343822479248e-01
-3.496948778629302979e-01
-3.466310501098632812e-01
-3.496596217155456543e-01
-3.484255969524383545e-01
-3.483107388019561768e-01
-3.459810912609100342e-01
-3.485446870326995850e-01
-3.509883284568786621e-01
-3.500037193298339844e-01
-3.544122278690338135e-01
-3.530679941177368164e-01
-3.544769883155822754e-01
-3.482446372509002686e-01
-3.450549542903900146e-01
-3.453764915466308594e-01
-3.519398570060729980e-01
-3.492040336132049561e-01
-3.434608280658721924e-01
-3.494679927825927734e-01
-3.511796593666076660e-01
-3.507312536239624023e-01
-3.501422107219696045e-01
-3.458003699779510498e-01
-3.465219736099243164e-01
-3.508940637111663818e-01
-3.473132252693176270e-01
-3.485275208950042725e-01
-3.452091813087463379e-01
-3.457877933979034424e-01
-3.404521346092224121e-01
-3.418755531311035156e-01
-3.469487428665161133e-01
-3.438424170017242432e-01
-3.475479781627655029e-01
-3.449908196926116943e-01
-3.465013802051544189e-01
-3.427902758121490479e-01
-3.474062383174896240e-01
-3.471994698047637939e-01
-3.453052937984466553e-01
-3.378629684448242188e-01
-3.498645424842834473e-01
-3.478451967239379883e-01
-3.466059267520904541e-01
-3.435091674327850342e-01
-3.458832502365112305e-01
-3.489670455455780029e-01
-3.372086882591247559e-01
-3.452183008193969727e-01
-3.417888581752777100e-01
-3.479004800319671631e-01
-3.433556258678436279e-01
-3.431927263736724854e-01
-3.423167765140533447e-01
-3.441000282764434814e-01
-3.437559008598327637e-01
-3.413443267345428467e-01
-3.451812863349914551e-01
-3.405014872550964355e-01
-3.418376445770263672e-01
-3.424415886402130127e-01
-3.477226197719573975e-01
-3.422013521194458008e-01
-3.417173027992248535e-01
-3.439838886260986328e-01
-3.416638672351837158e-01
-3.388255536556243896e-01
-3.433736562728881836e-01
-3.471574783325195312e-01
-3.415107429027557373e-01
-3.429535925388336182e-01
-3.402231037616729736e-01
-3.401701748371124268e-01
-3.430867791175842285e-01
-3.453102409839630127e-01
-3.445945978164672852e-01
-3.469119668006896973e-01
-3.367382287979125977e-01
-3.410717248916625977e-01
-3.393106758594512939e-01
-3.423609733581542969e-01
-3.429180681705474854e-01
-3.387509882450103760e-01
-3.430534303188323975e-01
-3.402504026889801025e-01
-3.443749248981475830e-01
-3.400937020778656006e-01
-3.413802683353424072e-01
-3.382914364337921143e-01
-3.402573168277740479e-01
-3.413820564746856689e-01
-3.429405391216278076e-01
-3.355571329593658447e-01
-3.411552309989929199e-01
-3.360607326030731201e-01
-3.443477153778076172e-01
-3.349841535091400146e-01
-3.420679867267608643e-01
-3.391289710998535156e-01
-3.402526676654815674e-01
-3.370680809020996094e-01
-3.386355042457580566e-01
-3.421851694583892822e-01
-3.388802409172058105e-01
-3.372649550437927246e-01
-3.406644463539123535e-01
-3.405632972717285156e-01
-3.383588790893554688e-01
-3.380184471607208252e-01
-3.406725227832794189e-01
-3.456351459026336670e-01
-3.402539491653442383e-01
-3.404493331909179688e-01
-3.382198512554168701e-01
-3.338956832885742188e-01
-3.412974774837493896e-01
-3.396720290184020996e-01
-3.416601419448852539e-01
-3.423433601856231689e-01
-3.342551589012145996e-01
-3.403323590755462646e-01
-3.375541269779205322e-01
-3.386861979961395264e-01
-3.412645757198333740e-01
-3.355432748794555664e-01
-3.393799662590026855e-01
-3.385939896106719971e-01
-3.366568088531494141e-01
-3.348705172538757324e-01
-3.417703509330749512e-01
-3.358721435070037842e-01
-3.371375203132629395e-01
-3.439351916313171387e-01
-3.359752595424652100e-01
-3.333146870136260986e-01
-3.398239910602569580e-01
-3.418338000774383545e-01
-3.371127843856811523e-01
-3.368471562862396240e-01
-3.357390761375427246e-01
-3.352191448211669922e-01
-3.377652466297149658e-01
-3.374833166599273682e-01
-3.324024677276611328e-01
-3.334650099277496338e-01
-3.393479287624359131e-01
-3.391734659671783447e-01
-3.360889256000518799e-01
-3.362861871719360352e-01
-3.359171748161315918e-01
-3.342159986495971680e-01
-3.358425199985504150e-01
-3.378238379955291748e-01
-3.388260602951049805e-01
-3.333426415920257568e-01
-3.365175127983093262e-01
-3.404569923877716064e-01
-3.368823230266571045e-01
-3.388188183307647705e-01
-3.335478007793426514e-01
-3.399354517459869385e-01
-3.322359025478363037e-01
-3.399901390075683594e-01
-3.383432626724243164e-01
-3.339127302169799805e-01
-3.390896320343017578e-01
-3.385373651981353760e-01
-3.360612988471984863e-01
-3.335628807544708252e-01
-3.342498838901519775e-01
-3.345663547515869141e-01
-3.330450952053070068e-01
-3.356250524520874023e-01
-3.365021049976348877e-01
-3.343984186649322510e-01
-3.341065645217895508e-01
-3.323228061199188232e-01
-3.314203619956970215e-01
-3.374975025653839111e-01
-3.436898589134216309e-01
-3.318967521190643311e-01
-3.325929045677185059e-01
-3.326098620891571045e-01
-3.318473100662231445e-01
-3.340758681297302246e-01
-3.400962650775909424e-01
-3.321698904037475586e-01
-3.350037932395935059e-01
-3.350977301597595215e-01
-3.346240818500518799e-01
-3.345405757427215576e-01
-3.405630290508270264e-01
-3.375999629497528076e-01
-3.369148671627044678e-01
-3.321207165718078613e-01
-3.336438536643981934e-01
-3.305959701538085938e-01
-3.343169987201690674e-01
-3.343510627746582031e-01
-3.340134322643280029e-01
-3.359706997871398926e-01
-3.332486152648925781e-01
-3.255475163459777832e-01
-3.309572637081146240e-01
-3.346663713455200195e-01
-3.366806507110595703e-01
-3.347689807415008545e-01
-3.284483253955841064e-01
