1.366792917251586914e+00
1.239775419235229492e+00
1.128112792968750000e+00
1.038772106170654297e+00
9.411274790763854980e-01
8.058552145957946777e-01
7.704464197158813477e-01
6.762239933013916016e-01
5.793971419334411621e-01
5.641776323318481445e-01
4.761159718036651611e-01
3.860274553298950195e-01
3.302057981491088867e-01
2.571130096912384033e-01
2.295392006635665894e-01
1.665562689304351807e-01
1.104416549205780029e-01
6.740901619195938110e-02
2.927345409989356995e-02
-2.647251589223742485e-03
-3.443537279963493347e-02
-5.063617601990699768e-02
-1.007929816842079163e-01
-1.118581816554069519e-01
-1.435539871454238892e-01
-1.538031101226806641e-01
-1.773301959037780762e-01
-1.860806941986083984e-01
-1.902970075607299805e-01
-2.050149887800216675e-01
-2.112292200326919556e-01
-2.179399579763412476e-01
-2.228601723909378052e-01
-2.222859263420104980e-01
-2.398112863302230835e-01
-2.299931496381759644e-01
-2.299022972583770752e-01
-2.353853732347488403e-01
-2.364608198404312134e-01
-2.357960492372512817e-01
-2.344787120819091797e-01
-2.312539666891098022e-01
-2.327553331851959229e-01
-2.308949232101440430e-01
-2.343466728925704956e-01
-2.281530201435089111e-01
-2.324342131614685059e-01
-2.313417494297027588e-01
-2.331107109785079956e-01
-2.320225685834884644e-01
-2.349723279476165771e-01
-2.346559613943099976e-01
-2.342651635408401489e-01
-2.293757796287536621e-01
-2.330164313316345215e-01
-2.336091548204421997e-01
-2.431807816028594971e-01
-2.362010478973388672e-01
-2.347785383462905884e-01
-2.306578308343887329e-01
-2.353285551071166992e-01
-2.417680025100708008e-01
-2.419262379407882690e-01
-2.348993867635726929e-01
-2.344938665628433228e-01
-2.433261126279830933e-01
-2.365932613611221313e-01
-2.383180856704711914e-01
-2.436206340789794922e-01
-2.391221970319747925e-01
-2.436308562755584717e-01
-2.491127550601959229e-01
-2.413625419139862061e-01
-2.433557063341140747e-01
-2.336474061012268066e-01
-2.406481951475143433e-01
-2.453407943248748779e-01
-2.438851892948150635e-01
-2.507497966289520264e-01
-2.417398840188980103e-01
-2.421902865171432495e-01
-2.450904250144958496e-01
-2.537855505943298340e-01
-2.488060146570205688e-01
-2.488650828599929810e-01
-2.420202344655990601e-01
-2.462512850761413574e-01
-2.369375973939895630e-01
-2.448902875185012817e-01
-2.532586455345153809e-01
-2.474794685840606689e-01
-2.517771422863006592e-01
-2.467567920684814453e-01
-2.472382932901382446e-01
-2.558485269546508789e-01
-2.422477155923843384e-01
-2.489018142223358154e-01
-2.486268430948257446e-01
-2.475509494543075562e-01
-2.496854215860366821e-01
-2.491421848535537720e-01
-2.465691864490509033e-01
-2.476737648248672485e-01
-2.527703344821929932e-01
-2.512513399124145508e-01
-2.547905743122100830e-01
-2.502438127994537354e-01
-2.474597543478012085e-01
-2.477397471666336060e-01
-2.461840808391571045e-01
-2.483948767185211182e-01
-2.530093193054199219e-01
-2.525481879711151123e-01
-2.512564659118652344e-01
-2.480586171150207520e-01
-2.483231127262115479e-01
-2.525956630706787109e-01
-2.462439239025115967e-01
-2.500958740711212158e-01
-2.522833049297332764e-01
-2.550995647907257080e-01
-2.548112571239471436e-01
-2.557430863380432129e-01
-2.522569894790649414e-01
-2.502217888832092285e-01
-2.535128593444824219e-01
-2.530723214149475098e-01
-2.561890482902526855e-01
-2.539084553718566895e-01
-2.537338137626647949e-01
-2.563198804855346680e-01
-2.522529363632202148e-01
-2.535416781902313232e-01
-2.562900483608245850e-01
-2.566768825054168701e-01
-2.538716495037078857e-01
-2.506096363067626953e-01
-2.564443945884704590e-01
-2.507041096687316895e-01
-2.569199800491333008e-01
-2.512102127075195312e-01
-2.537629008293151855e-01
-2.541341483592987061e-01
-2.576446533203125000e-01
-2.549431025981903076e-01
-2.554211318492889404e-01
-2.496145963668823242e-01
-2.528157234191894531e-01
-2.586022019386291504e-01
-2.593660950660705566e-01
-2.569933235645294189e-01
-2.552786469459533691e-01
-2.587863802909851074e-01
-2.641285359859466553e-01
-2.552732229232788086e-01
-2.584138512611389160e-01
-2.582726478576660156e-01
-2.618212401866912842e-01
-2.561232447624206543e-01
-2.580516934394836426e-01
-2.594976723194122314e-01
-2.578535377979278564e-01
-2.554948329925537109e-01
-2.640881836414337158e-01
-2.620272636413574219e-01
-2.618452906608581543e-01
-2.620211243629455566e-01
-2.652136087417602539e-01
-2.625491321086883545e-01
-2.669235467910766602e-01
-2.640944421291351318e-01
-2.573910355567932129e-01
-2.614741921424865723e-01
-2.612170577049255371e-01
-2.646479010581970215e-01
-2.656534314155578613e-01
-2.665684223175048828e-01
-2.579851150512695312e-01
-2.656744420528411865e-01
-2.570926547050476074e-01
-2.652740776538848877e-01
-2.592245936393737793e-01
-2.614462971687316895e-01
-2.623733878135681152e-01
-2.646114528179168701e-01
-2.667342424392700195e-01
-2.647442519664764404e-01
-2.652527987957000732e-01
-2.654586732387542725e-01
-2.625991404056549072e-01
-2.644954323768615723e-01
-2.660807371139526367e-01
-2.622624337673187256e-01
-2.621915340423583984e-01
-2.630456984043121338e-01
-2.697321772575378418e-01
-2.665672600269317627e-01
-2.609932124614715576e-01
-2.676651477813720703e-01
-2.693353593349456787e-01
-2.675452828407287598e-01
-2.682777047157287598e-01
-2.670535743236541748e-01
-2.685428261756896973e-01
-2.596417665481567383e-01
-2.690685987472534180e-01
-2.630113363265991211e-01
-2.711030542850494385e-01
-2.678164541721343994e-01
-2.694469690322875977e-01
-2.627229392528533936e-01
-2.715929746627807617e-01
-2.664890885353088379e-01
-2.708712518215179443e-01
-2.681484520435333252e-01
-2.666051089763641357e-01
-2.662024796009063721e-01
-2.747471332550048828e-01
-2.694858312606811523e-01
-2.702121436595916748e-01
-2.719241082668304443e-01
-2.704347372055053711e-01
-2.702512443065643311e-01
-2.789153456687927246e-01
-2.743549942970275879e-01
-2.719382047653198242e-01
-2.705434262752532959e-01
-2.697908282279968262e-01
-2.692891955375671387e-01
-2.767613828182220459e-01
-2.657603621482849121e-01
-2.727737724781036377e-01
-2.721936106681823730e-01
-2.701256573200225830e-01
-2.764011919498443604e-01
-2.744215130805969238e-01
-2.704299390316009521e-01
-2.733350694179534912e-01
-2.782709896564483643e-01
-2.758272886276245117e-01
-2.688935399055480957e-01
-2.715424895286560059e-01
-2.814231812953948975e-01
-2.816469967365264893e-01
-2.791150510311126709e-01
-2.782003879547119141e-01
-2.755151987075805664e-01
-2.773964405059814453e-01
-2.760302722454071045e-01
-2.790908217430114746e-01
-2.734737694263458252e-01
-2.800906300544738770e-01
-2.785089313983917236e-01
-2.736019492149353027e-01
-2.754314243793487549e-01
-2.797206044197082520e-01
-2.725201547145843506e-01
-2.793551683425903320e-01
-2.798053026199340820e-01
-2.795719504356384277e-01
-2.805701494216918945e-01
-2.731123566627502441e-01
-2.742546498775482178e-01
-2.830595076084136963e-01
-2.809165120124816895e-01
-2.791051864624023438e-01
-2.793447971343994141e-01
-2.791647315025329590e-01
-2.834596633911132812e-01
-2.792668938636779785e-01
-2.805804908275604248e-01
-2.761860787868499756e-01
-2.780700325965881348e-01
-2.801346480846405029e-01
-2.859296202659606934e-01
-2.887780666351318359e-01
-2.859396338462829590e-01
-2.816146910190582275e-01
-2.850555479526519775e-01
-2.787319421768188477e-01
-2.833861112594604492e-01
-2.809242606163024902e-01
-2.931123673915863037e-01
-2.852595746517181396e-01
-2.829173207283020020e-01
-2.877349555492401123e-01
-2.844237685203552246e-01
-2.801633775234222412e-01
-2.881899476051330566e-01
-2.893570065498352051e-01
-2.873505949974060059e-01
-2.820400595664978027e-01
-2.885317802429199219e-01
-2.853603661060333252e-01
-2.832133471965789795e-01
-2.853681445121765137e-01
-2.849808633327484131e-01
-2.853255867958068848e-01
-2.906801700592041016e-01
-2.907799780368804932e-01
-2.882421314716339111e-01
-2.860389053821563721e-01
-2.884817421436309814e-01
-2.888827621936798096e-01
-2.883254289627075195e-01
-2.915797829627990723e-01
-2.852590382099151611e-01
-2.913966178894042969e-01
-2.905305922031402588e-01
-2.889701426029205322e-01
-2.872711420059204102e-01
-2.821978628635406494e-01
-2.868214249610900879e-01
-2.890534698963165283e-01
-2.922863066196441650e-01
-2.909705638885498047e-01
-2.861888408660888672e-01
-2.889592051506042480e-01
-2.920836210250854492e-01
-2.896223366260528564e-01
-2.900330126285552979e-01
-2.909774780273437500e-01
-2.879716753959655762e-01
-2.931968867778778076e-01
-2.936311066150665283e-01
-2.892591655254364014e-01
-2.897392511367797852e-01
-2.935568094253540039e-01
-2.930091619491577148e-01
-2.916918396949768066e-01
-2.937705218791961670e-01
-2.964373826980590820e-01
-2.940354049205780029e-01
-2.880795300006866455e-01
-2.917876541614532471e-01
-2.968430519104003906e-01
-2.909378409385681152e-01
-2.957255542278289795e-01
-2.956322133541107178e-01
-2.947496175765991211e-01
-2.953270375728607178e-01
-2.957365214824676514e-01
-2.924712002277374268e-01
-2.964697778224945068e-01
-2.889149188995361328e-01
-2.986134588718414307e-01
-2.979671061038970947e-01
-2.956229150295257568e-01
-2.935541272163391113e-01
-2.975188493728637695e-01
-2.989821732044219971e-01
-2.936793267726898193e-01
-2.971843779087066650e-01
-2.957298159599304199e-01
-2.957892715930938721e-01
-2.905693054199218750e-01
-2.963778078556060791e-01
-2.972663640975952148e-01
-2.967561483383178711e-01
-2.930550277233123779e-01
-2.925705611705780029e-01
-2.956541180610656738e-01
-2.976718842983245850e-01
-3.014718592166900635e-01
-2.942781746387481689e-01
-2.999500632286071777e-01
-2.978206574916839600e-01
-3.029516637325286865e-01
-2.990666329860687256e-01
-3.003820180892944336e-01
-2.963998615741729736e-01
-2.897671759128570557e-01
-2.988091111183166504e-01
-2.961068153381347656e-01
-2.990659773349761963e-01
-3.016865849494934082e-01
-3.008016943931579590e-01
-2.955870330333709717e-01
-2.993733882904052734e-01
-2.987151443958282471e-01
-2.959502935409545898e-01
-2.992248237133026123e-01
-3.007650673389434814e-01
-2.994593679904937744e-01
-3.051116466522216797e-01
-3.010849654674530029e-01
-2.989097833633422852e-01
-3.021323382854461670e-01
-3.001283705234527588e-01
-3.043237328529357910e-01
-3.027410805225372314e-01
-2.981043756008148193e-01
-2.986328005790710449e-01
-3.012907207012176514e-01
-2.999098002910614014e-01
-3.049829602241516113e-01
-3.028804659843444824e-01
-3.024812042713165283e-01
-2.966414093971252441e-01
-3.004820048809051514e-01
-2.992239296436309814e-01
-3.022748529911041260e-01
-3.033350706100463867e-01
-3.023896813392639160e-01
-3.005280196666717529e-01
-3.000078797340393066e-01
-3.007735610008239746e-01
-3.056037127971649170e-01
-2.988557517528533936e-01
-2.983640730381011963e-01
-3.085021376609802246e-01
-3.101704120635986328e-01
-3.053911924362182617e-01
-3.035186231136322021e-01
-3.049767017364501953e-01
-3.036552071571350098e-01
-3.046370744705200195e-01
-3.047405481338500977e-01
-3.058649003505706787e-01
-3.043714761734008789e-01
-3.031521141529083252e-01
-3.055485188961029053e-01
-3.008288741111755371e-01
-3.077315688133239746e-01
-3.028105795383453369e-01
-3.007961511611938477e-01
-3.030323982238769531e-01
-3.011022508144378662e-01
-2.989232838153839111e-01
-3.036439120769500732e-01
-3.058097958564758301e-01
-3.037581443786621094e-01
-3.057634532451629639e-01
-3.045617640018463135e-01
-3.070912957191467285e-01
-3.089822828769683838e-01
-3.044062852859497070e-01
-3.018607795238494873e-01
-3.071188032627105713e-01
-3.116635084152221680e-01
-3.049548268318176270e-01
-3.076195716857910156e-01
-3.066099882125854492e-01
-3.016718327999114990e-01
-3.113797307014465332e-01
-3.043946921825408936e-01
-3.069418370723724365e-01
-3.033709228038787842e-01
-3.114301860332489014e-01
-3.068762123584747314e-01
-3.092050254344940186e-01
-3.096077740192413330e-01
-3.046171963214874268e-01
-3.081677854061126709e-01
-3.068216145038604736e-01
-3.075334429740905762e-01
-3.093035817146301270e-01
-3.088288009166717529e-01
-3.117669820785522461e-01
-3.085400760173797607e-01
-3.075546324253082275e-01
-3.058778643608093262e-01
-3.076181709766387939e-01
-3.104603290557861328e-01
-3.102693557739257812e-01
-3.114528357982635498e-01
-3.122306466102600098e-01
-3.132092952728271484e-01
-3.076173067092895508e-01
-3.098832666873931885e-01
-3.136897087097167969e-01
-3.112894892692565918e-01
-3.067336380481719971e-01
-3.151914179325103760e-01
-3.100258409976959229e-01
-3.068028688430786133e-01
-3.056140840053558350e-01
-3.088799118995666504e-01
-3.133320510387420654e-01
-3.089819550514221191e-01
-3.097783327102661133e-01
-3.107320964336395264e-01
-3.082414567470550537e-01
-3.122103214263916016e-01
-3.104795515537261963e-01
-3.092283904552459717e-01
-3.125885725021362305e-01
-3.128949999809265137e-01
-3.122254610061645508e-01
-3.163689076900482178e-01
-3.138878345489501953e-01
-3.101041018962860107e-01
-3.099807202816009521e-01
-3.130876719951629639e-01
-3.119446337223052979e-01
-3.090205788612365723e-01
-3.144989609718322754e-01
-3.128007948398590088e-01
-3.102440237998962402e-01
-3.137641251087188721e-01
-3.132448196411132812e-01
-3.133987486362457275e-01
-3.194031119346618652e-01
-3.131494820117950439e-01
-3.111207485198974609e-01
-3.143436908721923828e-01
-3.181148171424865723e-01
-3.164846301078796387e-01
-3.142135739326477051e-01
-3.110087215900421143e-01
-3.142497539520263672e-01
-3.153522908687591553e-01
-3.101142644882202148e-01
-3.152968585491180420e-01
-3.134985566139221191e-01
-3.174322545528411865e-01
-3.125321269035339355e-01
-3.154841363430023193e-01
-3.120934367179870605e-01
-3.159190416336059570e-01
-3.188389837741851807e-01
-3.177838921546936035e-01
-3.184381723403930664e-01
-3.118458390235900879e-01
-3.222781419754028320e-01
-3.168590664863586426e-01
-3.153700530529022217e-01
-3.137716054916381836e-01
-3.157680630683898926e-01
-3.138465881347656250e-01
-3.147481977939605713e-01
-3.182343840599060059e-01
-3.188379406929016113e-01
-3.186037540435791016e-01
-3.245406150817871094e-01
-3.186692297458648682e-01
-3.200528025627136230e-01
-3.173541128635406494e-01
-3.200587034225463867e-01
-3.171331882476806641e-01
-3.180924355983734131e-01
-3.233434557914733887e-01
-3.175008594989776611e-01
-3.200435340404510498e-01
-3.178158104419708252e-01
-3.226155340671539307e-01
-3.205214440822601318e-01
-3.178186714649200439e-01
-3.187940120697021484e-01
-3.206136822700500488e-01
-3.232154846191406250e-01
-3.153646290302276611e-01
-3.191316425800323486e-01
-3.188287913799285889e-01
-3.236604630947113037e-01
-3.259544372558593750e-01
-3.209472596645355225e-01
-3.199096024036407471e-01
-3.232002556324005127e-01
-3.213759958744049072e-01
-3.187175393104553223e-01
-3.202248215675354004e-01
-3.246417939662933350e-01
-3.237698674201965332e-01
-3.267952203750610352e-01
-3.221618533134460449e-01
-3.252151608467102051e-01
-3.248895406723022461e-01
-3.280169963836669922e-01
-3.258861899375915527e-01
-3.275138437747955322e-01
-3.257459700107574463e-01
-3.292509913444519043e-01
-3.229058086872100830e-01
-3.242127597332000732e-01
-3.217329084873199463e-01
-3.228560984134674072e-01
-3.234801590442657471e-01
-3.247093260288238525e-01
-3.294916450977325439e-01
-3.270902633666992188e-01
-3.248458802700042725e-01
-3.275749981403350830e-01
-3.266843855381011963e-01
-3.311461210250854492e-01
-3.249159157276153564e-01
-3.239784240722656250e-01
-3.246405720710754395e-01
-3.253361284732818604e-01
-3.277319371700286865e-01
-3.265902698040008545e-01
-3.309133648872375488e-01
-3.294440209865570068e-01
-3.301731050014495850e-01
-3.300953507423400879e-01
-3.331096172332763672e-01
-3.281310498714447021e-01
-3.303944170475006104e-01
-3.311185538768768311e-01
-3.297343254089355469e-01
-3.260550498962402344e-01
-3.325234353542327881e-01
-3.322028815746307373e-01
-3.314223289489746094e-01
-3.303236067295074463e-01
-3.293777704238891602e-01
-3.282178640365600586e-01
-3.285619616508483887e-01
-3.303982019424438477e-01
-3.260104358196258545e-01
-3.265714347362518311e-01
-3.342063128948211670e-01
-3.320884108543395996e-01
-3.296000063419342041e-01
-3.321215510368347168e-01
-3.331032991409301758e-01
-3.280179500579833984e-01
-3.318936824798583984e-01
-3.327041864395141602e-01
-3.278066515922546387e-01
-3.292250633239746094e-01
-3.319347798824310303e-01
-3.306247591972351074e-01
-3.314523100852966309e-01
-3.314633667469024658e-01
-3.322232067584991455e-01
-3.331745862960815430e-01
-3.314948678016662598e-01
-3.326400518417358398e-01
-3.332697153091430664e-01
-3.333900868892669678e-01
-3.298442363739013672e-01
-3.319134712219238281e-01
-3.317191898822784424e-01
-3.346788883209228516e-01
-3.318114280700683594e-01
-3.343811333179473877e-01
-3.345600664615631104e-01
-3.307335078716278076e-01
-3.354253470897674561e-01
-3.340786695480346680e-01
-3.342855870723724365e-01
-3.336258530616760254e-01
-3.339626193046569824e-01
-3.313221335411071777e-01
-3.359047770500183105e-01
-3.358360528945922852e-01
-3.361729979515075684e-01
-3.322051763534545898e-01
-3.357795476913452148e-01
-3.329405486583709717e-01
-3.335822224617004395e-01
-3.335435092449188232e-01
-3.331682980060577393e-01
-3.318535685539245605e-01
-3.324763178825378418e-01
-3.326433002948760986e-01
-3.334138095378875732e-01
-3.364041149616241455e-01
-3.357817828655242920e-01
-3.332574367523193359e-01
-3.357901275157928467e-01
-3.361735343933105469e-01
-3.315252065658569336e-01
-3.351861238479614258e-01
-3.357094824314117432e-01
-3.379852771759033203e-01
-3.326171934604644775e-01
-3.340452313423156738e-01
-3.349640369415283203e-01
-3.333798348903656006e-01
-3.347156345844268799e-01
-3.337650597095489502e-01
-3.362646996974945068e-01
-3.365973532199859619e-01
-3.327372670173645020e-01
-3.326154053211212158e-01
-3.322439491748809814e-01
-3.347974717617034912e-01
-3.350486755371093750e-01
-3.395561277866363525e-01
-3.379852175712585449e-01
-3.307439684867858887e-01
-3.336730897426605225e-01
-3.310350179672241211e-01
-3.360026478767395020e-01
-3.348718881607055664e-01
-3.326259255409240723e-01
-3.357109129428863525e-01
-3.371874392032623291e-01
-3.350126445293426514e-01
-3.343898952007293701e-01
-3.355107307434082031e-01
-3.367376327514648438e-01
-3.354319334030151367e-01
-3.334649801254272461e-01
-3.356169462203979492e-01
-3.377826511859893799e-01
-3.371929526329040527e-01
-3.387536108493804932e-01
-3.368718326091766357e-01
-3.373892605304718018e-01
-3.361873924732208252e-01
-3.361257314682006836e-01
-3.368718922138214111e-01
-3.408572077751159668e-01
-3.371824622154235840e-01
-3.374619781970977783e-01
-3.353387713432312012e-01
-3.368842899799346924e-01
-3.392034471035003662e-01
-3.348228335380554199e-01
-3.353427946567535400e-01
-3.359694778919219971e-01
-3.337606191635131836e-01
-3.348413705825805664e-01
-3.357589244842529297e-01
-3.381693065166473389e-01
-3.369101583957672119e-01
-3.416268825531005859e-01
-3.364381790161132812e-01
-3.363401591777801514e-01
-3.401288986206054688e-01
-3.359896540641784668e-01
-3.379203975200653076e-01
-3.379061818122863770e-01
-3.398637175559997559e-01
-3.370731174945831299e-01
-3.401520252227783203e-01
-3.401426970958709717e-01
-3.381566703319549561e-01
-3.390025496482849121e-01
-3.400869667530059814e-01
-3.368259072303771973e-01
-3.398813903331756592e-01
-3.391058444976806641e-01
-3.368741869926452637e-01
-3.383710086345672607e-01
-3.350646197795867920e-01
-3.358775079250335693e-01
-3.387534320354461670e-01
-3.339942097663879395e-01
-3.386318385601043701e-01
-3.378506004810333252e-01
-3.369224667549133301e-01
-3.349423706531524658e-01
-3.397090733051300049e-01
-3.366996943950653076e-01
-3.385950028896331787e-01
-3.387005925178527832e-01
-3.394387960433959961e-01
-3.366884291172027588e-01
-3.382029533386230469e-01
-3.407351970672607422e-01
-3.384295105934143066e-01
-3.376411795616149902e-01
-3.357356488704681396e-01
-3.367812335491180420e-01
-3.391723632812500000e-01
-3.378025889396667480e-01
-3.328830003738403320e-01
-3.379718065261840820e-01
-3.376007974147796631e-01
-3.341768085956573486e-01
-3.355076313018798828e-01
-3.429226577281951904e-01
-3.386769890785217285e-01
-3.361750841140747070e-01
-3.389006853103637695e-01
-3.368841409683227539e-01
-3.387201428413391113e-01
-3.380101919174194336e-01
-3.371838033199310303e-01
-3.396675288677215576e-01
-3.388354480266571045e-01
-3.395136296749114990e-01
-3.404461145401000977e-01
-3.407336473464965820e-01
-3.374812304973602295e-01
-3.363562822341918945e-01
-3.367053270339965820e-01
-3.391034603118896484e-01
-3.415744602680206299e-01
-3.382591009140014648e-01
-3.364835381507873535e-01
-3.392883837223052979e-01
-3.383683264255523682e-01
-3.362670242786407471e-01
-3.420550525188446045e-01
-3.387173116207122803e-01
-3.392593264579772949e-01
-3.399006426334381104e-01
-3.426120579242706299e-01
-3.417389392852783203e-01
-3.377220928668975830e-01
-3.395362198352813721e-01
-3.427943587303161621e-01
-3.383211791515350342e-01
-3.397509753704071045e-01
-3.432631790637969971e-01
-3.377488255500793457e-01
-3.401847481727600098e-01
-3.406266570091247559e-01
-3.394480049610137939e-01
-3.414118587970733643e-01
-3.429885804653167725e-01
-3.370524346828460693e-01
-3.379772007465362549e-01
-3.399905562400817871e-01
-3.423303961753845215e-01
-3.430670797824859619e-01
-3.379388749599456787e-01
-3.375501632690429688e-01
-3.378708660602569580e-01
-3.424032926559448242e-01
-3.402736186981201172e-01
-3.409196436405181885e-01
-3.402957022190093994e-01
-3.409492373466491699e-01
-3.372339606285095215e-01
-3.404807448387145996e-01
-3.404742181301116943e-01
-3.393897116184234619e-01
-3.411799371242523193e-01
-3.403532803058624268e-01
-3.402130305767059326e-01
-3.439984619617462158e-01
-3.441100120544433594e-01
-3.405547440052032471e-01
-3.389536440372467041e-01
-3.386934995651245117e-01
-3.429991602897644043e-01
-3.413037359714508057e-01
-3.407043814659118652e-01
-3.418582975864410400e-01
-3.373567461967468262e-01
-3.418705463409423828e-01
-3.437004685401916504e-01
-3.394017219543457031e-01
-3.398821651935577393e-01
-3.397301137447357178e-01
-3.389341235160827637e-01
-3.382591307163238525e-01
-3.402404785156250000e-01
-3.403880000114440918e-01
-3.395322561264038086e-01
-3.434040248394012451e-01
-3.437486290931701660e-01
-3.393602371215820312e-01
-3.456709384918212891e-01
-3.413947820663452148e-01
-3.417055010795593262e-01
-3.420319855213165283e-01
-3.430081307888031006e-01
-3.421377539634704590e-01
-3.419875502586364746e-01
-3.408749997615814209e-01
-3.416681885719299316e-01
-3.422906398773193359e-01
-3.413949012756347656e-01
-3.408025205135345459e-01
-3.459835350513458252e-01
-3.429564535617828369e-01
-3.396918475627899170e-01
-3.435684144496917725e-01
-3.414114117622375488e-01
-3.429977595806121826e-01
-3.401253819465637207e-01
-3.389465212821960449e-01
-3.436829745769500732e-01
-3.406209647655487061e-01
-3.414990305900573730e-01
-3.400928378105163574e-01
-3.420547246932983398e-01
-3.405494391918182373e-01
-3.425392210483551025e-01
-3.408464491367340088e-01
-3.423947691917419434e-01
-3.404808342456817627e-01
-3.399476706981658936e-01
-3.404273092746734619e-01
-3.416775763034820557e-01
-3.401618301868438721e-01
-3.424747884273529053e-01
-3.439444899559020996e-01
-3.423568606376647949e-01
-3.389545381069183350e-01
-3.417211771011352539e-01
-3.402573764324188232e-01
-3.463817238807678223e-01
-3.455928266048431396e-01
-3.427282571792602539e-01
-3.397374749183654785e-01
-3.412547111511230469e-01
-3.436379134654998779e-01
-3.425366878509521484e-01
-3.435145318508148193e-01
-3.400076925754547119e-01
-3.410959243774414062e-01
-3.443562686443328857e-01
-3.423708975315093994e-01
-3.426019251346588135e-01
-3.436607122421264648e-01
-3.457111716270446777e-01
-3.446329832077026367e-01
-3.435219824314117432e-01
-3.411850035190582275e-01
-3.436943888664245605e-01
-3.419277966022491455e-01
-3.451246619224548340e-01
-3.453732430934906006e-01
-3.446592390537261963e-01
-3.408311009407043457e-01
-3.426873087882995605e-01
-3.417656123638153076e-01
-3.416247069835662842e-01
-3.453599512577056885e-01
-3.433329463005065918e-01
-3.450465798377990723e-01
-3.428775370121002197e-01
-3.446822166442871094e-01
-3.442248702049255371e-01
-3.440842926502227783e-01
-3.452937602996826172e-01
-3.436558842658996582e-01
-3.459013700485229492e-01
-3.481494188308715820e-01
-3.457347452640533447e-01
-3.443592786788940430e-01
-3.425690531730651855e-01
-3.457614183425903320e-01
-3.419357240200042725e-01
-3.435350358486175537e-01
-3.450464606285095215e-01
-3.435353934764862061e-01
-3.413769602775573730e-01
-3.443499803543090820e-01
-3.451361060142517090e-01
-3.432142436504364014e-01
-3.411798477172851562e-01
-3.448349535465240479e-01
-3.416136205196380615e-01
-3.448300063610076904e-01
-3.454072773456573486e-01
-3.446373045444488525e-01
-3.428467810153961182e-01
-3.440728485584259033e-01
-3.426335752010345459e-01
-3.411307036876678467e-01
-3.430832922458648682e-01
-3.440733551979064941e-01
-3.464725017547607422e-01
-3.454805910587310791e-01
-3.439393639564514160e-01
-3.451025187969207764e-01
-3.442239165306091309e-01
-3.443013131618499756e-01
-3.470224440097808838e-01
-3.459309041500091553e-01
-3.454116582870483398e-01
-3.468025028705596924e-01
-3.444478511810302734e-01
-3.447657525539398193e-01
-3.450169265270233154e-01
-3.470689356327056885e-01
-3.452171385288238525e-01
-3.469832539558410645e-01
-3.469515442848205566e-01
-3.449796438217163086e-01
-3.465969264507293701e-01
-3.469192683696746826e-01
-3.482204079627990723e-01
-3.440769612789154053e-01
-3.455322384834289551e-01
-3.453623652458190918e-01
-3.440313339233398438e-01
-3.439452648162841797e-01
-3.465456664562225342e-01
-3.488743305206298828e-01
-3.457950949668884277e-01
-3.455444872379302979e-01
-3.470039665699005127e-01
-3.485751450061798096e-01
-3.471751809120178223e-01
-3.493732810020446777e-01
-3.450955748558044434e-01
-3.454748988151550293e-01
-3.492038846015930176e-01
-3.489722311496734619e-01
-3.451756238937377930e-01
-3.460657000541687012e-01
-3.477926850318908691e-01
-3.465935289859771729e-01
-3.473826646804809570e-01
-3.460453450679779053e-01
-3.459975719451904297e-01
-3.500483036041259766e-01
-3.457461595535278320e-01
-3.470037877559661865e-01
-3.474145531654357910e-01
