1.637000918388366699e+00
1.541673898696899414e+00
1.499573707580566406e+00
1.470209479331970215e+00
1.407772421836853027e+00
1.340900182723999023e+00
1.320290684700012207e+00
1.256343007087707520e+00
1.206735610961914062e+00
1.147494912147521973e+00
1.107301950454711914e+00
1.070859909057617188e+00
1.012337803840637207e+00
9.937422871589660645e-01
9.282420873641967773e-01
9.101493954658508301e-01
8.607840538024902344e-01
8.173483610153198242e-01
7.904139161109924316e-01
7.294713854789733887e-01
6.972723007202148438e-01
6.688784956932067871e-01
6.315098404884338379e-01
5.927805304527282715e-01
5.458505153656005859e-01
5.154869556427001953e-01
4.841143190860748291e-01
4.695581495761871338e-01
4.326433241367340088e-01
4.165819287300109863e-01
3.611839115619659424e-01
3.540052771568298340e-01
3.146883845329284668e-01
2.893274128437042236e-01
2.752553522586822510e-01
2.491232305765151978e-01
2.141555696725845337e-01
2.075830996036529541e-01
1.794431060552597046e-01
1.707611232995986938e-01
1.412196308374404907e-01
1.307244300842285156e-01
1.008010432124137878e-01
9.629736840724945068e-02
7.468392699956893921e-02
5.039401352405548096e-02
3.972202911972999573e-02
3.953748196363449097e-02
9.599131532013416290e-03
-2.102636732161045074e-03
-1.503879111260175705e-02
-2.294481173157691956e-02
-3.616530448198318481e-02
-4.992832243442535400e-02
-5.848483368754386902e-02
-7.783538848161697388e-02
-8.179400861263275146e-02
-9.883767366409301758e-02
-9.590798616409301758e-02
-1.037317514419555664e-01
-1.230176314711570740e-01
-1.243250444531440735e-01
-1.325027197599411011e-01
-1.338250637054443359e-01
-1.490514278411865234e-01
-1.566656976938247681e-01
-1.565253138542175293e-01
-1.640957295894622803e-01
-1.726521402597427368e-01
-1.736506372690200806e-01
-1.798411905765533447e-01
-1.834393888711929321e-01
-1.852167993783950806e-01
-1.921049207448959351e-01
-1.943169236183166504e-01
-1.957679986953735352e-01
-2.040467113256454468e-01
-2.022028863430023193e-01
-2.094286531209945679e-01
-2.095766514539718628e-01
-2.170328199863433838e-01
-2.150312513113021851e-01
-2.201533168554306030e-01
-2.263991981744766235e-01
-2.227853536605834961e-01
-2.245727926492691040e-01
-2.250796109437942505e-01
-2.307830750942230225e-01
-2.259425222873687744e-01
-2.347827702760696411e-01
-2.260206937789916992e-01
-2.361224740743637085e-01
-2.392294853925704956e-01
-2.370201945304870605e-01
-2.396430075168609619e-01
-2.400869131088256836e-01
-2.421911358833312988e-01
-2.410284429788589478e-01
-2.406186610460281372e-01
-2.438934892416000366e-01
-2.454949766397476196e-01
-2.465838491916656494e-01
-2.459275871515274048e-01
-2.481520473957061768e-01
-2.488688379526138306e-01
-2.456559091806411743e-01
-2.505832016468048096e-01
-2.477941215038299561e-01
-2.521279454231262207e-01
-2.500166893005371094e-01
-2.493332773447036743e-01
-2.513004243373870850e-01
-2.494476288557052612e-01
-2.550768852233886719e-01
-2.517963051795959473e-01
-2.530598044395446777e-01
-2.540737390518188477e-01
-2.568791508674621582e-01
-2.530820071697235107e-01
-2.530141770839691162e-01
-2.576790153980255127e-01
-2.557993531227111816e-01
-2.519761025905609131e-01
-2.537024617195129395e-01
-2.559831440448760986e-01
-2.556991279125213623e-01
-2.538138329982757568e-01
-2.566747665405273438e-01
-2.541190385818481445e-01
-2.536158561706542969e-01
-2.560422420501708984e-01
-2.581021785736083984e-01
-2.555943131446838379e-01
-2.541759610176086426e-01
-2.576415538787841797e-01
-2.587138712406158447e-01
-2.550566494464874268e-01
-2.587820291519165039e-01
-2.571503818035125732e-01
-2.535989582538604736e-01
-2.572912871837615967e-01
-2.563929855823516846e-01
-2.561540901660919189e-01
-2.547219097614288330e-01
-2.584927380084991455e-01
-2.561411559581756592e-01
-2.575147747993469238e-01
-2.564802169799804688e-01
-2.567275464534759521e-01
-2.556436359882354736e-01
-2.578950524330139160e-01
-2.543531656265258789e-01
-2.553533613681793213e-01
-2.549563348293304443e-01
-2.558905780315399170e-01
-2.563585340976715088e-01
-2.545495927333831787e-01
-2.596738338470458984e-01
-2.568250894546508789e-01
-2.587190568447113037e-01
-2.575166523456573486e-01
-2.579251527786254883e-01
-2.533439993858337402e-01
-2.587532401084899902e-01
-2.578287124633789062e-01
-2.566908299922943115e-01
-2.554802298545837402e-01
-2.576584219932556152e-01
-2.574639916419982910e-01
-2.544773519039154053e-01
-2.555450797080993652e-01
-2.534568309783935547e-01
-2.559975683689117432e-01
-2.581096887588500977e-01
-2.567408382892608643e-01
-2.548937797546386719e-01
-2.571118474006652832e-01
-2.571966350078582764e-01
-2.558876276016235352e-01
-2.559832632541656494e-01
-2.563439309597015381e-01
-2.575876414775848389e-01
-2.594683468341827393e-01
-2.568962872028350830e-01
-2.576856315135955811e-01
-2.561694979667663574e-01
-2.588363587856292725e-01
-2.561675310134887695e-01
-2.588177323341369629e-01
-2.574436962604522705e-01
-2.609004378318786621e-01
-2.557289302349090576e-01
-2.590813934803009033e-01
-2.571687400341033936e-01
-2.588904500007629395e-01
-2.596448063850402832e-01
-2.567102611064910889e-01
-2.584999501705169678e-01
-2.585465610027313232e-01
-2.583309412002563477e-01
-2.568446695804595947e-01
-2.567280828952789307e-01
-2.574155628681182861e-01
-2.610318660736083984e-01
-2.552780210971832275e-01
-2.571514248847961426e-01
-2.634097039699554443e-01
-2.608862817287445068e-01
-2.594389021396636963e-01
-2.586838901042938232e-01
-2.596751153469085693e-01
-2.586115598678588867e-01
-2.573012113571166992e-01
-2.611414492130279541e-01
-2.620332539081573486e-01
-2.564493119716644287e-01
-2.620610892772674561e-01
-2.602643966674804688e-01
-2.576692104339599609e-01
-2.596187889575958252e-01
-2.591724097728729248e-01
-2.617201507091522217e-01
-2.599102556705474854e-01
-2.577606141567230225e-01
-2.589132785797119141e-01
-2.597584724426269531e-01
-2.590290904045104980e-01
-2.587042748928070068e-01
-2.602573335170745850e-01
-2.608735263347625732e-01
-2.606756687164306641e-01
-2.598892450332641602e-01
-2.567826211452484131e-01
-2.608135342597961426e-01
-2.601456940174102783e-01
-2.602800130844116211e-01
-2.619091272354125977e-01
-2.605959475040435791e-01
-2.576532959938049316e-01
-2.603678107261657715e-01
-2.585659325122833252e-01
-2.586551904678344727e-01
-2.612203955650329590e-01
-2.600605785846710205e-01
-2.594082951545715332e-01
-2.609865665435791016e-01
-2.574878334999084473e-01
-2.609952986240386963e-01
-2.604469060897827148e-01
-2.600815296173095703e-01
-2.584131360054016113e-01
-2.615054249763488770e-01
-2.618188560009002686e-01
-2.627343237400054932e-01
-2.588778436183929443e-01
-2.633679807186126709e-01
-2.629548311233520508e-01
-2.612786591053009033e-01
-2.620012462139129639e-01
-2.605966925621032715e-01
-2.614610493183135986e-01
-2.630577981472015381e-01
-2.610946893692016602e-01
-2.605059146881103516e-01
-2.599704563617706299e-01
-2.592775225639343262e-01
-2.608596682548522949e-01
-2.612872421741485596e-01
-2.597472965717315674e-01
-2.596154808998107910e-01
-2.627056241035461426e-01
-2.595075666904449463e-01
-2.603662610054016113e-01
-2.601489722728729248e-01
-2.627766728401184082e-01
-2.632838785648345947e-01
-2.605123817920684814e-01
-2.627590596675872803e-01
-2.602888941764831543e-01
-2.613328993320465088e-01
-2.611922323703765869e-01
-2.599275410175323486e-01
-2.612527608871459961e-01
-2.627690434455871582e-01
-2.614827156066894531e-01
-2.628141641616821289e-01
-2.639819383621215820e-01
-2.609238326549530029e-01
-2.643798887729644775e-01
-2.616561055183410645e-01
-2.628071904182434082e-01
-2.616451382637023926e-01
-2.594034969806671143e-01
-2.627165615558624268e-01
-2.591844499111175537e-01
-2.636108398437500000e-01
-2.604794502258300781e-01
-2.601603269577026367e-01
-2.603431940078735352e-01
-2.636969387531280518e-01
-2.630488872528076172e-01
-2.633782923221588135e-01
-2.639373540878295898e-01
-2.638187706470489502e-01
-2.584826052188873291e-01
-2.632378637790679932e-01
-2.636173069477081299e-01
-2.625921666622161865e-01
-2.614818513393402100e-01
-2.640888094902038574e-01
-2.646868824958801270e-01
-2.623344361782073975e-01
-2.661191523075103760e-01
-2.634671032428741455e-01
-2.625900208950042725e-01
-2.629832327365875244e-01
-2.611776292324066162e-01
-2.630384564399719238e-01
-2.622084915637969971e-01
-2.638506591320037842e-01
-2.641685903072357178e-01
-2.632371187210083008e-01
-2.633883655071258545e-01
-2.612004280090332031e-01
-2.633364796638488770e-01
-2.616080641746520996e-01
-2.645885050296783447e-01
-2.643074393272399902e-01
-2.629046738147735596e-01
-2.648186981678009033e-01
-2.663691043853759766e-01
-2.632245719432830811e-01
-2.608729898929595947e-01
-2.627176940441131592e-01
-2.628449797630310059e-01
-2.650894820690155029e-01
-2.658571898937225342e-01
-2.645335793495178223e-01
-2.632731795310974121e-01
-2.639666199684143066e-01
-2.646602094173431396e-01
-2.638109028339385986e-01
-2.619931399822235107e-01
-2.626104056835174561e-01
-2.616502642631530762e-01
-2.643359899520874023e-01
-2.640973925590515137e-01
-2.652111947536468506e-01
-2.658856809139251709e-01
-2.652734518051147461e-01
-2.629356682300567627e-01
-2.648693025112152100e-01
-2.637769281864166260e-01
-2.622048258781433105e-01
-2.644289433956146240e-01
-2.645620107650756836e-01
-2.668278813362121582e-01
-2.651048600673675537e-01
-2.643638253211975098e-01
-2.665228843688964844e-01
-2.664630115032196045e-01
-2.649440169334411621e-01
-2.650147378444671631e-01
-2.644142806529998779e-01
-2.658953368663787842e-01
-2.650909721851348877e-01
-2.653814554214477539e-01
-2.658168375492095947e-01
-2.646972537040710449e-01
-2.643067538738250732e-01
-2.640762627124786377e-01
-2.652017772197723389e-01
-2.672687470912933350e-01
-2.645125687122344971e-01
-2.679997682571411133e-01
-2.651374638080596924e-01
-2.637571394443511963e-01
-2.654848694801330566e-01
-2.669562399387359619e-01
-2.668534517288208008e-01
-2.645935714244842529e-01
-2.657990753650665283e-01
-2.655377089977264404e-01
-2.646189332008361816e-01
-2.679517865180969238e-01
-2.673275768756866455e-01
-2.658960521221160889e-01
-2.649688720703125000e-01
-2.660335600376129150e-01
-2.650354504585266113e-01
-2.678123116493225098e-01
-2.658404707908630371e-01
-2.666371464729309082e-01
-2.652086019515991211e-01
-2.660119533538818359e-01
-2.659362256526947021e-01
-2.664261162281036377e-01
-2.665163576602935791e-01
-2.662387490272521973e-01
-2.645089626312255859e-01
-2.664845585823059082e-01
-2.671853899955749512e-01
-2.659453451633453369e-01
-2.649777233600616455e-01
-2.652416825294494629e-01
-2.674484848976135254e-01
-2.650995254516601562e-01
-2.675877809524536133e-01
-2.652840316295623779e-01
-2.651043236255645752e-01
-2.675395607948303223e-01
-2.661298811435699463e-01
-2.688184082508087158e-01
-2.669058144092559814e-01
-2.650482058525085449e-01
-2.675218284130096436e-01
-2.666608691215515137e-01
-2.639956474304199219e-01
-2.653271853923797607e-01
-2.646610438823699951e-01
-2.659828960895538330e-01
-2.672186195850372314e-01
-2.681461572647094727e-01
-2.655272781848907471e-01
-2.677651345729827881e-01
-2.666232287883758545e-01
-2.664321064949035645e-01
-2.666289806365966797e-01
-2.662591040134429932e-01
-2.691697478294372559e-01
-2.670484185218811035e-01
-2.671951949596405029e-01
-2.675821483135223389e-01
-2.695410847663879395e-01
-2.683065831661224365e-01
-2.665312588214874268e-01
-2.687274217605590820e-01
-2.671555280685424805e-01
-2.691605687141418457e-01
-2.686322927474975586e-01
-2.678749859333038330e-01
-2.666663229465484619e-01
-2.672407925128936768e-01
-2.666645646095275879e-01
-2.687859535217285156e-01
-2.707235217094421387e-01
-2.654358148574829102e-01
-2.685850560665130615e-01
-2.700000107288360596e-01
-2.665883004665374756e-01
-2.681504189968109131e-01
-2.685208320617675781e-01
-2.654964923858642578e-01
-2.687125802040100098e-01
-2.668936848640441895e-01
-2.700534462928771973e-01
-2.671935558319091797e-01
-2.688092589378356934e-01
-2.706698775291442871e-01
-2.673737406730651855e-01
-2.698239684104919434e-01
-2.727142274379730225e-01
-2.693671882152557373e-01
-2.686094939708709717e-01
-2.678729593753814697e-01
-2.683166861534118652e-01
-2.680114805698394775e-01
-2.715093493461608887e-01
-2.702677547931671143e-01
-2.676290273666381836e-01
-2.703829109668731689e-01
-2.672454118728637695e-01
-2.691136598587036133e-01
-2.691826820373535156e-01
-2.704930603504180908e-01
-2.686778008937835693e-01
-2.703658938407897949e-01
-2.717555165290832520e-01
-2.709382176399230957e-01
-2.682634890079498291e-01
-2.702809870243072510e-01
-2.687500119209289551e-01
-2.696071863174438477e-01
-2.714653313159942627e-01
-2.697895467281341553e-01
-2.709118723869323730e-01
-2.705063521862030029e-01
-2.710690200328826904e-01
-2.725028097629547119e-01
-2.718396186828613281e-01
-2.724317610263824463e-01
-2.690746486186981201e-01
-2.699967920780181885e-01
-2.683465182781219482e-01
-2.708379924297332764e-01
-2.702460587024688721e-01
-2.691756784915924072e-01
-2.705589532852172852e-01
-2.717759907245635986e-01
-2.707662880420684814e-01
-2.695275247097015381e-01
-2.695333957672119141e-01
-2.693302929401397705e-01
-2.725736200809478760e-01
-2.700812220573425293e-01
-2.703309655189514160e-01
-2.715704143047332764e-01
-2.717373669147491455e-01
-2.704990804195404053e-01
-2.705921828746795654e-01
-2.713832259178161621e-01
-2.741179168224334717e-01
-2.706059515476226807e-01
-2.718433737754821777e-01
-2.701978683471679688e-01
-2.713381648063659668e-01
-2.716198563575744629e-01
-2.725858688354492188e-01
-2.737811505794525146e-01
-2.744115591049194336e-01
-2.718624174594879150e-01
-2.709073424339294434e-01
-2.730640172958374023e-01
-2.728717625141143799e-01
-2.726068496704101562e-01
-2.719435691833496094e-01
-2.731547653675079346e-01
-2.697242498397827148e-01
-2.715990543365478516e-01
-2.730914056301116943e-01
-2.704133391380310059e-01
-2.731280326843261719e-01
-2.703680992126464844e-01
-2.726452648639678955e-01
-2.715774476528167725e-01
-2.713963091373443604e-01
-2.738688886165618896e-01
-2.726510763168334961e-01
-2.725529968738555908e-01
-2.703768014907836914e-01
-2.733417451381683350e-01
-2.734090387821197510e-01
-2.722246050834655762e-01
-2.737839818000793457e-01
-2.708285152912139893e-01
-2.733179926872253418e-01
-2.720248401165008545e-01
-2.710680663585662842e-01
-2.742396295070648193e-01
-2.714661359786987305e-01
-2.726393938064575195e-01
-2.731086611747741699e-01
-2.730127573013305664e-01
-2.727672457695007324e-01
-2.729261517524719238e-01
-2.728148996829986572e-01
-2.745097577571868896e-01
-2.722029983997344971e-01
-2.731783986091613770e-01
-2.757382094860076904e-01
-2.722803950309753418e-01
-2.699932157993316650e-01
-2.743515074253082275e-01
-2.698987722396850586e-01
-2.715079784393310547e-01
-2.746549546718597412e-01
-2.726493775844573975e-01
-2.727050185203552246e-01
-2.763350009918212891e-01
-2.712866067886352539e-01
-2.714948654174804688e-01
-2.732295393943786621e-01
-2.729785442352294922e-01
-2.727439105510711670e-01
-2.732987999916076660e-01
-2.749058902263641357e-01
-2.752226293087005615e-01
-2.740204334259033203e-01
-2.738251388072967529e-01
-2.721221745014190674e-01
-2.732040286064147949e-01
-2.746433615684509277e-01
-2.758072018623352051e-01
-2.743213772773742676e-01
-2.738290429115295410e-01
-2.730758786201477051e-01
-2.755020856857299805e-01
-2.740134298801422119e-01
-2.729998826980590820e-01
-2.732138633728027344e-01
-2.725333273410797119e-01
-2.751647233963012695e-01
-2.771734595298767090e-01
-2.721791267395019531e-01
-2.760676145553588867e-01
-2.730634212493896484e-01
-2.728527188301086426e-01
-2.745278179645538330e-01
-2.749040722846984863e-01
-2.728253304958343506e-01
-2.729537487030029297e-01
-2.765977680683135986e-01
-2.747038304805755615e-01
-2.784397006034851074e-01
-2.737029790878295898e-01
-2.747965157032012939e-01
-2.724229693412780762e-01
-2.741079032421112061e-01
-2.761268317699432373e-01
-2.737500071525573730e-01
-2.751923799514770508e-01
-2.741157710552215576e-01
-2.758201956748962402e-01
-2.741955220699310303e-01
-2.735165953636169434e-01
-2.741055786609649658e-01
-2.727503776550292969e-01
-2.775270938873291016e-01
-2.739174664020538330e-01
-2.750476002693176270e-01
-2.737861871719360352e-01
-2.741936743259429932e-01
-2.741455137729644775e-01
-2.741200029850006104e-01
-2.767193317413330078e-01
-2.745927572250366211e-01
-2.773687243461608887e-01
-2.746631503105163574e-01
-2.774246931076049805e-01
-2.746400833129882812e-01
-2.741501927375793457e-01
-2.741534411907196045e-01
-2.743793427944183350e-01
-2.758624553680419922e-01
-2.768848240375518799e-01
-2.752209901809692383e-01
-2.744359672069549561e-01
-2.785367369651794434e-01
-2.780011296272277832e-01
-2.738569676876068115e-01
-2.770306468009948730e-01
-2.759222984313964844e-01
-2.743717133998870850e-01
-2.746161520481109619e-01
-2.758734226226806641e-01
-2.783155441284179688e-01
-2.762144505977630615e-01
-2.760308086872100830e-01
-2.743115425109863281e-01
-2.744657397270202637e-01
-2.748149335384368896e-01
-2.787423133850097656e-01
-2.743766009807586670e-01
-2.770429849624633789e-01
-2.752609848976135254e-01
-2.793709337711334229e-01
-2.751858532428741455e-01
-2.769030928611755371e-01
-2.740071117877960205e-01
-2.754440307617187500e-01
-2.770675122737884521e-01
-2.779858112335205078e-01
-2.771125435829162598e-01
-2.805810570716857910e-01
-2.762779593467712402e-01
-2.759724855422973633e-01
-2.768570482730865479e-01
-2.762794792652130127e-01
-2.767811715602874756e-01
-2.778736054897308350e-01
-2.771840989589691162e-01
-2.765590548515319824e-01
-2.781924903392791748e-01
-2.755828797817230225e-01
-2.800955474376678467e-01
-2.798279225826263428e-01
-2.774996459484100342e-01
-2.787533998489379883e-01
-2.770711779594421387e-01
-2.785929441452026367e-01
-2.783489525318145752e-01
-2.766086459159851074e-01
-2.764074206352233887e-01
-2.787078320980072021e-01
-2.793070077896118164e-01
-2.787048518657684326e-01
-2.777901291847229004e-01
-2.768774628639221191e-01
-2.779637873172760010e-01
-2.780190110206604004e-01
-2.802543342113494873e-01
-2.771149575710296631e-01
-2.799592316150665283e-01
-2.759650945663452148e-01
-2.776092588901519775e-01
-2.776430547237396240e-01
-2.772584855556488037e-01
-2.769214510917663574e-01
-2.782954573631286621e-01
-2.803569436073303223e-01
-2.764917612075805664e-01
-2.762443125247955322e-01
-2.770453989505767822e-01
-2.781801223754882812e-01
-2.785975337028503418e-01
-2.780894935131072998e-01
-2.770398557186126709e-01
-2.785819768905639648e-01
-2.813079953193664551e-01
-2.754161655902862549e-01
-2.780168354511260986e-01
-2.797560393810272217e-01
-2.778972685337066650e-01
-2.768901288509368896e-01
-2.774491012096405029e-01
-2.774818539619445801e-01
-2.790984809398651123e-01
-2.800231873989105225e-01
-2.822235822677612305e-01
-2.788636982440948486e-01
-2.800805866718292236e-01
-2.844722568988800049e-01
-2.807982563972473145e-01
-2.784238457679748535e-01
-2.788599133491516113e-01
-2.792059779167175293e-01
-2.773727476596832275e-01
-2.790375947952270508e-01
-2.784335613250732422e-01
-2.810811102390289307e-01
-2.781242132186889648e-01
-2.773718535900115967e-01
-2.802493274211883545e-01
-2.773544788360595703e-01
-2.796191275119781494e-01
-2.780785858631134033e-01
-2.795813083648681641e-01
-2.807158231735229492e-01
-2.787476778030395508e-01
-2.781691849231719971e-01
-2.795712351799011230e-01
-2.795099318027496338e-01
-2.757729589939117432e-01
-2.818262577056884766e-01
-2.761561274528503418e-01
-2.792346477508544922e-01
-2.807245552539825439e-01
-2.802972793579101562e-01
-2.784017324447631836e-01
-2.802508473396301270e-01
-2.796723544597625732e-01
-2.800237238407135010e-01
-2.811167836189270020e-01
-2.797601819038391113e-01
-2.765966653823852539e-01
-2.785843610763549805e-01
-2.771477103233337402e-01
-2.801915407180786133e-01
-2.808368206024169922e-01
-2.815261185169219971e-01
-2.802686691284179688e-01
-2.829251587390899658e-01
-2.790898978710174561e-01
-2.800244092941284180e-01
-2.832439839839935303e-01
-2.767494618892669678e-01
-2.818016409873962402e-01
-2.821353077888488770e-01
-2.812579870223999023e-01
-2.811183333396911621e-01
-2.798806726932525635e-01
-2.807143628597259521e-01
-2.805681824684143066e-01
-2.799342274665832520e-01
-2.802617549896240234e-01
-2.774905860424041748e-01
-2.822177112102508545e-01
-2.812946140766143799e-01
-2.808029055595397949e-01
-2.824324965476989746e-01
-2.788332104682922363e-01
-2.825004756450653076e-01
-2.803574204444885254e-01
-2.813540697097778320e-01
-2.814418077468872070e-01
-2.785436213016510010e-01
-2.803386449813842773e-01
-2.801134288311004639e-01
-2.814331054687500000e-01
-2.810830771923065186e-01
-2.822794318199157715e-01
-2.817455828189849854e-01
-2.808304727077484131e-01
-2.817557454109191895e-01
-2.834869623184204102e-01
-2.823531031608581543e-01
-2.803378403186798096e-01
-2.832384407520294189e-01
-2.810543179512023926e-01
-2.805705666542053223e-01
-2.791219949722290039e-01
-2.813084125518798828e-01
-2.815369963645935059e-01
-2.806353271007537842e-01
-2.800560891628265381e-01
-2.815643846988677979e-01
-2.805193364620208740e-01
-2.803517282009124756e-01
-2.817615270614624023e-01
-2.835769653320312500e-01
-2.830156385898590088e-01
-2.821002900600433350e-01
-2.837292551994323730e-01
-2.818808853626251221e-01
-2.834155857563018799e-01
-2.841032147407531738e-01
-2.837699055671691895e-01
-2.832671701908111572e-01
-2.843331396579742432e-01
-2.819469571113586426e-01
-2.818585038185119629e-01
-2.811697125434875488e-01
-2.777515947818756104e-01
-2.820096313953399658e-01
-2.820830047130584717e-01
-2.858725488185882568e-01
-2.829004228115081787e-01
-2.812391221523284912e-01
-2.803749740123748779e-01
-2.827180922031402588e-01
-2.825998663902282715e-01
-2.809077799320220947e-01
-2.826492190361022949e-01
-2.837401330471038818e-01
-2.825554907321929932e-01
-2.804174125194549561e-01
-2.839283347129821777e-01
-2.822649180889129639e-01
-2.818694412708282471e-01
-2.830718457698822021e-01
-2.837257683277130127e-01
-2.826940715312957764e-01
-2.849013507366180420e-01
-2.843542098999023438e-01
-2.825275957584381104e-01
-2.805009782314300537e-01
-2.829212546348571777e-01
-2.832855582237243652e-01
-2.840339243412017822e-01
-2.820571362972259521e-01
-2.816404402256011963e-01
-2.816833257675170898e-01
-2.831207811832427979e-01
-2.819927334785461426e-01
-2.835283875465393066e-01
-2.822458446025848389e-01
-2.838594317436218262e-01
-2.832924723625183105e-01
-2.831756472587585449e-01
-2.834182083606719971e-01
-2.831128239631652832e-01
-2.854508161544799805e-01
-2.840081155300140381e-01
-2.823594212532043457e-01
-2.833932638168334961e-01
-2.838509678840637207e-01
-2.834830880165100098e-01
-2.813856899738311768e-01
-2.840318977832794189e-01
-2.829133868217468262e-01
-2.831396460533142090e-01
-2.826449275016784668e-01
-2.832185029983520508e-01
-2.832116186618804932e-01
-2.843573689460754395e-01
-2.861770987510681152e-01
-2.844583392143249512e-01
-2.827853262424468994e-01
-2.846572995185852051e-01
-2.814766168594360352e-01
-2.840430438518524170e-01
-2.825409770011901855e-01
-2.837689518928527832e-01
-2.831687033176422119e-01
-2.837439775466918945e-01
-2.827188670635223389e-01
-2.826194763183593750e-01
-2.859138846397399902e-01
-2.825546264648437500e-01
-2.848349809646606445e-01
-2.850385010242462158e-01
-2.826701700687408447e-01
-2.845933139324188232e-01
-2.837279736995697021e-01
-2.857385873794555664e-01
-2.856713235378265381e-01
-2.837066650390625000e-01
-2.838692069053649902e-01
-2.859179079532623291e-01
-2.845899462699890137e-01
-2.820526063442230225e-01
-2.844528257846832275e-01
-2.863088846206665039e-01
-2.834852933883666992e-01
-2.838118672370910645e-01
-2.849093675613403320e-01
-2.817730009555816650e-01
-2.843563556671142578e-01
-2.838756442070007324e-01
-2.847008109092712402e-01
-2.850253283977508545e-01
-2.846119999885559082e-01
-2.845786809921264648e-01
-2.844832241535186768e-01
-2.823737859725952148e-01
-2.839319407939910889e-01
-2.821896374225616455e-01
-2.858364284038543701e-01
-2.856113910675048828e-01
-2.826820611953735352e-01
-2.851119339466094971e-01
-2.818779945373535156e-01
-2.853263020515441895e-01
-2.834575772285461426e-01
-2.848553359508514404e-01
-2.844966948032379150e-01
-2.845876216888427734e-01
-2.855174541473388672e-01
-2.865228056907653809e-01
-2.839471399784088135e-01
-2.863518595695495605e-01
-2.854409515857696533e-01
-2.819757163524627686e-01
-2.850314378738403320e-01
-2.826936542987823486e-01
-2.850599288940429688e-01
-2.846181690692901611e-01
-2.851903736591339111e-01
-2.831504642963409424e-01
-2.871870696544647217e-01
-2.857445776462554932e-01
-2.851878106594085693e-01
-2.849977314472198486e-01
-2.854419052600860596e-01
-2.856346964836120605e-01
-2.848161756992340088e-01
-2.866346538066864014e-01
-2.856232225894927979e-01
-2.850683033466339111e-01
-2.857599258422851562e-01
-2.832429111003875732e-01
-2.841725349426269531e-01
-2.869846820831298828e-01
-2.860766053199768066e-01
-2.850097715854644775e-01
-2.851675450801849365e-01
-2.844987213611602783e-01
-2.849874794483184814e-01
-2.868180572986602783e-01
-2.857182621955871582e-01
-2.840278446674346924e-01
-2.875169515609741211e-01
-2.834484875202178955e-01
-2.844482362270355225e-01
-2.849415838718414307e-01
-2.868700921535491943e-01
-2.857473790645599365e-01
-2.859326004981994629e-01
-2.817838788032531738e-01
-2.866313457489013672e-01
-2.889750897884368896e-01
-2.861542999744415283e-01
-2.873163223266601562e-01
-2.854753136634826660e-01
-2.859639525413513184e-01
-2.878643870353698730e-01
-2.853630483150482178e-01
-2.878701686859130859e-01
-2.871792614459991455e-01
-2.850841581821441650e-01
-2.867419421672821045e-01
-2.844811975955963135e-01
-2.846544981002807617e-01
-2.872017621994018555e-01
-2.835415601730346680e-01
-2.886868417263031006e-01
-2.861486673355102539e-01
-2.853282392024993896e-01
-2.860336899757385254e-01
-2.840573191642761230e-01
-2.849529385566711426e-01
-2.864477634429931641e-01
-2.868536412715911865e-01
-2.864877581596374512e-01
-2.869981825351715088e-01
-2.856411337852478027e-01
-2.845796942710876465e-01
-2.864731550216674805e-01
-2.868011295795440674e-01
-2.854608297348022461e-01
