8.074792755974663505e-01
1.674953831566704521e-01
-1.468724409739176340e-01
-2.487161689334445591e-01
-2.434895833333333426e-01
-2.025636964374118443e-01
-1.714767747455173130e-01
-1.586939758724636440e-01
-1.527129146787855329e-01
-1.572903129789564314e-01
-1.642867459191216239e-01
-1.782274908489651088e-01
-1.911710500717163086e-01
-2.067881690131293526e-01
-2.244161499871147880e-01
-2.406919002532958984e-01
-2.535824775695800781e-01
-2.634110185835096818e-01
-2.676398754119873047e-01
-2.659601900312635880e-01
-2.576884163750542411e-01
-2.532784144083659039e-01
-2.507370313008626117e-01
-2.583215501573350448e-01
-2.597875860002305526e-01
-2.652974128723144531e-01
-2.729434437221950893e-01
-2.715673181745741349e-01
-2.737192842695448380e-01
-2.738163471221923828e-01
-2.708541022406684151e-01
-2.708510822719997768e-01
-2.706073390112982979e-01
-2.696160210503472099e-01
-2.753911283281114120e-01
-2.714754740397135602e-01
-2.758578459421793805e-01
-2.794704967074924107e-01
-2.809548113081190568e-01
-2.803357707129584542e-01
-2.856292989518907088e-01
-2.826679812537299386e-01
-2.825443479749891740e-01
-2.829306655459933872e-01
-2.832987838321261997e-01
-2.806448671552870255e-01
-2.834502061208089008e-01
-2.830079661475287667e-01
-2.871645556555854073e-01
-2.855136659410264510e-01
-2.851936552259657365e-01
-2.874530156453450336e-01
-2.882423930697970982e-01
-2.886311478084988003e-01
-2.901054488288031807e-01
-2.881582048204209823e-01
-2.895087401072184430e-01
-2.922173341115315570e-01
-2.921382851070827846e-01
-2.912085851033528461e-01
-2.908739778730604630e-01
-2.919017473856608258e-01
-2.916202280256483537e-01
-2.972794373830159320e-01
-2.943061987559000836e-01
-2.941251065995957870e-01
-2.902608977423773995e-01
-2.954161696963840122e-01
-2.936419381035698661e-01
-2.915657626258002511e-01
-2.936189439561631698e-01
-2.933682070838080636e-01
-2.936569584740532646e-01
-2.950065400865342635e-01
-2.955724398295084820e-01
-2.934207916259765625e-01
-2.973506715562608260e-01
-2.929914262559678573e-01
-2.938896550072563896e-01
-2.948669062720404854e-01
-2.953980233934190291e-01
-2.956327597300211774e-01
-2.982642120785183315e-01
-2.925500604841444474e-01
-2.904056178198920479e-01
-2.963866657680935268e-01
-2.946585284339057198e-01
-2.953034241994221820e-01
-2.954581048753526229e-01
-2.947198284996880302e-01
-2.932474083370632534e-01
-2.933248678843180524e-01
-2.955494191911485213e-01
-2.954477998945448380e-01
-2.922974427541096820e-01
-2.982127931382920760e-01
-2.979580031500922432e-01
-2.990479469299316406e-01
-2.967901494767930526e-01
-2.999136977725558872e-01
-2.947232988145616073e-01
-2.958151764339870815e-01
-2.970869541168212891e-01
-2.962416277991400948e-01
-2.966201570298936385e-01
-2.924818197886149274e-01
-2.924525737762451172e-01
-2.989417446984184989e-01
-2.978180249532063617e-01
-2.956190903981526508e-01
-2.943809032440185547e-01
-2.993528578016493302e-01
-3.000228404998779297e-01
-2.987470097011989956e-01
-2.963840696546766740e-01
-2.985556920369465961e-01
-2.979704274071587333e-01
-2.969879044426811943e-01
-2.992961141798231584e-01
-2.978553507063124162e-01
-2.960860994127061385e-01
-2.945994536081950055e-01
-2.929740746815999164e-01
-2.994589275783962612e-01
-2.975521352556016463e-01
-3.003934489356147042e-01
-2.971742153167724609e-01
-2.971341609954833984e-01
-2.987011803521050224e-01
-2.978436152140299664e-01
-2.991535398695204240e-01
-3.004614247216118583e-01
-2.966072294447157365e-01
-2.992657555474175224e-01
-2.997328970167372209e-01
-2.971617910597059709e-01
-2.975924544864230747e-01
-2.969892554812961216e-01
-2.968982325659857979e-01
-3.013957871331108818e-01
-3.024430804782443638e-01
-3.001449108123779297e-01
-3.048574129740397320e-01
-3.017727269066704521e-01
-3.021194934844970703e-01
-3.000332249535454521e-01
-2.999965349833170758e-01
-2.983396318223741073e-01
-3.036666181352403182e-01
-3.034298155042860490e-01
-3.024136225382487164e-01
-3.011253145005967635e-01
-3.023938337961832867e-01
-3.036165237426757812e-01
-2.994014157189263114e-01
-2.994338141547309151e-01
-3.005958928002251396e-01
-2.997210290696885604e-01
-3.012900352478027344e-01
-3.016099664900038224e-01
-3.008166419135199776e-01
-3.001822895473904018e-01
-3.019650512271457310e-01
-3.030891948276095982e-01
-3.055031034681532365e-01
-3.021668857998318081e-01
-3.038927449120415458e-01
-3.037615617116292133e-01
-3.030000527699788226e-01
-3.007010618845621930e-01
-3.031170633104112166e-01
-3.063834508260090961e-01
-3.027460310194227677e-01
-3.041598267025417690e-01
-3.074137634701198940e-01
-3.069738547007243024e-01
-3.062761359744601841e-01
-3.026369942559136161e-01
-3.070993688371446151e-01
-3.079115549723307477e-01
-3.071304692162407646e-01
-3.023525344000922432e-01
-3.054999510447184430e-01
-3.070350223117404576e-01
-3.041067388322618026e-01
-3.054984145694308872e-01
-3.034509817759196149e-01
-3.081694708930121651e-01
-3.101069397396511440e-01
-3.063720597161186943e-01
-3.074280420939127789e-01
-3.094717926449245815e-01
-3.097332848442925224e-01
-3.096889124976264229e-01
-3.099584314558241349e-01
-3.087836371527777901e-01
-3.121024767557780133e-01
-3.088535467783610211e-01
-3.105920420752631417e-01
-3.116087913513183594e-01
-3.121940294901530133e-01
-3.137735790676540737e-01
-3.144698407914903182e-01
-3.135071065690782088e-01
-3.152466350131564732e-01
-3.140308062235514508e-01
-3.155338234371609096e-01
-3.123338222503662109e-01
-3.143618901570637836e-01
-3.176783985561794643e-01
-3.171000480651855469e-01
-3.177832497490776786e-01
-3.178430928124321708e-01
-3.179379039340549107e-01
-3.196899096171061383e-01
-3.188255892859565011e-01
-3.195493751102023716e-01
-3.197772237989637834e-01
-3.183386060926649552e-01
-3.191536002688937779e-01
-3.208259476555718193e-01
-3.179050551520453682e-01
-3.184783458709716797e-01
-3.230753739674885883e-01
-3.213753965165879745e-01
-3.218309614393446427e-01
-3.179646862877739677e-01
-3.220825195312500000e-01
-3.222789234585232143e-01
-3.213688532511393414e-01
-3.245007726881239396e-01
-3.224335511525471820e-01
-3.211403422885470982e-01
-3.240342934926350726e-01
-3.233424557579888114e-01
-3.237198988596598492e-01
-3.216704262627495536e-01
-3.239599068959553851e-01
-3.240346643659803849e-01
-3.253516356150309430e-01
-3.228511280483669643e-01
-3.232582939995659599e-01
-3.231470055050320034e-01
-3.231019443935818081e-01
-3.285009860992431641e-01
-3.217496871948242188e-01
-3.233767085605197544e-01
-3.249040974511040458e-01
-3.245618608262803573e-01
-3.253014087677001953e-01
-3.246632946862114677e-01
-3.250253995259602680e-01
-3.265589078267415180e-01
-3.268907864888508930e-01
-3.236217233869764787e-01
-3.280288643307155971e-01
-3.244915803273518695e-01
-3.243472311231825334e-01
-3.231157196892632255e-01
-3.283211919996473771e-01
-3.238906330532497768e-01
-3.263964123196071987e-01
-3.247604635026719588e-01
-3.273304568396674386e-01
-3.251436286502414341e-01
-3.247605164845784320e-01
-3.271127276950412388e-01
-3.248640166388617745e-01
-3.233271969689263114e-01
-3.247196674346923828e-01
-3.255028989579942245e-01
-3.244537512461344586e-01
-3.265183766682942523e-01
-3.289132912953694476e-01
-3.244673940870497209e-01
-3.215460512373182755e-01
-3.253235022226969586e-01
-3.259997367858886719e-01
-3.250186708238389510e-01
-3.273758623335096818e-01
-3.255074554019504185e-01
-3.254435857137044086e-01
-3.267394701639811383e-01
-3.281257682376437779e-01
-3.276859654320610771e-01
-3.251141442192925224e-01
-3.248005708058674945e-01
-3.260844813452826729e-01
-3.277439276377360211e-01
-3.265071180131700057e-01
-3.271098401811387557e-01
-3.283699618445502511e-01
-3.299363189273410435e-01
-3.281491862403022042e-01
-3.274167643653022042e-01
-3.280226919386122209e-01
-3.282921579149034041e-01
-3.277561664581298828e-01
-3.276815414428710938e-01
-3.290735615624321708e-01
-3.273443910810682755e-01
-3.279351658291286831e-01
-3.282225926717122211e-01
-3.280851311153835659e-01
-3.281273841857910156e-01
-3.300062020619710101e-01
-3.269490665859646206e-01
-3.308447466956244698e-01
-3.293456766340467912e-01
-3.323147031995985490e-01
-3.322787019941542130e-01
-3.325627379947238560e-01
-3.313354386223686943e-01
-3.342697355482313615e-01
-3.353221946292453404e-01
-3.319790098402235490e-01
-3.317123519049750557e-01
-3.326884905497233258e-01
-3.330526616838243026e-01
-3.350377612643771763e-01
-3.354088465372721539e-01
-3.345164193047417411e-01
-3.374473518795437221e-01
-3.348419931199815291e-01
-3.362449010213215961e-01
-3.345730569627549666e-01
-3.352610535091823940e-01
-3.356847233242458706e-01
-3.364541795518662948e-01
-3.346584637959797992e-01
-3.358674579196506138e-01
-3.373405933380126953e-01
-3.365205393897162667e-01
-3.380733860863579521e-01
-3.374475108252631417e-01
-3.386516041225857143e-01
-3.366456561618381138e-01
-3.381982114579942245e-01
-3.365023136138916016e-01
-3.378654585944281807e-01
-3.409835762447780971e-01
-3.381501833597819195e-01
-3.383380042182074776e-01
-3.371878465016682758e-01
-3.392726845211452846e-01
-3.399841520521376115e-01
-3.360577159457736607e-01
-3.365506066216362724e-01
-3.393077850341796875e-01
-3.380119270748562221e-01
-3.379121886359320870e-01
-3.365858395894368305e-01
-3.393757078382704240e-01
-3.384883138868544084e-01
-3.396932019127739677e-01
-3.383911715613471261e-01
-3.394040266672770367e-01
-3.400485250684950334e-01
-3.393011622958713169e-01
-3.390039073096381417e-01
-3.385119967990451451e-01
-3.380463123321533203e-01
-3.411226007673475724e-01
-3.370786507924397601e-01
-3.411617543962266463e-01
-3.400347232818603516e-01
-3.386202388339572544e-01
-3.401554955376518974e-01
-3.387210104200575334e-01
-3.390126493242051620e-01
-3.397379451327853794e-01
-3.406916724310981026e-01
-3.415792253282334823e-01
-3.407796223958333148e-01
-3.400664859347873326e-01
-3.415612909528944474e-01
-3.406537903679741630e-01
-3.372653590308295479e-01
-3.426018291049533482e-01
-3.405415217081705914e-01
-3.389523294236924666e-01
-3.414710362752278461e-01
-3.410526911417643414e-01
-3.411150508456760044e-01
-3.393818537394205914e-01
-3.423765765296088448e-01
-3.417212433285183315e-01
-3.428066306644015904e-01
-3.405980798933241349e-01
-3.411634233262803573e-01
-3.412236902448866349e-01
-3.413743707868788224e-01
-3.402200010087754745e-01
-3.421126471625434151e-01
-3.418515523274739398e-01
-3.392092121971977958e-01
-3.399328655666775112e-01
-3.412500487433539620e-01
-3.386706776089138393e-01
-3.411975966559516182e-01
-3.412513468000624162e-01
-3.409709665510389787e-01
-3.423301378885905133e-01
-3.412512938181559430e-01
-3.430749310387505302e-01
-3.408651881747775669e-01
-3.421376281314426060e-01
-3.409428596496582031e-01
-3.420559300316704521e-01
-3.419606950547959823e-01
-3.414472209082709542e-01
-3.399972120920817242e-01
-3.419089582231309432e-01
-3.418807983398437500e-01
-3.444009357028537388e-01
-3.410149680243598214e-01
-3.409003416697184430e-01
-3.422320418887668247e-01
-3.427549468146430245e-01
-3.424111207326253070e-01
-3.415691852569580078e-01
-3.423390388488769531e-01
-3.422474596235487443e-01
-3.426031536526150112e-01
-3.421057860056559430e-01
-3.445493380228678570e-01
-3.407623238033718471e-01
-3.433713648054335099e-01
-3.423802852630615234e-01
-3.410119480556911831e-01
-3.440950976477729073e-01
-3.436697589026557198e-01
-3.423504299587673549e-01
-3.423374493916829242e-01
-3.425193097856309432e-01
-3.430056307050917130e-01
-3.434891170925564174e-01
-3.429553508758544922e-01
-3.424880769517686385e-01
-3.415358066558837891e-01
-3.426432344648573380e-01
-3.428162468804253349e-01
-3.435112900204128628e-01
-3.430112202962239398e-01
-3.455763128068711776e-01
-3.442296981811523438e-01
-3.454296323988172990e-01
-3.449514971839057198e-01
-3.439713054233127232e-01
-3.435908423529731026e-01
-3.423428005642361049e-01
-3.436995877159966239e-01
-3.446393277910020370e-01
-3.431385623084174386e-01
-3.427416483561198102e-01
-3.442287180158827287e-01
-3.441186481051974888e-01
-3.438837793138291854e-01
-3.453416294521755581e-01
-3.447257677714030133e-01
-3.444206449720594865e-01
-3.449445035722520370e-01
-3.451690408918592912e-01
-3.462392224205864677e-01
-3.443432119157578963e-01
-3.446812629699707031e-01
-3.442533016204833984e-01
-3.459506829579671039e-01
-3.445738421546088448e-01
-3.439305623372395648e-01
-3.451686700185139789e-01
-3.437383174896240234e-01
-3.433977233039008370e-01
-3.450067043304443359e-01
-3.462590906355116349e-01
-3.438895278506808872e-01
-3.447261651357014789e-01
-3.459767500559489117e-01
-3.462297651502821427e-01
-3.447751733991835099e-01
-3.466117117140028459e-01
-3.462467988332112445e-01
-3.443400859832763672e-01
-3.466437127855088729e-01
-3.468151092529296875e-01
-3.476910856035020370e-01
-3.467602199978298549e-01
-3.461536301506890068e-01
-3.459714783562554130e-01
-3.449014292822943917e-01
-3.466577000088161831e-01
-3.427911334567599888e-01
-3.434234460194905414e-01
-3.466863632202148438e-01
-3.456494543287489396e-01
-3.458690908220078963e-01
-3.445017867618136997e-01
-3.472706741756863003e-01
-3.447032239702012557e-01
-3.461283577813042411e-01
-3.470427460140652065e-01
-3.453327814737955914e-01
-3.457926909128825055e-01
-3.471239937676323661e-01
-3.455688423580593471e-01
-3.440663019816080914e-01
-3.468647532992892857e-01
-3.471742206149631138e-01
-3.449918164147270927e-01
-3.479480743408203125e-01
-3.490315278371174945e-01
-3.460828463236491070e-01
-3.469803068372938615e-01
-3.475168281131320591e-01
-3.450537257724338169e-01
-3.469298945532904854e-01
-3.488994174533420201e-01
-3.468886216481526508e-01
-3.458820448981391182e-01
-3.495796786414252511e-01
-3.477674590216742745e-01
-3.489898575676811943e-01
-3.497067557440863839e-01
-3.489704396989610213e-01
-3.486835426754421596e-01
-3.500973118676079521e-01
-3.493931293487548828e-01
-3.506849341922336216e-01
-3.508375485738118305e-01
-3.493053383297390346e-01
-3.498379919264051896e-01
-3.505826261308457870e-01
-3.489507304297553292e-01
-3.502717283036973495e-01
-3.511309888627793807e-01
-3.507284058464897880e-01
-3.503295050726996651e-01
-3.501045174068874721e-01
-3.505342271592881698e-01
-3.528133233388264789e-01
-3.508629533979628068e-01
-3.509080410003662109e-01
-3.508691522810194474e-01
-3.522727224561903459e-01
-3.507255713144938336e-01
-3.522411187489827289e-01
-3.504179583655463448e-01
-3.525924417707655412e-01
-3.519574006398518695e-01
-3.523644871181911831e-01
-3.521440558963351841e-01
-3.544424904717339286e-01
-3.528314696417914620e-01
-3.523780504862467633e-01
-3.540466626485188617e-01
-3.516541322072346820e-01
-3.542431460486518136e-01
-3.531125121646457310e-01
-3.525396982828776227e-01
-3.549129698011610490e-01
-3.529164526197645646e-01
-3.521698051028781529e-01
-3.549986945258246651e-01
-3.504397339291042690e-01
-3.549403879377577287e-01
-3.538534641265869141e-01
-3.528079721662733537e-01
-3.524369663662380581e-01
-3.542073567708333148e-01
-3.550295564863417130e-01
-3.537726402282714844e-01
-3.548742930094401227e-01
-3.536839220258924943e-01
-3.526987234751383649e-01
-3.536918958028157367e-01
-3.539639314015706195e-01
-3.540856573316786271e-01
-3.553615411122639789e-01
-3.567288451724582310e-01
-3.540274567074245815e-01
-3.558184835645887834e-01
-3.557575543721516742e-01
-3.554634783003065568e-01
-3.553991317749023438e-01
-3.563310570187038784e-01
-3.553004264831542969e-01
-3.567758136325412388e-01
-3.561909728580051060e-01
-3.558362589942084542e-01
-3.571672174665663224e-01
-3.557770517137315291e-01
-3.566237555609809151e-01
-3.560610082414414901e-01
-3.565210501352946149e-01
-3.560136689080132255e-01
-3.556145562065972099e-01
-3.575960795084635602e-01
-3.566442330678303851e-01
-3.556627962324354630e-01
-3.551190164354112166e-01
-3.565033541785346261e-01
-3.542747762468125838e-01
-3.582556247711181641e-01
-3.570519288380940570e-01
-3.568666511111789341e-01
-3.573286798265244979e-01
-3.558387226528591518e-01
-3.566216892666286831e-01
-3.587418132358127232e-01
-3.573593828413221818e-01
-3.570357958475748883e-01
-3.581905364990234375e-01
-3.573723898993598214e-01
-3.586300743950737724e-01
-3.569116062588161831e-01
-3.580347696940104352e-01
-3.583527406056721820e-01
-3.575718667772080916e-01
-3.586032125684950334e-01
-3.585769865247938615e-01
-3.586415449778239117e-01
-3.587693638271755581e-01
-3.588084909651014787e-01
-3.601901531219482422e-01
-3.584518167707655412e-01
-3.579320377773708706e-01
-3.592982821994357701e-01
-3.586152659522162667e-01
-3.567078378465440291e-01
-3.573972913953993302e-01
-3.592003981272379742e-01
-3.590652147928873883e-01
-3.597096867031521206e-01
-3.589782185024685268e-01
-3.591450320349799386e-01
-3.580938710106743583e-01
-3.573763370513916016e-01
-3.596539232465956193e-01
-3.596017095777723771e-01
-3.595837487114800224e-01
-3.587010701497395648e-01
-3.608997133043077010e-01
-3.590939309861924666e-01
-3.588917520311143416e-01
-3.594328297509087333e-01
-3.588365448845757255e-01
-3.602577050526936664e-01
-3.608323468102349052e-01
-3.578894138336181641e-01
-3.595963584052191964e-01
-3.599628872341579799e-01
-3.593167199028862724e-01
-3.597791194915771484e-01
-3.593609068128797990e-01
-3.603812058766682758e-01
-3.588751422034369698e-01
-3.609886169433593750e-01
-3.603529400295681362e-01
-3.608388900756835938e-01
-3.602267636193169364e-01
-3.604840437571207867e-01
-3.607539865705702287e-01
-3.620368374718559989e-01
-3.604943487379286271e-01
-3.606625133090549107e-01
-3.612543476952446708e-01
-3.604051536983913784e-01
-3.602303398980034599e-01
-3.609735171000162945e-01
-3.617045614454481584e-01
-3.623761336008707867e-01
-3.604293664296467914e-01
-3.619036409589979630e-01
-3.613814512888590680e-01
-3.626332547929551620e-01
-3.618450164794921875e-01
-3.616910245683457870e-01
-3.611923853556315289e-01
-3.613642586602104911e-01
-3.606535328759087333e-01
-3.624547852410210380e-01
-3.622805277506510602e-01
-3.625734117296006698e-01
-3.620967864990234375e-01
-3.615482913123236886e-01
-3.630230426788330078e-01
-3.614957862430148716e-01
-3.612524668375651227e-01
-3.621933725145127791e-01
-3.624783621893988839e-01
-3.617702590094672432e-01
-3.617053826649983539e-01
-3.639015356699625836e-01
-3.638269106547037945e-01
-3.620205190446641463e-01
-3.620307710435655135e-01
-3.631906774308946151e-01
-3.636698193020290737e-01
-3.629762861463758927e-01
-3.621729214986165180e-01
-3.635501596662733537e-01
-3.637677033742268695e-01
-3.631606366899278182e-01
-3.636643886566162109e-01
-3.634218374888102399e-01
-3.630297978719075336e-01
-3.632292747497558594e-01
-3.634794818030463448e-01
-3.620446523030598773e-01
-3.619591924879286271e-01
-3.631334569719102401e-01
-3.646375338236491070e-01
-3.627043565114339008e-01
-3.620040946536594029e-01
-3.640498320261637555e-01
-3.650268448723686943e-01
-3.642963038550482979e-01
-3.635952207777235490e-01
-3.636471165551079521e-01
-3.620713022020127791e-01
-3.627737628089057198e-01
-3.636551698048909320e-01
-3.639020125071207867e-01
-3.634144465128580914e-01
-3.640789720747206193e-01
-3.626906077067057477e-01
-3.637535572052001953e-01
-3.636134465535481586e-01
-3.627733919355604630e-01
-3.650814957088894253e-01
-3.647731145222981586e-01
-3.644067711300320034e-01
-3.649470806121826172e-01
-3.647020922766791573e-01
-3.660335805681016463e-01
-3.659794330596923828e-01
-3.655797110663520089e-01
-3.650305536058213729e-01
-3.648305469089084263e-01
-3.654608196682400112e-01
-3.647707303365071430e-01
-3.651036686367458706e-01
-3.641673723856608258e-01
-3.661445246802436104e-01
-3.653444978925917130e-01
-3.651774724324544086e-01
-3.655871285332573661e-01
-3.643531799316406250e-01
-3.665943940480549945e-01
-3.660058180491129742e-01
-3.658401171366373883e-01
-3.648734092712402344e-01
-3.667671415540907365e-01
-3.654973771837022323e-01
-3.662188318040635604e-01
-3.671634727054172154e-01
-3.669449488321940289e-01
-3.665996922387017021e-01
-3.656603760189480190e-01
-3.669184313880072823e-01
-3.663312859005398159e-01
-3.668355147043864117e-01
-3.662576410505506974e-01
-3.670938279893662948e-01
-3.672739399804009208e-01
-3.667102919684516182e-01
-3.666782908969455357e-01
-3.675918049282497768e-01
-3.662945164574517021e-01
-3.676960733201768416e-01
-3.685163921780056362e-01
-3.679684797922770367e-01
-3.677597045898437500e-01
-3.683083852132161273e-01
-3.682789272732204799e-01
-3.673386838701035995e-01
-3.683977391984727401e-01
-3.688421249389648438e-01
-3.677359422047932758e-01
-3.676002025604248047e-01
-3.683229817284477958e-01
-3.680736223856608258e-01
-3.682547940148247489e-01
-3.679258293575710659e-01
-3.686452441745334263e-01
-3.666871653662787667e-01
-3.677818775177001953e-01
-3.679786788092719307e-01
-3.680722713470458984e-01
-3.670123683081732979e-01
-3.670784897274441128e-01
-3.678120242224799386e-01
-3.677330811818440570e-01
-3.685945669809977399e-01
-3.679669433169894810e-01
-3.673469755384657365e-01
-3.694796562194824219e-01
-3.685472276475694198e-01
-3.679574065738254185e-01
-3.693163394927978516e-01
-3.690740797254774552e-01
-3.685317834218342914e-01
-3.681528568267822266e-01
-3.690769407484266740e-01
-3.682760397593180524e-01
-3.674697346157497768e-01
-3.696676890055338727e-01
-3.698373370700412388e-01
-3.698551389906141740e-01
-3.700760205586751117e-01
-3.677642610337998885e-01
-3.686941199832492466e-01
-3.679707315233018416e-01
-3.686390982733832589e-01
-3.696683512793647042e-01
-3.688575426737467633e-01
-3.688863913218180524e-01
-3.685788048638237724e-01
-3.705844879150390625e-01
-3.708692921532524833e-01
-3.689118491278754464e-01
-3.694998423258463727e-01
-3.692589071061875838e-01
-3.694586488935682755e-01
-3.684427738189697266e-01
-3.696836895412868862e-01
-3.708933459387885323e-01
-3.697263399759928570e-01
-3.693057696024577008e-01
-3.706515894995795479e-01
-3.707759910159640904e-01
-3.699234591590033761e-01
-3.707696861690945034e-01
-3.701703018612331753e-01
-3.699403338962131138e-01
-3.697061008877224331e-01
-3.685789373185899276e-01
-3.715199894375271206e-01
-3.690960672166612166e-01
-3.709039688110351562e-01
-3.699325720469157086e-01
-3.692544036441379185e-01
-3.707603878445095424e-01
-3.700665632883707867e-01
-3.699812889099121094e-01
-3.684676488240559711e-01
-3.711096975538465959e-01
-3.692823780907524833e-01
-3.697475062476264229e-01
-3.695713414086235771e-01
-3.707381354437934151e-01
-3.713004589080810547e-01
-3.708555698394775391e-01
-3.700053426954481584e-01
-3.701265652974446430e-01
-3.712262842390272599e-01
-3.710831006368001117e-01
-3.714287810855441685e-01
-3.703817791408962612e-01
-3.711354732513427734e-01
-3.713807000054253349e-01
-3.718108336130778180e-01
-3.707152737511528739e-01
-3.705273999108208427e-01
-3.713896539476182479e-01
-3.713588449690077287e-01
-3.706700272030300503e-01
-3.716671731736924666e-01
-3.714359601338704242e-01
-3.710845576392279854e-01
-3.718019326527913226e-01
-3.716844717661539899e-01
-3.731174733903672713e-01
-3.720810943179660435e-01
-3.723830646938747768e-01
-3.720203770531548271e-01
-3.707110616895887834e-01
-3.717359171973334542e-01
-3.718677361806233539e-01
-3.733940389421250838e-01
-3.723742696974012834e-01
-3.714612060123019810e-01
-3.703308900197346820e-01
-3.705741299523247489e-01
-3.706459469265407924e-01
-3.715876208411322823e-01
-3.704858091142442245e-01
-3.703932232326931362e-01
-3.709370030297173271e-01
-3.711129559410942802e-01
-3.709209495120578404e-01
-3.712458345625135880e-01
-3.710837629106309432e-01
-3.724582725101047154e-01
-3.715728918711344586e-01
-3.724642594655354633e-01
-3.714723322126600724e-01
-3.713258107503255023e-01
-3.706936306423611049e-01
-3.721147378285725726e-01
-3.719868395063612443e-01
-3.718821737501356584e-01
-3.711114989386664620e-01
-3.726251655154758091e-01
-3.720388677385118026e-01
-3.719537787967258091e-01
-3.712742063734266740e-01
-3.723436461554633370e-01
-3.743178579542372209e-01
-3.712896505991618024e-01
-3.715959390004475726e-01
-3.723830646938747768e-01
-3.715042803022596818e-01
-3.720293574863010044e-01
-3.716649214426676617e-01
-3.718481593661838169e-01
-3.715269035763210659e-01
-3.711361090342203961e-01
-3.724212381574842912e-01
-3.711369037628173828e-01
-3.724332650502522601e-01
-3.728877703348795758e-01
-3.717461956871880302e-01
-3.716580073038737164e-01
-3.726957903967963448e-01
-3.721880912780761719e-01
-3.716688421037461776e-01
-3.720849090152316685e-01
-3.732537163628472099e-01
-3.720908164978027344e-01
-3.730917506747775669e-01
-3.730452855428059711e-01
-3.730065822601318359e-01
-3.723993036482069474e-01
-3.730920685662163505e-01
-3.700189325544569474e-01
-3.730465835995144253e-01
-3.710339599185519810e-01
-3.721071614159477958e-01
-3.695687982771131974e-01
-3.738656308915879745e-01
-3.723038302527533761e-01
-3.736343383789062500e-01
-3.730784522162543526e-01
-3.721069759792751674e-01
-3.717117044660780412e-01
-3.728999296824137555e-01
-3.720959292517768136e-01
-3.740249739752875557e-01
-3.721351093716091518e-01
-3.717726866404215680e-01
-3.731927606794569474e-01
-3.721828195783827287e-01
-3.718144628736708146e-01
-3.729733890957302456e-01
-3.717919985453287945e-01
-3.722640408409966239e-01
-3.730355103810628070e-01
-3.731392224629719867e-01
-3.725796275668674107e-01
-3.736061784956190568e-01
-3.733275731404622211e-01
-3.729720645480685826e-01
-3.729507923126220703e-01
-3.732487095726860771e-01
-3.736621803707546596e-01
-3.736201657189263114e-01
-3.726591269175211774e-01
-3.736913469102647323e-01
-3.744005627102321987e-01
-3.729725943671332589e-01
-3.744127485487196427e-01
-3.730657365587022323e-01
-3.736391067504882812e-01
-3.734100394778781529e-01
-3.729791111416286831e-01
-3.738429281446669084e-01
-3.735494878556993026e-01
-3.745641708374023438e-01
-3.736903402540419084e-01
-3.743216726515028459e-01
-3.726921081542968750e-01
-3.739390108320448380e-01
-3.733868334028456193e-01
-3.737136787838405971e-01
-3.742123709784613839e-01
-3.737653626335991630e-01
-3.739586671193440570e-01
-3.739594618479410992e-01
-3.745571772257487164e-01
-3.732129732767741070e-01
-3.732194900512695312e-01
-3.752567503187391740e-01
-3.742767969767252789e-01
-3.739162286122639789e-01
-3.730018668704562779e-01
-3.741219043731689453e-01
-3.739049169752333146e-01
-3.737134403652614956e-01
-3.738942146301269531e-01
