-2.697387635707855225e-01
-2.933768630027770996e-01
-3.041314184665679932e-01
-3.072392642498016357e-01
-3.040635287761688232e-01
-3.074547052383422852e-01
-3.011096119880676270e-01
-3.092329502105712891e-01
-2.988508343696594238e-01
-3.079610764980316162e-01
-3.123703598976135254e-01
-3.154256343841552734e-01
-3.097886443138122559e-01
-3.175601661205291748e-01
-3.127940893173217773e-01
-3.073581755161285400e-01
-3.136868476867675781e-01
-3.194161057472229004e-01
-3.144815862178802490e-01
-3.183722496032714844e-01
-3.219489753246307373e-01
-3.138244748115539551e-01
-3.154622912406921387e-01
-3.188719451427459717e-01
-3.137779831886291504e-01
-3.196048140525817871e-01
-3.227375149726867676e-01
-3.156346082687377930e-01
-3.123126327991485596e-01
-3.182396292686462402e-01
-3.186824023723602295e-01
-3.276421129703521729e-01
-3.169297277927398682e-01
-3.169535398483276367e-01
-3.099894523620605469e-01
-3.232036828994750977e-01
-3.174027800559997559e-01
-3.183791637420654297e-01
-3.101611435413360596e-01
-3.166712522506713867e-01
-3.252017796039581299e-01
-3.098725676536560059e-01
-3.258802294731140137e-01
-3.232994973659515381e-01
-3.195053339004516602e-01
-3.168664574623107910e-01
-3.253246545791625977e-01
-3.193848133087158203e-01
-3.206427395343780518e-01
-3.218400776386260986e-01
-3.179711997509002686e-01
-3.155065774917602539e-01
-3.207352757453918457e-01
-3.223922252655029297e-01
-3.234923183917999268e-01
-3.160640597343444824e-01
-3.123741447925567627e-01
-3.190871179103851318e-01
-3.217783868312835693e-01
-3.215182125568389893e-01
-3.150154352188110352e-01
-3.212331235408782959e-01
-3.242620825767517090e-01
-3.207637369632720947e-01
-3.167243003845214844e-01
-3.239220082759857178e-01
-3.224835693836212158e-01
-3.236802220344543457e-01
-3.212437033653259277e-01
-3.177332282066345215e-01
-3.258625566959381104e-01
-3.157805800437927246e-01
-3.170250654220581055e-01
-3.218185603618621826e-01
-3.136275708675384521e-01
-3.201043605804443359e-01
-3.174405097961425781e-01
-3.177623152732849121e-01
-3.200285434722900391e-01
-3.118383884429931641e-01
-3.173282444477081299e-01
-3.202301263809204102e-01
-3.198071420192718506e-01
-3.146101832389831543e-01
-3.233629763126373291e-01
-3.242014646530151367e-01
-3.177255988121032715e-01
-3.153543770313262939e-01
-3.174142539501190186e-01
-3.224417567253112793e-01
-3.210454285144805908e-01
-3.279597759246826172e-01
-3.248510360717773438e-01
-3.266581892967224121e-01
-3.224592804908752441e-01
-3.205696344375610352e-01
-3.171865940093994141e-01
-3.199676871299743652e-01
-3.278700113296508789e-01
-3.260833024978637695e-01
-3.192100226879119873e-01
-3.208940625190734863e-01
-3.231258094310760498e-01
-3.283605575561523438e-01
-3.312337696552276611e-01
-3.306440114974975586e-01
-3.204807043075561523e-01
-3.173783421516418457e-01
-3.288927674293518066e-01
-3.306454420089721680e-01
-3.263363540172576904e-01
-3.256368637084960938e-01
-3.288266062736511230e-01
-3.250596225261688232e-01
-3.303131163120269775e-01
-3.363766968250274658e-01
-3.297373652458190918e-01
-3.263572156429290771e-01
-3.251807391643524170e-01
-3.300360739231109619e-01
-3.226342499256134033e-01
-3.305936753749847412e-01
-3.304388523101806641e-01
-3.206835985183715820e-01
-3.357355892658233643e-01
-3.314599394798278809e-01
-3.322921395301818848e-01
-3.234235644340515137e-01
-3.283992111682891846e-01
-3.313045203685760498e-01
-3.306101560592651367e-01
-3.398648500442504883e-01
-3.302232623100280762e-01
-3.308881521224975586e-01
-3.308132588863372803e-01
-3.300240337848663330e-01
-3.274137079715728760e-01
-3.286717236042022705e-01
-3.318606019020080566e-01
-3.227749168872833252e-01
-3.375963866710662842e-01
-3.377599716186523438e-01
-3.293372094631195068e-01
-3.343671858310699463e-01
-3.354867100715637207e-01
-3.344688713550567627e-01
-3.336319625377655029e-01
-3.319753408432006836e-01
-3.285532593727111816e-01
-3.347825407981872559e-01
-3.310195803642272949e-01
-3.352265059947967529e-01
-3.355040848255157471e-01
-3.279026448726654053e-01
-3.396751582622528076e-01
-3.338386714458465576e-01
-3.334943354129791260e-01
-3.280782401561737061e-01
-3.328557610511779785e-01
-3.287419080734252930e-01
-3.361951112747192383e-01
-3.328807353973388672e-01
-3.345486223697662354e-01
-3.327945172786712646e-01
-3.323864936828613281e-01
-3.339411616325378418e-01
-3.322395086288452148e-01
-3.334788084030151367e-01
-3.362512588500976562e-01
-3.332796692848205566e-01
-3.304638266563415527e-01
-3.353489935398101807e-01
-3.360095024108886719e-01
-3.365837335586547852e-01
-3.307497203350067139e-01
-3.381691873073577881e-01
-3.311015665531158447e-01
-3.344650566577911377e-01
-3.302823007106781006e-01
-3.344194889068603516e-01
-3.312172293663024902e-01
-3.338538408279418945e-01
-3.286740183830261230e-01
-3.305536508560180664e-01
-3.372941017150878906e-01
-3.343057930469512939e-01
-3.290289342403411865e-01
-3.370544910430908203e-01
-3.306402564048767090e-01
-3.352449238300323486e-01
-3.359948694705963135e-01
-3.259924352169036865e-01
-3.338861167430877686e-01
-3.338611423969268799e-01
-3.351109325885772705e-01
-3.356861472129821777e-01
-3.385213315486907959e-01
-3.319384753704071045e-01
-3.387516736984252930e-01
-3.313221931457519531e-01
-3.339805901050567627e-01
-3.349053859710693359e-01
-3.387789428234100342e-01
-3.375734388828277588e-01
-3.381676375865936279e-01
-3.289052844047546387e-01
-3.392519652843475342e-01
-3.350855708122253418e-01
-3.369119763374328613e-01
-3.377610445022583008e-01
-3.369983434677124023e-01
-3.328795135021209717e-01
-3.361785411834716797e-01
-3.404486775398254395e-01
-3.382647335529327393e-01
-3.390523791313171387e-01
-3.396582007408142090e-01
-3.395496308803558350e-01
-3.333723843097686768e-01
-3.427270650863647461e-01
-3.348871469497680664e-01
-3.366709053516387939e-01
-3.370359539985656738e-01
-3.399597108364105225e-01
-3.305722475051879883e-01
-3.360396027565002441e-01
-3.350975215435028076e-01
-3.359372913837432861e-01
-3.434604406356811523e-01
-3.412247896194458008e-01
-3.407949209213256836e-01
-3.401458859443664551e-01
-3.431645631790161133e-01
-3.392625749111175537e-01
-3.328948318958282471e-01
-3.386692106723785400e-01
-3.443666100502014160e-01
-3.370869755744934082e-01
-3.396036028861999512e-01
-3.397009968757629395e-01
-3.387239277362823486e-01
-3.430872261524200439e-01
-3.392344415187835693e-01
-3.399041295051574707e-01
-3.373245894908905029e-01
-3.395159840583801270e-01
-3.408178389072418213e-01
-3.416432440280914307e-01
-3.442039191722869873e-01
-3.384033739566802979e-01
-3.386498391628265381e-01
-3.395993113517761230e-01
-3.444161415100097656e-01
-3.408327400684356689e-01
-3.400067090988159180e-01
-3.444469273090362549e-01
-3.396679461002349854e-01
-3.388809561729431152e-01
-3.409028053283691406e-01
-3.363828659057617188e-01
-3.370282053947448730e-01
-3.412884771823883057e-01
-3.357611000537872314e-01
-3.380224108695983887e-01
-3.379678428173065186e-01
-3.422151505947113037e-01
-3.424555063247680664e-01
-3.422981500625610352e-01
-3.386316001415252686e-01
-3.421492874622344971e-01
-3.411504626274108887e-01
-3.441040515899658203e-01
-3.405517637729644775e-01
-3.437244892120361328e-01
-3.397968709468841553e-01
-3.402347266674041748e-01
-3.303016424179077148e-01
-3.400206863880157471e-01
-3.483770787715911865e-01
-3.370923697948455811e-01
-3.387406468391418457e-01
-3.445847332477569580e-01
-3.419089317321777344e-01
-3.441565036773681641e-01
-3.397380709648132324e-01
-3.375395834445953369e-01
-2.963069379329681396e-01
-3.436914086341857910e-01
-3.407669663429260254e-01
-3.395539522171020508e-01
-3.364222943782806396e-01
-3.333910703659057617e-01
-3.374724090099334717e-01
-3.323577642440795898e-01
-3.378970324993133545e-01
-3.437300920486450195e-01
-3.420780003070831299e-01
-3.475371003150939941e-01
-3.391179740428924561e-01
-3.448682129383087158e-01
-3.388969004154205322e-01
-3.431653976440429688e-01
-3.423523306846618652e-01
-3.380001485347747803e-01
-3.404779434204101562e-01
-3.384536206722259521e-01
-3.448590040206909180e-01
-3.329941928386688232e-01
-3.400329351425170898e-01
-3.417495787143707275e-01
-3.423178791999816895e-01
-3.415422737598419189e-01
-3.408097028732299805e-01
-3.374176621437072754e-01
-3.403032124042510986e-01
-3.422570824623107910e-01
-3.467418849468231201e-01
-3.355464339256286621e-01
-3.425953984260559082e-01
-3.451663851737976074e-01
-3.361743688583374023e-01
-3.462354242801666260e-01
-3.423431813716888428e-01
-3.451004624366760254e-01
-3.428302109241485596e-01
-3.393841385841369629e-01
-3.447268307209014893e-01
-3.384455144405364990e-01
-3.479150533676147461e-01
-3.400105834007263184e-01
-3.429636955261230469e-01
-3.434850871562957764e-01
-3.406322598457336426e-01
-3.416263759136199951e-01
-3.398638963699340820e-01
-3.411786258220672607e-01
-3.384115099906921387e-01
-3.461913466453552246e-01
-3.342638313770294189e-01
-3.439373672008514404e-01
-3.404698371887207031e-01
-2.659149169921875000e-01
-2.779766619205474854e-01
-2.898553013801574707e-01
-2.994030714035034180e-01
-3.113223016262054443e-01
-3.102386593818664551e-01
-3.015412390232086182e-01
-3.193828165531158447e-01
-3.175410628318786621e-01
-3.164872527122497559e-01
-3.286227881908416748e-01
-3.111002147197723389e-01
-3.125373423099517822e-01
-3.255369365215301514e-01
-3.121027052402496338e-01
-3.239694833755493164e-01
-3.203116357326507568e-01
-3.074293136596679688e-01
-3.153526186943054199e-01
-3.116966187953948975e-01
-3.213137686252593994e-01
-3.197219669818878174e-01
-3.197664916515350342e-01
-3.251883685588836670e-01
-3.200860321521759033e-01
-3.217200636863708496e-01
-3.239074051380157471e-01
-3.272273838520050049e-01
-3.237878084182739258e-01
-2.777903676033020020e-01
-3.129425644874572754e-01
-2.607574462890625000e-01
-2.594251930713653564e-01
-2.700154483318328857e-01
-2.673078775405883789e-01
-2.690705657005310059e-01
-2.655220627784729004e-01
-2.607932388782501221e-01
-2.744947075843811035e-01
-2.705435752868652344e-01
nan
nan
nan
nan
nan
nan
nan
nan
nan
nan
nan
nan
nan
nan
nan
nan
nan
nan
nan
nan
nan
nan
nan
nan
nan
nan
nan
nan
nan
nan
nan
nan
nan
nan
nan
nan
nan
nan
nan
nan
nan
nan
nan
nan
nan
nan
nan
nan
nan
nan
nan
nan
nan
nan
nan
nan
nan
nan
nan
nan
nan
nan
nan
nan
nan
nan
nan
nan
nan
nan
nan
nan
nan
nan
nan
nan
nan
nan
nan
nan
