-2.225349694490432739e-01
-2.639425694942474365e-01
-2.720814049243927002e-01
-2.893530130386352539e-01
-3.120593130588531494e-01
-3.124345839023590088e-01
-2.963640093803405762e-01
-3.201159536838531494e-01
-3.161128163337707520e-01
-3.188220858573913574e-01
-3.154410719871520996e-01
-3.289349973201751709e-01
-3.306765258312225342e-01
-3.367644548416137695e-01
-3.403787016868591309e-01
-3.399763703346252441e-01
-3.440561294555664062e-01
-3.534868061542510986e-01
-3.564261496067047119e-01
-3.492186367511749268e-01
-3.586592972278594971e-01
-3.591781556606292725e-01
-3.588462769985198975e-01
-3.587730526924133301e-01
-3.613389134407043457e-01
-3.627776503562927246e-01
-3.620134890079498291e-01
-3.590162992477416992e-01
-3.556688129901885986e-01
-3.594124019145965576e-01
-3.601179122924804688e-01
-3.608757853507995605e-01
-3.628058433532714844e-01
-3.608405590057373047e-01
-3.548735380172729492e-01
-3.650040328502655029e-01
-3.634260296821594238e-01
-3.636747300624847412e-01
-3.617456853389739990e-01
-3.634885549545288086e-01
-3.621616959571838379e-01
-3.626847863197326660e-01
-3.677026629447937012e-01
-3.617296814918518066e-01
-3.605707883834838867e-01
-3.602502644062042236e-01
-3.652774691581726074e-01
-3.613736033439636230e-01
-3.644950687885284424e-01
-3.647348582744598389e-01
-3.657219111919403076e-01
-3.603188991546630859e-01
-3.687903583049774170e-01
-3.654790520668029785e-01
-3.637529313564300537e-01
-3.603573739528656006e-01
-3.684827983379364014e-01
-3.604460954666137695e-01
-3.644893169403076172e-01
-3.651195466518402100e-01
-3.615585863590240479e-01
-3.613740801811218262e-01
-3.656051754951477051e-01
-3.693577349185943604e-01
-3.635804951190948486e-01
-3.622628152370452881e-01
-3.628098666667938232e-01
-3.648041784763336182e-01
-3.697925508022308350e-01
-3.612145185470581055e-01
-3.606615066528320312e-01
-3.694557547569274902e-01
-3.648593127727508545e-01
-3.640343248844146729e-01
-3.632586002349853516e-01
-3.659003376960754395e-01
-3.611960709095001221e-01
-3.672658801078796387e-01
-3.680821061134338379e-01
-3.616670668125152588e-01
-3.661209046840667725e-01
-3.634630143642425537e-01
-3.687152564525604248e-01
-3.641512989997863770e-01
-3.686755597591400146e-01
-3.649053871631622314e-01
-3.654939830303192139e-01
-3.648031651973724365e-01
-3.671074807643890381e-01
-3.641373217105865479e-01
-3.610567152500152588e-01
-3.691474497318267822e-01
-3.644621670246124268e-01
-3.652393519878387451e-01
-3.663217425346374512e-01
-3.602667748928070068e-01
-3.632761538028717041e-01
-3.659688830375671387e-01
-3.652967810630798340e-01
-3.661354482173919678e-01
-3.666931688785552979e-01
-3.708061873912811279e-01
-3.609941899776458740e-01
-3.681345880031585693e-01
-3.652466535568237305e-01
-3.652340173721313477e-01
-3.650734722614288330e-01
-3.685945272445678711e-01
-3.633160293102264404e-01
-3.614501059055328369e-01
-3.628774583339691162e-01
-3.658284842967987061e-01
-3.637696504592895508e-01
-3.682070076465606689e-01
-3.668531775474548340e-01
-3.667739927768707275e-01
-3.673686385154724121e-01
-3.644222617149353027e-01
-3.667786717414855957e-01
-3.702733814716339111e-01
-3.651463389396667480e-01
-3.655653595924377441e-01
-3.710313141345977783e-01
-3.626570403575897217e-01
-3.632160127162933350e-01
-3.639409244060516357e-01
-3.662163615226745605e-01
-3.676220774650573730e-01
-3.646832108497619629e-01
-3.673251271247863770e-01
-3.652837276458740234e-01
-3.696832954883575439e-01
-3.637356460094451904e-01
-3.640801608562469482e-01
-3.659175932407379150e-01
-3.645387589931488037e-01
-3.655017614364624023e-01
-3.628540635108947754e-01
-3.664640486240386963e-01
-3.658424019813537598e-01
-3.677734434604644775e-01
-3.630812168121337891e-01
-3.690018355846405029e-01
-3.695554137229919434e-01
-3.674258291721343994e-01
-3.680375218391418457e-01
-3.644212782382965088e-01
-3.677201867103576660e-01
-3.691111207008361816e-01
-3.687616288661956787e-01
-3.676024675369262695e-01
-3.659280538558959961e-01
-3.679414093494415283e-01
-3.636154234409332275e-01
-3.669339716434478760e-01
-3.694143891334533691e-01
-3.704474568367004395e-01
-3.657440245151519775e-01
-3.660699725151062012e-01
-3.699570596218109131e-01
-3.707122504711151123e-01
-3.682631850242614746e-01
-3.723658919334411621e-01
-3.692740499973297119e-01
-3.679327368736267090e-01
-3.636520504951477051e-01
-3.694428801536560059e-01
-3.642393052577972412e-01
-3.639794886112213135e-01
-3.687075078487396240e-01
-3.696897625923156738e-01
-3.667860627174377441e-01
-3.682463765144348145e-01
-3.680639564990997314e-01
-3.637642264366149902e-01
-3.622238039970397949e-01
-3.702129423618316650e-01
-3.674150109291076660e-01
-3.674812018871307373e-01
-3.658886849880218506e-01
-3.659511804580688477e-01
-3.688160479068756104e-01
-3.675136268138885498e-01
-3.633943498134613037e-01
-3.611307144165039062e-01
-3.632020056247711182e-01
-3.721722960472106934e-01
-3.695158362388610840e-01
-3.690459132194519043e-01
-3.619525134563446045e-01
-3.710838556289672852e-01
-3.643177449703216553e-01
-3.701725602149963379e-01
-3.674146234989166260e-01
-3.698960542678833008e-01
-3.709439635276794434e-01
-3.701887726783752441e-01
-3.677386343479156494e-01
-3.670363426208496094e-01
-3.656021654605865479e-01
-3.703379034996032715e-01
-3.665241301059722900e-01
-3.670242726802825928e-01
-3.685359060764312744e-01
-3.670830130577087402e-01
-3.711623549461364746e-01
-3.676401972770690918e-01
-3.675142824649810791e-01
-3.653561472892761230e-01
-3.670384883880615234e-01
-3.706292808055877686e-01
-3.704075813293457031e-01
-3.669233918190002441e-01
-3.667956590652465820e-01
-3.649437129497528076e-01
-3.653042018413543701e-01
-3.689967393875122070e-01
-3.689368665218353271e-01
-3.628705739974975586e-01
-3.673062920570373535e-01
-3.668453097343444824e-01
-3.672111332416534424e-01
-3.690716028213500977e-01
-3.712772130966186523e-01
-3.680153787136077881e-01
-3.633870780467987061e-01
-3.646809756755828857e-01
-3.666834235191345215e-01
-3.696759641170501709e-01
-3.637245893478393555e-01
-3.659415245056152344e-01
-3.617067337036132812e-01
-3.622449934482574463e-01
-3.633171319961547852e-01
-3.670539259910583496e-01
-3.635829985141754150e-01
-3.673077523708343506e-01
-3.656228780746459961e-01
-3.699005544185638428e-01
-3.684908449649810791e-01
-3.632289171218872070e-01
-3.644055724143981934e-01
-3.644749522209167480e-01
-3.664439022541046143e-01
-3.664041757583618164e-01
-3.647612929344177246e-01
-3.664403557777404785e-01
-3.605322241783142090e-01
-3.631474673748016357e-01
-3.692381083965301514e-01
-3.672524988651275635e-01
-3.682576417922973633e-01
-3.668219745159149170e-01
-3.610842227935791016e-01
-3.649132549762725830e-01
-3.686853051185607910e-01
-3.660519123077392578e-01
-3.728826344013214111e-01
-3.603440523147583008e-01
-3.626287579536437988e-01
-3.553236424922943115e-01
-3.630124032497406006e-01
-3.650276660919189453e-01
-3.633157014846801758e-01
-3.613686859607696533e-01
-3.642581105232238770e-01
-3.610079884529113770e-01
-3.689490258693695068e-01
-3.599498867988586426e-01
-3.627714216709136963e-01
-3.616233468055725098e-01
-3.590736389160156250e-01
-3.565012216567993164e-01
-3.611932396888732910e-01
-3.604497611522674561e-01
-3.611409962177276611e-01
-3.615905046463012695e-01
-3.632584512233734131e-01
-3.650564253330230713e-01
-3.576934635639190674e-01
-3.656584620475769043e-01
-3.610947132110595703e-01
-3.602669239044189453e-01
-3.619311451911926270e-01
-3.628563284873962402e-01
-3.626205027103424072e-01
-3.673770427703857422e-01
-3.617476820945739746e-01
-3.617009818553924561e-01
-3.662407398223876953e-01
-3.627920448780059814e-01
-3.649290800094604492e-01
-3.631201684474945068e-01
-3.640627861022949219e-01
-3.613183498382568359e-01
-3.679586052894592285e-01
-3.595885038375854492e-01
-3.635154962539672852e-01
-3.677368760108947754e-01
-3.690394759178161621e-01
-3.601157963275909424e-01
-3.630939424037933350e-01
-3.674379289150238037e-01
-3.680103123188018799e-01
-3.611194491386413574e-01
-3.643738925457000732e-01
-3.607685565948486328e-01
-3.714341521263122559e-01
-3.655552864074707031e-01
-3.652443289756774902e-01
-3.624833226203918457e-01
-3.690922558307647705e-01
-3.656425178050994873e-01
-3.682998716831207275e-01
-3.677335083484649658e-01
-3.659145534038543701e-01
-3.693277537822723389e-01
-3.678879439830780029e-01
-3.704154193401336670e-01
-3.637377321720123291e-01
-3.663661479949951172e-01
-3.661679625511169434e-01
-3.708353936672210693e-01
-3.690646588802337646e-01
-3.713704943656921387e-01
-3.693003654479980469e-01
-3.670583963394165039e-01
-3.732873201370239258e-01
-3.634198009967803955e-01
-3.716341555118560791e-01
-3.693295121192932129e-01
-3.722609877586364746e-01
-3.720210492610931396e-01
-3.711415529251098633e-01
-3.695434629917144775e-01
-3.723178803920745850e-01
-3.680112361907958984e-01
-3.696790039539337158e-01
-3.641050159931182861e-01
-3.669848740100860596e-01
-3.725315630435943604e-01
-3.727720975875854492e-01
-3.765586316585540771e-01
-3.713102042675018311e-01
-3.665553629398345947e-01
-3.700365126132965088e-01
-3.698784708976745605e-01
-3.747620880603790283e-01
-3.688855469226837158e-01
-3.746875822544097900e-01
-3.745821118354797363e-01
-3.735747933387756348e-01
-3.763217031955718994e-01
-3.708411753177642822e-01
-3.744714856147766113e-01
-3.717763721942901611e-01
-3.746441900730133057e-01
-3.758850395679473877e-01
-3.749224245548248291e-01
-3.736018240451812744e-01
-3.706907927989959717e-01
-3.733801841735839844e-01
-3.693875670433044434e-01
-3.760173916816711426e-01
-3.708761036396026611e-01
-3.776903748512268066e-01
-3.741812109947204590e-01
-3.708524405956268311e-01
-3.748345375061035156e-01
-3.734372556209564209e-01
-3.732026219367980957e-01
-3.764237165451049805e-01
-3.747875392436981201e-01
-3.746354877948760986e-01
-3.724482357501983643e-01
-3.686880171298980713e-01
-3.711822628974914551e-01
-3.702180981636047363e-01
-3.723464310169219971e-01
-3.705017864704132080e-01
-3.696325123310089111e-01
-3.723478913307189941e-01
-3.709464669227600098e-01
-3.753573298454284668e-01
-3.764260411262512207e-01
-3.715025782585144043e-01
-3.729182183742523193e-01
-3.701502382755279541e-01
-3.691065907478332520e-01
-3.747535943984985352e-01
-3.787487447261810303e-01
-3.747873604297637939e-01
-3.728531002998352051e-01
-3.764977455139160156e-01
-3.755651116371154785e-01
-3.696909248828887939e-01
-3.792274296283721924e-01
-3.744380474090576172e-01
-3.738448023796081543e-01
-3.782649040222167969e-01
-3.749125897884368896e-01
-3.752454817295074463e-01
-3.735892474651336670e-01
-3.763383030891418457e-01
-3.711389601230621338e-01
-3.776869475841522217e-01
-3.764602541923522949e-01
-3.778678476810455322e-01
-3.775019645690917969e-01
-3.712328374385833740e-01
-3.775980174541473389e-01
-3.769351243972778320e-01
-3.760429620742797852e-01
-3.729117512702941895e-01
-3.729590475559234619e-01
-3.763211667537689209e-01
-3.706417381763458252e-01
-3.768657147884368896e-01
-3.724575936794281006e-01
-3.740875422954559326e-01
-3.749055266380310059e-01
-3.770393133163452148e-01
-3.750423491001129150e-01
-3.750675618648529053e-01
-3.752725422382354736e-01
-3.731015622615814209e-01
-3.756331205368041992e-01
-3.691613972187042236e-01
-3.739114999771118164e-01
-3.713721334934234619e-01
-3.732493817806243896e-01
-3.725952804088592529e-01
-3.731841146945953369e-01
-3.754141330718994141e-01
-3.753259181976318359e-01
-3.763900399208068848e-01
-3.745349645614624023e-01
-3.760868012905120850e-01
-3.756774961948394775e-01
-3.782543540000915527e-01
-3.745560646057128906e-01
-3.722931146621704102e-01
-3.763845860958099365e-01
-3.745925724506378174e-01
-3.733417689800262451e-01
-3.736700713634490967e-01
-3.790470659732818604e-01
-3.724766969680786133e-01
-3.764237761497497559e-01
-3.686790168285369873e-01
-3.782531321048736572e-01
-3.715415298938751221e-01
-3.755493164062500000e-01
-3.797693848609924316e-01
-3.733172118663787842e-01
-3.720986843109130859e-01
-3.720478117465972900e-01
-3.764859735965728760e-01
-3.720850050449371338e-01
-3.757688701152801514e-01
-3.735310733318328857e-01
-3.754088282585144043e-01
-3.768553137779235840e-01
-3.693624734878540039e-01
-3.746248781681060791e-01
-3.734984397888183594e-01
-3.713284432888031006e-01
-3.770234584808349609e-01
-3.727468848228454590e-01
-3.789772093296051025e-01
-3.736785352230072021e-01
-3.738321661949157715e-01
-3.754498958587646484e-01
-3.736881017684936523e-01
-3.736633360385894775e-01
-3.742164373397827148e-01
-3.759637475013732910e-01
-3.741598129272460938e-01
-3.777394294738769531e-01
-3.779393732547760010e-01
-3.696701526641845703e-01
-3.721978068351745605e-01
-3.779073357582092285e-01
-3.764117658138275146e-01
-3.802398741245269775e-01
-3.759672343730926514e-01
-3.713624775409698486e-01
-3.709524869918823242e-01
-3.753975927829742432e-01
-3.747479915618896484e-01
-3.782843053340911865e-01
-3.754100203514099121e-01
-3.722863197326660156e-01
-3.759859502315521240e-01
-3.701346516609191895e-01
-3.757835626602172852e-01
-3.768563270568847656e-01
-3.783820867538452148e-01
-3.750742673873901367e-01
-3.756981194019317627e-01
-3.771978020668029785e-01
-3.738504648208618164e-01
-3.731062412261962891e-01
-3.735238611698150635e-01
-3.744623363018035889e-01
-3.731146156787872314e-01
-3.768901526927947998e-01
-3.754523694515228271e-01
-3.750621378421783447e-01
-3.680125772953033447e-01
-3.758692741394042969e-01
-3.796607553958892822e-01
-3.758847713470458984e-01
-3.715137243270874023e-01
-3.737749755382537842e-01
-3.720861077308654785e-01
-3.744593262672424316e-01
-3.762930929660797119e-01
-3.718337416648864746e-01
-3.782958686351776123e-01
-3.735494911670684814e-01
-3.761131465435028076e-01
-3.754380047321319580e-01
-3.750481903553009033e-01
-3.780482113361358643e-01
-3.716947734355926514e-01
-3.769047260284423828e-01
-3.780917227268218994e-01
-3.751981556415557861e-01
-3.733319938182830811e-01
-3.766961693763732910e-01
-3.773725628852844238e-01
-3.748057782649993896e-01
-3.792364001274108887e-01
-3.761855959892272949e-01
-3.738165497779846191e-01
-3.762104213237762451e-01
-3.808800578117370605e-01
-3.755339086055755615e-01
-3.753098845481872559e-01
-3.740239739418029785e-01
-3.767585456371307373e-01
-3.746602833271026611e-01
-3.742248415946960449e-01
-3.716126084327697754e-01
-3.748297691345214844e-01
-3.770817816257476807e-01
-3.746078610420227051e-01
-3.753556609153747559e-01
-3.777263462543487549e-01
-3.726657629013061523e-01
-3.756808638572692871e-01
-3.750289678573608398e-01
-3.774282336235046387e-01
-3.752703070640563965e-01
-3.720140159130096436e-01
-3.706171512603759766e-01
-3.730579614639282227e-01
-3.801204860210418701e-01
-3.742128610610961914e-01
-3.768278360366821289e-01
-3.756223022937774658e-01
-3.752575814723968506e-01
-3.777593076229095459e-01
-3.763578236103057861e-01
-3.748405575752258301e-01
-3.732932209968566895e-01
-3.749538660049438477e-01
-3.758342862129211426e-01
-3.771488666534423828e-01
-3.760401606559753418e-01
-3.763863444328308105e-01
-3.775117695331573486e-01
-3.730474710464477539e-01
-3.741567730903625488e-01
-3.759936392307281494e-01
-3.708508610725402832e-01
-3.786790668964385986e-01
-3.761102855205535889e-01
-3.776476979255676270e-01
-3.742544353008270264e-01
-3.725166916847229004e-01
-3.770490586757659912e-01
-3.806304335594177246e-01
-3.764650225639343262e-01
-3.770548105239868164e-01
-3.793545067310333252e-01
-3.748433291912078857e-01
-3.768943846225738525e-01
-3.764703869819641113e-01
-3.717681169509887695e-01
-3.776316344738006592e-01
-3.718112111091613770e-01
-3.770619630813598633e-01
-3.781945109367370605e-01
-3.744219243526458740e-01
-3.741730451583862305e-01
-3.783869743347167969e-01
-3.772911429405212402e-01
-3.774002194404602051e-01
-3.784410953521728516e-01
-3.796283006668090820e-01
-3.737196624279022217e-01
-3.753390312194824219e-01
-3.778963685035705566e-01
-3.753068745136260986e-01
-3.719350993633270264e-01
-3.751011490821838379e-01
-3.804487586021423340e-01
-3.730267286300659180e-01
-3.748807311058044434e-01
-3.764926791191101074e-01
-3.778383731842041016e-01
-3.756653368473052979e-01
-3.827377557754516602e-01
-3.746202588081359863e-01
-3.750692009925842285e-01
-3.766676783561706543e-01
-3.763300478458404541e-01
-3.752690553665161133e-01
-3.762194812297821045e-01
-3.774256706237792969e-01
-3.777194619178771973e-01
-3.804876208305358887e-01
-3.784332275390625000e-01
-3.725832998752593994e-01
-3.749019503593444824e-01
-3.730392158031463623e-01
-3.750382661819458008e-01
-3.795229792594909668e-01
-3.767275214195251465e-01
-3.749932050704956055e-01
-3.748075962066650391e-01
-3.757375478744506836e-01
-3.784892559051513672e-01
-3.784138560295104980e-01
-3.758914768695831299e-01
-3.757973611354827881e-01
-3.792778253555297852e-01
-3.787683546543121338e-01
-3.731649816036224365e-01
-3.747407495975494385e-01
-3.773062229156494141e-01
-3.741233348846435547e-01
-3.759216368198394775e-01
-3.781082630157470703e-01
-3.762747943401336670e-01
-3.732655048370361328e-01
-3.722282052040100098e-01
-3.744236528873443604e-01
-3.763020634651184082e-01
-3.749655783176422119e-01
-3.758545517921447754e-01
-3.775303661823272705e-01
-3.761836588382720947e-01
-3.783157467842102051e-01
-3.775083124637603760e-01
-3.761751651763916016e-01
-3.774616420269012451e-01
-3.751530647277832031e-01
-3.720876574516296387e-01
-3.767334520816802979e-01
-3.763659894466400146e-01
-3.754576444625854492e-01
-3.763434290885925293e-01
-3.806215226650238037e-01
-3.800415098667144775e-01
-3.750238418579101562e-01
-3.721155226230621338e-01
-3.749288916587829590e-01
-3.747303485870361328e-01
-3.790139257907867432e-01
-3.741225004196166992e-01
-3.761646747589111328e-01
-3.787403404712677002e-01
-3.698781132698059082e-01
-3.712407946586608887e-01
-3.779246807098388672e-01
-3.774657547473907471e-01
-3.788997828960418701e-01
-3.764943182468414307e-01
-3.761901259422302246e-01
-3.759246170520782471e-01
-3.776625990867614746e-01
-3.737121522426605225e-01
-3.778702914714813232e-01
-3.744949400424957275e-01
-3.774091005325317383e-01
-3.820308148860931396e-01
-3.748978078365325928e-01
-3.781288862228393555e-01
-3.808018267154693604e-01
-3.751856088638305664e-01
-3.803918957710266113e-01
-3.759276866912841797e-01
-3.784179687500000000e-01
-3.775689303874969482e-01
-3.750558495521545410e-01
-3.788872957229614258e-01
-3.802469968795776367e-01
-3.763729929924011230e-01
-3.771100342273712158e-01
-3.736710846424102783e-01
-3.762411475181579590e-01
-3.773476481437683105e-01
-3.744343817234039307e-01
-3.793149292469024658e-01
-3.769995570182800293e-01
-3.765917718410491943e-01
-3.756307363510131836e-01
-3.751679658889770508e-01
-3.728739321231842041e-01
-3.768168091773986816e-01
-3.786483108997344971e-01
-3.758065104484558105e-01
-3.752086162567138672e-01
-3.770462572574615479e-01
-3.788775503635406494e-01
-3.805739581584930420e-01
-3.731604516506195068e-01
-3.723817169666290283e-01
-3.805620372295379639e-01
-3.770669996738433838e-01
-3.750648498535156250e-01
-3.755775094032287598e-01
-3.795999884605407715e-01
-3.774027228355407715e-01
-3.747208714485168457e-01
-3.785603046417236328e-01
-3.782154917716979980e-01
-3.761293888092041016e-01
-3.736333250999450684e-01
-3.779126405715942383e-01
-3.778095841407775879e-01
-3.763650655746459961e-01
-3.765168488025665283e-01
-3.753701150417327881e-01
-3.760690689086914062e-01
-3.776908814907073975e-01
-3.750877678394317627e-01
-3.785248696804046631e-01
-3.793424665927886963e-01
-3.773227930068969727e-01
-3.775216042995452881e-01
-3.726772367954254150e-01
-3.734658956527709961e-01
-3.787626922130584717e-01
-3.745603561401367188e-01
-3.774195313453674316e-01
-3.736685216426849365e-01
-3.772934377193450928e-01
-3.783196806907653809e-01
-3.763823807239532471e-01
-3.790282011032104492e-01
-3.747406899929046631e-01
-3.749779164791107178e-01
-3.768970668315887451e-01
-3.741968274116516113e-01
-3.761996626853942871e-01
-3.741386532783508301e-01
-3.799070417881011963e-01
-3.793802559375762939e-01
-3.757342696189880371e-01
-3.774287700653076172e-01
-3.796580731868743896e-01
-3.760516941547393799e-01
-3.780964612960815430e-01
-3.790091872215270996e-01
-3.781907856464385986e-01
-3.795458376407623291e-01
-3.792873919010162354e-01
-3.777058124542236328e-01
-3.766193985939025879e-01
-3.771050274372100830e-01
-3.792093992233276367e-01
-3.820701539516448975e-01
-3.777103722095489502e-01
-3.777709305286407471e-01
-3.773965239524841309e-01
-3.770267963409423828e-01
-3.787625730037689209e-01
-3.758842051029205322e-01
-3.721037507057189941e-01
-3.794120550155639648e-01
-3.770137429237365723e-01
-3.782420158386230469e-01
-3.772479295730590820e-01
-3.780841529369354248e-01
-3.773807883262634277e-01
-3.776803016662597656e-01
-3.788649439811706543e-01
-3.753418922424316406e-01
-3.785341680049896240e-01
-3.759648501873016357e-01
-3.774318993091583252e-01
-3.727114200592041016e-01
-3.739853501319885254e-01
-3.796862661838531494e-01
-3.817840516567230225e-01
-3.778620362281799316e-01
-3.790791630744934082e-01
-3.754225373268127441e-01
-3.801521062850952148e-01
-3.792733252048492432e-01
-3.763669431209564209e-01
-3.808324038982391357e-01
-3.782629370689392090e-01
-3.750898540019989014e-01
-3.795277178287506104e-01
-3.808622956275939941e-01
-3.785473704338073730e-01
-3.764233589172363281e-01
-3.783797621726989746e-01
-3.754067420959472656e-01
-3.772598505020141602e-01
-3.746950328350067139e-01
-3.755040168762207031e-01
-3.797092139720916748e-01
-3.777765035629272461e-01
-3.754934966564178467e-01
-3.793906569480895996e-01
-3.763505518436431885e-01
-3.773477673530578613e-01
-3.775557875633239746e-01
-3.776032030582427979e-01
-3.794243633747100830e-01
-3.759998083114624023e-01
-3.810566961765289307e-01
-3.763145506381988525e-01
-3.786510825157165527e-01
-3.770935833454132080e-01
-3.774796128273010254e-01
-3.774200975894927979e-01
-3.799734413623809814e-01
-3.790743649005889893e-01
-3.773361742496490479e-01
-3.792952895164489746e-01
-3.737989664077758789e-01
-3.763983845710754395e-01
-3.752943873405456543e-01
-3.838942945003509521e-01
-3.758658468723297119e-01
-3.767440617084503174e-01
-3.759223520755767822e-01
-3.777027428150177002e-01
-3.789482116699218750e-01
-3.770266175270080566e-01
-3.787648677825927734e-01
-3.767536282539367676e-01
-3.817881345748901367e-01
-3.769493401050567627e-01
-3.781450092792510986e-01
-3.820821046829223633e-01
-3.796445429325103760e-01
-3.758013844490051270e-01
-3.752280771732330322e-01
-3.718289136886596680e-01
-3.759481608867645264e-01
-3.775281310081481934e-01
-3.759699463844299316e-01
-3.773308694362640381e-01
-3.782987296581268311e-01
-3.787027001380920410e-01
-3.781538009643554688e-01
-3.754055798053741455e-01
-3.763568699359893799e-01
-3.756377696990966797e-01
-3.770984411239624023e-01
-3.763326704502105713e-01
-3.798886239528656006e-01
-3.777173161506652832e-01
-3.774927258491516113e-01
-3.756166994571685791e-01
-3.756214976310729980e-01
-3.789633810520172119e-01
-3.796852529048919678e-01
-3.792032003402709961e-01
-3.788726031780242920e-01
-3.800590038299560547e-01
-3.749417960643768311e-01
-3.756085932254791260e-01
-3.794128298759460449e-01
-3.751569986343383789e-01
-3.770607411861419678e-01
-3.780092298984527588e-01
-3.805170059204101562e-01
-3.757667243480682373e-01
-3.780782818794250488e-01
-3.752293586730957031e-01
-3.761549592018127441e-01
-3.799918889999389648e-01
-3.801475763320922852e-01
-3.780825436115264893e-01
-3.779104053974151611e-01
-3.776902854442596436e-01
-3.772567808628082275e-01
-3.725484609603881836e-01
-3.799453377723693848e-01
-3.805079460144042969e-01
-3.801758289337158203e-01
-3.745990097522735596e-01
-3.786373436450958252e-01
-3.792760372161865234e-01
-3.766107857227325439e-01
-3.772611618041992188e-01
-3.797012865543365479e-01
-3.789006173610687256e-01
-3.759293854236602783e-01
-3.775717914104461670e-01
-3.752446472644805908e-01
-3.726135492324829102e-01
-3.799269497394561768e-01
-3.770315647125244141e-01
-3.761637508869171143e-01
-3.790606856346130371e-01
-3.787989616394042969e-01
-3.808442056179046631e-01
-3.762053549289703369e-01
-3.780674338340759277e-01
-3.778460025787353516e-01
-3.753269314765930176e-01
-3.754199147224426270e-01
-3.782406449317932129e-01
-3.777586817741394043e-01
-3.767801523208618164e-01
-3.795920312404632568e-01
-3.788942992687225342e-01
-3.787520825862884521e-01
-3.702659308910369873e-01
-3.806324601173400879e-01
-3.762061297893524170e-01
-3.765243589878082275e-01
-3.770531415939331055e-01
-3.750078380107879639e-01
-3.774211406707763672e-01
-3.818951845169067383e-01
-3.773418664932250977e-01
-3.792624473571777344e-01
-3.764538764953613281e-01
-3.715535998344421387e-01
-3.800403475761413574e-01
-3.744339942932128906e-01
-3.815385699272155762e-01
-3.789876401424407959e-01
-3.753929138183593750e-01
-3.773531019687652588e-01
-3.761352896690368652e-01
-3.807350993156433105e-01
-3.793791830539703369e-01
-3.781024515628814697e-01
-3.760727941989898682e-01
-3.804655075073242188e-01
-3.834584355354309082e-01
-3.731902539730072021e-01
-3.808436989784240723e-01
-3.740319907665252686e-01
-3.773212134838104248e-01
-3.789464533329010010e-01
-3.695810735225677490e-01
-3.792708814144134521e-01
-3.770607411861419678e-01
-3.766737878322601318e-01
-3.781112134456634521e-01
-3.765395879745483398e-01
-3.821398913860321045e-01
-3.799010217189788818e-01
-3.774736225605010986e-01
-3.780684769153594971e-01
-3.781892657279968262e-01
-3.787927031517028809e-01
-3.784046769142150879e-01
-3.761595487594604492e-01
-3.819515705108642578e-01
-3.763546049594879150e-01
-3.804572522640228271e-01
-3.777479529380798340e-01
-3.795025050640106201e-01
-3.775023221969604492e-01
-3.789685666561126709e-01
-3.772332370281219482e-01
-3.768380880355834961e-01
-3.730081915855407715e-01
-3.824250996112823486e-01
-3.779874444007873535e-01
-3.807769119739532471e-01
-3.791610598564147949e-01
-3.732620775699615479e-01
-3.742254972457885742e-01
-3.803765177726745605e-01
-3.777419924736022949e-01
-3.757763803005218506e-01
-3.773747086524963379e-01
-3.807889223098754883e-01
-3.762620985507965088e-01
-3.800783157348632812e-01
-3.769936561584472656e-01
-3.781593143939971924e-01
-3.803511559963226318e-01
-3.771306276321411133e-01
-3.805278837680816650e-01
