3.292483806610107422e+00
2.642704963684082031e+00
2.104236125946044922e+00
1.576918840408325195e+00
1.178768277168273926e+00
7.976069450378417969e-01
6.395615339279174805e-01
4.460335075855255127e-01
3.207165300846099854e-01
2.428828626871109009e-01
1.910314261913299561e-01
1.265639811754226685e-01
1.108253076672554016e-01
9.262045472860336304e-02
9.981937706470489502e-02
6.558857858180999756e-02
5.436450242996215820e-02
2.964348532259464264e-02
1.543624512851238251e-02
4.401434212923049927e-03
1.179402042180299759e-02
-8.195071131922304630e-04
-3.085390664637088776e-02
-3.359326720237731934e-02
-5.979554355144500732e-02
-6.160946562886238098e-02
-7.158837467432022095e-02
-8.825279027223587036e-02
-7.904268056154251099e-02
-9.229592978954315186e-02
-9.880241751670837402e-02
-1.004471480846405029e-01
-1.037411168217658997e-01
-1.178628206253051758e-01
-1.325129568576812744e-01
-1.252234429121017456e-01
-1.340165138244628906e-01
-1.399636268615722656e-01
-1.376988589763641357e-01
-1.481074839830398560e-01
-1.503824591636657715e-01
-1.546134352684020996e-01
-1.545372009277343750e-01
-1.597036868333816528e-01
-1.584618240594863892e-01
-1.662911623716354370e-01
-1.736977845430374146e-01
-1.771334856748580933e-01
-1.746384203433990479e-01
-1.813731640577316284e-01
-1.792281121015548706e-01
-1.842891275882720947e-01
-1.899149864912033081e-01
-1.918876916170120239e-01
-1.885486394166946411e-01
-1.951273232698440552e-01
-2.021293789148330688e-01
-1.870968937873840332e-01
-1.954807490110397339e-01
-1.970948129892349243e-01
-1.977597922086715698e-01
-2.072825282812118530e-01
-2.015118151903152466e-01
-2.107609361410140991e-01
-1.933727413415908813e-01
-2.018218040466308594e-01
-1.957873255014419556e-01
-2.092956304550170898e-01
-2.269574552774429321e-01
-2.069970667362213135e-01
-2.138209342956542969e-01
-2.215199321508407593e-01
-2.125605344772338867e-01
-2.251738905906677246e-01
-2.178568989038467407e-01
-2.216420918703079224e-01
-2.204770445823669434e-01
-2.336279451847076416e-01
-2.213213741779327393e-01
-2.266360521316528320e-01
-2.261461466550827026e-01
-2.256045490503311157e-01
-2.331455498933792114e-01
-2.289368063211441040e-01
-2.322869747877120972e-01
-2.326952666044235229e-01
-2.288440614938735962e-01
-2.234602123498916626e-01
-2.312880605459213257e-01
-2.306695878505706787e-01
-2.296262532472610474e-01
-2.310221195220947266e-01
-2.365147769451141357e-01
-2.251086384057998657e-01
-2.362706065177917480e-01
-2.257307320833206177e-01
-2.266714870929718018e-01
-2.375085800886154175e-01
-2.420002818107604980e-01
-2.317532002925872803e-01
-2.282911539077758789e-01
-2.275220453739166260e-01
-2.308143675327301025e-01
-2.329669445753097534e-01
-2.354222089052200317e-01
-2.332896143198013306e-01
-2.308717668056488037e-01
-2.455395311117172241e-01
-2.366303652524948120e-01
-2.294646054506301880e-01
-2.365084290504455566e-01
-2.407899200916290283e-01
-2.414364665746688843e-01
-2.433672249317169189e-01
-2.369293123483657837e-01
-2.383686900138854980e-01
-2.416444122791290283e-01
-2.392039149999618530e-01
-2.349731177091598511e-01
-2.435561865568161011e-01
-2.313223928213119507e-01
-2.389291673898696899e-01
-2.416045516729354858e-01
-2.395099550485610962e-01
-2.427535057067871094e-01
-2.279502749443054199e-01
-2.441456615924835205e-01
-2.379584908485412598e-01
-2.449758052825927734e-01
-2.334625273942947388e-01
-2.419046610593795776e-01
-2.434067130088806152e-01
-2.495869100093841553e-01
-2.363705486059188843e-01
-2.507463097572326660e-01
-2.418395727872848511e-01
-2.404363900423049927e-01
-2.392089217901229858e-01
-2.406487911939620972e-01
-2.380589842796325684e-01
-2.428936511278152466e-01
-2.426012903451919556e-01
-2.429142892360687256e-01
-2.537094652652740479e-01
-2.411711066961288452e-01
-2.462845742702484131e-01
-2.404520809650421143e-01
-2.456816136837005615e-01
-2.468472570180892944e-01
-2.547746300697326660e-01
-2.410511672496795654e-01
-2.489707320928573608e-01
-2.420405298471450806e-01
-2.529323101043701172e-01
-2.441771477460861206e-01
-2.484344989061355591e-01
-2.443390786647796631e-01
-2.484776526689529419e-01
-2.393905073404312134e-01
-2.459288388490676880e-01
-2.568458914756774902e-01
-2.445329725742340088e-01
-2.594302296638488770e-01
-2.512399256229400635e-01
-2.483956813812255859e-01
-2.510560750961303711e-01
-2.517968118190765381e-01
-2.513949871063232422e-01
-2.474130243062973022e-01
-2.628469765186309814e-01
-2.483464032411575317e-01
-2.580064535140991211e-01
-2.516078054904937744e-01
-2.468536049127578735e-01
-2.551732063293457031e-01
-2.489791214466094971e-01
-2.579753398895263672e-01
-2.524990141391754150e-01
-2.514538168907165527e-01
-2.541379332542419434e-01
-2.599740624427795410e-01
-2.565682232379913330e-01
-2.479882538318634033e-01
-2.495992183685302734e-01
-2.568743824958801270e-01
-2.563955485820770264e-01
-2.671126723289489746e-01
-2.614712417125701904e-01
-2.506671845912933350e-01
-2.596115171909332275e-01
-2.639294862747192383e-01
-2.541824877262115479e-01
-2.609773576259613037e-01
-2.549984753131866455e-01
-2.641226947307586670e-01
-2.637272477149963379e-01
-2.630994319915771484e-01
-2.650977671146392822e-01
-2.591508626937866211e-01
-2.601037025451660156e-01
-2.586336433887481689e-01
-2.647930979728698730e-01
-2.620107233524322510e-01
-2.640626728534698486e-01
-2.593908607959747314e-01
-2.566409409046173096e-01
-2.670504152774810791e-01
-2.690576910972595215e-01
-2.694489657878875732e-01
-2.630223035812377930e-01
-2.683064639568328857e-01
-2.684379220008850098e-01
-2.660581469535827637e-01
-2.754576802253723145e-01
-2.681729495525360107e-01
-2.538474202156066895e-01
-2.692970931529998779e-01
-2.705934643745422363e-01
-2.654154598712921143e-01
-2.685717642307281494e-01
-2.635221779346466064e-01
-2.615855932235717773e-01
-2.636082768440246582e-01
-2.631678581237792969e-01
-2.730913162231445312e-01
-2.661660015583038330e-01
-2.636299431324005127e-01
-2.686812877655029297e-01
-2.565095722675323486e-01
-2.725254595279693604e-01
-2.696706056594848633e-01
-2.763028442859649658e-01
-2.679405212402343750e-01
-2.711766958236694336e-01
-2.697415947914123535e-01
-2.756474018096923828e-01
-2.703187465667724609e-01
-2.655601799488067627e-01
-2.764820456504821777e-01
-2.725479304790496826e-01
-2.739225625991821289e-01
-2.792290449142456055e-01
-2.717910706996917725e-01
-2.684086263179779053e-01
-2.739849388599395752e-01
-2.812349200248718262e-01
-2.613049447536468506e-01
-2.751533389091491699e-01
-2.785744667053222656e-01
-2.722494602203369141e-01
-2.746703326702117920e-01
-2.752220034599304199e-01
-2.699033915996551514e-01
-2.692664861679077148e-01
-2.775973081588745117e-01
-2.684326767921447754e-01
-2.759642899036407471e-01
-2.820571660995483398e-01
-2.789491713047027588e-01
-2.723598778247833252e-01
-2.638955414295196533e-01
-2.758458852767944336e-01
-2.761003971099853516e-01
-2.703801393508911133e-01
-2.852252423763275146e-01
-2.668200433254241943e-01
-2.749791443347930908e-01
-2.762203812599182129e-01
-2.723294198513031006e-01
-2.704710364341735840e-01
-2.780236303806304932e-01
-2.716952562332153320e-01
-2.734993398189544678e-01
-2.722917497158050537e-01
-2.787932753562927246e-01
-2.784402966499328613e-01
-2.834061384201049805e-01
-2.729454934597015381e-01
-2.754811346530914307e-01
-2.848426401615142822e-01
-2.780963182449340820e-01
-2.719095349311828613e-01
-2.674078047275543213e-01
-2.830371558666229248e-01
-2.748858034610748291e-01
-2.812552452087402344e-01
-2.804404199123382568e-01
-2.683200538158416748e-01
-2.832980751991271973e-01
-2.787356078624725342e-01
-2.751812040805816650e-01
-2.731370925903320312e-01
-2.821115255355834961e-01
-2.733314931392669678e-01
-2.818016409873962402e-01
-2.728224694728851318e-01
-2.764306068420410156e-01
-2.771693468093872070e-01
-2.840636372566223145e-01
-2.833578586578369141e-01
-2.830749750137329102e-01
-2.722387015819549561e-01
-2.740011513233184814e-01
-2.796480059623718262e-01
-2.848609089851379395e-01
-2.759331464767456055e-01
-2.723805904388427734e-01
-2.903732955455780029e-01
-2.713356912136077881e-01
-2.881091833114624023e-01
-2.736651599407196045e-01
-2.694772779941558838e-01
-2.746027708053588867e-01
-2.828363180160522461e-01
-2.748065590858459473e-01
-2.777795493602752686e-01
-2.832769155502319336e-01
-2.700557112693786621e-01
-2.786658406257629395e-01
-2.800411880016326904e-01
-2.737979590892791748e-01
-2.786075472831726074e-01
-2.816227972507476807e-01
-2.837828099727630615e-01
-2.832736074924468994e-01
-2.764296233654022217e-01
-2.706882357597351074e-01
-2.830657958984375000e-01
-2.760428190231323242e-01
-2.783379852771759033e-01
-2.846199870109558105e-01
-2.858627140522003174e-01
-2.704640030860900879e-01
-2.860531210899353027e-01
-2.778827548027038574e-01
-2.906873226165771484e-01
-2.696240246295928955e-01
-2.790445685386657715e-01
-2.706452608108520508e-01
-2.848829925060272217e-01
-2.805378139019012451e-01
-2.769311964511871338e-01
-2.870964109897613525e-01
-2.777486443519592285e-01
-2.779352962970733643e-01
-2.758133411407470703e-01
-2.817963361740112305e-01
-2.782545387744903564e-01
-2.917642295360565186e-01
-2.795594334602355957e-01
-2.807358205318450928e-01
-2.876218855381011963e-01
-2.706042528152465820e-01
-2.859487235546112061e-01
-2.851024270057678223e-01
-2.748518884181976318e-01
-2.721519172191619873e-01
-2.728883624076843262e-01
-2.902525663375854492e-01
-2.866791486740112305e-01
-2.743442952632904053e-01
-2.833981812000274658e-01
-2.774975299835205078e-01
-2.741874158382415771e-01
-2.821074426174163818e-01
-2.853088080883026123e-01
-2.833051383495330811e-01
-2.896908819675445557e-01
-2.843117117881774902e-01
-2.848889827728271484e-01
-2.846765220165252686e-01
-2.770850062370300293e-01
-2.876513600349426270e-01
-2.824237048625946045e-01
-2.824092209339141846e-01
-2.873431444168090820e-01
-2.885967493057250977e-01
-2.679174840450286865e-01
-2.880609035491943359e-01
-2.801495492458343506e-01
-2.756271362304687500e-01
-2.851953208446502686e-01
-2.730928361415863037e-01
-2.862835228443145752e-01
-2.811851501464843750e-01
-2.770309746265411377e-01
-2.848488688468933105e-01
-2.834484875202178955e-01
-2.793737053871154785e-01
-2.789250314235687256e-01
-2.931431829929351807e-01
-2.772980630397796631e-01
-2.824287712574005127e-01
-2.864015698432922363e-01
-2.821489870548248291e-01
-2.870185673236846924e-01
-2.816079854965209961e-01
-2.849709987640380859e-01
-2.787272930145263672e-01
-2.796920239925384521e-01
-2.754651308059692383e-01
-2.840471267700195312e-01
-2.906256020069122314e-01
-2.761690318584442139e-01
-2.887921333312988281e-01
-2.698259949684143066e-01
-2.923994660377502441e-01
-2.858126759529113770e-01
-2.779943346977233887e-01
-2.908861041069030762e-01
-2.757062315940856934e-01
-3.034762442111968994e-01
-2.841915190219879150e-01
-2.894464731216430664e-01
-2.859123051166534424e-01
-2.810338139533996582e-01
-2.860855460166931152e-01
-2.710358500480651855e-01
-2.828217148780822754e-01
-2.871848642826080322e-01
-2.804755866527557373e-01
-2.967254519462585449e-01
-2.801420986652374268e-01
-2.896029055118560791e-01
-2.854847908020019531e-01
-2.870800793170928955e-01
-2.888959348201751709e-01
-2.826892733573913574e-01
-2.830814123153686523e-01
-2.817023992538452148e-01
-2.943053543567657471e-01
-2.797224521636962891e-01
-2.933837473392486572e-01
-2.890206277370452881e-01
-2.839868366718292236e-01
-2.984009385108947754e-01
-2.867206931114196777e-01
-2.862848639488220215e-01
-2.852937579154968262e-01
-2.871754169464111328e-01
-2.973144650459289551e-01
-2.957128882408142090e-01
-2.898062169551849365e-01
-2.810888588428497314e-01
-2.915463149547576904e-01
-2.837666571140289307e-01
-2.862429916858673096e-01
-2.891109585762023926e-01
-2.964674830436706543e-01
-2.901263535022735596e-01
-2.935764193534851074e-01
-2.998189032077789307e-01
-2.912041842937469482e-01
-3.014470338821411133e-01
-2.894308865070343018e-01
-2.901034653186798096e-01
-2.910762131214141846e-01
-2.932417690753936768e-01
-2.885721623897552490e-01
-2.944907248020172119e-01
-2.912991344928741455e-01
-2.957684397697448730e-01
-2.940137982368469238e-01
-2.911373674869537354e-01
-2.898574471473693848e-01
-2.993685603141784668e-01
-2.998045086860656738e-01
-2.910179197788238525e-01
-2.864006459712982178e-01
-2.977322936058044434e-01
-2.974932789802551270e-01
-2.963734269142150879e-01
-2.957833409309387207e-01
-2.931364476680755615e-01
-2.947611212730407715e-01
-2.893274724483489990e-01
-2.934108376502990723e-01
-2.789044380187988281e-01
-2.956884205341339111e-01
-2.946751117706298828e-01
-2.932319343090057373e-01
-2.938545048236846924e-01
-2.979773879051208496e-01
-2.940912246704101562e-01
-3.015483915805816650e-01
-2.923827469348907471e-01
-2.918214499950408936e-01
-2.932918667793273926e-01
-2.940542995929718018e-01
-2.952229976654052734e-01
-2.938465774059295654e-01
-3.040692806243896484e-01
-2.955549359321594238e-01
-2.935808598995208740e-01
-2.979460358619689941e-01
-3.000352382659912109e-01
-2.985181808471679688e-01
-2.886948287487030029e-01
-3.023086488246917725e-01
-2.885147929191589355e-01
-3.060178458690643311e-01
-2.910847067832946777e-01
-3.028860986232757568e-01
-2.986344397068023682e-01
-3.004541099071502686e-01
-2.975342273712158203e-01
-3.085379302501678467e-01
-2.975074946880340576e-01
-2.966022193431854248e-01
-2.897301018238067627e-01
-3.041335940361022949e-01
-2.953560054302215576e-01
-3.002261519432067871e-01
-2.985268533229827881e-01
-2.955314218997955322e-01
-3.087103366851806641e-01
-2.927362620830535889e-01
-3.047702610492706299e-01
-2.864350080490112305e-01
-3.048950731754302979e-01
-3.043609261512756348e-01
-3.030307888984680176e-01
-3.042640089988708496e-01
-2.955363094806671143e-01
-3.032359778881072998e-01
-3.025094568729400635e-01
-3.052538931369781494e-01
-2.971049249172210693e-01
-3.056663870811462402e-01
-2.980749905109405518e-01
-2.994821369647979736e-01
-2.981303334236145020e-01
-3.065409064292907715e-01
-3.032807111740112305e-01
-3.048797547817230225e-01
-3.010316491127014160e-01
-3.014266490936279297e-01
-3.027044236660003662e-01
-3.005863130092620850e-01
-3.052090108394622803e-01
-3.058562278747558594e-01
-3.070054352283477783e-01
-3.056102991104125977e-01
-3.058254420757293701e-01
-3.039733767509460449e-01
-3.107251524925231934e-01
-3.010397851467132568e-01
-3.018743991851806641e-01
-3.037123978137969971e-01
-3.044228851795196533e-01
-3.113229274749755859e-01
-3.068640530109405518e-01
-3.057835698127746582e-01
-2.982217967510223389e-01
-3.168213367462158203e-01
-2.962926626205444336e-01
-3.119431734085083008e-01
-2.975468635559082031e-01
-3.045482933521270752e-01
-2.993203103542327881e-01
-3.080756366252899170e-01
-2.946128547191619873e-01
-3.044825196266174316e-01
-3.034150898456573486e-01
-3.051392734050750732e-01
-3.016547262668609619e-01
-3.086213767528533936e-01
-2.952498793601989746e-01
-3.109605014324188232e-01
-3.058301508426666260e-01
-3.102264404296875000e-01
-3.027463853359222412e-01
-3.021441102027893066e-01
-2.993335127830505371e-01
-3.087005019187927246e-01
-3.053178787231445312e-01
-2.939133346080780029e-01
-3.089002072811126709e-01
-3.001803159713745117e-01
-3.022268712520599365e-01
-3.053620457649230957e-01
-3.004893660545349121e-01
-3.054235279560089111e-01
-3.014135062694549561e-01
-3.103487193584442139e-01
-3.055227100849151611e-01
-2.978828251361846924e-01
-3.134283423423767090e-01
-2.913009524345397949e-01
-3.128146827220916748e-01
-2.973682880401611328e-01
-3.053718209266662598e-01
-3.144254088401794434e-01
-2.923599779605865479e-01
-3.142344951629638672e-01
-3.126043677330017090e-01
-3.025590181350708008e-01
-3.160547018051147461e-01
-3.019443750381469727e-01
-3.098266124725341797e-01
-3.020484745502471924e-01
-3.125176727771759033e-01
-3.025852739810943604e-01
-3.128280937671661377e-01
-3.056892752647399902e-01
-3.144255280494689941e-01
-3.050757944583892822e-01
-3.002353310585021973e-01
-3.128447532653808594e-01
-3.016033768653869629e-01
-3.062432408332824707e-01
-3.102537989616394043e-01
-3.135005831718444824e-01
-3.138532042503356934e-01
-3.078414201736450195e-01
-3.105567097663879395e-01
-3.099981546401977539e-01
-3.156005144119262695e-01
-3.111555576324462891e-01
-2.992340326309204102e-01
-3.172444999217987061e-01
-3.006338477134704590e-01
-3.131348788738250732e-01
-3.110315203666687012e-01
-3.073728084564208984e-01
-3.032799065113067627e-01
-3.132312297821044922e-01
-2.992791235446929932e-01
-3.076079785823822021e-01
-3.184886872768402100e-01
-3.046769499778747559e-01
-3.088655769824981689e-01
-3.079617023468017578e-01
-3.025123476982116699e-01
-3.145067095756530762e-01
-3.076117634773254395e-01
-3.101554512977600098e-01
-3.122291564941406250e-01
-3.131599128246307373e-01
-3.052301704883575439e-01
-3.193751871585845947e-01
-3.036862611770629883e-01
-3.189511001110076904e-01
-3.058679699897766113e-01
-3.094328343868255615e-01
-3.149072825908660889e-01
-3.079325556755065918e-01
-3.225339949131011963e-01
-3.019295632839202881e-01
-3.129833638668060303e-01
-3.081463873386383057e-01
-3.081696033477783203e-01
-3.093195259571075439e-01
-3.051354289054870605e-01
-3.071803450584411621e-01
-3.122139275074005127e-01
-3.163858354091644287e-01
-3.110676407814025879e-01
-3.189463317394256592e-01
-3.157857656478881836e-01
-3.107878565788269043e-01
-3.113146424293518066e-01
-3.049379289150238037e-01
-3.030033707618713379e-01
-3.142745792865753174e-01
-3.173237442970275879e-01
-3.066402077674865723e-01
-3.215039074420928955e-01
-3.063183128833770752e-01
-3.113339245319366455e-01
-3.074909746646881104e-01
-3.190030455589294434e-01
-3.126221001148223877e-01
-3.127996325492858887e-01
-3.128290772438049316e-01
-3.109531104564666748e-01
-3.137143552303314209e-01
-3.108134865760803223e-01
-3.112713694572448730e-01
-3.128194808959960938e-01
-3.213480114936828613e-01
-3.086420893669128418e-01
-3.159752786159515381e-01
-3.093856871128082275e-01
-3.124218583106994629e-01
-3.130298256874084473e-01
-3.211156129837036133e-01
-3.088098764419555664e-01
-3.194431662559509277e-01
-3.092332184314727783e-01
-3.165817260742187500e-01
-3.193488717079162598e-01
-3.133647143840789795e-01
-3.171946406364440918e-01
-3.180465996265411377e-01
-3.043052852153778076e-01
-3.196735978126525879e-01
-3.146174252033233643e-01
-3.227327466011047363e-01
-3.179519474506378174e-01
-3.109945654869079590e-01
-3.152225911617279053e-01
-3.115811049938201904e-01
-3.163636326789855957e-01
-3.170419335365295410e-01
-3.159616887569427490e-01
-3.152329027652740479e-01
-3.144491016864776611e-01
-3.224564194679260254e-01
-3.126290142536163330e-01
-3.179976940155029297e-01
-3.124814629554748535e-01
-3.230683505535125732e-01
-3.172508180141448975e-01
-3.211765885353088379e-01
-3.121157288551330566e-01
-3.185836076736450195e-01
-3.181828558444976807e-01
-3.181386291980743408e-01
-3.235751986503601074e-01
-3.147559762001037598e-01
-3.089410960674285889e-01
-3.199853003025054932e-01
-3.156995177268981934e-01
-3.182389736175537109e-01
-3.225848078727722168e-01
-3.211879134178161621e-01
-3.133127391338348389e-01
-3.161874413490295410e-01
-3.195596933364868164e-01
-3.144611716270446777e-01
-3.199733793735504150e-01
-3.136245906352996826e-01
-3.099836409091949463e-01
-3.186000883579254150e-01
-3.234292864799499512e-01
-3.127711713314056396e-01
-3.197349905967712402e-01
-3.173376321792602539e-01
-3.167715966701507568e-01
-3.160775303840637207e-01
-3.182736337184906006e-01
-3.197559416294097900e-01
-3.172599971294403076e-01
-3.178457021713256836e-01
-3.083449900150299072e-01
-3.144479990005493164e-01
-3.171102404594421387e-01
-3.235970437526702881e-01
-3.173573017120361328e-01
-3.174819350242614746e-01
-3.238735795021057129e-01
-3.161567449569702148e-01
-3.248161673545837402e-01
-3.190699517726898193e-01
-3.172374069690704346e-01
-3.225170075893402100e-01
-3.184376955032348633e-01
-3.194280266761779785e-01
-3.221277594566345215e-01
-3.177002966403961182e-01
-3.226629495620727539e-01
-3.151848614215850830e-01
-3.188119530677795410e-01
-3.121628165245056152e-01
-3.279109597206115723e-01
-3.183382451534271240e-01
-3.161351978778839111e-01
-3.188430666923522949e-01
-3.241714239120483398e-01
-3.236652016639709473e-01
-3.263334929943084717e-01
-3.220748305320739746e-01
-3.240072429180145264e-01
-3.158505558967590332e-01
-3.272993266582489014e-01
-3.173948228359222412e-01
-3.164537250995635986e-01
-3.233710527420043945e-01
-3.216329216957092285e-01
-3.251932561397552490e-01
-3.216961026191711426e-01
-3.211356997489929199e-01
-3.262368738651275635e-01
-3.158193230628967285e-01
-3.236143887042999268e-01
-3.195196390151977539e-01
-3.149274885654449463e-01
-3.255338370800018311e-01
-3.171291947364807129e-01
-3.229686021804809570e-01
-3.184595406055450439e-01
-3.271596431732177734e-01
-3.182907700538635254e-01
-3.258448243141174316e-01
-3.235913813114166260e-01
-3.314020037651062012e-01
-3.190332353115081787e-01
-3.236717581748962402e-01
-3.232163190841674805e-01
-3.280311226844787598e-01
-3.183017075061798096e-01
-3.207120299339294434e-01
-3.243425190448760986e-01
-3.237521946430206299e-01
-3.229929208755493164e-01
-3.219331502914428711e-01
-3.257570564746856689e-01
-3.227616846561431885e-01
-3.263614177703857422e-01
-3.267355561256408691e-01
-3.216608464717864990e-01
-3.243522346019744873e-01
-3.229650855064392090e-01
-3.291834592819213867e-01
-3.227004408836364746e-01
-3.250893354415893555e-01
-3.271822333335876465e-01
-3.264567852020263672e-01
-3.285178840160369873e-01
-3.211872279644012451e-01
-3.233714103698730469e-01
-3.199798464775085449e-01
-3.276802599430084229e-01
-3.189133703708648682e-01
-3.279868066310882568e-01
-3.272417485713958740e-01
-3.225588500499725342e-01
-3.265356719493865967e-01
-3.265655040740966797e-01
-3.247522115707397461e-01
-3.357263207435607910e-01
-3.244035840034484863e-01
-3.287442028522491455e-01
-3.335103094577789307e-01
-3.169835805892944336e-01
-3.301302492618560791e-01
-3.285887539386749268e-01
-3.224333226680755615e-01
-3.281589448451995850e-01
-3.256995379924774170e-01
-3.253088891506195068e-01
-3.238025605678558350e-01
-3.340036869049072266e-01
-3.189016580581665039e-01
-3.353279531002044678e-01
-3.256351947784423828e-01
-3.321706950664520264e-01
-3.286204040050506592e-01
-3.330068886280059814e-01
-3.314348757266998291e-01
-3.330078721046447754e-01
-3.293239474296569824e-01
-3.284071385860443115e-01
-3.274626433849334717e-01
-3.297421634197235107e-01
-3.306223154067993164e-01
-3.310192227363586426e-01
-3.316236436367034912e-01
-3.284271061420440674e-01
-3.309812247753143311e-01
-3.354994058609008789e-01
-3.280269503593444824e-01
-3.294383585453033447e-01
-3.326993286609649658e-01
-3.332823514938354492e-01
-3.288008868694305420e-01
-3.336854875087738037e-01
-3.357080817222595215e-01
-3.291801512241363525e-01
-3.314755856990814209e-01
-3.301954269409179688e-01
-3.321624100208282471e-01
-3.283131122589111328e-01
-3.272840082645416260e-01
-3.331268727779388428e-01
-3.355306088924407959e-01
-3.299493491649627686e-01
-3.318659961223602295e-01
-3.302307724952697754e-01
-3.228892683982849121e-01
-3.269249796867370605e-01
-3.343691527843475342e-01
-3.265188038349151611e-01
-3.284712731838226318e-01
-3.267170488834381104e-01
-3.286809027194976807e-01
-3.329254090785980225e-01
-3.262547254562377930e-01
-3.346621096134185791e-01
-3.303499221801757812e-01
-3.306037485599517822e-01
-3.315894007682800293e-01
-3.295851349830627441e-01
-3.319401443004608154e-01
-3.327199816703796387e-01
-3.302648365497589111e-01
-3.308141529560089111e-01
-3.284240663051605225e-01
-3.275330066680908203e-01
-3.265630006790161133e-01
-3.326381146907806396e-01
-3.367614746093750000e-01
-3.338048756122589111e-01
-3.340123891830444336e-01
-3.307197391986846924e-01
-3.305949568748474121e-01
-3.290458619594573975e-01
-3.311546146869659424e-01
-3.351690471172332764e-01
-3.252024054527282715e-01
-3.383427262306213379e-01
-3.330902159214019775e-01
-3.319855630397796631e-01
-3.307040333747863770e-01
-3.345700204372406006e-01
-3.323352336883544922e-01
-3.369501233100891113e-01
-3.366837799549102783e-01
-3.313129842281341553e-01
-3.371692001819610596e-01
-3.311200439929962158e-01
-3.307333290576934814e-01
-3.389314711093902588e-01
-3.306778669357299805e-01
-3.364383876323699951e-01
-3.331291377544403076e-01
-3.330040872097015381e-01
-3.363812863826751709e-01
-3.312907814979553223e-01
-3.389492630958557129e-01
-3.296228349208831787e-01
-3.341450095176696777e-01
-3.281297087669372559e-01
-3.313733041286468506e-01
-3.349808752536773682e-01
-3.348871767520904541e-01
-3.322672247886657715e-01
-3.336799442768096924e-01
-3.233065307140350342e-01
-3.345954120159149170e-01
-3.294345140457153320e-01
-3.332774341106414795e-01
-3.312332034111022949e-01
-3.319043517112731934e-01
-3.328077495098114014e-01
-3.347566723823547363e-01
-3.370599150657653809e-01
-3.321817815303802490e-01
-3.279855847358703613e-01
-3.393245935440063477e-01
-3.313104510307312012e-01
-3.376694917678833008e-01
-3.323729336261749268e-01
-3.376339673995971680e-01
-3.299517631530761719e-01
-3.324715495109558105e-01
-3.351432979106903076e-01
-3.328010439872741699e-01
-3.334678411483764648e-01
-3.356576263904571533e-01
-3.395443856716156006e-01
-3.294056951999664307e-01
-3.372492194175720215e-01
-3.302544057369232178e-01
-3.305571079254150391e-01
-3.324646651744842529e-01
-3.346453309059143066e-01
-3.365737497806549072e-01
-3.370748162269592285e-01
-3.348307609558105469e-01
-3.320421874523162842e-01
-3.323450982570648193e-01
-3.312352597713470459e-01
-3.372308015823364258e-01
-3.358550071716308594e-01
-3.345086276531219482e-01
-3.357221186161041260e-01
-3.337208926677703857e-01
-3.282040357589721680e-01
-3.383149504661560059e-01
-3.369354307651519775e-01
-3.420038223266601562e-01
-3.368019461631774902e-01
-3.396769762039184570e-01
-3.334108889102935791e-01
-3.320429027080535889e-01
-3.393593430519104004e-01
-3.360367417335510254e-01
-3.380488157272338867e-01
-3.345623314380645752e-01
-3.357181847095489502e-01
-3.321912884712219238e-01
-3.377210199832916260e-01
-3.321753442287445068e-01
-3.322211205959320068e-01
-3.339421451091766357e-01
-3.367688655853271484e-01
-3.319247663021087646e-01
-3.339013755321502686e-01
