-2.589052253299289341e-01
-2.823021411895751953e-01
-3.125885327657063617e-01
-3.291823069254557477e-01
-3.450092209710015068e-01
-3.531383673350016461e-01
-3.606730831993950614e-01
-3.623656166924370536e-01
-3.625833458370632534e-01
-3.634999858008490792e-01
-3.634136782752143136e-01
-3.664839532640244979e-01
-3.651939762963188896e-01
-3.659173647562662945e-01
-3.617846700880262834e-01
-3.682032426198323383e-01
-3.703243467542860490e-01
-3.733428849114311943e-01
-3.740194373660617466e-01
-3.772570292154948102e-01
-3.781878683302137834e-01
-3.778161472744411831e-01
-3.797962665557861328e-01
-3.802263471815321427e-01
-3.799097008175320034e-01
-3.800217575497097378e-01
-3.806684547000461216e-01
-3.821877108679877511e-01
-3.815667894151475448e-01
-3.823302851782904854e-01
-3.468404875861273995e-01
-3.636070092519124164e-01
-3.627557489607069474e-01
-3.603928618960910435e-01
-3.625429736243354073e-01
-3.646901978386772880e-01
-3.682807286580403461e-01
-3.675714598761664620e-01
-3.668058183458116073e-01
-3.679477903578016740e-01
-3.681768046485053292e-01
-3.692400720384385604e-01
-3.690649668375651227e-01
-3.713915348052978516e-01
-3.710119989183213729e-01
-3.724796507093641740e-01
-3.704426818423801060e-01
-3.717631498972575055e-01
-3.634757465786404018e-01
-3.633353445265028459e-01
-2.731478744082980747e-01
-2.953950034247504464e-01
-3.168706099192301617e-01
-3.529967996809217912e-01
-3.622905943128797990e-01
-3.633651203579372768e-01
-3.623671266767714005e-01
-3.645680215623643416e-01
-3.412059413062201729e-01
-3.528691397772895089e-01
-3.602019151051839008e-01
-3.713436656528049107e-01
-3.747346931033664341e-01
-3.770306110382080078e-01
-3.646296395195854911e-01
-3.696783118777804966e-01
-3.691224522060818081e-01
-3.673171732160780412e-01
-3.398517767588297711e-01
-3.558953338199191685e-01
-3.628465069664849052e-01
-3.629754119449191685e-01
-3.689272403717041016e-01
-3.694381713867187500e-01
-3.736339939965142021e-01
-3.740221394432915458e-01
-3.762435383266872768e-01
-3.748511473337809430e-01
-3.747775024837917690e-01
-3.769386874304877511e-01
-3.469110065036349888e-01
-3.501117494371202010e-01
-3.780030674404568081e-01
-3.616685337490505581e-01
-3.653102185991075057e-01
-3.693913883633083706e-01
-3.684399127960205078e-01
-3.682380517323811664e-01
-3.700509336259629745e-01
-3.723185857137044086e-01
-3.691350354088677177e-01
-3.715912501017252789e-01
-3.707042005327012557e-01
-3.696357409159342633e-01
-3.681436909569634208e-01
-3.691416051652696151e-01
-3.715973960028754464e-01
-3.724986447228325614e-01
-3.742454581790500279e-01
-3.799954255421956195e-01
-3.786632484859890346e-01
-3.803716765509711495e-01
-3.820676273769802456e-01
-3.791128794352213727e-01
-3.752264181772868024e-01
-3.807206418779160995e-01
-3.784688048892551060e-01
-3.811884986029731026e-01
-3.822860982682969588e-01
-3.822650379604763393e-01
-3.633004559410942802e-01
-3.715308242373996372e-01
-3.687183592054579240e-01
-3.736109733581542969e-01
-3.698525693681504745e-01
-3.697193463643391742e-01
-3.708250787523057479e-01
-3.686150179968940011e-01
-3.712233967251247768e-01
-3.738408618503146763e-01
-3.709016376071506138e-01
-3.738044897715250836e-01
-3.722694714864094867e-01
-3.726161850823296318e-01
-3.731560972001817245e-01
-3.758675787183973771e-01
-3.677502738104926339e-01
-3.630469375186496372e-01
-3.696073691050211774e-01
-3.774708376990424386e-01
-3.744328286912705916e-01
-3.732831478118896484e-01
-3.709956540001763114e-01
-3.790895673963758927e-01
-3.787520196702744979e-01
-3.765666219923231584e-01
-3.800479306115044364e-01
-3.790011405944824219e-01
-3.786260286966959820e-01
-3.793885442945692521e-01
-3.792998790740966797e-01
-3.813429938422309151e-01
-3.805235226949055805e-01
-3.790021207597520370e-01
-3.792182339562309989e-01
-3.809279865688747768e-01
-3.803383244408501396e-01
-3.798976209428575057e-01
-3.783068656921386719e-01
-3.796709908379448661e-01
-3.814689053429497489e-01
-3.819298479292128068e-01
-3.813106218973795758e-01
-3.823863400353325614e-01
-3.823895719316270370e-01
-3.819601270887587052e-01
-3.838041623433430805e-01
-3.790883488125271206e-01
-3.822868665059407367e-01
-3.840272426605224609e-01
-3.838712639278835659e-01
-3.833513259887695312e-01
-3.831166426340739117e-01
-3.837100664774577008e-01
-3.841632472144232979e-01
-3.842826154496934432e-01
-3.841451803843180524e-01
-3.836870193481445312e-01
-3.828170829349094029e-01
-3.842128912607828961e-01
-3.837821218702528459e-01
-3.842635684543185826e-01
-3.835594124264187221e-01
-3.853461212582058315e-01
-3.842212359110514508e-01
-3.840432431962754745e-01
-3.831386831071641463e-01
-3.847309483422173271e-01
-3.841503991021050224e-01
-3.846882184346516742e-01
-3.838555812835693359e-01
-3.852306207021077289e-01
-3.846049838595920201e-01
-3.842502170138888951e-01
-3.851206302642822266e-01
-3.855708175235324497e-01
-3.846931457519531250e-01
-3.848912980821397323e-01
-3.846530384487575893e-01
-3.849970234764946708e-01
-3.856196403503417969e-01
-3.846773571438259487e-01
-3.845722675323486328e-01
-3.853522141774495258e-01
-3.849769963158501396e-01
-3.851929770575629464e-01
-3.848360379536946430e-01
-3.853958712683783761e-01
-3.857780297597249164e-01
-3.850004408094618302e-01
-3.859242598215739117e-01
-3.845888508690727958e-01
-3.861853811475965959e-01
-3.847308423784043807e-01
-3.852331373426649552e-01
-3.850469589233398438e-01
-3.860185676150851841e-01
-3.855087227291530971e-01
-3.837461471557617188e-01
-3.857949839697943917e-01
-3.854322168562147599e-01
-3.847704728444417133e-01
-3.858354621463351841e-01
-3.860927422841389789e-01
-3.843994140625000000e-01
-3.771972656250000000e-01
-3.817261324988471261e-01
-3.833619753519694195e-01
-3.836006058586968193e-01
-3.811175028483073102e-01
-3.849713537428114396e-01
-3.844614293840196151e-01
-3.850768142276340122e-01
-3.845685323079426898e-01
-3.852738539377848492e-01
-3.847348160213894253e-01
-3.850374751620822544e-01
-3.847218884362114677e-01
-3.848900794982910156e-01
-3.851315180460612164e-01
-3.853010071648491630e-01
-3.854043218824598771e-01
-3.861179881625705357e-01
-3.856366210513644810e-01
-3.843426704406738281e-01
-3.855464988284640904e-01
-3.513234721289740792e-01
-3.677382734086778182e-01
-3.683841758304172154e-01
-3.698417875501844865e-01
-3.685992823706732979e-01
-3.688191572825114117e-01
-3.712792926364474888e-01
-3.680707878536648159e-01
-3.727409839630126953e-01
-3.744881947835286273e-01
-3.740608162350124721e-01
-3.738136821322970982e-01
-3.745064205593532924e-01
-3.731542428334553851e-01
-3.743147320217556362e-01
-3.750339084201388951e-01
-3.748831219143337612e-01
-3.733610577053493862e-01
-3.723886277940537948e-01
-3.725879987080891742e-01
-3.733068042331271763e-01
-3.735525078243679409e-01
-3.744765122731526508e-01
-3.755787743462456474e-01
-3.736174106597900391e-01
-3.754613134596083146e-01
-3.723584810892741070e-01
-3.723278045654296875e-01
-3.730946646796332589e-01
-3.718475500742594586e-01
-3.723426659901936664e-01
-3.828789393107096539e-01
-3.832445674472385044e-01
-3.849086231655544643e-01
-3.838159773084852677e-01
-3.830983108944363003e-01
-3.828004466162787667e-01
-3.841081990136040458e-01
-3.841522799597846261e-01
-3.838555812835693359e-01
-3.846629195743136997e-01
-3.847950829399956474e-01
-3.856369389428032646e-01
-3.845683733622233258e-01
-3.834138976203070870e-01
-3.839992417229546318e-01
-3.843151728312174664e-01
-3.846186796824137555e-01
-3.845705191294352399e-01
-3.845764266120063057e-01
-3.847861554887559432e-01
-3.853657775455051060e-01
-3.849461343553330916e-01
-3.849420017666286831e-01
-3.851950963338215961e-01
-3.861538304222954521e-01
-3.836156792110866909e-01
-3.853981494903564453e-01
-3.849846257103813896e-01
-3.855815463595920201e-01
-3.844419585333930245e-01
-3.859485255347357979e-01
-3.852078914642333984e-01
-3.864735232459174386e-01
-3.856115341186523438e-01
-3.854082160525851841e-01
-3.857416841718885880e-01
-3.853352334764268416e-01
-3.849873012966579799e-01
-3.860495355394151229e-01
-3.856505023108588448e-01
-3.866064548492431641e-01
-3.859851095411512834e-01
-3.859474394056532365e-01
-3.857100804646809711e-01
-3.859341674380832310e-01
-3.861815929412841797e-01
-3.859501414828830357e-01
-3.857480420006645927e-01
-3.857821093665229073e-01
-3.859818776448567523e-01
-3.857293923695881976e-01
-3.859748575422499162e-01
-3.857780562506781807e-01
-3.857851028442382812e-01
-3.859954410129123326e-01
-3.861570623185899276e-01
-3.857367038726806641e-01
-3.868403169843885880e-01
-3.862595028347439174e-01
-3.858228524525960101e-01
-3.860398398505316964e-01
-3.863965935177273159e-01
-3.853929572635226841e-01
-3.865430090162489396e-01
-3.860233889685736886e-01
-3.858682579464382534e-01
-3.857710361480712891e-01
-3.861029413011338729e-01
-3.864840666453043805e-01
-3.865243064032660714e-01
-3.863764603932698383e-01
-3.868865436977810268e-01
-3.866074350145127791e-01
-3.854065206315782088e-01
-3.870148658752441406e-01
-3.856936295827229633e-01
-3.863952954610188617e-01
-3.860383563571506138e-01
-3.861789173550075893e-01
-3.867115709516737443e-01
-3.865677515665690289e-01
-3.870516618092854633e-01
-3.856567806667751674e-01
-3.860853248172336216e-01
-3.863042460547553292e-01
-3.857741355895996094e-01
-3.872130976782904854e-01
-3.860834174686008091e-01
-3.861601617601182479e-01
-3.860115740034315568e-01
-3.867234124077690849e-01
-3.867193592919243583e-01
-3.867075708177354354e-01
-3.863166173299153461e-01
-3.864612579345703125e-01
-3.863729106055365792e-01
-3.863876130845811385e-01
-3.860867553287082310e-01
-3.863560623592800503e-01
-3.878397411770290737e-01
-3.863269223107231864e-01
-3.862632115681965961e-01
-3.862020969390869141e-01
-3.861805862850613003e-01
-3.863535987006293526e-01
-3.865421348147922154e-01
-3.866579267713758927e-01
-3.873040941026475448e-01
-3.865244388580322266e-01
-3.866533703274196987e-01
-3.863789770338270646e-01
-3.862699667612711774e-01
-3.859757847256130581e-01
-3.866776890224880581e-01
-3.864200380113389510e-01
-3.869166639116075057e-01
-3.862110508812798271e-01
-3.866219255659315568e-01
-3.863052792019314174e-01
-3.869615925682915458e-01
-3.863955073886447544e-01
-3.862139913770887834e-01
-3.866795168982611886e-01
-3.871789243486192245e-01
-3.866298728519015904e-01
-3.863864474826388951e-01
-3.868287669287787667e-01
-3.859208424886067523e-01
-3.862763245900471820e-01
-3.869813813103569755e-01
-3.864403300815158482e-01
-3.861216968960232143e-01
-3.867477311028374443e-01
-3.862176736195881976e-01
-3.868321047888861886e-01
-3.866908020443386440e-01
-3.875599967108832589e-01
-3.870433966318766461e-01
-3.869063589307997209e-01
-3.866595427195231305e-01
-3.861697779761420479e-01
-3.873074584537082310e-01
-3.869915538363986607e-01
-3.866564962599012834e-01
-3.871866332160102120e-01
-3.870738612280951729e-01
-3.867546452416313896e-01
-3.865089416503906250e-01
-3.865746657053629742e-01
-3.867967658572726841e-01
-3.860712316301133651e-01
-3.864642779032389508e-01
-3.869074185689290180e-01
-3.869161605834960938e-01
-3.869078689151340122e-01
-3.860989676581488839e-01
-3.869455390506320591e-01
-3.865100542704264508e-01
-3.870084285736083984e-01
-3.414168357849121094e-01
-3.627226087782118302e-01
-3.697455459170871372e-01
-3.676553302341037388e-01
-3.710553910997178573e-01
-3.768727779388427734e-01
-3.794319894578721541e-01
-3.802572091420491351e-01
-3.812414275275336495e-01
-3.809331787957085380e-01
-3.809513515896267299e-01
-3.823893335130479354e-01
-3.821895122528076172e-01
-3.809480402204725724e-01
-3.829134835137261161e-01
-3.822431564331054688e-01
-3.831770420074462891e-01
-3.828777737087673549e-01
-3.823817571004231586e-01
-3.832655217912461776e-01
-3.836570050981309432e-01
-3.834217919243706474e-01
-3.837058809068467635e-01
-3.839617040422227401e-01
-3.848268191019694195e-01
-3.841953542497422713e-01
-3.832901583777533761e-01
-3.817667696211073380e-01
-3.844780392116970424e-01
-3.836930857764350167e-01
-3.835372659895155412e-01
-3.837717903984917411e-01
-3.846398194630940570e-01
-3.849224249521891461e-01
-3.849662674797905693e-01
-3.846303092108832589e-01
-3.850080172220866070e-01
-3.848059442308213729e-01
-3.847298092312282924e-01
-3.843051857418484096e-01
-3.850280708736843471e-01
-3.845637904273139229e-01
-3.850144545237223492e-01
-3.856077724032931919e-01
-3.853738043043348771e-01
-3.852309650844997768e-01
-3.857459757063124162e-01
-3.859993086920844307e-01
-3.858323362138535995e-01
-3.852400249905056362e-01
-3.857013914320204240e-01
-3.861804538302951451e-01
-3.851577705807155971e-01
-3.857005437215169086e-01
-3.844170570373535156e-01
-3.855938646528456193e-01
-3.855284584893120536e-01
-3.851917584737141742e-01
-3.857891294691297990e-01
-3.845698303646511440e-01
-3.856742646959092635e-01
-3.855283790164523716e-01
-3.852410581376817245e-01
-3.860819339752197266e-01
-3.861090342203776227e-01
-3.852349122365315570e-01
-3.861777517530653459e-01
-3.856500519646538505e-01
-3.854826821221245536e-01
-3.859291341569688338e-01
-3.858466678195529576e-01
-3.861931959788004742e-01
-3.855613602532280693e-01
-3.868786229027642021e-01
-3.859123388926188336e-01
-3.856754832797580357e-01
-3.862894376118977680e-01
-3.858047326405842914e-01
-3.856440915001763114e-01
-3.868272039625380021e-01
-3.858286009894477120e-01
-3.872450192769368305e-01
-3.852120240529378070e-01
-3.861867321862114677e-01
-3.859008683098686943e-01
-3.855340215894911271e-01
-3.867478900485568638e-01
-3.864727020263671875e-01
-3.858710924784342633e-01
-3.864596154954698104e-01
-3.861368762122260323e-01
-3.864009910159640904e-01
-3.860363695356581193e-01
-3.866181638505723495e-01
-3.861547311147053851e-01
-3.868230713738335380e-01
-3.868575890858967914e-01
-3.865451018015543805e-01
-3.855482737223307477e-01
-3.866348796420627232e-01
-3.866349061330159320e-01
-3.864263163672553292e-01
-3.864066335890028459e-01
-3.862425221337212333e-01
-3.866032494439018974e-01
-3.868576155768500557e-01
-3.859635988871256695e-01
-3.859370549519856586e-01
-3.864172564612494698e-01
-3.859672811296250838e-01
-3.869893550872802734e-01
-3.865854210323757534e-01
-3.864043023851182479e-01
-3.862004015180799943e-01
-3.864932325151231307e-01
-3.867403931087917690e-01
-3.865527576870388393e-01
-3.864040374755859375e-01
-3.864542643229166852e-01
-3.867789639366997489e-01
-3.862601915995280133e-01
-3.862059911092122211e-01
-3.865253660413954240e-01
-3.867371347215440291e-01
-3.857024775611029854e-01
-3.864105807410346261e-01
-3.862066533830430526e-01
-3.861591021219889508e-01
-3.863603538937038784e-01
-3.861846658918592912e-01
-3.866533703274196987e-01
-3.864518271552191964e-01
-3.865309291415744419e-01
-3.858277002970377789e-01
-3.868286609649658203e-01
-3.869108623928493862e-01
-3.865209155612521763e-01
-3.864904509650336495e-01
-3.865154584248860492e-01
-3.868408203125000000e-01
-3.865161736806233539e-01
-3.867569499545627232e-01
-3.860849539438883649e-01
-3.862338331010606307e-01
-3.869116306304931641e-01
-3.866178989410400391e-01
-3.866017924414740792e-01
-3.868899080488417130e-01
-3.868828614552815570e-01
-3.866023487514919643e-01
-3.870418336656358260e-01
-3.865333663092719307e-01
-3.874984847174750557e-01
-3.860035207536485213e-01
-3.870075013902452010e-01
-3.871741294860839844e-01
-3.866394890679253349e-01
-3.867691622840033761e-01
-3.867652681138780135e-01
-3.869745996263291854e-01
-3.872884114583333148e-01
-3.876659870147705078e-01
-3.865498171912299386e-01
-3.866595162285698661e-01
-3.869919776916503906e-01
-3.868319458431667690e-01
-3.865119351281059989e-01
-3.857621086968315849e-01
-3.864248063829209823e-01
-3.866485489739311943e-01
-3.863571484883626117e-01
-3.870066536797417411e-01
-3.870382573869493026e-01
-3.867136107550727120e-01
-3.865624003940158482e-01
-3.865725994110107422e-01
-3.868939081827799664e-01
-3.867735862731933594e-01
-3.867127630445692521e-01
-3.868221971723768693e-01
-3.648010624779595146e-01
-3.602916664547390346e-01
-3.671616713205973492e-01
-3.701385127173529854e-01
-3.715192211998833427e-01
-3.748706446753607979e-01
-3.776936001247829799e-01
-3.793912198808457870e-01
-3.790797657436794643e-01
-3.523332277933756695e-01
-3.807565106285942802e-01
-3.818074067433674945e-01
-3.825194835662841797e-01
-3.834768401251898995e-01
-3.840591907501220703e-01
-3.841774728563096541e-01
-3.848633501264784318e-01
-3.844962120056152344e-01
-3.852140108744303570e-01
-3.864296807183159599e-01
-3.859775331285264510e-01
-3.858319653405083427e-01
-3.857084380255805245e-01
-3.856630325317382812e-01
-3.858204152848985213e-01
-3.860970073276095982e-01
-3.860900402069091797e-01
-3.863091998630099888e-01
-3.861964543660481586e-01
-3.861014048258463727e-01
-3.863831890953911552e-01
-3.861531681484646206e-01
-3.856685691409640904e-01
-3.870135148366292133e-01
-3.858368131849501115e-01
-3.861808776855468750e-01
-3.865221871270073661e-01
-3.863824473487006417e-01
-3.862191041310628070e-01
-3.861276838514540177e-01
-3.862795829772949219e-01
-3.873464001549614677e-01
-3.869507047865126115e-01
-3.868162102169460659e-01
-3.865489429897732143e-01
-3.864247798919677734e-01
-3.865096569061279297e-01
-3.863899707794189453e-01
-3.870751327938503628e-01
-3.867057959238688336e-01
-3.866067992316352120e-01
-3.871344460381401786e-01
-3.873589038848876953e-01
-3.868181440565321427e-01
-3.864603307512071151e-01
-3.866400188869900112e-01
-3.866440455118815289e-01
-3.859428829616970424e-01
-3.871577580769856586e-01
-3.870146274566650391e-01
-3.868790467580159320e-01
-3.870691988203260880e-01
-3.872036668989393693e-01
-3.872633510165744419e-01
-3.866360452440049666e-01
-3.872636689080132255e-01
-3.869002925025092354e-01
-3.873356713189018974e-01
-3.873154852125380021e-01
-3.864250712924533482e-01
-3.864122496710883370e-01
-3.870497544606526508e-01
-3.878061506483290177e-01
-3.864373366038004742e-01
-3.868027263217502232e-01
-3.871151871151394253e-01
-3.873050742679172154e-01
-3.863222334120008927e-01
-3.869811164008246651e-01
-3.874617417653401508e-01
-3.866834110683864956e-01
-3.872135215335422154e-01
-3.868849807315402622e-01
-3.874004416995578404e-01
-3.878806432088215961e-01
-3.875392278035481586e-01
-3.866998089684380302e-01
-3.871549500359429130e-01
-3.869081603156195870e-01
-3.872926500108506698e-01
-3.876120779249403459e-01
-3.873288896348741073e-01
-3.869899643792046318e-01
-3.872654173109266740e-01
-3.870832125345866070e-01
-3.874873585171169643e-01
-3.869692484537760602e-01
-3.875177436404758091e-01
-3.872888882954915180e-01
-3.868878417544894810e-01
-3.872097333272297992e-01
-3.874453703562418805e-01
-3.868503570556640625e-01
-3.869716856214735490e-01
-3.871859709421793805e-01
-3.872163295745849609e-01
-3.872995376586914062e-01
-3.870511054992675781e-01
-3.866246541341145648e-01
-3.880639076232910156e-01
-3.872487015194363003e-01
-3.871434264712863560e-01
-3.872644106547037945e-01
-3.870514763726128349e-01
-3.869925340016682758e-01
-3.862011167738172990e-01
-3.872744772169325334e-01
-3.872159322102864398e-01
-3.869480821821424943e-01
-3.875277572207980747e-01
-3.871347904205322266e-01
-3.875315189361572266e-01
-3.873648643493652344e-01
-3.872712453206380023e-01
-3.871501816643608818e-01
-3.869558705223931083e-01
-3.866409990522596818e-01
-3.871388435363769531e-01
-3.873203860388861886e-01
-3.869914478725857143e-01
-3.867978784773085099e-01
-3.872064219580756417e-01
-3.875717057122124443e-01
-3.871640099419487724e-01
-3.870801925659179688e-01
-3.870426019032796039e-01
-3.870361646016438617e-01
-3.874472777048746930e-01
-3.872696293724907646e-01
-3.870426548851860771e-01
-3.872379461924235211e-01
-3.868486881256103516e-01
-3.874584303961859932e-01
-3.871965673234727401e-01
-3.873435391320122489e-01
-3.867664337158203125e-01
-3.872747156355116349e-01
-3.867238627539740792e-01
-3.876183297899034041e-01
-3.881296581692165737e-01
-3.876179854075114117e-01
-3.873370753394232979e-01
-3.872379991743299943e-01
-3.871602747175428849e-01
-3.872215218014187221e-01
-3.870767752329508649e-01
-3.873714605967203961e-01
-3.875761561923556919e-01
-3.873962561289469586e-01
-3.872323036193847656e-01
-3.868684768676757812e-01
-3.869806925455729352e-01
-3.871307637956407088e-01
-3.875154654184977399e-01
-3.871660762363010044e-01
-3.878485891554090959e-01
-3.873732354905869979e-01
-3.885228633880615234e-01
-3.875462743971083146e-01
-3.871455722384982701e-01
-3.871818913353813896e-01
-3.873099750942654018e-01
-3.871829509735107422e-01
-3.872649934556748885e-01
-3.875670697953965682e-01
-3.869819111294216518e-01
-3.874608145819770089e-01
-3.874580860137939453e-01
-3.873667981889512557e-01
-3.874179257286919364e-01
-3.872038258446587333e-01
-3.877021736568874721e-01
-3.872938950856526508e-01
-3.858220577239990234e-01
-3.880976835886637555e-01
-3.867503272162543526e-01
-3.873616059621174945e-01
-3.869393931494818917e-01
-3.871556388007270089e-01
-3.880381849077012557e-01
-3.877892759111192245e-01
-3.874377144707573661e-01
-3.870989481608073102e-01
-3.875991238488091239e-01
-3.868064350552029018e-01
-3.876694838205973492e-01
-3.876640001932780133e-01
-3.872291776869032365e-01
-3.874529202779133930e-01
-3.872531519995795479e-01
-3.873168892330593471e-01
-3.871339956919352399e-01
-3.877622021569145927e-01
-3.879620234171549664e-01
-3.874863518608940849e-01
-3.866084416707356586e-01
-3.872341314951578961e-01
-3.873469829559326172e-01
-3.877782291836208706e-01
-3.873054981231689453e-01
-3.876743581559922713e-01
-3.872657616933186664e-01
-3.872734440697563896e-01
-3.876631524827744979e-01
-3.875894016689724331e-01
-3.875870704650878906e-01
-3.877386516994900112e-01
-3.878370126088460101e-01
-3.873984813690185547e-01
-3.873671955532497768e-01
-3.879276646508110771e-01
-3.874221642812092914e-01
-3.873556984795464286e-01
-3.879841433631049386e-01
-3.871783415476481305e-01
-3.876254028744167690e-01
-3.872274027930365792e-01
-3.875019550323486328e-01
-3.877287705739339008e-01
-3.874674373202853794e-01
-3.877521091037326451e-01
-3.870561652713351841e-01
-3.877821233537461776e-01
-3.883328967624240513e-01
-3.875320222642686385e-01
-3.869372208913167133e-01
-3.877635267045762557e-01
-3.875104321373833427e-01
-3.872450192769368305e-01
-3.879148165384928570e-01
-3.875322341918945312e-01
-3.873114850785996932e-01
-3.871511618296305524e-01
-3.865534729427761440e-01
-3.875397046407063617e-01
-3.871749242146809711e-01
-3.880765967898898716e-01
-3.871796396043565291e-01
-3.881286250220404854e-01
-3.872312174903022042e-01
-3.879516389634873885e-01
-3.876097997029622211e-01
-3.877345456017388114e-01
-3.875017960866292133e-01
-3.877749443054199219e-01
-3.879416783650715961e-01
-3.878395822313096541e-01
-3.874300056033664341e-01
-3.873628510369194755e-01
-3.873145580291748047e-01
-3.872583177354600448e-01
-3.876898288726806641e-01
-3.874424298604329242e-01
-3.877115514543321151e-01
-3.880649407704671039e-01
-3.873653146955702287e-01
-3.875062995486789341e-01
-3.870769341786702289e-01
-3.880339728461371651e-01
-3.877186775207519531e-01
-3.875256114535861607e-01
-3.879443274603949776e-01
-3.867377440134684430e-01
-3.875348038143581753e-01
-3.872591124640570870e-01
-3.877057234446207867e-01
-3.872967561086018695e-01
-3.877908918592665177e-01
-3.876923190222846261e-01
-3.878943655225965959e-01
-3.878090911441379185e-01
-3.876579337649875279e-01
-3.874918884701198940e-01
-3.876091374291313896e-01
-3.876339329613579521e-01
-3.874478340148925781e-01
-3.873510625627305526e-01
-3.876281579335530414e-01
-3.874456882476806641e-01
-3.877627584669325334e-01
-3.877165582444932479e-01
-3.872871663835313338e-01
-3.876162105136447544e-01
-3.874967363145616073e-01
-3.876386748419867745e-01
-3.877068095737033482e-01
-3.875197039710150948e-01
-3.881686263614230747e-01
-3.883148299323188057e-01
-3.871320618523491630e-01
-3.870222568511962891e-01
-3.881684939066569195e-01
-3.874083095126681919e-01
-3.871467113494873047e-01
-3.873165448506672992e-01
-3.875210815005832310e-01
-3.882219526502821427e-01
-3.871251212226020089e-01
-3.876316017574734096e-01
-3.881003061930338727e-01
-3.880170451270209542e-01
-3.878036869896782646e-01
-3.874095280965169086e-01
-3.875584867265489120e-01
-3.882243368360731584e-01
-3.871825271182590122e-01
-3.881197505527072544e-01
-3.875303003523085099e-01
-3.872677485148112164e-01
-3.874339262644450055e-01
-3.878373305002848492e-01
-3.879405392540825614e-01
-3.875857194264729633e-01
-3.879283534155951729e-01
-3.883398903740776786e-01
-3.872398535410563336e-01
-3.875339031219482422e-01
-3.873537116580539341e-01
-3.888534175025092354e-01
-3.876996835072835101e-01
-3.873433801862928849e-01
-3.875624603695339565e-01
-3.874048391977946149e-01
-3.880091773139106026e-01
-3.877333005269368305e-01
-3.882189591725667133e-01
-3.876326084136962891e-01
-3.877973556518554688e-01
-3.880263169606526508e-01
-3.876201046837700614e-01
-3.874253431955973492e-01
-3.876680798000759487e-01
-3.876624107360839844e-01
-3.883208698696560268e-01
-3.876312573750813617e-01
-3.883622487386067523e-01
-3.877650896708170758e-01
-3.874026404486762276e-01
-3.876039452022976284e-01
-3.877025180392795201e-01
-3.880422645144992466e-01
-3.881972630818684711e-01
-3.879461818271213169e-01
-3.876627816094292411e-01
-3.880086739857991351e-01
-3.874873850080702287e-01
-3.449416690402560826e-01
-3.448110686408148995e-01
-3.485376040140787945e-01
-3.470727072821723214e-01
-3.445327546861436385e-01
-3.491597705417209263e-01
-3.464474413130018693e-01
-3.447273042466905135e-01
-3.457591003841823940e-01
-3.439185354444715959e-01
-3.456943564944797154e-01
-3.455702728695339565e-01
-3.510178989834255581e-01
-3.505636850992838727e-01
-3.563152949015299664e-01
-3.566059006585015068e-01
-3.574661678738064174e-01
-3.575611644321017857e-01
-3.550095558166503906e-01
-3.600431548224555245e-01
-3.592745198143852958e-01
-3.595502111646864396e-01
-3.291651937696669084e-01
-3.375263214111328125e-01
-3.473221990797255021e-01
-3.525978194342719307e-01
-3.546098073323567523e-01
-3.581237263149685268e-01
-3.660347726609971541e-01
-3.803319401211208706e-01
-3.783046139611138114e-01
-3.841179476843940011e-01
-3.846664958530002232e-01
-3.857836988237168807e-01
-3.874371051788330078e-01
-3.869111273023817521e-01
-3.870993985070122489e-01
-3.879112932417128068e-01
