-7.972272237141926621e-02
-1.777824958165486746e-01
-2.186417579650878906e-01
-2.426162560780843191e-01
-2.481910387674967355e-01
-2.551965183681911831e-01
-2.542352411482069474e-01
-2.619054847293429966e-01
-2.642000251346164341e-01
-2.703080442216660995e-01
-2.679529719882541294e-01
-2.867448329925537109e-01
-2.801104121738010044e-01
-2.878812419043647042e-01
-2.832121584150526505e-01
-2.840481334262424107e-01
-2.835463947719997768e-01
-2.833767731984456195e-01
-2.899337609608967914e-01
-2.857721381717258091e-01
-2.863468064202202568e-01
-2.923077742258707867e-01
-2.974063555399577008e-01
-3.036260869767930526e-01
-3.089432451460096818e-01
-3.078555001152886161e-01
-3.041860792371962052e-01
-3.053378793928358537e-01
-3.126213815477159041e-01
-3.105365170372856864e-01
-3.131452666388617745e-01
-3.132685025533040180e-01
-3.166969882117377511e-01
-3.151420752207438336e-01
-3.187588850657145367e-01
-3.245592117309570312e-01
-3.265050517188178292e-01
-3.271798822614881974e-01
-3.272971842024061662e-01
-3.293919033474392299e-01
-3.317695458730061664e-01
-3.352829350365532646e-01
-3.350481722089979630e-01
-3.357987138960096818e-01
-3.339392344156901227e-01
-3.387684292263454799e-01
-3.407175540924072266e-01
-3.411851459079318638e-01
-3.442260159386528739e-01
-3.459812270270453682e-01
-3.477820290459526786e-01
-3.471417162153456193e-01
-3.464356528388129464e-01
-3.495786719852023716e-01
-3.498370912339952010e-01
-3.490825759039984932e-01
-3.502505355411105747e-01
-3.496782249874538784e-01
-3.506884045071071987e-01
-3.516444895002577287e-01
-3.531148168775770646e-01
-3.530818091498481026e-01
-3.492056528727213727e-01
-3.557909064822726841e-01
-3.512159188588460101e-01
-3.554062048594157086e-01
-3.554899692535400391e-01
-3.555966483222113839e-01
-3.577381504906548271e-01
-3.566234376695420760e-01
-3.576576709747314453e-01
-3.563676145341660995e-01
-3.582235177357991351e-01
-3.587111102210150948e-01
-3.571032947964138393e-01
-3.589822451273600445e-01
-3.577028645409477958e-01
-3.587617609235975724e-01
-3.581742180718315849e-01
-3.591603967878553849e-01
-3.562332524193657646e-01
-3.588460816277397880e-01
-3.582557307349311104e-01
-3.582337697347005023e-01
-3.583941989474826451e-01
-3.595653639899359932e-01
-3.610562748379177456e-01
-3.602667119767930526e-01
-3.598152001698811664e-01
-3.600362936655680524e-01
-3.615367677476670760e-01
-3.610568576388888951e-01
-3.610219160715739117e-01
-3.586395846472846261e-01
-3.577658600277370815e-01
-3.607579337226020089e-01
-3.617599010467529297e-01
-3.604057629903157367e-01
-3.619901869032118302e-01
-3.607007397545708427e-01
-3.635466363694932479e-01
-3.607293234931098214e-01
-3.626702891455756417e-01
-3.619822925991482143e-01
-3.607167402903239117e-01
-3.610015180375840682e-01
-3.621280988057454242e-01
-3.631833924187554130e-01
-3.615290853712294084e-01
-3.622093200683593750e-01
-3.592191272311740513e-01
-3.635217878553602677e-01
-3.629828559027777901e-01
-3.615358670552571430e-01
-3.606243928273518695e-01
-3.617840078141953963e-01
-3.612960179646809711e-01
-3.620134459601508370e-01
-3.612354596455891742e-01
-3.596565723419189453e-01
-3.599564234415690289e-01
-3.629173702663845424e-01
-3.627915117475721818e-01
-3.616797924041748047e-01
-3.624913427564833146e-01
-3.624451690249972935e-01
-3.612627983093261719e-01
-3.620673020680745258e-01
-3.634414672851562500e-01
-3.654083675808376674e-01
-3.647843466864691964e-01
-3.626859452989366073e-01
-3.606838915083143693e-01
-3.634811772240532646e-01
-3.644724951850043526e-01
-3.648564815521240234e-01
-3.649454911549885883e-01
-3.638365268707275391e-01
-3.603007793426513672e-01
-3.615350988176133651e-01
-3.599093490176730747e-01
-3.625200589497883930e-01
-3.626663949754502791e-01
-3.620158036549885883e-01
-3.624167707231309432e-01
-3.636825879414876117e-01
-3.649092780219184151e-01
-3.627248605092366351e-01
-3.628099229600694198e-01
-3.638822237650553570e-01
-3.644617133670383091e-01
-3.632731967502170201e-01
-3.615560001797146206e-01
-3.633015950520833148e-01
-3.633431593577067242e-01
-3.631790743933783761e-01
-3.626265790727403182e-01
-3.644318580627441406e-01
-3.649453057183159599e-01
-3.655375639597575055e-01
-3.614527119530571708e-01
-3.627553515964084263e-01
-3.635176287757025948e-01
-3.640968534681532365e-01
-3.650535477532280693e-01
-3.643138938479953404e-01
-3.635839886135525112e-01
-3.633951346079508649e-01
-3.639500670962863560e-01
-3.627407815721299666e-01
-3.623816172281901227e-01
-3.641059663560655135e-01
-3.656949467129177456e-01
-3.641270001729329242e-01
-3.651119338141547432e-01
-3.651785055796305524e-01
-3.620953559875488281e-01
-3.643030590481228237e-01
-3.645313051011827010e-01
-3.663003444671630859e-01
-3.643868234422471541e-01
-3.643312189314100724e-01
-3.635916444990370255e-01
-3.626970979902479630e-01
-3.657362990909152622e-01
-3.639074431525336495e-01
-3.650579982333713169e-01
-3.647177749209933872e-01
-3.645014497968885880e-01
-3.627849949730767021e-01
-3.654899067348904018e-01
-3.639987044864230747e-01
-3.650639322068955916e-01
-3.621899286905924664e-01
-3.633731206258137836e-01
-3.652594884236653461e-01
-3.656183613671196708e-01
-3.648542298210991630e-01
-3.656145731608073102e-01
-3.642660246955023995e-01
-3.658759329054090959e-01
-3.652548789978027344e-01
-3.649177021450466518e-01
-3.628029823303222656e-01
-3.651374710930718193e-01
-3.666922781202528459e-01
-3.633409870995415458e-01
-3.637948830922444476e-01
-3.659272988637288226e-01
-3.657241662343342914e-01
-3.630168967776828404e-01
-3.636740843454996930e-01
-3.643098407321506138e-01
-3.636681768629286271e-01
-3.665320608350965959e-01
-3.659842014312744141e-01
-3.659189542134602680e-01
-3.642479313744438896e-01
-3.649390538533528461e-01
-3.645666705237494698e-01
-3.630508316887749443e-01
-3.634901311662461776e-01
-3.647285037570529576e-01
-3.657079802619086495e-01
-3.644738462236192245e-01
-3.658638795216878070e-01
-3.623689280615912667e-01
-3.657592667473686943e-01
-3.660363621181911831e-01
-3.631406360202365513e-01
-3.641254372066921596e-01
-3.653686046600341797e-01
-3.652360439300537109e-01
-3.632939126756455916e-01
-3.651858700646294364e-01
-3.656939930386013393e-01
-3.665369881523979911e-01
-3.657292260064018974e-01
-3.650086720784505023e-01
-3.646759457058376674e-01
-3.652103212144639510e-01
-3.665603796641032086e-01
-3.649994002448188057e-01
-3.629930019378662109e-01
-3.648883501688639508e-01
-3.658754560682508927e-01
-3.647657235463460101e-01
-3.639110724131266461e-01
-3.670236534542507534e-01
-3.623445563846164341e-01
-3.652094735039604911e-01
-3.645058472951253070e-01
-3.650867674085829240e-01
-3.656724823845757255e-01
-3.654030164082844867e-01
-3.643682797749837055e-01
-3.647622002495659599e-01
-3.651252587636311664e-01
-3.643566502465142021e-01
-3.650321695539686662e-01
-3.642729123433430805e-01
-3.667985598246256695e-01
-3.630006313323974609e-01
-3.634910053677029018e-01
-3.641755051083034878e-01
-3.632808261447482701e-01
-3.649339675903320312e-01
-3.673835595448811664e-01
-3.652520179748535156e-01
-3.651559352874755859e-01
-3.650545014275444755e-01
-3.647971947987874164e-01
-3.640502293904622211e-01
-3.651858700646294364e-01
-3.663833936055501117e-01
-3.646931913163926620e-01
-3.648318184746636161e-01
-3.641540739271376115e-01
-3.647233115302191964e-01
-3.667594591776530133e-01
-3.665721416473388672e-01
-3.640332486894395370e-01
-3.633571465810139789e-01
-3.640084531572129745e-01
-3.654393884870741349e-01
-3.654090828365749721e-01
-3.667243321736653461e-01
-3.658596939510769253e-01
-3.662152290344238281e-01
-3.642713493771023159e-01
-3.678633371988932477e-01
-3.647343582577175503e-01
-3.635662926567925224e-01
-3.648099369472927456e-01
-3.644452095031738281e-01
-3.626640107896592635e-01
-3.664310508304172154e-01
-3.660563892788357143e-01
-3.653760751088460101e-01
-3.664200835757785435e-01
-3.659965991973876953e-01
-3.657893339792887555e-01
-3.652149836222330914e-01
-3.656065199110243302e-01
-3.640222549438476562e-01
-3.651509814792209263e-01
-3.651825586954752789e-01
-3.651271926032172432e-01
-3.657853073543972378e-01
-3.663278420766194476e-01
-3.656650914086235771e-01
-3.645115428500705357e-01
-3.633422586652967912e-01
-3.642091486189100724e-01
-3.656274477640787945e-01
-3.661267492506239396e-01
-3.662308057149251117e-01
-3.657754527197943917e-01
-3.648010094960530414e-01
-3.645040724012587052e-01
-3.652414215935601005e-01
-3.652404679192436943e-01
-3.649244838290744419e-01
-3.643157482147216797e-01
-3.656099107530381698e-01
-3.665566974216037388e-01
-3.661219808790419084e-01
-3.667729960547553292e-01
-3.661860360039604911e-01
-3.649159007602267857e-01
-3.643019199371337891e-01
-3.660902182261149274e-01
-3.637274371253119698e-01
-3.675297366248236886e-01
-3.661439948611789341e-01
-3.663368225097656250e-01
-3.656486405266655693e-01
-3.641987906561957589e-01
-3.669331073760986328e-01
-3.666815492841932755e-01
-3.664710521697998047e-01
-3.653970824347602120e-01
-3.660124142964680805e-01
-3.673207759857177734e-01
-3.653223779466416854e-01
-3.657057815127902622e-01
-3.675737380981445312e-01
-3.685112794240315570e-01
-3.667636447482638951e-01
-3.639132181803385602e-01
-3.649822605980767021e-01
-3.650484614902072544e-01
-3.662633366054958706e-01
-3.673076099819607143e-01
-3.665129343668619977e-01
-3.668095800611708146e-01
-3.644383218553330916e-01
-3.647602929009331474e-01
-3.659187952677409039e-01
-3.671428097618950614e-01
-3.646485010782877789e-01
-3.651239077250162945e-01
-3.663381205664740792e-01
-3.647291660308837891e-01
-3.660686810811360492e-01
-3.672680589887831193e-01
-3.662344879574245815e-01
-3.659555117289225445e-01
-3.685712549421522599e-01
-3.653798898061116351e-01
-3.652724160088433036e-01
-3.661897712283664341e-01
-3.672506544325087052e-01
-3.646973239050971261e-01
-3.645582199096679688e-01
-3.677301671769883651e-01
-3.655556307898627511e-01
-3.681886461046006698e-01
-3.671693272060818081e-01
-3.675581084357367745e-01
-3.648219903310139789e-01
-3.653529220157199497e-01
-3.660606808132595424e-01
-3.645829094780815849e-01
-3.648432095845540180e-01
-3.658609390258789062e-01
-3.676634629567464008e-01
-3.637877305348714008e-01
-3.679456445905897599e-01
-3.648878998226589565e-01
-3.664710256788465959e-01
-3.669576379987928849e-01
-3.671323723263210659e-01
-3.667904271019829521e-01
-3.655338552263047713e-01
-3.660248385535346261e-01
-3.675756189558241349e-01
-3.666006988949245815e-01
-3.654779858059353237e-01
-3.667689429389106026e-01
-3.669181134965684432e-01
-3.659547170003255023e-01
-3.660310374365912667e-01
-3.657651742299397601e-01
-3.665724330478244419e-01
-3.645769225226508370e-01
-3.648824956681993026e-01
-3.653463787502712612e-01
-3.663118415408664341e-01
-3.658772839440239677e-01
-3.687731424967448102e-01
-3.654577732086181641e-01
-3.661917050679524555e-01
-3.656649324629042130e-01
-3.649983141157362443e-01
-3.643799093034532088e-01
-3.684326012929280414e-01
-3.654292159610324497e-01
-3.657519287533230190e-01
-3.664225207434760323e-01
-3.640612496270073661e-01
-3.683792750040690289e-01
-3.669439686669243583e-01
-3.673969639672173271e-01
-3.678941991594102401e-01
-3.664960066477457867e-01
-3.675516711341010323e-01
-3.659719891018337612e-01
-3.666613101959228516e-01
-3.645466698540581474e-01
-3.663038677639431362e-01
-3.655846383836534041e-01
-3.651358551449245815e-01
-3.660077518886989956e-01
-3.686953120761447544e-01
-3.675898445977104911e-01
-3.678398927052815570e-01
-3.664048247867160435e-01
-3.657948176066080914e-01
-3.678376674652099609e-01
-3.661438094245063057e-01
-3.679220411512587052e-01
-3.675439887576633091e-01
-3.652481767866346818e-01
-3.665006160736083984e-01
-3.650445938110351562e-01
-3.657185236612955914e-01
-3.672009044223361607e-01
-3.680932521820068359e-01
-3.658615483178032646e-01
-3.658483558230929966e-01
-3.646578788757324219e-01
-3.672197924719916573e-01
-3.668384552001953125e-01
-3.665061791737874164e-01
-3.670050568050808315e-01
-3.666583432091606864e-01
-3.671391275193955916e-01
-3.674629529317219867e-01
-3.657190799713134766e-01
-3.654966089460585099e-01
-3.662930329640706195e-01
-3.644351429409450893e-01
-3.666379186842176896e-01
-3.654520511627197266e-01
-3.676438861423068638e-01
-3.666436142391628628e-01
-3.679024378458659039e-01
-3.648854096730549945e-01
-3.657500743865966797e-01
-3.676412635379367466e-01
-3.655827840169270648e-01
-3.668252891964382534e-01
-3.663508892059326172e-01
-3.667693403032090682e-01
-3.669809765285915737e-01
-3.668461375766330357e-01
-3.675641748640272599e-01
-3.697521156734890346e-01
-3.658190833197699776e-01
-3.673426575130886440e-01
-3.690343962775336495e-01
-3.670046594407823104e-01
-3.659702671898735771e-01
-3.676169448428683872e-01
-3.668936358557807198e-01
-3.644011550479465122e-01
-3.682687282562255859e-01
-3.674387137095133649e-01
-3.667901357014973773e-01
-3.662671513027614956e-01
-3.662586212158203125e-01
-3.661805788675944195e-01
-3.657894664340549107e-01
-3.672064410315619698e-01
-3.666264745924208146e-01
-3.680499129825168247e-01
-3.667781088087294084e-01
-3.669329484303792133e-01
-3.682828214433457870e-01
-3.674960666232638951e-01
-3.655959235297309151e-01
-3.671354717678493862e-01
-3.668898211585150948e-01
-3.689773347642686385e-01
-3.664278719160292130e-01
-3.656917677985297432e-01
-3.671618832482231864e-01
-3.686130841573079242e-01
-3.653246031867133370e-01
-3.688925902048746930e-01
-3.657841152615017299e-01
-3.657350010342068081e-01
-3.670240508185492745e-01
-3.645475705464680805e-01
-3.669414255354139787e-01
-3.655845589107937221e-01
-3.653026686774359932e-01
-3.674758275349934711e-01
-3.669680489434136161e-01
-3.662350972493489398e-01
-3.677411874135335101e-01
-3.658195071750217076e-01
-3.654709127214219588e-01
-3.666706615024142857e-01
-3.661001258426242466e-01
-3.670709398057725448e-01
-3.674070040384928570e-01
-3.671730094485812779e-01
-3.668899006313747768e-01
-3.634944491916232701e-01
-3.670691119299994698e-01
-3.674919075436062221e-01
-3.664915826585557479e-01
-3.680504428015815011e-01
-3.662627008226182479e-01
-3.678088188171386719e-01
-3.677644729614257812e-01
-3.671582010057237166e-01
-3.674111631181504745e-01
-3.664404021369086495e-01
-3.674425548977321987e-01
-3.662322627173529854e-01
-3.672259648640950336e-01
-3.665303654140896206e-01
-3.667060534159342633e-01
-3.679519494374592914e-01
-3.677962621053059711e-01
-3.657223383585612164e-01
-3.663293785519070034e-01
-3.662816153632270089e-01
-3.642723030514187221e-01
-3.654003408220078963e-01
-3.679262532128227958e-01
-3.678781721327040177e-01
-3.647038141886393414e-01
-3.672679530249701729e-01
-3.668067985110812779e-01
-3.664342562357584820e-01
-3.668812380896674386e-01
-3.662775092654758091e-01
-3.661759694417317523e-01
-3.672621515062119979e-01
-3.676042821672227401e-01
-3.683443599277072544e-01
-3.680766158633761997e-01
-3.673879570431179409e-01
-3.681425783369276505e-01
-3.672597408294677734e-01
-3.651973671383327846e-01
-3.677602608998616351e-01
-3.675407833523220424e-01
-3.654836548699272880e-01
-3.655091126759846820e-01
-3.653103245629204521e-01
-3.645991219414604911e-01
-3.655481073591444474e-01
-3.675415515899658203e-01
-3.673510286543104630e-01
-3.656032350328233260e-01
-3.668868541717529297e-01
-3.667861355675591239e-01
-3.683277501000298271e-01
-3.691840701633029576e-01
-3.681205643547905693e-01
-3.653665383656819476e-01
-3.691127300262451172e-01
-3.681488831837971820e-01
-3.648814095391167411e-01
-3.657719294230143414e-01
-3.647147814432780133e-01
-3.666060765584309711e-01
-3.653604719373915177e-01
-3.677036762237548828e-01
-3.665826585557725448e-01
-3.667672475179036273e-01
-3.674628734588623047e-01
-3.672855959998236886e-01
-3.657000329759385604e-01
-3.694065676795111886e-01
-3.666842248704698104e-01
-3.687130610148112164e-01
-3.671868642171223773e-01
-3.675570487976074219e-01
-3.670694033304850445e-01
-3.677967124515109654e-01
-3.680758476257324219e-01
-3.682063950432671318e-01
-3.677869902716742745e-01
-3.654734558529323940e-01
-3.664216200510660992e-01
-3.661984867519802456e-01
-3.670492702060275669e-01
-3.683519893222385044e-01
-3.674691518147786273e-01
-3.671009010738796596e-01
-3.677030934227837333e-01
-3.669791486528184432e-01
-3.665414386325412388e-01
-3.660897678799099331e-01
-3.646870719061957589e-01
-3.645339012145996094e-01
-3.654346201154921037e-01
-3.659873803456624164e-01
-3.675994343227810268e-01
-3.661011324988471261e-01
-3.656368255615234375e-01
-3.677208158704969865e-01
-3.643743462032741909e-01
-3.669699562920464286e-01
-3.676604694790310268e-01
-3.676577144198947544e-01
-3.661211596594916573e-01
-3.653932942284477958e-01
-3.658485677507188338e-01
-3.696538607279459820e-01
-3.673189746008979073e-01
-3.672126664055718193e-01
-3.645306428273518695e-01
-3.660289181603325614e-01
-3.663434717390272599e-01
-3.678425153096516742e-01
-3.695988390180799943e-01
-3.670219580332438336e-01
-3.652793566385905133e-01
-3.680360582139756698e-01
-3.693623542785644531e-01
-3.665204842885335101e-01
-3.652014202541775112e-01
-3.668228520287407646e-01
-3.667090468936496372e-01
-3.656690915425618305e-01
-3.674916426340739117e-01
-3.667883078257243024e-01
-3.688575426737467633e-01
-3.680793179406059989e-01
-3.676486545138888951e-01
-3.673778374989827289e-01
-3.666846487257215959e-01
-3.662206066979302177e-01
-3.673828177981906529e-01
-3.674408329857720146e-01
-3.662679725223117466e-01
-3.685420884026421318e-01
-3.671162128448486328e-01
-3.657931751675075893e-01
-3.670245276557074776e-01
-3.686519728766547432e-01
-3.659557766384548549e-01
-3.663619359334309711e-01
-3.654743565453423271e-01
-3.652784559461805802e-01
-3.661385112338595982e-01
-3.686203956604003906e-01
-3.680692778693305245e-01
-3.672318723466660995e-01
-3.640394475724961776e-01
-3.684711986117892857e-01
-3.673633469475640068e-01
-3.658964369032118302e-01
-3.674367533789740792e-01
-3.662751515706380023e-01
-3.677788840399848214e-01
-3.664002948337131138e-01
-3.671364254421657924e-01
-3.668731583489311943e-01
-3.662910726335313338e-01
-3.671952883402506695e-01
-3.653450012207031250e-01
-3.647583060794406529e-01
-3.669781419965956193e-01
-3.673696253034803849e-01
-3.683035108778212052e-01
-3.662549919552273159e-01
-3.673019674089219588e-01
-3.663881354861789341e-01
-3.670836554633246651e-01
-3.690616024865044364e-01
-3.666391902499728794e-01
-3.682734436459011440e-01
-3.685702747768825893e-01
-3.648954232533772601e-01
-3.684179253048366909e-01
-3.682612313164604911e-01
-3.669087356991238003e-01
-3.682718541887071151e-01
-3.679826259613037109e-01
-3.657931221856011161e-01
-3.669424851735432758e-01
-3.671794997321234932e-01
-3.666311105092366351e-01
-3.660346402062309989e-01
-3.666981326209174386e-01
-3.656828933291965122e-01
-3.670829666985405693e-01
-3.677127361297607422e-01
-3.636221885681152344e-01
-3.670029640197753906e-01
-3.679470486111111049e-01
-3.653587235344780693e-01
-3.661755720774332867e-01
-3.649138344658745536e-01
-3.663218021392822266e-01
-3.649456501007080078e-01
-3.652700318230522880e-01
-3.675050205654568081e-01
-3.666928079393174666e-01
-3.668908543056911831e-01
-3.696741527981228237e-01
-3.670001559787326451e-01
-3.656728532579209823e-01
-3.652736081017388114e-01
-3.672453827328152065e-01
-3.666888607872856864e-01
-3.684748278723822823e-01
-3.651070594787597656e-01
-3.702187273237440568e-01
-3.670579327477349052e-01
-3.695243994394938336e-01
-3.670684231652153739e-01
-3.683558305104573383e-01
-3.668998612297905693e-01
-3.673815197414821987e-01
-3.663408226437038784e-01
-3.663059870402018414e-01
-3.671919504801432477e-01
-3.674067391289604911e-01
-3.673674530453152065e-01
-3.684223492940266742e-01
-3.673429754045274276e-01
-3.658488856421576729e-01
-3.662771648830837612e-01
-3.657486438751220703e-01
-3.650711377461751117e-01
-3.671329816182454242e-01
-3.669740094078911552e-01
-3.690107398562961216e-01
-3.670862250857883091e-01
-3.672229713863796596e-01
-3.666510317060682755e-01
-3.701670964558919086e-01
-3.670431772867838727e-01
-3.661067220899794084e-01
-3.673761950598822823e-01
-3.689879311455620536e-01
-3.668288389841715680e-01
-3.687882158491346818e-01
-3.677275180816650391e-01
-3.682267665863037109e-01
-3.659107420179579240e-01
-3.689063919915093193e-01
-3.665729628668891182e-01
-3.677357832590739117e-01
-3.674207263522678013e-01
-3.656032350328233260e-01
-3.676443099975585938e-01
-3.674014674292670479e-01
-3.668589856889512557e-01
-3.677592807345920201e-01
-3.667187425825331193e-01
-3.670404752095540180e-01
-3.664567205641005021e-01
-3.673495716518825893e-01
-3.701576656765407924e-01
-3.664269977145724888e-01
-3.657337294684516182e-01
-3.649017016092936383e-01
-3.681533866458469029e-01
-3.679755528767903461e-01
-3.658649656507704240e-01
-3.655802938673231584e-01
-3.665077156490749721e-01
-3.661703003777397880e-01
-3.652556737263997211e-01
-3.652506404452853794e-01
-3.631089528401692523e-01
-3.646921051873101005e-01
-3.652128908369276505e-01
-3.658397462632920760e-01
-3.648604022132025948e-01
-3.656395276387532367e-01
-3.674716684553358537e-01
-3.653295040130615234e-01
-3.671263588799370536e-01
-3.653354909684922713e-01
-3.668405744764540177e-01
-3.684880203670925503e-01
-3.679785728454589844e-01
-3.665225240919325334e-01
-3.674181302388508930e-01
-3.678024080064561385e-01
-3.656037118699815291e-01
-3.665892812940809709e-01
-3.626144727071126117e-01
-3.649530675676133651e-01
-3.673050403594970703e-01
-3.652194076114230747e-01
-3.659520414140489120e-01
-3.672655423482258930e-01
-3.652436468336317521e-01
-3.648597664303249721e-01
-3.643854194217258091e-01
-3.666563298967149276e-01
-3.646326594882541294e-01
-3.659708764817979354e-01
-3.674660258822970982e-01
-3.668507999844021206e-01
-3.675112194485134487e-01
-3.661479949951171875e-01
-3.675802548726399555e-01
-3.661203119489881974e-01
-3.656414349873860492e-01
-3.659256829155815849e-01
-3.669901159074571151e-01
-3.655771944257948380e-01
-3.675202528635660992e-01
-3.667859766218397599e-01
-3.659103711446126117e-01
-3.676320976681179409e-01
-3.670805030398898716e-01
-3.649875058068169364e-01
-3.647584650251600724e-01
-3.675805992550320034e-01
-3.668900860680474052e-01
-3.667437500423855190e-01
-3.690297338697645646e-01
-3.688271575503879185e-01
-3.677902486589219588e-01
-3.665560086568196430e-01
-3.705775207943386440e-01
-3.698103427886962891e-01
-3.672170109219021206e-01
-3.654039435916476841e-01
-3.658193482293022880e-01
-3.674842251671684989e-01
-3.651492595672607422e-01
-3.680935435824924107e-01
-3.674762248992919922e-01
-3.679352866278754464e-01
-3.697816530863444195e-01
-3.683252069685194474e-01
-3.694513903723822823e-01
-3.700675169626871930e-01
-3.675681749979655133e-01
-3.669142193264431362e-01
-3.678729269239637834e-01
-3.662765291002061385e-01
-3.683209949069553013e-01
-3.665293587578667411e-01
-3.652287324269612445e-01
-3.688176472981770648e-01
-3.692737155490451451e-01
-3.660904566446940289e-01
-3.703634209103054409e-01
-3.682319323221842633e-01
-3.676306406656901227e-01
-3.679845862918429966e-01
-3.677350415123833427e-01
-3.668428262074788226e-01
-3.679823080698649274e-01
-3.681603272755940570e-01
-3.687959512074788226e-01
-3.687015639411078682e-01
-3.677029609680175781e-01
-3.669322331746419086e-01
-3.679338826073540458e-01
-3.679881360795762557e-01
-3.665859964158799666e-01
-3.694046338399251117e-01
-3.688340981801350726e-01
-3.676711188422309151e-01
-3.695175912645127791e-01
-3.677276505364311943e-01
-3.690191639794243583e-01
-3.670353889465332031e-01
-3.680926693810356864e-01
-3.676715691884358539e-01
-3.696660995483398438e-01
-3.658183680640326729e-01
-3.697000609503852120e-01
-3.662163946363661271e-01
-3.695560561286078682e-01
-3.711781236860487443e-01
-3.680960602230495815e-01
-3.665366172790527344e-01
-3.692449463738335380e-01
-3.693170812394883651e-01
-3.713772296905517578e-01
-3.702871004740397320e-01
-3.684702449374728794e-01
-3.673098882039387836e-01
-3.696289327409532088e-01
-3.687700695461696987e-01
-3.675056298573811664e-01
-3.698417875501844865e-01
-3.669856124454074497e-01
-3.695852226681179409e-01
-3.688613043891059151e-01
-3.687034977806938896e-01
-3.679120540618896484e-01
-3.680796358320448380e-01
-3.700479666392008649e-01
-3.683303991953532086e-01
-3.696616225772433872e-01
-3.699164125654432755e-01
-3.685932689242892857e-01
-3.682256274753146763e-01
-3.688626289367675781e-01
-3.695556057824028739e-01
-3.690155612097846261e-01
-3.711926672193739396e-01
-3.677439159817165737e-01
-3.692077795664469586e-01
-3.681137826707627791e-01
-3.686968750423855190e-01
-3.683718575371636161e-01
-3.713203006320529576e-01
-3.691710631052653180e-01
-3.680505752563476562e-01
-3.675959640079074497e-01
-3.658878273434109096e-01
-3.708405494689941406e-01
-3.707736598120795479e-01
-3.690668476952446708e-01
-3.707221084170871372e-01
-3.683454195658366070e-01
-3.695979913075764789e-01
-3.705788718329535714e-01
-3.686664104461669922e-01
-3.715406788720024833e-01
-3.692214224073622209e-01
-3.705779711405436383e-01
-3.707487848069932479e-01
-3.710108333163791294e-01
-3.711657524108886719e-01
-3.692239655388726005e-01
-3.676075935363769531e-01
-3.705758518642849331e-01
-3.681717183854844588e-01
-3.698990345001220703e-01
-3.700885242886013393e-01
-3.696758482191297990e-01
-3.701766067081027622e-01
-3.698989285363091239e-01
-3.720059659745957870e-01
-3.705643018086751117e-01
-3.692370255788167133e-01
-3.701276514265272599e-01
-3.720169332292344588e-01
-3.710092438591851005e-01
-3.709212938944498883e-01
-3.716490533616807479e-01
-3.708197275797526227e-01
-3.718874719407823104e-01
-3.687138292524549943e-01
-3.685291078355577010e-01
-3.706849945916069755e-01
-3.708896372053358537e-01
-3.702856964535183315e-01
-3.707434336344401227e-01
-3.702894846598307477e-01
-3.703044255574544086e-01
-3.720946841769748326e-01
-3.715884420606825334e-01
-3.714425033993191128e-01
-3.720975187089707870e-01
-3.714785575866699219e-01
-3.719004525078667411e-01
-3.720407750871446151e-01
-3.713019688924153461e-01
-3.723550902472602120e-01
-3.710456954108344307e-01
-3.715232478247748604e-01
-3.693133725060356864e-01
-3.711111545562744141e-01
-3.710267013973659878e-01
-3.711574342515733260e-01
-3.703917397393120536e-01
-3.700556755065917969e-01
-3.728430271148681641e-01
-3.714716699388291854e-01
-3.707950909932454242e-01
-3.716438876258002511e-01
-3.706266880035400391e-01
-3.712827099694145927e-01
-3.717858261532253628e-01
-3.732869890001084823e-01
-3.730547428131103516e-01
-3.677550421820746651e-01
-3.706827958424885883e-01
-3.720373842451307755e-01
-3.723197248246934432e-01
-3.707632223765055524e-01
-3.722687297397189732e-01
-3.704713715447319755e-01
-3.718058268229166852e-01
-3.720356093512641182e-01
-3.734202384948730469e-01
-3.718395762973361607e-01
-3.713420497046576729e-01
-3.712912400563557758e-01
-3.718976709577772599e-01
-3.720221784379746932e-01
-3.715549310048421039e-01
-3.729232417212592354e-01
-3.716611332363552456e-01
-3.713987933264838448e-01
-3.730955388810899276e-01
-3.732948038313124162e-01
-3.716609742906358260e-01
-3.718810346391465682e-01
-3.713048828972710380e-01
-3.714213106367323380e-01
-3.709836006164550781e-01
-3.715088367462158203e-01
-3.719306521945529576e-01
-3.714974986182318917e-01
-3.726628091600205916e-01
-3.726161056094699497e-01
-3.725060092078315011e-01
-3.746433787875705357e-01
-3.732253445519341239e-01
-3.731176323360866909e-01
-3.727635012732611886e-01
-3.724837832980685826e-01
-3.738423453436957589e-01
-3.711550765567355747e-01
-3.731044663323296318e-01
-3.707393540276421318e-01
-3.716876506805419922e-01
-3.746340009901258927e-01
-3.719879521263970146e-01
-3.715662426418728237e-01
-3.739459779527452010e-01
-3.720557159847683315e-01
-3.721814420488145370e-01
-3.731660048166910992e-01
-3.726189666324191685e-01
-3.734484778510199776e-01
-3.717053466373019810e-01
-3.734359211391872768e-01
-3.735744423336452846e-01
-3.724980089399549943e-01
-3.732510937584770927e-01
-3.726758956909179688e-01
-3.735051419999864120e-01
-3.727171156141493302e-01
-3.724746439192030412e-01
-3.738201459248860492e-01
-3.732640478346083146e-01
-3.749896155463324776e-01
-3.738592465718587055e-01
-3.731389045715332031e-01
-3.745276133219401227e-01
-3.720984458923339844e-01
-3.750173515743679409e-01
-3.748297956254746932e-01
-3.752790821923149833e-01
-3.731267982059054966e-01
-3.734270201789008370e-01
-3.732882075839572544e-01
-3.731829855177137834e-01
-3.741990195380316964e-01
-3.735680845048692245e-01
-3.723281224568684711e-01
-3.727036317189534320e-01
-3.737070825364854354e-01
-3.749673101637098771e-01
-3.741002347734239120e-01
-3.746974733140733260e-01
-3.735497527652316685e-01
-3.748516241709391461e-01
-3.745935757954915180e-01
-3.737470044030083427e-01
-3.719014856550428849e-01
-3.753469255235459823e-01
-3.726389408111572266e-01
-3.738208876715766182e-01
-3.741688463422987443e-01
-3.758827580346001396e-01
-3.726724253760443917e-01
-3.726734055413140068e-01
-3.726422521803114396e-01
-3.736512660980224609e-01
-3.724121517605251674e-01
-3.745537069108750838e-01
-3.762054973178439732e-01
-3.762398031022813338e-01
-3.725820117526584263e-01
-3.713740507761637555e-01
-3.730943997701008930e-01
-3.750396569569905414e-01
-3.749461438920762557e-01
-3.729846477508544922e-01
-3.732269340091281529e-01
-3.742168744405110492e-01
-3.743507067362467633e-01
-3.750918176439073104e-01
-3.730080657535129185e-01
-3.741719722747802734e-01
-3.734003172980414620e-01
-3.773509926266140346e-01
-3.752117951711018695e-01
-3.751043213738335380e-01
-3.752560880449082870e-01
-3.734359211391872768e-01
-3.745457331339518414e-01
-3.741380108727349052e-01
-3.745474550459120255e-01
-3.752292262183295479e-01
-3.764911492665608539e-01
-3.746698697408040180e-01
-3.755007055070664901e-01
-3.754163318210178013e-01
-3.760435051388210659e-01
-3.757310708363850726e-01
-3.754545847574869977e-01
-3.738742404513888951e-01
-3.757730325063069476e-01
-3.737536006503635044e-01
-3.758624129825168247e-01
-3.750684791141086216e-01
-3.753300772772895089e-01
-3.761988745795356026e-01
-3.722315099504258651e-01
-3.730187680986192245e-01
-3.747482829623752232e-01
-3.747925758361816406e-01
-3.746018144819471818e-01
-3.766583601633707867e-01
-3.758434189690483818e-01
-3.743738598293728237e-01
-3.764877319335937500e-01
-3.766628106435139789e-01
-3.759823640187581195e-01
-3.750124772389729633e-01
-3.767022556728786831e-01
-3.754725456237792969e-01
-3.745705021752251396e-01
-3.777476681603325614e-01
-3.752646976047092076e-01
-3.743751049041748047e-01
-3.766442404852973214e-01
-3.761158784230549945e-01
-3.760046429104275112e-01
-3.769746091630723495e-01
-3.761261569129096261e-01
-3.760192129347059709e-01
-3.754461606343587055e-01
-3.771340847015380859e-01
-3.765125274658203125e-01
-3.767938348982069474e-01
-3.770325978597005023e-01
-3.763318856557210101e-01
-3.765929010179307479e-01
-3.780195183224148159e-01
-3.752857049306233539e-01
-3.757592572106255302e-01
-3.767018847995334263e-01
-3.756851620144314174e-01
-3.771172629462348214e-01
-3.769688606262207031e-01
-3.769181834326850167e-01
-3.768261538611518136e-01
-3.772797849443223495e-01
-3.777126736111111049e-01
-3.756909370422363281e-01
-3.762222660912407646e-01
-3.751665486229790458e-01
-3.744472927517361049e-01
-3.759071032206217633e-01
-3.738418155246310826e-01
-3.771552774641249162e-01
-3.756216102176242466e-01
-3.763070106506347656e-01
-3.766955799526638393e-01
-3.767009576161702289e-01
-3.762274848090277901e-01
-3.773587809668647042e-01
-3.769128057691786271e-01
-3.758570883009169084e-01
-3.762985865275065289e-01
-3.774767716725667133e-01
-3.762124114566379185e-01
-3.766405052608913784e-01
-3.784430821736653461e-01
-3.779403103722466239e-01
-3.772271474202473773e-01
-3.764270411597357979e-01
-3.770331806606716518e-01
-3.785551918877495536e-01
-3.784314261542426339e-01
-3.770107958051893693e-01
-3.783930407630072823e-01
-3.770733939276801339e-01
-3.774634202321370258e-01
-3.776385519239637834e-01
-3.786269558800591239e-01
-3.776970704396565570e-01
-3.765660921732584820e-01
-3.774711290995280133e-01
-3.763271967569987164e-01
-3.773593637678358537e-01
-3.775600062476264229e-01
-3.784524864620632534e-01
-3.774752087063259487e-01
-3.778561751047770367e-01
-3.768018351660834542e-01
-3.789493507809109096e-01
-3.778151406182183036e-01
-3.777716159820556641e-01
-3.779255284203423271e-01
-3.774831295013427734e-01
-3.775901264614529018e-01
-3.783529334598117466e-01
-3.776796658833821430e-01
-3.776747120751274833e-01
-3.792377312978108539e-01
-3.788962629106309432e-01
-3.779496086968315849e-01
-3.786834875742594586e-01
-3.779497411515977401e-01
-3.781623310512966518e-01
-3.805784119500054130e-01
-3.778448899586995258e-01
-3.798984156714545479e-01
-3.768128818935818081e-01
-3.777641190422905693e-01
-3.765805562337239398e-01
-3.772964477539062500e-01
-3.784153991275363560e-01
-3.770361476474338169e-01
-3.787711461385090961e-01
-3.786305586496989117e-01
-3.780527114868164062e-01
-3.769138918982611886e-01
-3.769849671257866630e-01
-3.773966895209418526e-01
-3.785180780622694474e-01
-3.772202067905002232e-01
-3.790623082054985771e-01
-3.782101737128363839e-01
-3.787958092159695034e-01
-3.796874947018093471e-01
-3.789908356136745815e-01
-3.792313999599880581e-01
-3.781696425543891182e-01
-3.775339656405978794e-01
-3.790077368418375836e-01
-3.785945309533013114e-01
-3.801196946038140068e-01
-3.763336870405409318e-01
-3.792526457044813615e-01
-3.793084356519911271e-01
-3.781901995340983258e-01
-3.788625664181179409e-01
-3.812714152865939732e-01
-3.789374828338623047e-01
-3.790830241309272042e-01
-3.786229557461208706e-01
-3.789360788133409041e-01
-3.784921964009602680e-01
-3.791975445217556362e-01
-3.782466252644856586e-01
-3.783130910661485213e-01
-3.788408703274196987e-01
-3.789636294047037945e-01
-3.806079758538140068e-01
-3.801261583964030133e-01
-3.801122506459553851e-01
-3.783178064558241349e-01
-3.793905046251084823e-01
-3.797118928697373885e-01
-3.795972135331895370e-01
-3.780510955386691685e-01
-3.794881767696804409e-01
-3.803238338894314174e-01
-3.784916665818955916e-01
-3.786934746636284599e-01
-3.797042104932997209e-01
-3.795094490051269531e-01
-3.784813880920410156e-01
-3.776192665100097656e-01
-3.798255655500624162e-01
-3.795705636342366351e-01
-3.800690968831380023e-01
-3.793734179602729073e-01
-3.801969952053493862e-01
-3.789321581522623883e-01
-3.789768483903672713e-01
-3.786607848273383370e-01
-3.792404068840874443e-01
-3.800707923041449776e-01
-3.796328703562418805e-01
-3.804799450768364677e-01
-3.793817361195881976e-01
-3.799668418036566964e-01
-3.807441393534342633e-01
-3.799794250064426060e-01
-3.806175655788845424e-01
-3.772424062093098773e-01
-3.805828624301486607e-01
-3.790897263420952568e-01
-3.789429134792751674e-01
-3.796724213494194755e-01
-3.794376850128173828e-01
-3.798938327365451451e-01
-3.796434932284885044e-01
-3.798460960388183594e-01
-3.812534279293484096e-01
-3.794568114810519810e-01
-3.795234892103407365e-01
-3.795012897915310268e-01
-3.804309368133544922e-01
-3.797066741519504185e-01
-3.795137140485975724e-01
-3.806160555945502511e-01
-3.798149956597222099e-01
-3.809341854519314174e-01
-3.788695335388183594e-01
-3.800588183932834263e-01
-3.794446521335178013e-01
-3.801453378465440291e-01
-3.804463810390896206e-01
-3.784296247694227677e-01
-3.792207505967881698e-01
-3.805159992641872768e-01
-3.789330058627658482e-01
-3.793497880299885883e-01
-3.806455665164523716e-01
-3.787309063805474052e-01
-3.797739876641167411e-01
-3.806935151418049945e-01
-3.804656664530436383e-01
-3.797513908810085659e-01
-3.778154585096571427e-01
-3.800015449523925781e-01
-3.790766133202446708e-01
-3.800911903381347656e-01
-3.816515074835883370e-01
-3.799578348795573102e-01
-3.790452745225694198e-01
-3.797530333201090680e-01
-3.799464437696669084e-01
-3.798461490207248326e-01
-3.806934886508517857e-01
-3.795787228478325614e-01
-3.796843157874213448e-01
-3.799823655022515068e-01
-3.796094523535834542e-01
-3.792359034220377789e-01
-3.804515997568766461e-01
-3.808502356211344586e-01
-3.804003662533230190e-01
-3.797834714253743305e-01
-3.802176316579182758e-01
-3.795255555046929130e-01
-3.798339102003309709e-01
-3.804979854159885044e-01
-3.794831169976128349e-01
-3.810296853383381976e-01
-3.797434171040852680e-01
-3.809084627363417130e-01
-3.805773258209228516e-01
-3.798102537790934430e-01
-3.805296950870090122e-01
-3.787676758236355190e-01
-3.796859847174750557e-01
-3.789549138810899276e-01
-3.788656658596462612e-01
-3.789964252048068638e-01
-3.781841066148545760e-01
-3.801457352108425503e-01
-3.801062371995713729e-01
-3.809336556328667411e-01
-3.799213303460015068e-01
-3.798394203186035156e-01
-3.794582155015733260e-01
-3.800473743014865513e-01
-3.806833691067165737e-01
