-2.766317791408962612e-01
-3.175835079616970424e-01
-3.219760523902045479e-01
-3.255303435855441685e-01
-3.261941274007161273e-01
-3.269266552395290737e-01
-3.341294924418131695e-01
-3.359395398033989677e-01
-3.389949003855387555e-01
-3.362917370266384487e-01
-3.282892439100477677e-01
-3.451835049523247489e-01
-3.487891091240776786e-01
-3.512773513793945312e-01
-3.425964514414469586e-01
-3.470795419481065291e-01
-3.481579356723361607e-01
-3.490558995140923271e-01
-3.484130435519748326e-01
-3.443385230170356026e-01
-3.453722794850667133e-01
-3.531323538886176339e-01
-3.544885052575005302e-01
-3.521182272169325334e-01
-3.508006201850043526e-01
-3.525708781348334542e-01
-3.494522836473252791e-01
-3.527447647518581753e-01
-3.573138713836669922e-01
-3.535504341125488281e-01
-3.411889076232910156e-01
-3.507408830854628068e-01
-3.044385380215114956e-01
-3.219176928202311383e-01
-3.371349175771077289e-01
-3.347445858849419364e-01
-3.340230517917209263e-01
-3.370499081081814174e-01
-3.415618472629123326e-01
-3.447155422634548549e-01
-3.414344787597656250e-01
-3.377639717525905971e-01
-3.433888223436143416e-01
-3.364260726504855747e-01
-3.301809098985459823e-01
-3.391782177819145927e-01
-3.380657566918267021e-01
-3.352857695685492745e-01
-3.439508014255099888e-01
-3.418473932478163224e-01
-3.352357546488444195e-01
-3.461383978525797711e-01
-3.437851534949408761e-01
-3.427928023868136997e-01
-3.453511926862928849e-01
-3.448649247487385883e-01
-3.433621989356147042e-01
-3.350959353976779576e-01
-3.419780466291639787e-01
-3.506174352433946151e-01
-3.500949541727702008e-01
-3.421820004781087055e-01
-3.439998891618516463e-01
-3.464106718699137555e-01
-3.378556834326850167e-01
-3.447954389784071427e-01
-3.495792018042670479e-01
-3.475475576188828963e-01
-3.459584977891709823e-01
-3.477039866977267857e-01
-3.509689437018500557e-01
-3.468374676174587612e-01
-3.464760250515407924e-01
-3.412399821811252232e-01
-3.423676225874159318e-01
-3.504054811265733260e-01
-3.495023250579833984e-01
-3.490539921654595146e-01
-3.477684391869438896e-01
-3.499622080061171037e-01
-3.472219838036431083e-01
-3.505320019192165737e-01
-3.476797474755181083e-01
-3.465970092349582310e-01
-3.525461355845133649e-01
-3.556716707017686385e-01
-3.499799569447835101e-01
-3.483202457427978516e-01
-3.505245314704047432e-01
-3.489635520511203404e-01
-3.525124655829535714e-01
-3.462272220187717076e-01
-3.543299569023979911e-01
-3.491017288631863003e-01
-3.461239602830674666e-01
-3.515829510158962612e-01
-3.477995660569932479e-01
-3.502377404106987724e-01
-3.506925900777180805e-01
-3.541218439737955914e-01
-3.542162312401665458e-01
-3.536908096737331753e-01
-3.551024066077338448e-01
-3.495292398664686662e-01
-3.504809008704291573e-01
-3.525509569380018693e-01
-3.505047162373860492e-01
-3.494680722554524555e-01
-3.455548021528456193e-01
-3.527237044440375557e-01
-3.460002210405137557e-01
-3.534658749898274555e-01
-3.557247055901421318e-01
-3.573883374532063617e-01
-3.523787922329372768e-01
-3.550897174411349888e-01
-3.481828901502821427e-01
-3.568315770890977401e-01
-3.572401205698649274e-01
-3.500274552239311943e-01
-3.532049391004774552e-01
-3.557087580362955914e-01
-3.514719009399414062e-01
-3.495322068532307758e-01
-3.549324671427409039e-01
-3.538168271382649555e-01
-3.521951834360758649e-01
-3.554908964369032365e-01
-3.530760606129964008e-01
-3.521680302090114956e-01
-3.545070489247639789e-01
-3.529034720526801339e-01
-3.529101742638481864e-01
-3.522028658125135880e-01
-3.570344448089599609e-01
-3.479620350731743583e-01
-3.427491982777913226e-01
-3.580283059014214286e-01
-3.534782197740342635e-01
-3.531801170772976284e-01
-3.502139515346950893e-01
-3.544361856248643416e-01
-3.554050127665202008e-01
-3.470492627885606307e-01
-3.485630353291829242e-01
-3.542565769619411831e-01
-3.511449231041802177e-01
-3.575459586249457589e-01
-3.537165853712294084e-01
-3.548844125535752791e-01
-3.548396163516574497e-01
-3.575277328491210938e-01
-3.575125270419650669e-01
-3.579803837670220146e-01
-3.549721240997314453e-01
-3.567655086517333984e-01
-3.591251373291015625e-01
-3.548150327470567245e-01
-3.552174038357204799e-01
-3.600208229488796596e-01
-3.545930385589599609e-01
-3.534415298038058872e-01
-3.565931585099961776e-01
-3.570033974117702846e-01
-3.575874169667561664e-01
-3.540407816569010602e-01
-3.548070854610866909e-01
-3.542088402642143974e-01
-3.531099690331352958e-01
-3.531555069817436943e-01
-3.528468343946669084e-01
-3.559796545240614396e-01
-3.512831528981526508e-01
-3.565261628892686385e-01
-3.546004295349121094e-01
-3.566767639584011440e-01
-3.516369660695393695e-01
-3.526099787818061104e-01
-3.519940376281738281e-01
-3.531372017330593471e-01
-3.543489509158664341e-01
-3.553855154249403459e-01
-3.542113833957248326e-01
-3.548945850796169643e-01
-3.571095201704237443e-01
-3.592004776000976562e-01
-3.588860564761691685e-01
-3.555336263444688338e-01
-3.539686997731526508e-01
-3.544097211625840682e-01
-3.537349171108669643e-01
-3.563554816775851841e-01
-3.591758410135905133e-01
-3.541873296101887836e-01
-3.571125666300455914e-01
-3.588799900478786831e-01
-3.533189561631944198e-01
-3.563287258148193359e-01
-3.523430294460720424e-01
-3.597529464297824497e-01
-3.587708473205566406e-01
-3.564665847354465122e-01
-3.543994691636827010e-01
-3.590443399217393416e-01
-3.523695733812119979e-01
-3.594822618696424943e-01
-3.529105451371934432e-01
-3.619684113396538505e-01
-3.550020058949788226e-01
-3.603210184309217912e-01
-3.554383383856879464e-01
-3.501057359907362443e-01
-3.561393154991997489e-01
-3.566557036505805245e-01
-3.504974047342936383e-01
-3.572332594129774552e-01
-3.562845389048258649e-01
-3.581335809495713729e-01
-3.559083143870035992e-01
-3.548082245720757255e-01
-3.548116154140896206e-01
-3.558275169796413784e-01
-3.579094145033094865e-01
-3.585804303487141742e-01
-3.553911315070258370e-01
-3.581661913130018693e-01
-3.482418325212266463e-01
-3.544875250922309151e-01
-3.570069207085503349e-01
-3.536058531867133370e-01
-3.524676163991292133e-01
-3.553683757781982422e-01
-3.601914511786566964e-01
-3.538695176442464008e-01
-3.567029635111491070e-01
-2.842920886145697823e-01
-3.383912245432535992e-01
-3.361462752024332867e-01
-3.468941052754719867e-01
-3.471140066782633649e-01
-3.515049881405300503e-01
-3.425857226053873883e-01
-3.517386118570963727e-01
-3.425011634826660156e-01
-3.500555621253119698e-01
-3.504847420586479911e-01
-3.495020071665446149e-01
-3.548459211985270367e-01
-3.523043526543511161e-01
-3.484517203436957589e-01
-3.413164880540635604e-01
-3.406989574432373047e-01
-3.503383265601264229e-01
-3.511773480309380302e-01
-3.448534011840820312e-01
-3.437397480010986328e-01
-3.492392698923746930e-01
-3.493777910868327008e-01
-3.479266431596543807e-01
-3.533233536614311943e-01
-3.517781628502739677e-01
-3.528077867296006698e-01
-3.495588037702772599e-01
-3.512011633978949776e-01
-3.497511280907524833e-01
-3.428002993265787945e-01
-3.536133501264784318e-01
-3.553222550286186943e-01
-3.510393831464979630e-01
-3.540123038821750279e-01
-3.544367684258354911e-01
-3.516307936774359932e-01
-3.550097412533230190e-01
-3.379021750556098214e-01
-3.358697891235351562e-01
-3.548132843441433315e-01
-3.550078868865966797e-01
-3.386501206292046318e-01
-3.516152964697943917e-01
-3.500424755944145927e-01
-3.564524120754665737e-01
-3.545362154642741070e-01
-3.517499764760335101e-01
-3.550437821282280693e-01
-3.545669449700249443e-01
-3.573777675628662109e-01
-3.564709822336832867e-01
-3.569707870483398438e-01
-3.540746635860866909e-01
-3.535898261600070591e-01
-3.618774678972032088e-01
-3.573285473717583427e-01
-3.578694396548801060e-01
-3.553026517232258930e-01
-3.611421320173475724e-01
-3.566469881269667130e-01
-3.557493686676025391e-01
-3.605617152320014229e-01
-3.558509349822998047e-01
-3.612727853986952287e-01
-3.599293496873643416e-01
-3.551656934950087052e-01
-3.567591243320041294e-01
-3.545099629296196708e-01
-3.561158974965413226e-01
-3.560831811692979354e-01
-3.543761571248372211e-01
-3.552183575100368862e-01
-3.582538498772515068e-01
-3.561646408504909878e-01
-3.596088356441921596e-01
-3.561303615570068359e-01
-2.577409479353163224e-01
-2.570864624447292690e-01
-2.652670012580023995e-01
-2.579372194078233260e-01
-2.775320212046305524e-01
-2.814936108059353237e-01
-2.922716405656602401e-01
-2.922758261362711774e-01
-3.060757319132487164e-01
-3.106407059563530693e-01
-3.099576367272270927e-01
-3.171915213267008649e-01
-3.121433258056640625e-01
-3.185011280907524833e-01
-3.111943668789333706e-01
-3.215032948387993583e-01
-3.178485499487982979e-01
-3.197908401489257812e-01
-3.145216570960150948e-01
-3.237711853451198940e-01
-3.016200595431857701e-01
-3.239293628268771763e-01
-3.165072070227729073e-01
-3.264474338955349331e-01
-3.182103898790147323e-01
-3.214178880055745258e-01
-3.223590056101481305e-01
-3.176663186815049666e-01
-3.135156896379258651e-01
-3.326329125298393974e-01
-3.170014752282036552e-01
-3.251788616180419922e-01
-3.278759055667453404e-01
-3.283375104268391742e-01
-3.285276624891493302e-01
-3.216231134202744979e-01
-3.320970005459255581e-01
-3.277177280849880581e-01
-3.174719545576307755e-01
-3.277019659678141461e-01
-3.277111848195393695e-01
-3.272248374091254464e-01
-3.129484123653835659e-01
-3.270382881164550781e-01
-3.281999164157443638e-01
-3.338101175096299666e-01
-3.320766554938422432e-01
-3.247813383738200055e-01
-2.436677614847818918e-01
-2.745484775967068081e-01
-2.731724050309922713e-01
-2.759245501624213448e-01
-2.703249719407823104e-01
-2.870318359798855190e-01
-2.989058494567871094e-01
-2.964072227478027344e-01
-2.886814276377360211e-01
-3.163053459591335659e-01
-3.217489719390869141e-01
-3.151747385660807477e-01
-3.240331543816460380e-01
-3.175957997639973773e-01
-3.187150160471598492e-01
-3.103682994842529297e-01
-1.680674155553182059e-01
-2.121405601501464844e-01
-2.176406648423936663e-01
-2.123212019602457590e-01
-2.132228083080715542e-01
-2.203171120749579659e-01
-2.085894346237182617e-01
-2.293949921925862723e-01
-2.324542999267578125e-01
-2.144465843836466379e-01
-2.296900749206542969e-01
-2.086241510179307757e-01
-2.170778115590413504e-01
-2.175837490293714704e-01
-2.205532921685112724e-01
-2.182682620154486886e-01
-2.214793629116482143e-01
-2.100718153847588310e-01
-2.148792876137627372e-01
-2.110928429497612724e-01
-2.003340853585137138e-01
-2.173636621899074917e-01
-2.145466142230563755e-01
-2.235654989878336496e-01
-2.261954943339029855e-01
-2.214534017774793806e-01
-2.314902941385904855e-01
-2.277029090457492466e-01
-2.350415123833550224e-01
-2.270658016204833984e-01
-2.325632837083604632e-01
-2.363158067067464285e-01
-2.379899554782443638e-01
-2.425134711795383091e-01
-2.248788144853380022e-01
-2.359834247165256138e-01
-2.279855145348442802e-01
-2.347126007080078125e-01
-2.363071706559922991e-01
-2.308137416839599609e-01
-2.372395197550455637e-01
-2.536371019151475448e-01
-2.364701430002848215e-01
-2.469062275356716518e-01
-2.476233111487494698e-01
-2.486174636416965122e-01
-2.385059727562798271e-01
-2.419703271653917132e-01
-2.275805473327636719e-01
-2.512867450714111328e-01
-2.500849564870198383e-01
-2.147688203387790318e-01
-2.493488258785671596e-01
-2.299165460798475447e-01
-2.570843166775173549e-01
-2.490569750467936105e-01
-2.399238745371500559e-01
-2.539817757076687221e-01
-2.422803772820366630e-01
-2.592111958397759208e-01
-2.473453680674234934e-01
-2.496367825402153739e-01
-2.384126981099446707e-01
-2.484115229712592354e-01
-2.466903792487250557e-01
-2.306463188595241909e-01
-2.370300292968750000e-01
-2.354296048482259207e-01
-2.342129283481174107e-01
-2.399372524685329799e-01
-2.407178348965114956e-01
-2.500347826215956193e-01
-2.555375629001193638e-01
-2.488310072157118025e-01
-2.410508261786566964e-01
-2.517875565422905693e-01
-2.497383223639594307e-01
-2.298589017656114397e-01
-2.284393575456407366e-01
-2.351422839694553013e-01
-2.439450687832302456e-01
-2.336978382534450893e-01
-2.279113398657904854e-01
-2.492483721839057198e-01
-2.422714498307969866e-01
-2.479395866394042969e-01
-2.471659978230794363e-01
-2.425818708207872210e-01
-2.521486017439100724e-01
-2.472119066450330915e-01
-2.401049137115478516e-01
-2.480413118998209543e-01
-2.481292618645561943e-01
-2.590114540523952846e-01
-2.438314225938585100e-01
-2.537410259246826172e-01
-2.544900841183132534e-01
-2.426478332943386440e-01
-2.555132442050510044e-01
-2.355120182037353516e-01
-2.395146952735053292e-01
-2.400687535603841238e-01
-2.467005517747667132e-01
-2.541394233703613281e-01
-2.444891399807400112e-01
-2.440204090542263393e-01
-2.297244336869981585e-01
-2.582902113596598492e-01
-2.357976171705457868e-01
-2.477575408087836495e-01
-2.484595245785183315e-01
-2.483249770270453682e-01
-2.450227472517225447e-01
-2.648742993672688617e-01
-2.515238391028510323e-01
-2.529613706800672990e-01
-2.512492603725857143e-01
-2.486240333980984096e-01
-2.421684000227186384e-01
-2.630901071760389787e-01
-2.316041787465413504e-01
-2.490558359358045759e-01
-2.417985068427191964e-01
-2.513549857669406529e-01
-2.595619360605875836e-01
-2.576111952463785992e-01
-2.599145571390787945e-01
-2.596002154880099888e-01
-2.621034251319037667e-01
-2.557225757175021763e-01
-2.504190603892008649e-01
-2.618717882368299943e-01
-2.515182230207655412e-01
-2.525213824378119698e-01
-2.615934477912055245e-01
-2.554292413923475724e-01
-2.550844616360134487e-01
-2.551879352993435268e-01
-2.669357723659939174e-01
-2.607584529452853794e-01
-2.479538652631971540e-01
-2.523492707146538505e-01
-2.497966554429796038e-01
-2.622950871785481586e-01
5.334738890329996513e-02
-2.130871084001329241e-01
-1.998505989710489816e-01
-2.171491914325290318e-01
-2.131270302666558036e-01
-2.041655646430121651e-01
-2.067992819680107841e-01
-2.021982140011257534e-01
-1.996964481141832171e-01
-2.036811908086141043e-01
-2.093665864732530413e-01
-2.184348238839043388e-01
-2.218860917621188755e-01
-2.175358401404486886e-01
-2.031243642171224051e-01
-2.115372419357299805e-01
-2.217141654756334124e-01
-2.200510501861572266e-01
-2.042847474416097098e-01
-2.283982170952690849e-01
-2.118469741609361467e-01
-2.104677889082166853e-01
-1.240182320276896205e-01
-1.207963360680474191e-01
-1.268192529678344727e-01
-1.346101363499959402e-01
-1.227458053165011997e-01
-1.014676756329006557e-01
-1.190938552220662389e-01
-1.231191688113742466e-01
-1.122590568330552874e-01
-1.225789123111301060e-01
-1.150971121258205776e-01
-1.280434528986612863e-01
-1.017349163691202846e-01
-1.056794457965427037e-01
-1.149291329913669224e-01
-1.259795294867621651e-01
-1.184728410508897600e-01
-1.093100044462415876e-01
-1.185196903016832171e-01
-1.375010543399386997e-01
-1.290007432301839285e-01
-1.095050043529934292e-01
-1.316077179378933315e-01
-1.258378028869628906e-01
-1.420423984527587891e-01
-1.555306646558973493e-01
-1.628321939044528599e-01
-1.709303061167398996e-01
-1.514389514923095703e-01
-1.309230460060967216e-01
-2.158677313062879743e-01
-2.110251188278198242e-01
-2.225923273298475447e-01
-2.109761105643378487e-01
-2.212274207009209404e-01
-2.207965718375312081e-01
-2.109543482462565012e-01
-2.233834001753065290e-01
-2.129362689124213448e-01
-2.171358135011461077e-01
-2.336491743723551340e-01
-2.142942746480306082e-01
-2.294203175438774833e-01
-1.957016653484768276e-01
-2.195629278818766184e-01
-2.239080005221896763e-01
-2.342559496561686105e-01
-2.318976985083686104e-01
-2.455421023898654576e-01
-2.274566756354438057e-01
-2.191306882434421177e-01
-2.147450579537285575e-01
-2.304960886637369699e-01
-2.248265213436550503e-01
-2.322750356462266741e-01
-2.331252627902560826e-01
-2.198223140504625139e-01
-2.351499133639865513e-01
-2.179107003741794224e-01
-2.123430437511867885e-01
-2.139516406589084263e-01
-2.264432112375895090e-01
-2.196904818216959543e-01
-2.130037413703070870e-01
-2.293610837724473772e-01
-2.335181766086154576e-01
-2.355415026346842355e-01
-1.328311761220296316e-01
-2.126865254508124581e-01
-2.067641682094997768e-01
-2.347712781694200335e-01
-2.225939432779947824e-01
-2.206141286426120396e-01
-2.223796314663357143e-01
-2.187789281209309988e-01
-2.110910415649414062e-01
-2.204413016637166434e-01
-2.190933095084296456e-01
-2.149424420462714425e-01
-2.213215960396660575e-01
-2.023076216379801340e-01
-2.329191896650526228e-01
-2.345255480872260323e-01
-2.280668682522243862e-01
-2.441586123572455636e-01
-2.236419518788655691e-01
-2.347764439053005581e-01
-2.363627486758761997e-01
-2.321277194552951451e-01
-2.235262658860948382e-01
-2.501248253716362724e-01
-2.310394975874159040e-01
-2.243310875362820034e-01
-2.194927665922376814e-01
-2.192144129011366072e-01
-2.206066581938001814e-01
-2.127303944693671456e-01
-2.261803150177001953e-01
-2.134736246532863979e-01
-2.013522651460435686e-01
-2.450333171420627232e-01
-2.166233460108439035e-01
-2.179353237152099609e-01
-2.258444892035590401e-01
-2.305528322855631418e-01
-2.224454349941677456e-01
-2.117269039154052734e-01
-2.156153519948323660e-01
-2.180299229092068081e-01
-2.175894710752699079e-01
-2.228555414411756697e-01
-2.182410822974311104e-01
-2.284922334882948103e-01
-2.391688293880886440e-01
-2.240675820244683036e-01
-2.272963523864746094e-01
-2.179715103573269253e-01
-2.210566997528076172e-01
-2.318625979953342076e-01
-2.246522373623318081e-01
-2.107183403438991909e-01
-2.172626389397515068e-01
-2.198708454767862863e-01
-2.132758564419216518e-01
-2.190776930914984932e-01
-2.234907150268554688e-01
-2.174378236134847098e-01
-2.281819714440239677e-01
-2.163752184973822823e-01
-2.292202578650580636e-01
-2.343906031714545479e-01
-2.350130081176757812e-01
-2.371813721126980190e-01
-2.452480528089735212e-01
-2.257062859005398159e-01
-2.193427880605061941e-01
-2.461374335818820591e-01
-2.296155293782552176e-01
-2.424239847395155134e-01
-2.364977730645073661e-01
-2.597001923455132255e-01
-2.412263552347818918e-01
-2.352189752790662947e-01
-2.473737398783365793e-01
-2.411346965365939732e-01
-2.415472931332058315e-01
-2.393626636928982143e-01
-2.452116277482774553e-01
-2.340812418195936384e-01
-2.464968893263075056e-01
-2.485306527879503069e-01
-2.186869780222574777e-01
-2.192593548032972517e-01
-2.154655588997734794e-01
-2.192710108227199917e-01
-2.174358103010389509e-01
-2.201554907692803154e-01
-2.315899531046549387e-01
-2.246799998813205357e-01
-2.293666998545328684e-01
-2.222557067871093750e-01
-2.370653947194417410e-01
-2.346831162770589285e-01
-2.294264899359809151e-01
-2.335196601019965401e-01
-2.404150168100992746e-01
-2.325536674923366909e-01
-2.218857871161566964e-01
-2.344077428181966238e-01
-2.466211054060194197e-01
-2.470317151811387835e-01
-2.331534491644965401e-01
-2.350679238637288504e-01
-2.414220439063178292e-01
-2.291632493336995535e-01
-2.233761151631673270e-01
-2.318516307406955357e-01
-2.302023834652370815e-01
-2.431934144761827288e-01
-2.389974594116210938e-01
-2.212158971362643833e-01
-2.222259574466281529e-01
-2.213813463846842355e-01
-2.231333520677354632e-01
-2.234548197852240792e-01
-2.144409418106079102e-01
-2.121176454755994978e-01
-2.294666237301296596e-01
-2.146109739939371652e-01
-2.274305290646023159e-01
-2.240635289086235771e-01
-2.159572177463107701e-01
-2.371095551384819755e-01
-2.225562731424967355e-01
-2.216703494389851981e-01
-2.213575839996337891e-01
-2.180228630701700754e-01
-2.309764491187201729e-01
-2.303892771402994699e-01
-2.145786550309922991e-01
-2.235100799136691685e-01
-2.297840118408203125e-01
-2.281004322899712333e-01
-2.196838193469577427e-01
-2.205443647172715960e-01
-2.129894627465142021e-01
-2.322029537624782924e-01
-2.227123578389485770e-01
-2.230669657389322824e-01
-2.267268763648139229e-01
-2.149450249142116909e-01
-2.147098647223578682e-01
-2.249153455098470145e-01
-2.102577686309814453e-01
-2.228330241309272042e-01
-2.258135477701822824e-01
-2.257634533776177177e-01
-2.245380878448486328e-01
-2.368915081024169922e-01
-2.239707310994466238e-01
-2.276324960920545759e-01
-2.311281098259819755e-01
-2.265961964925130301e-01
-2.373259597354465122e-01
-2.334583070543077288e-01
-2.398278183407253628e-01
-2.365004486507839565e-01
-2.266987694634331474e-01
-2.334130340152316685e-01
-2.268626689910888672e-01
-2.353991932339138393e-01
-2.258082495795356026e-01
-2.284482585059272042e-01
-2.350463867187500000e-01
-2.433005174001058035e-01
-2.418200439876980190e-01
-2.485784424675835380e-01
-2.343478732638888951e-01
-2.434322834014892578e-01
-2.420765293969048271e-01
-2.337411509619818917e-01
-2.517892254723442802e-01
-2.427191469404432478e-01
-2.402937942081027622e-01
-2.392657597859700613e-01
-2.414646678500705357e-01
-2.407532533009847098e-01
-2.380530039469400949e-01
-2.402267720964219866e-01
-2.561173968844943638e-01
-2.339733176761203404e-01
-2.499691380394829521e-01
-2.457039886050754185e-01
-2.487134403652614956e-01
-2.435504595438639230e-01
-2.402630117204454241e-01
-2.513014210595024833e-01
-2.473343743218315849e-01
-2.519581582811143416e-01
-2.390948401557074776e-01
-2.552236980862087612e-01
-2.338847584194607143e-01
-2.466036213768852958e-01
-2.396209769778781529e-01
-2.548434999254014510e-01
-2.411616113450792132e-01
-2.486691739824083147e-01
-2.212386396196153460e-01
-2.290538681877983818e-01
-2.522864871554904576e-01
-2.445793681674533482e-01
-2.535251246558295479e-01
-2.540394994947645646e-01
-2.469560040367974052e-01
-2.385400931040445871e-01
-2.462425761752658482e-01
-2.542237440745035992e-01
-2.531189653608534318e-01
-2.479458649953206473e-01
-2.488421599070231027e-01
-2.537277274661594029e-01
-2.422128253512912388e-01
-2.500592867533366070e-01
-9.000360303454929545e-02
2.007280323240492048e-01
-1.122102472517225516e-02
-1.036994192335340681e-01
-1.411696275075276785e-01
-1.773324145211113700e-01
-1.713002257876926060e-01
-1.871045695410834542e-01
-1.867750883102416992e-01
-2.238597604963514509e-01
-2.194813887278238840e-01
-2.173577149709065848e-01
-2.230200502607557478e-01
-2.304313712649875279e-01
-2.198072274525960379e-01
-2.266750070783827009e-01
-2.133155928717719307e-01
-2.342458830939398995e-01
-2.344913747575547991e-01
-2.263215912712944755e-01
-2.151818540361192522e-01
-2.232680055830213728e-01
-2.272355556488037109e-01
-2.384785811106363840e-01
-2.309130827585856027e-01
-2.383139663272433872e-01
-2.143540647294786272e-01
-2.306370470258924665e-01
-2.292344835069444475e-01
-2.272626294030083427e-01
-2.314701345231797991e-01
-2.379799154069688616e-01
-2.551752461327446708e-01
-2.252306938171386719e-01
-2.467100355360243025e-01
-2.517927487691243305e-01
-2.528859774271647320e-01
-2.422345479329427176e-01
-2.487222883436414900e-01
-2.310739888085259208e-01
-2.376839319864908762e-01
-2.356775601704915457e-01
-2.451601558261447544e-01
-2.297491762373182478e-01
-2.422401905059814453e-01
-2.344184186723497210e-01
-2.429677115546332589e-01
-2.413087685902913504e-01
-2.433688640594482422e-01
-2.416262891557481585e-01
-2.493203216128879185e-01
-2.392203807830810547e-01
-2.509609328375922432e-01
-2.302427026960584822e-01
-2.393857902950710659e-01
-2.348196241590711775e-01
-2.367665502760145368e-01
-2.336899439493815012e-01
-2.399510012732611886e-01
-2.313962777455647879e-01
-2.281953228844536552e-01
-2.386894755893283482e-01
-2.472271919250488281e-01
-2.480195363362630301e-01
-2.455398771497938337e-01
-2.460783322652181082e-01
-2.420012156168619699e-01
-2.401196161905924387e-01
-2.394127580854627790e-01
-2.448446220821804409e-01
-2.404139571719699497e-01
-2.454899946848551340e-01
-2.425455782148573103e-01
-2.361275619930691128e-01
-2.564632627699110490e-01
-2.521339522467719307e-01
-2.549165619744194755e-01
-2.474637826283772879e-01
-2.519860002729628068e-01
-2.539614041646321430e-01
-2.346252335442436943e-01
-2.494055695003933315e-01
-2.397818565368652344e-01
-2.356769773695203962e-01
-2.385586897532145090e-01
-2.293916278415256138e-01
-2.535157203674316406e-01
-2.364483939276801339e-01
-2.418565750122070312e-01
-2.183594836129082450e-01
-2.433164914449056082e-01
-2.381365034315321150e-01
-2.317522366841634207e-01
-2.349174552493625279e-01
-2.424325148264566965e-01
-2.423291471269395647e-01
-2.427936659918891182e-01
-2.372848722669813337e-01
-2.418441507551405134e-01
-2.340639167361789341e-01
-2.284780343373616629e-01
-2.326559490627712612e-01
-2.496493922339545479e-01
-2.312621010674370536e-01
-2.567204899258083706e-01
-2.453365325927734375e-01
-2.271490626864963169e-01
-2.527061568366156807e-01
-2.535289923350016461e-01
-2.375641928778754464e-01
-2.409426106346977958e-01
-2.393724918365478516e-01
-2.411355707380506697e-01
-2.378624280293782645e-01
-2.371787759992811384e-01
-2.456822660234239397e-01
-2.499747806125217076e-01
-2.499255604214138393e-01
-2.450399398803710938e-01
-2.420408460828993025e-01
-2.401016023423936663e-01
-2.352151605818006697e-01
-2.524447441101074219e-01
-2.307787471347385044e-01
-2.345209386613633928e-01
-2.385550340016683035e-01
-2.350589699215359096e-01
-2.423829767439100447e-01
-2.450711197323269253e-01
-2.424909273783365793e-01
-2.279931174384223214e-01
-2.204953564537895927e-01
-2.435747517479790458e-01
-2.282214164733886719e-01
-2.219956186082628069e-01
-2.258973121643066406e-01
-2.316809230380588169e-01
-2.174281676610310965e-01
-2.367561393313937779e-01
-2.322635120815700893e-01
-2.426139248741997489e-01
-2.370539241366916294e-01
-2.324160204993354073e-01
-2.489642567104763393e-01
-2.325444486406114397e-01
-2.464361985524495535e-01
-2.399911615583631697e-01
-2.504542933570014229e-01
-2.464952733781602678e-01
-2.341893249087863560e-01
-2.366064124637179966e-01
-2.374848524729410715e-01
-2.423963546752929688e-01
-2.344061533610025949e-01
-2.334136168162027902e-01
-2.448947694566514788e-01
-2.364590432908799944e-01
-2.382328510284423828e-01
-2.477418051825629464e-01
-2.405881351894802456e-01
-2.367223633660210380e-01
-2.470838228861490793e-01
-2.412971125708686104e-01
-2.385892338222927456e-01
-2.330692609151204520e-01
