1.808706402778625488e+00
7.328781485557556152e-01
1.302052289247512817e-01
-7.676073163747787476e-02
-1.179523468017578125e-01
-8.635063469409942627e-02
-5.278313159942626953e-02
-8.623459190130233765e-02
-1.124396398663520813e-01
-1.068916767835617065e-01
-1.045284420251846313e-01
-1.399380117654800415e-01
-1.403908729553222656e-01
-1.634999364614486694e-01
-1.569874137639999390e-01
-1.753874719142913818e-01
-1.895838081836700439e-01
-1.996172517538070679e-01
-1.984599977731704712e-01
-2.125631123781204224e-01
-2.130559682846069336e-01
-2.255658209323883057e-01
-2.314119637012481689e-01
-2.298551201820373535e-01
-2.356723397970199585e-01
-2.446020990610122681e-01
-2.509045898914337158e-01
-2.616721689701080322e-01
-2.554419934749603271e-01
-2.576949596405029297e-01
-2.448875755071640015e-01
-2.584074139595031738e-01
-2.564312815666198730e-01
-2.511512041091918945e-01
-2.546972930431365967e-01
-2.671077251434326172e-01
-2.704711854457855225e-01
-2.531310021877288818e-01
-2.628886699676513672e-01
-2.608132660388946533e-01
-2.569212317466735840e-01
-2.740467488765716553e-01
-2.765101194381713867e-01
-2.680634260177612305e-01
-2.691969573497772217e-01
-2.545722723007202148e-01
-2.705436348915100098e-01
-2.709221541881561279e-01
-2.759291529655456543e-01
-2.760674357414245605e-01
-2.709830105304718018e-01
-2.677124440670013428e-01
-2.760230600833892822e-01
-2.826217412948608398e-01
-2.815600037574768066e-01
-2.773135304450988770e-01
-2.878774702548980713e-01
-2.815557122230529785e-01
-2.796663939952850342e-01
-2.788815498352050781e-01
-2.755737304687500000e-01
-2.878335118293762207e-01
-2.807417511940002441e-01
-2.769667804241180420e-01
-2.729594409465789795e-01
-2.796207666397094727e-01
-2.613478600978851318e-01
-2.700147032737731934e-01
-2.743088901042938232e-01
-2.703208923339843750e-01
-2.754945158958435059e-01
-2.810140848159790039e-01
-2.760338485240936279e-01
-2.868545055389404297e-01
-2.782369256019592285e-01
-2.794431746006011963e-01
-2.808172702789306641e-01
-2.856678962707519531e-01
-2.792575657367706299e-01
-2.830512225627899170e-01
-2.816425859928131104e-01
-2.780585289001464844e-01
-2.954672276973724365e-01
-2.808911800384521484e-01
-2.879911661148071289e-01
-2.789917588233947754e-01
-2.920617759227752686e-01
-2.902354896068572998e-01
-2.938411235809326172e-01
-2.838866114616394043e-01
-3.015495836734771729e-01
-3.140763640403747559e-01
-3.197973370552062988e-01
-3.055740594863891602e-01
-3.077719211578369141e-01
-2.995406389236450195e-01
-3.131738603115081787e-01
-3.085253834724426270e-01
-3.038439750671386719e-01
-3.132504522800445557e-01
-3.106233775615692139e-01
-3.093723058700561523e-01
-3.088937997817993164e-01
-3.145051002502441406e-01
-3.181619346141815186e-01
-3.239645361900329590e-01
-3.213126361370086670e-01
-3.201044797897338867e-01
-2.983253896236419678e-01
-3.111830949783325195e-01
-3.123439848423004150e-01
-3.186551630496978760e-01
-3.189483284950256348e-01
-3.233456015586853027e-01
-3.151340186595916748e-01
-3.123860955238342285e-01
-3.216489255428314209e-01
-3.265869617462158203e-01
-3.267454504966735840e-01
-3.282166719436645508e-01
-3.280370831489562988e-01
-3.279412388801574707e-01
-3.228649199008941650e-01
-3.277966976165771484e-01
-3.384101688861846924e-01
-3.267548680305480957e-01
-3.352968692779541016e-01
-3.375676870346069336e-01
-3.339958488941192627e-01
-3.328894078731536865e-01
-3.415525555610656738e-01
-3.435773253440856934e-01
-3.386234045028686523e-01
-3.459897339344024658e-01
-3.509016633033752441e-01
-3.516310453414916992e-01
-3.386656641960144043e-01
-3.351153433322906494e-01
-3.400493264198303223e-01
-3.488433957099914551e-01
-3.504524230957031250e-01
-3.518066406250000000e-01
-3.531038165092468262e-01
-3.549157977104187012e-01
-3.541429936885833740e-01
-3.521430790424346924e-01
-3.531887829303741455e-01
-3.548640012741088867e-01
-3.619706332683563232e-01
-3.627654910087585449e-01
-3.536087572574615479e-01
-3.570038378238677979e-01
-3.572017848491668701e-01
-3.512058556079864502e-01
-3.546080887317657471e-01
-3.590705692768096924e-01
-3.594982326030731201e-01
-3.608568906784057617e-01
-3.592074811458587646e-01
-3.616566359996795654e-01
-3.628161847591400146e-01
-3.601947128772735596e-01
-3.616216480731964111e-01
-3.637386560440063477e-01
-3.657294809818267822e-01
-3.610944747924804688e-01
-3.681021034717559814e-01
-3.653702437877655029e-01
-3.656288385391235352e-01
-3.690516948699951172e-01
-3.672767877578735352e-01
-3.683041632175445557e-01
-3.690766990184783936e-01
-3.696003556251525879e-01
-3.684368431568145752e-01
-3.673501014709472656e-01
-3.695854842662811279e-01
-3.639063835144042969e-01
-3.675070703029632568e-01
-3.672572672367095947e-01
-3.664970099925994873e-01
-3.640821576118469238e-01
-3.647143244743347168e-01
-3.641259372234344482e-01
-3.670473098754882812e-01
-3.682387471199035645e-01
-3.692636787891387939e-01
-3.732457160949707031e-01
-3.719885945320129395e-01
-3.658316731452941895e-01
-3.708851635456085205e-01
-3.682007789611816406e-01
-3.661371767520904541e-01
-3.660078048706054688e-01
-3.631092905998229980e-01
-3.679730892181396484e-01
-3.694116771221160889e-01
-3.683847188949584961e-01
-3.703137338161468506e-01
-3.659679591655731201e-01
-3.682592213153839111e-01
-3.685602545738220215e-01
-3.728518187999725342e-01
-3.675821721553802490e-01
-3.644270002841949463e-01
-3.701074123382568359e-01
-3.673827648162841797e-01
-3.661643862724304199e-01
-3.659450709819793701e-01
-3.700957894325256348e-01
-3.671750724315643311e-01
-3.653261661529541016e-01
-3.664349019527435303e-01
-3.692928850650787354e-01
-3.698466122150421143e-01
-3.650336861610412598e-01
-3.681549727916717529e-01
-3.681682944297790527e-01
-3.653404414653778076e-01
-3.716110289096832275e-01
-3.718278706073760986e-01
-3.686056435108184814e-01
-3.678500354290008545e-01
-3.669269084930419922e-01
-3.650488257408142090e-01
-3.653800785541534424e-01
-3.658711016178131104e-01
-3.653599321842193604e-01
-3.711294531822204590e-01
-3.643668591976165771e-01
-3.686727583408355713e-01
-3.653425872325897217e-01
-3.684866428375244141e-01
-3.664103448390960693e-01
-3.650532364845275879e-01
-3.630273342132568359e-01
-3.683390617370605469e-01
-3.688202500343322754e-01
-3.689089417457580566e-01
-3.673711419105529785e-01
-3.658146262168884277e-01
-3.667272925376892090e-01
-3.700738847255706787e-01
-3.681865334510803223e-01
-3.704483807086944580e-01
-3.721966445446014404e-01
-3.688374757766723633e-01
-3.706775009632110596e-01
-3.721473813056945801e-01
-3.687722384929656982e-01
-3.700523078441619873e-01
-3.692873716354370117e-01
-3.669964075088500977e-01
-3.683254420757293701e-01
-3.653155565261840820e-01
-3.714088499546051025e-01
-3.713897764682769775e-01
-3.723872601985931396e-01
-3.708525896072387695e-01
-3.651869893074035645e-01
-3.665761053562164307e-01
-3.671510815620422363e-01
-3.655585944652557373e-01
-3.673950731754302979e-01
-3.699876964092254639e-01
-3.669041395187377930e-01
-3.689725697040557861e-01
-3.697004914283752441e-01
-3.656685352325439453e-01
-3.647937178611755371e-01
-3.626046478748321533e-01
-3.664723038673400879e-01
-3.661815226078033447e-01
-3.615304529666900635e-01
-3.665808439254760742e-01
-3.608475327491760254e-01
-3.668398857116699219e-01
-3.664364814758300781e-01
-3.672214150428771973e-01
-3.668887317180633545e-01
-3.686465322971343994e-01
-3.654025197029113770e-01
-3.609660267829895020e-01
-3.669463396072387695e-01
-3.681451380252838135e-01
-3.661840558052062988e-01
-3.640091121196746826e-01
-3.668660819530487061e-01
-3.670566380023956299e-01
-3.647464215755462646e-01
-3.659050166606903076e-01
-3.655346035957336426e-01
-3.626912832260131836e-01
-3.637691140174865723e-01
-3.646924495697021484e-01
-3.669387698173522949e-01
-3.655652403831481934e-01
-3.661750257015228271e-01
-3.664546906948089600e-01
-3.667560517787933350e-01
-3.616890311241149902e-01
-3.623757362365722656e-01
-3.615726828575134277e-01
-3.629654347896575928e-01
-3.667364120483398438e-01
-3.683112561702728271e-01
-3.650381267070770264e-01
-3.646260797977447510e-01
-3.662881255149841309e-01
-3.620051443576812744e-01
-3.618499040603637695e-01
-3.637333512306213379e-01
-3.626925051212310791e-01
-3.624620437622070312e-01
-3.647410869598388672e-01
-3.647980988025665283e-01
-3.617413938045501709e-01
-3.568833470344543457e-01
-3.676062524318695068e-01
-3.652372956275939941e-01
-3.629864156246185303e-01
-3.619383573532104492e-01
-3.591955304145812988e-01
-3.636574745178222656e-01
-3.633333146572113037e-01
-3.657154440879821777e-01
-3.634418845176696777e-01
-3.657676279544830322e-01
-3.637140393257141113e-01
-3.660486042499542236e-01
-3.631195127964019775e-01
-3.626056611537933350e-01
-3.640786707401275635e-01
-3.610870838165283203e-01
-3.643536865711212158e-01
-3.619227111339569092e-01
-3.594007194042205811e-01
-3.629346787929534912e-01
-3.620482087135314941e-01
-3.606938421726226807e-01
-3.542380034923553467e-01
-3.597042560577392578e-01
-3.594842553138732910e-01
-3.622556030750274658e-01
-3.605735003948211670e-01
-3.638511002063751221e-01
-3.603646755218505859e-01
-3.598960041999816895e-01
-3.620681166648864746e-01
-3.588591217994689941e-01
-3.581972718238830566e-01
-3.624360859394073486e-01
-3.657532334327697754e-01
-3.621303141117095947e-01
-3.599796593189239502e-01
-3.633966743946075439e-01
-3.609825670719146729e-01
-3.602999150753021240e-01
-3.611837625503540039e-01
-3.596379458904266357e-01
-3.617578744888305664e-01
-3.641911745071411133e-01
-3.565046787261962891e-01
-3.585692942142486572e-01
-3.576880395412445068e-01
-3.630089461803436279e-01
-3.608369827270507812e-01
-3.571482002735137939e-01
-3.586084246635437012e-01
-3.573151826858520508e-01
-3.599325418472290039e-01
-3.577393293380737305e-01
-3.583709597587585449e-01
-3.600351512432098389e-01
-3.566126525402069092e-01
-3.605727553367614746e-01
-3.591239154338836670e-01
-3.569373190402984619e-01
-3.579750359058380127e-01
-3.559454977512359619e-01
-3.615131080150604248e-01
-3.579973876476287842e-01
-3.608440756797790527e-01
-3.567441701889038086e-01
-3.607734441757202148e-01
-3.548483550548553467e-01
-3.561974763870239258e-01
-3.571083843708038330e-01
-3.615153431892395020e-01
-3.622272014617919922e-01
-3.647604286670684814e-01
-3.570069670677185059e-01
-3.544290065765380859e-01
-3.530131280422210693e-01
-3.567596375942230225e-01
-3.578831851482391357e-01
-3.577586710453033447e-01
-3.582402467727661133e-01
-3.610249459743499756e-01
-3.556376099586486816e-01
-3.531962335109710693e-01
-3.570004701614379883e-01
-3.540053665637969971e-01
-3.605503439903259277e-01
-3.520331382751464844e-01
-3.563967049121856689e-01
-3.603517115116119385e-01
-3.567279577255249023e-01
-3.566121459007263184e-01
-3.500515520572662354e-01
-3.562653660774230957e-01
-3.599092662334442139e-01
-3.520745933055877686e-01
-3.501461446285247803e-01
-3.557440042495727539e-01
-3.567007482051849365e-01
-3.588502705097198486e-01
-3.489918708801269531e-01
-3.518498539924621582e-01
-3.526366055011749268e-01
-3.535520434379577637e-01
-3.559153378009796143e-01
-3.516098558902740479e-01
-3.602497279644012451e-01
-3.576214313507080078e-01
-3.555774390697479248e-01
-3.524411916732788086e-01
-3.563890457153320312e-01
-3.534898161888122559e-01
-3.513220250606536865e-01
-3.561569750308990479e-01
-3.534665107727050781e-01
-3.555610477924346924e-01
-3.464083969593048096e-01
-3.491876125335693359e-01
-3.508504033088684082e-01
-3.540202379226684570e-01
-3.495393097400665283e-01
-3.489618599414825439e-01
-3.521309792995452881e-01
-3.487251400947570801e-01
-3.526246845722198486e-01
-3.497050702571868896e-01
-3.499414026737213135e-01
-3.487265110015869141e-01
-3.495812714099884033e-01
-3.551164269447326660e-01
-3.472071588039398193e-01
-3.530738055706024170e-01
-3.536620736122131348e-01
-3.533373475074768066e-01
-3.461344540119171143e-01
-3.522227704524993896e-01
-3.488182425498962402e-01
-3.492396771907806396e-01
-3.516526818275451660e-01
-3.494568169116973877e-01
-3.494189083576202393e-01
-3.537252843379974365e-01
-3.453632295131683350e-01
-3.485556542873382568e-01
-3.552367389202117920e-01
-3.513479828834533691e-01
-3.468566238880157471e-01
-3.534200489521026611e-01
-3.483748733997344971e-01
-3.457347154617309570e-01
-3.551723659038543701e-01
-3.536224365234375000e-01
-3.472661674022674561e-01
-3.450095653533935547e-01
-3.494988381862640381e-01
-3.456989228725433350e-01
-3.504129946231842041e-01
-3.476589918136596680e-01
-3.514425754547119141e-01
-3.425942957401275635e-01
-3.475426733493804932e-01
-3.509521782398223877e-01
-3.470889925956726074e-01
-3.431616723537445068e-01
-3.489550650119781494e-01
-3.509579002857208252e-01
-3.426461219787597656e-01
-3.515656590461730957e-01
-3.498156070709228516e-01
-3.438875079154968262e-01
-3.484835922718048096e-01
-3.524105250835418701e-01
-3.409442007541656494e-01
-3.480516672134399414e-01
-3.493731617927551270e-01
-3.507441282272338867e-01
-3.456516861915588379e-01
-3.450115919113159180e-01
-3.404833972454071045e-01
-3.429445922374725342e-01
-3.466528356075286865e-01
-3.423137366771697998e-01
-3.431179821491241455e-01
-3.483489453792572021e-01
-3.496821224689483643e-01
-3.446841537952423096e-01
-3.498501181602478027e-01
-3.504152297973632812e-01
-3.484708368778228760e-01
-3.468795418739318848e-01
-3.452435731887817383e-01
-3.429827988147735596e-01
-3.434540927410125732e-01
-3.432381749153137207e-01
-3.455064296722412109e-01
-3.437016010284423828e-01
-3.431060910224914551e-01
-3.450880348682403564e-01
-3.460389673709869385e-01
-3.432080745697021484e-01
-3.428011834621429443e-01
-3.475223183631896973e-01
-3.319163024425506592e-01
-3.453497886657714844e-01
-3.464520573616027832e-01
-3.458375930786132812e-01
-3.480596840381622314e-01
-3.427019715309143066e-01
-3.391102850437164307e-01
-3.463499248027801514e-01
-3.396559953689575195e-01
-3.437995612621307373e-01
-3.415708541870117188e-01
-3.387831449508666992e-01
-3.423911035060882568e-01
-3.381499052047729492e-01
-3.410175442695617676e-01
-3.490372300148010254e-01
-3.414426147937774658e-01
-3.386391699314117432e-01
-3.416199982166290283e-01
-3.421434462070465088e-01
-3.331118524074554443e-01
-3.397629559040069580e-01
-3.465433418750762939e-01
-3.398550748825073242e-01
-3.423851728439331055e-01
-3.388814926147460938e-01
-3.369127810001373291e-01
-3.406803607940673828e-01
-3.389236032962799072e-01
-3.415685892105102539e-01
-3.339672982692718506e-01
-3.417900502681732178e-01
-3.437557518482208252e-01
-3.406005799770355225e-01
-3.395762741565704346e-01
-3.370576202869415283e-01
-3.454433083534240723e-01
-3.335103690624237061e-01
-3.309922516345977783e-01
-3.425011634826660156e-01
-3.383776247501373291e-01
-3.329568803310394287e-01
-3.406616747379302979e-01
-3.311033248901367188e-01
-3.396636843681335449e-01
-3.362468481063842773e-01
-3.376490473747253418e-01
-3.477725088596343994e-01
-3.307769000530242920e-01
-3.304680287837982178e-01
-3.360211253166198730e-01
-3.388268947601318359e-01
-3.287224173545837402e-01
-3.347546458244323730e-01
-3.407537341117858887e-01
-3.341634273529052734e-01
-3.335716426372528076e-01
-3.393946290016174316e-01
-3.377491533756256104e-01
-3.348324894905090332e-01
-3.325009942054748535e-01
-3.411069214344024658e-01
-3.383044302463531494e-01
-3.324516415596008301e-01
-3.313508033752441406e-01
-3.380864262580871582e-01
-3.366644978523254395e-01
-3.312416970729827881e-01
-3.347826302051544189e-01
-3.297850489616394043e-01
-3.344965279102325439e-01
-3.256834149360656738e-01
-3.372893631458282471e-01
-3.395677506923675537e-01
-3.360211551189422607e-01
-3.398053050041198730e-01
-3.347795903682708740e-01
-3.366224467754364014e-01
-3.376521170139312744e-01
-3.359141945838928223e-01
-3.378892838954925537e-01
-3.327392041683197021e-01
-3.292558491230010986e-01
-3.298510611057281494e-01
-3.395166397094726562e-01
-3.363065719604492188e-01
-3.351610898971557617e-01
-3.316455483436584473e-01
-3.421795070171356201e-01
-3.265546262264251709e-01
-3.240368664264678955e-01
-3.334551453590393066e-01
-3.359801471233367920e-01
-3.340373337268829346e-01
-3.312264382839202881e-01
-3.388116359710693359e-01
-3.323360681533813477e-01
-3.319650292396545410e-01
-3.368264138698577881e-01
-3.387798368930816650e-01
-3.294076919555664062e-01
-3.340229988098144531e-01
-3.316357433795928955e-01
-3.343001008033752441e-01
-3.295177817344665527e-01
-3.224161863327026367e-01
-3.325872719287872314e-01
-3.307272195816040039e-01
-3.226936757564544678e-01
-3.303740322589874268e-01
-3.302585482597351074e-01
-3.239407539367675781e-01
-3.331018686294555664e-01
-3.343060910701751709e-01
-3.257358670234680176e-01
-3.267617821693420410e-01
-3.309494853019714355e-01
-3.296220004558563232e-01
-3.204660415649414062e-01
-3.274627625942230225e-01
-3.266519904136657715e-01
-3.187880218029022217e-01
-3.321732878684997559e-01
-3.297734260559082031e-01
-3.296770155429840088e-01
-3.304499089717864990e-01
-3.321997523307800293e-01
-3.326153755187988281e-01
-3.237773776054382324e-01
-3.184143900871276855e-01
-3.286346197128295898e-01
-3.327215611934661865e-01
-3.260999619960784912e-01
-3.254627585411071777e-01
-3.241764605045318604e-01
-3.254951238632202148e-01
-3.332936167716979980e-01
-3.235966861248016357e-01
-3.252516388893127441e-01
-3.293466866016387939e-01
-3.167732656002044678e-01
-3.259791731834411621e-01
-3.307570219039916992e-01
-3.213900923728942871e-01
-3.230181336402893066e-01
-3.255066573619842529e-01
-3.290661573410034180e-01
-3.264288306236267090e-01
-3.266047239303588867e-01
-3.225730061531066895e-01
-3.252119123935699463e-01
-3.205152750015258789e-01
-3.188050389289855957e-01
-3.188769519329071045e-01
-3.322565257549285889e-01
-3.222118616104125977e-01
-3.241060376167297363e-01
-3.208524882793426514e-01
-3.218842148780822754e-01
-3.246256113052368164e-01
-3.244439363479614258e-01
-3.237868845462799072e-01
-3.302331566810607910e-01
-3.217242360115051270e-01
-3.232595622539520264e-01
-3.177583515644073486e-01
-3.153031468391418457e-01
-3.199175894260406494e-01
-3.165529668331146240e-01
-3.132916092872619629e-01
-3.269375860691070557e-01
-3.242756426334381104e-01
-3.263583481311798096e-01
-3.148780465126037598e-01
-3.220685124397277832e-01
-3.233669400215148926e-01
-3.129790723323822021e-01
-3.252441883087158203e-01
-3.224414288997650146e-01
-3.197173178195953369e-01
-3.213199973106384277e-01
-3.257566690444946289e-01
-3.183119595050811768e-01
-3.153971433639526367e-01
-3.282937705516815186e-01
-3.219910264015197754e-01
-3.219001591205596924e-01
-3.171068727970123291e-01
-3.268525898456573486e-01
-3.160127699375152588e-01
-3.175409436225891113e-01
-3.212951123714447021e-01
-3.144031465053558350e-01
-3.213318288326263428e-01
-3.172708451747894287e-01
-3.244920969009399414e-01
-3.189737498760223389e-01
-3.077493906021118164e-01
-3.270818889141082764e-01
-3.182597160339355469e-01
-3.220233619213104248e-01
-3.153310120105743408e-01
-3.230994343757629395e-01
-3.237372934818267822e-01
-3.132486343383789062e-01
-3.194085061550140381e-01
-3.234462141990661621e-01
-3.139675855636596680e-01
-3.168077468872070312e-01
-3.222184181213378906e-01
-3.157423138618469238e-01
-3.161786496639251709e-01
-3.170488178730010986e-01
-3.141850531101226807e-01
-3.148786127567291260e-01
-3.222021162509918213e-01
-3.109871745109558105e-01
-3.198062479496002197e-01
-3.172563612461090088e-01
-3.155902028083801270e-01
-3.173050582408905029e-01
-3.087285161018371582e-01
-3.092947304248809814e-01
-3.122522234916687012e-01
-3.136993348598480225e-01
-3.120766282081604004e-01
-3.134602308273315430e-01
-3.102554380893707275e-01
-3.186980187892913818e-01
-3.214992582798004150e-01
-3.106314837932586670e-01
-3.132790327072143555e-01
-3.210208714008331299e-01
-3.138933479785919189e-01
-3.205501437187194824e-01
-3.227011561393737793e-01
-3.174518942832946777e-01
-3.142614662647247314e-01
-3.149458169937133789e-01
-3.234051465988159180e-01
-3.105444908142089844e-01
-3.198152482509613037e-01
-3.122729361057281494e-01
-3.054063618183135986e-01
-3.087370097637176514e-01
-3.191227912902832031e-01
-3.172450661659240723e-01
-3.170211911201477051e-01
-3.089558184146881104e-01
-3.168637156486511230e-01
-3.174632489681243896e-01
-3.131105899810791016e-01
-3.086390197277069092e-01
-3.141781687736511230e-01
-3.153362572193145752e-01
-3.083656132221221924e-01
-3.189926743507385254e-01
-3.049645125865936279e-01
-3.126751184463500977e-01
-3.055648207664489746e-01
-3.105284571647644043e-01
-3.189033865928649902e-01
-3.161222040653228760e-01
-3.077558875083923340e-01
-3.149999380111694336e-01
-3.080550134181976318e-01
-3.065535426139831543e-01
-3.144026994705200195e-01
-3.044841587543487549e-01
-3.181700110435485840e-01
-3.089180588722229004e-01
-3.076224923133850098e-01
-3.053276836872100830e-01
-3.079023361206054688e-01
-3.094804584980010986e-01
-3.112361431121826172e-01
-3.085161447525024414e-01
-3.088562488555908203e-01
-3.134796321392059326e-01
-3.127330839633941650e-01
-3.152800500392913818e-01
-3.067739009857177734e-01
-3.088155388832092285e-01
-3.135332167148590088e-01
-3.093016445636749268e-01
-3.148717582225799561e-01
-3.095106482505798340e-01
-3.123192191123962402e-01
-3.068245649337768555e-01
-3.141223192214965820e-01
-3.096163272857666016e-01
-3.072858154773712158e-01
-3.068120777606964111e-01
-3.081910312175750732e-01
-3.142811954021453857e-01
-3.123657107353210449e-01
-3.121960759162902832e-01
-3.232087492942810059e-01
-3.142700791358947754e-01
-3.123894035816192627e-01
-3.073998391628265381e-01
-3.172526955604553223e-01
-3.053353130817413330e-01
-3.063994646072387695e-01
-3.040817379951477051e-01
-3.061588108539581299e-01
-3.042329847812652588e-01
-3.173215985298156738e-01
-3.039495646953582764e-01
-3.100614249706268311e-01
-3.099461197853088379e-01
-3.107002079486846924e-01
-3.094041049480438232e-01
-3.067235052585601807e-01
-3.140035569667816162e-01
-3.057779669761657715e-01
-3.065959513187408447e-01
-3.053372800350189209e-01
-3.039838969707489014e-01
-2.996537089347839355e-01
-3.129088878631591797e-01
-3.010663390159606934e-01
-3.071925640106201172e-01
-3.052808046340942383e-01
-3.075245916843414307e-01
-2.964620292186737061e-01
-3.029717504978179932e-01
-3.004990518093109131e-01
-3.030248284339904785e-01
-3.052312135696411133e-01
-3.091903030872344971e-01
-3.119463026523590088e-01
-2.958127558231353760e-01
-3.102972805500030518e-01
-3.094255328178405762e-01
-3.074759244918823242e-01
-3.089947104454040527e-01
-3.000974953174591064e-01
-3.083339333534240723e-01
-3.072594106197357178e-01
-3.065636456012725830e-01
-3.080103099346160889e-01
-3.031722009181976318e-01
-3.045805096626281738e-01
-3.048681616783142090e-01
-3.130271136760711670e-01
-3.080224096775054932e-01
-2.951446771621704102e-01
-3.083212077617645264e-01
-2.989471554756164551e-01
-3.041701018810272217e-01
-3.113122284412384033e-01
-2.991094887256622314e-01
-3.116723299026489258e-01
-3.006013035774230957e-01
-3.042228221893310547e-01
-3.102679550647735596e-01
-3.001823723316192627e-01
-3.041917085647583008e-01
-3.013432025909423828e-01
-3.009277880191802979e-01
-2.979288399219512939e-01
-3.034238815307617188e-01
-3.084768056869506836e-01
-2.988347113132476807e-01
-3.072603344917297363e-01
-2.992314398288726807e-01
-2.925171256065368652e-01
-3.006697297096252441e-01
-3.007836639881134033e-01
-3.045883774757385254e-01
-2.936771512031555176e-01
-3.046518266201019287e-01
-2.919143140316009521e-01
-3.042829632759094238e-01
-3.015217483043670654e-01
-3.021630048751831055e-01
-2.986373603343963623e-01
-3.028275668621063232e-01
-3.036344647407531738e-01
-2.980554997920989990e-01
-2.983804345130920410e-01
-3.027909994125366211e-01
-3.031680881977081299e-01
-3.034770488739013672e-01
-3.031413555145263672e-01
-3.072863221168518066e-01
-3.005103766918182373e-01
-3.014657497406005859e-01
-3.079158365726470947e-01
-2.949852645397186279e-01
-3.024208247661590576e-01
-2.998148798942565918e-01
-3.055602610111236572e-01
-2.971525788307189941e-01
-3.053131103515625000e-01
-2.961508929729461670e-01
-2.938699126243591309e-01
-3.075306713581085205e-01
-3.004857897758483887e-01
-3.104472756385803223e-01
-2.975728213787078857e-01
-3.005276620388031006e-01
-3.011384308338165283e-01
-2.985427081584930420e-01
-3.016323745250701904e-01
-2.948650121688842773e-01
-3.034207224845886230e-01
-2.986701130867004395e-01
-3.032801449298858643e-01
-3.029794394969940186e-01
-2.966645956039428711e-01
-2.986855208873748779e-01
-2.989672422409057617e-01
-3.002686202526092529e-01
-3.009017705917358398e-01
-3.009974956512451172e-01
-2.931211590766906738e-01
-2.971256077289581299e-01
-3.012052774429321289e-01
-2.935656309127807617e-01
-2.961948812007904053e-01
-2.978278100490570068e-01
-2.967386841773986816e-01
-3.002828359603881836e-01
-2.978363633155822754e-01
-3.000776171684265137e-01
-2.988133132457733154e-01
-2.980452477931976318e-01
-2.948891520500183105e-01
-2.963126003742218018e-01
-3.016753196716308594e-01
-2.971439063549041748e-01
-3.037903308868408203e-01
-2.945329546928405762e-01
-2.949960529804229736e-01
-2.962328791618347168e-01
-2.995009124279022217e-01
-3.023374974727630615e-01
-2.992868423461914062e-01
-2.979418337345123291e-01
-2.987271249294281006e-01
-3.018721342086791992e-01
-2.945550680160522461e-01
-2.979696691036224365e-01
-3.022274672985076904e-01
-2.961003482341766357e-01
-3.016346096992492676e-01
-2.950475811958312988e-01
-2.983748912811279297e-01
-2.916080951690673828e-01
-2.993480265140533447e-01
-3.007932007312774658e-01
-3.025721311569213867e-01
-2.933646738529205322e-01
-2.993544042110443115e-01
-3.021824657917022705e-01
-2.922300696372985840e-01
-2.983794510364532471e-01
-3.038484454154968262e-01
-2.951153516769409180e-01
-2.985349595546722412e-01
-3.007241785526275635e-01
-2.951563596725463867e-01
-3.001838326454162598e-01
-2.929455041885375977e-01
-3.000434041023254395e-01
-2.992553114891052246e-01
-2.992137074470520020e-01
-2.953983247280120850e-01
-2.949302792549133301e-01
-3.018534481525421143e-01
-2.971080839633941650e-01
-2.919224202632904053e-01
-2.961685657501220703e-01
-2.941712737083435059e-01
-3.019685149192810059e-01
-2.998236715793609619e-01
-2.927787601947784424e-01
-2.938329577445983887e-01
-2.937350869178771973e-01
