1.808706402778625488e+00
7.328781485557556152e-01
1.302052736282348633e-01
-7.696455717086791992e-02
-1.179524064064025879e-01
-8.631193637847900391e-02
-5.278318002820014954e-02
-8.623457700014114380e-02
-1.124395430088043213e-01
-1.068917065858840942e-01
-1.047124266624450684e-01
-1.401230841875076294e-01
-1.403054744005203247e-01
-1.633283644914627075e-01
-1.581280827522277832e-01
-1.753048896789550781e-01
-1.894909292459487915e-01
-1.999648064374923706e-01
-1.983135342597961426e-01
-2.127193957567214966e-01
-2.128660827875137329e-01
-2.252033650875091553e-01
-2.298052012920379639e-01
-2.297906130552291870e-01
-2.356188595294952393e-01
-2.448930889368057251e-01
-2.517270445823669434e-01
-2.611065804958343506e-01
-2.551983892917633057e-01
-2.578336596488952637e-01
-2.460956424474716187e-01
-2.589932084083557129e-01
-2.562243640422821045e-01
-2.509590089321136475e-01
-2.547434568405151367e-01
-2.671263813972473145e-01
-2.706162333488464355e-01
-2.523599267005920410e-01
-2.629213333129882812e-01
-2.608418464660644531e-01
-2.569407820701599121e-01
-2.739153504371643066e-01
-2.763537764549255371e-01
-2.694478631019592285e-01
-2.706646621227264404e-01
-2.550738453865051270e-01
-2.702034413814544678e-01
-2.705406844615936279e-01
-2.759998440742492676e-01
-2.759743034839630127e-01
-2.710499167442321777e-01
-2.682142257690429688e-01
-2.775085568428039551e-01
-2.825782895088195801e-01
-2.809213399887084961e-01
-2.788328230381011963e-01
-2.884865403175354004e-01
-2.813110351562500000e-01
-2.811775207519531250e-01
-2.791326344013214111e-01
-2.766700685024261475e-01
-2.873282730579376221e-01
-2.799706459045410156e-01
-2.782163023948669434e-01
-2.729656994342803955e-01
-2.787442505359649658e-01
-2.652752101421356201e-01
-2.700922787189483643e-01
-2.732253968715667725e-01
-2.692427337169647217e-01
-2.749617993831634521e-01
-2.810986638069152832e-01
-2.761565446853637695e-01
-2.855053544044494629e-01
-2.771654725074768066e-01
-2.793174982070922852e-01
-2.805384695529937744e-01
-2.859396934509277344e-01
-2.817407250404357910e-01
-2.841945886611938477e-01
-2.832555472850799561e-01
-2.829185128211975098e-01
-2.954995632171630859e-01
-2.796624004840850830e-01
-2.874073982238769531e-01
-2.782624065876007080e-01
-2.911035418510437012e-01
-2.898935079574584961e-01
-2.930042743682861328e-01
-2.833378612995147705e-01
-3.029913902282714844e-01
-3.122330904006958008e-01
-3.190413117408752441e-01
-3.055632114410400391e-01
-3.064795434474945068e-01
-2.996766865253448486e-01
-3.136808574199676514e-01
-3.094688057899475098e-01
-3.045338690280914307e-01
-3.137827217578887939e-01
-3.102813661098480225e-01
-3.095487356185913086e-01
-3.088093101978302002e-01
-3.142538964748382568e-01
-3.181886672973632812e-01
-3.238438069820404053e-01
-3.217874169349670410e-01
-3.219562470912933350e-01
-2.993437647819519043e-01
-3.114276826381683350e-01
-3.128018677234649658e-01
-3.182934820652008057e-01
-3.186942636966705322e-01
-3.235378861427307129e-01
-3.155078291893005371e-01
-3.133260607719421387e-01
-3.212064504623413086e-01
-3.264286816120147705e-01
-3.264428973197937012e-01
-3.278255760669708252e-01
-3.294190168380737305e-01
-3.260349631309509277e-01
-3.211470246315002441e-01
-3.265616595745086670e-01
-3.385833203792572021e-01
-3.260720968246459961e-01
-3.349531888961791992e-01
-3.380297124385833740e-01
-3.363765478134155273e-01
-3.328270018100738525e-01
-3.418041169643402100e-01
-3.447344899177551270e-01
-3.386012613773345947e-01
-3.459633290767669678e-01
-3.513327538967132568e-01
-3.511322438716888428e-01
-3.392263054847717285e-01
-3.350542187690734863e-01
-3.405991494655609131e-01
-3.492704331874847412e-01
-3.510485887527465820e-01
-3.523670136928558350e-01
-3.531642556190490723e-01
-3.552059233188629150e-01
-3.540028035640716553e-01
-3.515625298023223877e-01
-3.539858758449554443e-01
-3.550503253936767578e-01
-3.617043197154998779e-01
-3.610645830631256104e-01
-3.540552854537963867e-01
-3.566619157791137695e-01
-3.574021458625793457e-01
-3.498843908309936523e-01
-3.540354967117309570e-01
-3.588882982730865479e-01
-3.598946034908294678e-01
-3.611323833465576172e-01
-3.602047860622406006e-01
-3.627685606479644775e-01
-3.635903894901275635e-01
-3.607077300548553467e-01
-3.621155619621276855e-01
-3.640854358673095703e-01
-3.656536340713500977e-01
-3.605594336986541748e-01
-3.690726459026336670e-01
-3.655001223087310791e-01
-3.643701672554016113e-01
-3.678750097751617432e-01
-3.668830394744873047e-01
-3.680403530597686768e-01
-3.686587512493133545e-01
-3.696950674057006836e-01
-3.698496818542480469e-01
-3.664592206478118896e-01
-3.681002855300903320e-01
-3.635269701480865479e-01
-3.670084178447723389e-01
-3.669952154159545898e-01
-3.666638135910034180e-01
-3.646801114082336426e-01
-3.645199537277221680e-01
-3.645712733268737793e-01
-3.671658635139465332e-01
-3.684085607528686523e-01
-3.697009682655334473e-01
-3.735916614532470703e-01
-3.726910948753356934e-01
-3.656812012195587158e-01
-3.708179295063018799e-01
-3.686183989048004150e-01
-3.665346801280975342e-01
-3.658818304538726807e-01
-3.635536134243011475e-01
-3.683102726936340332e-01
-3.694516122341156006e-01
-3.685688376426696777e-01
-3.701940774917602539e-01
-3.658550977706909180e-01
-3.680457174777984619e-01
-3.708086311817169189e-01
-3.752878308296203613e-01
-3.739382326602935791e-01
-3.704843819141387939e-01
-3.745300173759460449e-01
-3.774327933788299561e-01
-3.768398463726043701e-01
-3.769111335277557373e-01
-3.790400922298431396e-01
-3.767926990985870361e-01
-3.796726763248443604e-01
-3.822138309478759766e-01
-3.812264800071716309e-01
-3.821851909160614014e-01
-3.802807629108428955e-01
-3.807272911071777344e-01
-3.827720880508422852e-01
-3.820599615573883057e-01
-3.825343549251556396e-01
-3.835038542747497559e-01
-3.818819224834442139e-01
-3.834239542484283447e-01
-3.841854333877563477e-01
-3.853479623794555664e-01
-3.853220343589782715e-01
-3.832024633884429932e-01
-3.839690089225769043e-01
-3.853254914283752441e-01
-3.842305839061737061e-01
-3.844767808914184570e-01
-3.854443430900573730e-01
-3.872958421707153320e-01
-3.841225206851959229e-01
-3.864976763725280762e-01
-3.875482082366943359e-01
-3.856241703033447266e-01
-3.855862021446228027e-01
-3.850789070129394531e-01
-3.851686418056488037e-01
-3.837975859642028809e-01
-3.850899636745452881e-01
-3.870498836040496826e-01
-3.860852718353271484e-01
-3.857856988906860352e-01
-3.875159919261932373e-01
-3.855637311935424805e-01
-3.870721161365509033e-01
-3.858041465282440186e-01
-3.875286877155303955e-01
-3.860309422016143799e-01
-3.856984376907348633e-01
-3.865743279457092285e-01
-3.864552080631256104e-01
-3.882068991661071777e-01
-3.878904581069946289e-01
-3.877702057361602783e-01
-3.865990936756134033e-01
-3.865295648574829102e-01
-3.856732547283172607e-01
-3.842959105968475342e-01
-3.859849572181701660e-01
-3.855392038822174072e-01
-3.867014348506927490e-01
-3.893588185310363770e-01
-3.860334157943725586e-01
-3.861892819404602051e-01
-3.880343139171600342e-01
-3.855949640274047852e-01
-3.874987363815307617e-01
-3.877123296260833740e-01
-3.872642815113067627e-01
-3.862830102443695068e-01
-3.857800662517547607e-01
-3.867049515247344971e-01
-3.851044774055480957e-01
-3.868418037891387939e-01
-3.861353695392608643e-01
-3.881708681583404541e-01
-3.864760398864746094e-01
-3.863686919212341309e-01
-3.869741857051849365e-01
-3.866157829761505127e-01
-3.858724236488342285e-01
-3.870159685611724854e-01
-3.875312507152557373e-01
-3.870798647403717041e-01
-3.854702711105346680e-01
-3.873685598373413086e-01
-3.871946930885314941e-01
-3.865649998188018799e-01
-3.869740962982177734e-01
-3.856674134731292725e-01
-3.870905637741088867e-01
-3.866016268730163574e-01
-3.863586783409118652e-01
-3.875137865543365479e-01
-3.857586979866027832e-01
-3.871445655822753906e-01
-3.863400220870971680e-01
-3.860587477684020996e-01
-3.869242668151855469e-01
-3.867171704769134521e-01
-3.864278495311737061e-01
-3.870001733303070068e-01
-3.864474296569824219e-01
-3.858524858951568604e-01
-3.874838948249816895e-01
-3.875508308410644531e-01
-3.884043991565704346e-01
-3.871076107025146484e-01
-3.870216310024261475e-01
-3.867084383964538574e-01
-3.863399922847747803e-01
-3.861533403396606445e-01
-3.872070312500000000e-01
-3.875797688961029053e-01
-3.862144649028778076e-01
-3.874708116054534912e-01
-3.875067830085754395e-01
-3.863643109798431396e-01
-3.864811956882476807e-01
-3.864061832427978516e-01
-3.873446285724639893e-01
-3.868621885776519775e-01
-3.873228132724761963e-01
-3.869523406028747559e-01
-3.880645036697387695e-01
-3.863576948642730713e-01
-3.874036371707916260e-01
-3.870746791362762451e-01
-3.885442912578582764e-01
-3.876914083957672119e-01
-3.877255320549011230e-01
-3.873016238212585449e-01
-3.882937133312225342e-01
-3.863238096237182617e-01
-3.859122395515441895e-01
-3.868102133274078369e-01
-3.879005610942840576e-01
-3.868353664875030518e-01
-3.874852061271667480e-01
-3.876541852951049805e-01
-3.887746334075927734e-01
-3.856912851333618164e-01
-3.888722062110900879e-01
-3.866049051284790039e-01
-3.877539336681365967e-01
-3.879048824310302734e-01
-3.882046043872833252e-01
-3.871515989303588867e-01
-3.864898085594177246e-01
-3.872932493686676025e-01
-3.860584795475006104e-01
-3.870458602905273438e-01
-3.872357904911041260e-01
-3.852583765983581543e-01
-3.892233371734619141e-01
-3.883318603038787842e-01
-3.878387212753295898e-01
-3.866701126098632812e-01
-3.882113397121429443e-01
-3.851363658905029297e-01
-3.876233994960784912e-01
-3.873896598815917969e-01
-3.878532350063323975e-01
-3.869490325450897217e-01
-3.879885971546173096e-01
-3.869363963603973389e-01
-3.865653276443481445e-01
-3.878377377986907959e-01
-3.871563971042633057e-01
-3.887440860271453857e-01
-3.881696164608001709e-01
-3.872171044349670410e-01
-3.873102366924285889e-01
-3.866789340972900391e-01
-3.874813914299011230e-01
-3.869229853153228760e-01
-3.863917887210845947e-01
-3.868134617805480957e-01
-3.854545652866363525e-01
-3.879255354404449463e-01
-3.869841694831848145e-01
-3.882130086421966553e-01
-3.869139552116394043e-01
-3.875927329063415527e-01
-3.880392313003540039e-01
-3.868051171302795410e-01
-3.878970444202423096e-01
-3.876847624778747559e-01
-3.870709538459777832e-01
-3.863254189491271973e-01
-3.888399004936218262e-01
-3.878419697284698486e-01
-3.876213729381561279e-01
-3.884772956371307373e-01
-3.866475820541381836e-01
-3.862154185771942139e-01
-3.875418007373809814e-01
-3.878944814205169678e-01
-3.878878355026245117e-01
-3.862604498863220215e-01
-3.888917267322540283e-01
-3.868036270141601562e-01
-3.874748647212982178e-01
-3.876624703407287598e-01
-3.876784741878509521e-01
-3.875941336154937744e-01
-3.880117535591125488e-01
-3.877876400947570801e-01
-3.867197334766387939e-01
-3.875716626644134521e-01
-3.868868947029113770e-01
-3.866465985774993896e-01
-3.876102566719055176e-01
-3.866666257381439209e-01
-3.868991434574127197e-01
-3.871867656707763672e-01
-3.866736590862274170e-01
-3.865235447883605957e-01
-3.875772953033447266e-01
-3.863352537155151367e-01
-3.880525827407836914e-01
-3.882689774036407471e-01
-3.881388902664184570e-01
-3.892176151275634766e-01
-3.890506327152252197e-01
-3.860407769680023193e-01
-3.871158361434936523e-01
-3.890595734119415283e-01
-3.881266117095947266e-01
-3.883869349956512451e-01
-3.881798088550567627e-01
-3.874951004981994629e-01
-3.879119157791137695e-01
-3.888013958930969238e-01
-3.864877223968505859e-01
-3.874963521957397461e-01
-3.875600695610046387e-01
-3.887857794761657715e-01
-3.877269327640533447e-01
-3.879125416278839111e-01
-3.869288265705108643e-01
-3.872691988945007324e-01
-3.868929445743560791e-01
-3.879755139350891113e-01
-3.868536353111267090e-01
-3.864902853965759277e-01
-3.880281448364257812e-01
-3.879788219928741455e-01
-3.883555531501770020e-01
-3.893118798732757568e-01
-3.872811794281005859e-01
-3.880236148834228516e-01
-3.869799971580505371e-01
-3.883623182773590088e-01
-3.873118162155151367e-01
-3.888196647167205811e-01
-3.873655498027801514e-01
-3.879888355731964111e-01
-3.875439465045928955e-01
-3.880937993526458740e-01
-3.869730234146118164e-01
-3.891190290451049805e-01
-3.880144357681274414e-01
-3.895067572593688965e-01
-3.889333307743072510e-01
-3.891868889331817627e-01
-3.880643546581268311e-01
-3.873388767242431641e-01
-3.886191248893737793e-01
-3.872307240962982178e-01
-3.883130550384521484e-01
-3.866236209869384766e-01
-3.878875374794006348e-01
-3.860854506492614746e-01
-3.878412842750549316e-01
-3.881215751171112061e-01
-3.877391517162322998e-01
-3.892565667629241943e-01
-3.889632523059844971e-01
-3.878653645515441895e-01
-3.863436579704284668e-01
-3.890525400638580322e-01
-3.885476589202880859e-01
-3.870505988597869873e-01
-3.884216248989105225e-01
-3.879539966583251953e-01
-3.889168798923492432e-01
-3.880100548267364502e-01
-3.873894512653350830e-01
-3.885551095008850098e-01
-3.876459598541259766e-01
-3.876227736473083496e-01
-3.878949880599975586e-01
-3.890347182750701904e-01
-3.883432447910308838e-01
-3.890153765678405762e-01
-3.883636593818664551e-01
-3.880786597728729248e-01
-3.877871036529541016e-01
-3.881472945213317871e-01
-3.874145448207855225e-01
-3.879916965961456299e-01
-3.893972337245941162e-01
-3.872998058795928955e-01
-3.890656828880310059e-01
-3.884051144123077393e-01
-3.867239952087402344e-01
-3.889415860176086426e-01
-3.881849944591522217e-01
-3.877033293247222900e-01
-3.882890045642852783e-01
-3.878692686557769775e-01
-3.891576230525970459e-01
-3.867178857326507568e-01
-3.888648450374603271e-01
-3.886990249156951904e-01
-3.887812495231628418e-01
-3.880156576633453369e-01
-3.878050744533538818e-01
-3.882348537445068359e-01
-3.889898061752319336e-01
-3.899836838245391846e-01
-3.892930150032043457e-01
-3.886586129665374756e-01
-3.878305554389953613e-01
-3.884982168674468994e-01
-3.883796036243438721e-01
-3.875634670257568359e-01
-3.876293301582336426e-01
-3.878446817398071289e-01
-3.876033127307891846e-01
-3.884019255638122559e-01
-3.887555003166198730e-01
-3.886381089687347412e-01
-3.882542550563812256e-01
-3.885259032249450684e-01
-3.870712220668792725e-01
-3.876513838768005371e-01
-3.878760635852813721e-01
-3.884913027286529541e-01
-3.881710767745971680e-01
-3.886582255363464355e-01
-3.870136737823486328e-01
-3.877842724323272705e-01
-3.873701393604278564e-01
-3.877812922000885010e-01
-3.874672949314117432e-01
-3.882807493209838867e-01
-3.872130513191223145e-01
-3.887559175491333008e-01
-3.887816667556762695e-01
-3.874946832656860352e-01
-3.880127072334289551e-01
-3.874035179615020752e-01
-3.881785571575164795e-01
-3.882564008235931396e-01
-3.864196240901947021e-01
-3.879747092723846436e-01
-3.870872855186462402e-01
-3.879311084747314453e-01
-3.884407281875610352e-01
-3.878347277641296387e-01
-3.859460353851318359e-01
-3.884204030036926270e-01
-3.881637454032897949e-01
-3.885673284530639648e-01
-3.873673081398010254e-01
-3.881055414676666260e-01
-3.881920874118804932e-01
-3.882931470870971680e-01
-3.879051804542541504e-01
-3.883159160614013672e-01
-3.881994485855102539e-01
-3.878784179687500000e-01
-3.890555500984191895e-01
-3.882747888565063477e-01
-3.873845636844635010e-01
-3.896332383155822754e-01
-3.882875740528106689e-01
-3.882618546485900879e-01
-3.886003196239471436e-01
-3.887539505958557129e-01
-3.886520862579345703e-01
-3.875621259212493896e-01
-3.864527642726898193e-01
-3.884364664554595947e-01
-3.883111476898193359e-01
-3.871057331562042236e-01
-3.883354663848876953e-01
-3.885845541954040527e-01
-3.886271119117736816e-01
-3.886373043060302734e-01
-3.884096145629882812e-01
-3.884747624397277832e-01
-3.890700042247772217e-01
-3.891842663288116455e-01
-3.883067667484283447e-01
-3.874003291130065918e-01
-3.879623115062713623e-01
-3.882835805416107178e-01
-3.911219537258148193e-01
-3.883004188537597656e-01
-3.887210190296173096e-01
-3.872936666011810303e-01
-3.890717327594757080e-01
-3.886878192424774170e-01
-3.890269696712493896e-01
-3.869402408599853516e-01
-3.884557485580444336e-01
-3.889388144016265869e-01
-3.884191811084747314e-01
-3.885541558265686035e-01
-3.892802298069000244e-01
-3.884820044040679932e-01
-3.881201744079589844e-01
-3.876077234745025635e-01
-3.866738379001617432e-01
-3.878476023674011230e-01
-3.878508806228637695e-01
-3.890789151191711426e-01
-3.883107304573059082e-01
-3.879244923591613770e-01
-3.884335458278656006e-01
-3.883327841758728027e-01
-3.876993954181671143e-01
-3.885784447193145752e-01
-3.891273140907287598e-01
-3.882949948310852051e-01
-3.883973956108093262e-01
-3.887445628643035889e-01
-3.877819776535034180e-01
-3.878433704376220703e-01
-3.888701498508453369e-01
-3.877727687358856201e-01
-3.881318271160125732e-01
-3.880762457847595215e-01
-3.889789283275604248e-01
-3.877440094947814941e-01
-3.875684738159179688e-01
-3.886957764625549316e-01
-3.881314992904663086e-01
-3.881775438785552979e-01
-3.880367577075958252e-01
-3.885425329208374023e-01
-3.899396359920501709e-01
-3.873042464256286621e-01
-3.889499902725219727e-01
-3.890687823295593262e-01
-3.883597850799560547e-01
-3.877035379409790039e-01
-3.881207406520843506e-01
-3.867635726928710938e-01
-3.884210288524627686e-01
-3.886085748672485352e-01
-3.878957033157348633e-01
-3.876684606075286865e-01
-3.872447013854980469e-01
-3.898873329162597656e-01
-3.890447020530700684e-01
-3.886090219020843506e-01
-3.892143070697784424e-01
-3.890067040920257568e-01
-3.877532184123992920e-01
-3.888710439205169678e-01
-3.886135220527648926e-01
-3.885307610034942627e-01
-3.896492123603820801e-01
-3.868358433246612549e-01
-3.877362608909606934e-01
-3.876720070838928223e-01
-3.878194093704223633e-01
-3.876981735229492188e-01
-3.882746994495391846e-01
-3.877611756324768066e-01
-3.878746926784515381e-01
-3.886174261569976807e-01
-3.888972699642181396e-01
-3.890772759914398193e-01
-3.894590735435485840e-01
-3.871495425701141357e-01
-3.890923559665679932e-01
-3.881075382232666016e-01
-3.874094784259796143e-01
-3.882818520069122314e-01
-3.881666064262390137e-01
-3.887161016464233398e-01
-3.879915773868560791e-01
-3.882765471935272217e-01
-3.879714012145996094e-01
-3.894619643688201904e-01
-3.884761929512023926e-01
-3.882542848587036133e-01
-3.888945281505584717e-01
-3.882793486118316650e-01
-3.880042731761932373e-01
-3.882072865962982178e-01
-3.876702487468719482e-01
-3.890243470668792725e-01
-3.878883123397827148e-01
-3.882943391799926758e-01
-3.882585763931274414e-01
-3.889288306236267090e-01
-3.893812298774719238e-01
-3.879837095737457275e-01
-3.889400064945220947e-01
-3.886701762676239014e-01
-3.880906403064727783e-01
-3.887038230895996094e-01
-3.876970708370208740e-01
-3.889491558074951172e-01
-3.886728584766387939e-01
-3.885443806648254395e-01
-3.875916004180908203e-01
-3.881214559078216553e-01
-3.892509043216705322e-01
-3.894670307636260986e-01
-3.892132937908172607e-01
-3.870265781879425049e-01
-3.883837759494781494e-01
-3.883782923221588135e-01
-3.889146447181701660e-01
-3.872461020946502686e-01
-3.895101845264434814e-01
-3.890488743782043457e-01
-3.888821303844451904e-01
-3.895078897476196289e-01
-3.883559405803680420e-01
-3.878911137580871582e-01
-3.870310485363006592e-01
-3.886559307575225830e-01
-3.882956504821777344e-01
-3.884976506233215332e-01
-3.876468539237976074e-01
-3.875083625316619873e-01
-3.887786865234375000e-01
-3.881981670856475830e-01
-3.880329728126525879e-01
-3.878106772899627686e-01
-3.882406353950500488e-01
-3.885608017444610596e-01
-3.888785541057586670e-01
-3.892194926738739014e-01
-3.873727023601531982e-01
-3.889777660369873047e-01
-3.874298036098480225e-01
-3.891290426254272461e-01
-3.887148797512054443e-01
-3.895770013332366943e-01
-3.881990313529968262e-01
-3.884467780590057373e-01
-3.881625831127166748e-01
-3.881598711013793945e-01
-3.888603448867797852e-01
-3.885086178779602051e-01
-3.888288438320159912e-01
-3.876304328441619873e-01
-3.889940083026885986e-01
-3.882444500923156738e-01
-3.885296583175659180e-01
-3.888047337532043457e-01
-3.879219591617584229e-01
-3.888297975063323975e-01
-3.874022364616394043e-01
-3.887272775173187256e-01
-3.881617784500122070e-01
-3.880935609340667725e-01
-3.882481753826141357e-01
-3.892952203750610352e-01
-3.879513144493103027e-01
-3.879804015159606934e-01
-3.875278234481811523e-01
-3.875805437564849854e-01
-3.893273472785949707e-01
-3.885498344898223877e-01
-3.890286982059478760e-01
-3.896684050559997559e-01
-3.877746462821960449e-01
-3.893095850944519043e-01
-3.894208371639251709e-01
-3.885993361473083496e-01
-3.891793787479400635e-01
-3.869809806346893311e-01
-3.877120316028594971e-01
-3.883774578571319580e-01
-3.877462148666381836e-01
-3.887550532817840576e-01
-3.877155184745788574e-01
-3.883169591426849365e-01
-3.865842521190643311e-01
-3.878668546676635742e-01
-3.887430429458618164e-01
-3.873192667961120605e-01
-3.875876069068908691e-01
-3.896732628345489502e-01
-3.883951306343078613e-01
-3.876868188381195068e-01
-3.885354697704315186e-01
-3.886231184005737305e-01
-3.904294371604919434e-01
-3.892810642719268799e-01
-3.896542489528656006e-01
-3.885725736618041992e-01
-3.883030414581298828e-01
-3.869281113147735596e-01
-3.874537944793701172e-01
-3.881166279315948486e-01
-3.875287473201751709e-01
-3.887354731559753418e-01
-3.886553347110748291e-01
-3.877818584442138672e-01
-3.882254064083099365e-01
-3.877782523632049561e-01
-3.889237642288208008e-01
-3.892844617366790771e-01
-3.884747922420501709e-01
-3.881539702415466309e-01
-3.894831538200378418e-01
-3.890397846698760986e-01
-3.880091607570648193e-01
-3.887034952640533447e-01
-3.880716562271118164e-01
-3.878410756587982178e-01
-3.880178034305572510e-01
-3.900232017040252686e-01
-3.886097669601440430e-01
-3.890231847763061523e-01
-3.882670402526855469e-01
-3.884641230106353760e-01
-3.881998062133789062e-01
-3.893170654773712158e-01
-3.891232609748840332e-01
-3.876636624336242676e-01
-3.879508674144744873e-01
-3.901216089725494385e-01
-3.891708254814147949e-01
-3.888508081436157227e-01
-3.883220851421356201e-01
-3.887721598148345947e-01
-3.880596458911895752e-01
-3.895129263401031494e-01
-3.885093331336975098e-01
-3.885128200054168701e-01
-3.891912698745727539e-01
-3.891771733760833740e-01
-3.885517418384552002e-01
-3.891206085681915283e-01
-3.893026113510131836e-01
-3.874128758907318115e-01
-3.895417749881744385e-01
-3.887151181697845459e-01
-3.890974819660186768e-01
-3.888877630233764648e-01
-3.876293897628784180e-01
-3.876587450504302979e-01
-3.884615004062652588e-01
-3.901880085468292236e-01
-3.885964155197143555e-01
-3.909108936786651611e-01
-3.880184888839721680e-01
-3.879092335700988770e-01
-3.888351619243621826e-01
-3.883247673511505127e-01
-3.890624046325683594e-01
-3.879107534885406494e-01
-3.890124559402465820e-01
-3.880081176757812500e-01
-3.882755041122436523e-01
-3.882780075073242188e-01
-3.893468081951141357e-01
-3.892654478549957275e-01
-3.881088495254516602e-01
-3.880968689918518066e-01
-3.892242610454559326e-01
-3.883059918880462646e-01
-3.892039358615875244e-01
-3.893165886402130127e-01
-3.888148367404937744e-01
-3.880658149719238281e-01
-3.894109427928924561e-01
-3.896958231925964355e-01
-3.879035115242004395e-01
-3.884734809398651123e-01
-3.881819546222686768e-01
-3.893330991268157959e-01
-3.877523243427276611e-01
-3.886868357658386230e-01
-3.880895376205444336e-01
-3.893490135669708252e-01
-3.880211114883422852e-01
-3.881844580173492432e-01
-3.895980417728424072e-01
-3.879065513610839844e-01
-3.890796005725860596e-01
-3.886654078960418701e-01
-3.892613649368286133e-01
-3.876522183418273926e-01
-3.885217905044555664e-01
-3.880414664745330811e-01
-3.879120945930480957e-01
-3.882918655872344971e-01
-3.888385593891143799e-01
-3.887229263782501221e-01
-3.890027105808258057e-01
-3.896026015281677246e-01
-3.890096545219421387e-01
-3.895892798900604248e-01
-3.877905309200286865e-01
-3.883958458900451660e-01
-3.891701102256774902e-01
-3.885322809219360352e-01
-3.888096213340759277e-01
-3.889622390270233154e-01
-3.884606361389160156e-01
-3.878483772277832031e-01
-3.890908956527709961e-01
-3.893557190895080566e-01
-3.884223699569702148e-01
-3.889246881008148193e-01
-3.888940513134002686e-01
-3.888500332832336426e-01
-3.886377513408660889e-01
-3.882778584957122803e-01
-3.890691697597503662e-01
-3.889849781990051270e-01
-3.884723782539367676e-01
-3.880587220191955566e-01
-3.885714113712310791e-01
-3.885613679885864258e-01
-3.886230885982513428e-01
-3.902072012424468994e-01
-3.882472515106201172e-01
-3.885639011859893799e-01
-3.897023797035217285e-01
-3.879662454128265381e-01
-3.881941437721252441e-01
-3.886631429195404053e-01
-3.885589838027954102e-01
-3.890648186206817627e-01
-3.886258602142333984e-01
-3.892410397529602051e-01
-3.890300989151000977e-01
-3.887266218662261963e-01
-3.884206116199493408e-01
-3.889541029930114746e-01
-3.898757398128509521e-01
-3.891711235046386719e-01
-3.895348012447357178e-01
-3.879046440124511719e-01
-3.895128667354583740e-01
-3.888804018497467041e-01
-3.884634375572204590e-01
-3.892441987991333008e-01
-3.884809017181396484e-01
-3.877607583999633789e-01
-3.885429203510284424e-01
-3.894853591918945312e-01
-3.882418870925903320e-01
-3.895254731178283691e-01
-3.891870677471160889e-01
-3.885597586631774902e-01
-3.891065120697021484e-01
-3.890718519687652588e-01
-3.879322707653045654e-01
-3.886297643184661865e-01
-3.876334726810455322e-01
-3.889760673046112061e-01
-3.892234563827514648e-01
-3.883187174797058105e-01
-3.906390368938446045e-01
-3.881981372833251953e-01
-3.880924582481384277e-01
-3.891884386539459229e-01
-3.882703185081481934e-01
-3.880760967731475830e-01
-3.885881602764129639e-01
-3.883774876594543457e-01
-3.889372050762176514e-01
-3.887442648410797119e-01
-3.890758156776428223e-01
-3.891318440437316895e-01
-3.889909386634826660e-01
-3.883104324340820312e-01
-3.894922435283660889e-01
-3.886789679527282715e-01
-3.898898959159851074e-01
-3.888434767723083496e-01
-3.894045948982238770e-01
-3.890033066272735596e-01
-3.892589211463928223e-01
-3.894345164299011230e-01
-3.897831439971923828e-01
-3.884662985801696777e-01
-3.892658054828643799e-01
-3.891068100929260254e-01
-3.890263736248016357e-01
-3.890263736248016357e-01
-3.882662057876586914e-01
