1.808706402778625488e+00
7.328781485557556152e-01
1.302052736282348633e-01
-7.696455717086791992e-02
-1.179524064064025879e-01
-8.631193637847900391e-02
-5.278318002820014954e-02
-8.623457700014114380e-02
-1.124395430088043213e-01
-1.068917065858840942e-01
-1.047124266624450684e-01
-1.401230841875076294e-01
-1.403054744005203247e-01
-1.633283644914627075e-01
-1.581280827522277832e-01
-1.753048896789550781e-01
-1.894909292459487915e-01
-1.999648064374923706e-01
-1.983135342597961426e-01
-2.127193957567214966e-01
-2.128660827875137329e-01
-2.252033650875091553e-01
-2.298052012920379639e-01
-2.297906130552291870e-01
-2.356188595294952393e-01
-2.448930889368057251e-01
-2.517270445823669434e-01
-2.611065804958343506e-01
-2.551983892917633057e-01
-2.578336596488952637e-01
-2.460956424474716187e-01
-2.589932084083557129e-01
-2.562243640422821045e-01
-2.509590089321136475e-01
-2.547434568405151367e-01
-2.671263813972473145e-01
-2.706162333488464355e-01
-2.523599267005920410e-01
-2.629213333129882812e-01
-2.608418464660644531e-01
-2.569407820701599121e-01
-2.739153504371643066e-01
-2.763537764549255371e-01
-2.694478631019592285e-01
-2.706646621227264404e-01
-2.550738453865051270e-01
-2.702034413814544678e-01
-2.705406844615936279e-01
-2.759998440742492676e-01
-2.759743034839630127e-01
-2.710499167442321777e-01
-2.682142257690429688e-01
-2.775085568428039551e-01
-2.825782895088195801e-01
-2.809213399887084961e-01
-2.788328230381011963e-01
-2.884865403175354004e-01
-2.813110351562500000e-01
-2.811775207519531250e-01
-2.791326344013214111e-01
-2.766700685024261475e-01
-2.873282730579376221e-01
-2.799706459045410156e-01
-2.782163023948669434e-01
-2.729656994342803955e-01
-2.787442505359649658e-01
-2.652752101421356201e-01
-2.700922787189483643e-01
-2.732253968715667725e-01
-2.692427337169647217e-01
-2.749617993831634521e-01
-2.810986638069152832e-01
-2.761565446853637695e-01
-2.855053544044494629e-01
-2.771654725074768066e-01
-2.793174982070922852e-01
-2.805384695529937744e-01
-2.859396934509277344e-01
-2.817407250404357910e-01
-2.841945886611938477e-01
-2.832555472850799561e-01
-2.829185128211975098e-01
-2.954995632171630859e-01
-2.796624004840850830e-01
-2.874073982238769531e-01
-2.782624065876007080e-01
-2.911035418510437012e-01
-2.898935079574584961e-01
-2.930042743682861328e-01
-2.833378612995147705e-01
-3.029913902282714844e-01
-3.122330904006958008e-01
-3.190413117408752441e-01
-3.055632114410400391e-01
-3.064795434474945068e-01
-2.996766865253448486e-01
-3.136808574199676514e-01
-3.094688057899475098e-01
-3.045338690280914307e-01
-3.137827217578887939e-01
-3.102813661098480225e-01
-3.095487356185913086e-01
-3.088093101978302002e-01
-3.142538964748382568e-01
-3.181886672973632812e-01
-3.238438069820404053e-01
-3.217874169349670410e-01
-3.219562470912933350e-01
-2.993437647819519043e-01
-3.114276826381683350e-01
-3.128018677234649658e-01
-3.182934820652008057e-01
-3.186942636966705322e-01
-3.235378861427307129e-01
-3.155078291893005371e-01
-3.133260607719421387e-01
-3.212064504623413086e-01
-3.264286816120147705e-01
-3.264428973197937012e-01
-3.278255760669708252e-01
-3.294190168380737305e-01
-3.260349631309509277e-01
-3.211470246315002441e-01
-3.265616595745086670e-01
-3.385833203792572021e-01
-3.260720968246459961e-01
-3.349531888961791992e-01
-3.380297124385833740e-01
-3.363765478134155273e-01
-3.328270018100738525e-01
-3.418041169643402100e-01
-3.447344899177551270e-01
-3.386012613773345947e-01
-3.459633290767669678e-01
-3.513327538967132568e-01
-3.511322438716888428e-01
-3.392263054847717285e-01
-3.350542187690734863e-01
-3.405991494655609131e-01
-3.492704331874847412e-01
-3.510485887527465820e-01
-3.523670136928558350e-01
-3.531642556190490723e-01
-3.552059233188629150e-01
-3.540028035640716553e-01
-3.515625298023223877e-01
-3.539858758449554443e-01
-3.550503253936767578e-01
-3.617043197154998779e-01
-3.610645830631256104e-01
-3.540552854537963867e-01
-3.566619157791137695e-01
-3.574021458625793457e-01
-3.498843908309936523e-01
-3.540354967117309570e-01
-3.588882982730865479e-01
-3.598946034908294678e-01
-3.611323833465576172e-01
-3.602047860622406006e-01
-3.627685606479644775e-01
-3.635903894901275635e-01
-3.607077300548553467e-01
-3.621155619621276855e-01
-3.640854358673095703e-01
-3.656536340713500977e-01
-3.605594336986541748e-01
-3.690726459026336670e-01
-3.655001223087310791e-01
-3.643701672554016113e-01
-3.678750097751617432e-01
-3.668830394744873047e-01
-3.680403530597686768e-01
-3.686587512493133545e-01
-3.696950674057006836e-01
-3.698496818542480469e-01
-3.664592206478118896e-01
-3.681002855300903320e-01
-3.635269701480865479e-01
-3.670084178447723389e-01
-3.669952154159545898e-01
-3.666638135910034180e-01
-3.646801114082336426e-01
-3.645199537277221680e-01
-3.645712733268737793e-01
-3.671658635139465332e-01
-3.684085607528686523e-01
-3.697009682655334473e-01
-3.735916614532470703e-01
-3.726910948753356934e-01
-3.656812012195587158e-01
-3.708179295063018799e-01
-3.686183989048004150e-01
-3.665346801280975342e-01
-3.658818304538726807e-01
-3.635536134243011475e-01
-3.683102726936340332e-01
-3.694516122341156006e-01
-3.685688376426696777e-01
-3.701940774917602539e-01
-3.658550977706909180e-01
