1.808706402778625488e+00
1.660226702690124512e+00
1.551702976226806641e+00
1.420045852661132812e+00
1.302908420562744141e+00
1.175755262374877930e+00
1.106453180313110352e+00
9.978964328765869141e-01
8.865219354629516602e-01
8.459915518760681152e-01
7.526856660842895508e-01
6.410855054855346680e-01
5.849288105964660645e-01
5.078167319297790527e-01
4.554170966148376465e-01
3.806644976139068604e-01
3.118327856063842773e-01
2.761278748512268066e-01
2.260187715291976929e-01
1.670923382043838501e-01
1.407219171524047852e-01
9.715713560581207275e-02
4.421981051564216614e-02
2.773273549973964691e-02
-3.004727885127067566e-02
-5.659030377864837646e-02
-7.852338999509811401e-02
-1.070039272308349609e-01
-1.211853697896003723e-01
-1.436786502599716187e-01
-1.617270857095718384e-01
-1.750247329473495483e-01
-1.818736642599105835e-01
-2.010287642478942871e-01
-2.210541218519210815e-01
-2.230936288833618164e-01
-2.269555777311325073e-01
-2.330480068922042847e-01
-2.400205135345458984e-01
-2.435364872217178345e-01
-2.439668327569961548e-01
-2.450191378593444824e-01
-2.496321499347686768e-01
-2.458564788103103638e-01
-2.497462928295135498e-01
-2.441636323928833008e-01
-2.492475211620330811e-01
-2.483824044466018677e-01
-2.498917430639266968e-01
-2.493255287408828735e-01
-2.494901567697525024e-01
-2.490749210119247437e-01
-2.486732453107833862e-01
-2.443434298038482666e-01
-2.464464604854583740e-01
-2.461057901382446289e-01
-2.541896104812622070e-01
-2.462532073259353638e-01
-2.445010095834732056e-01
-2.436964958906173706e-01
-2.462375015020370483e-01
-2.516978681087493896e-01
-2.525912225246429443e-01
-2.449617236852645874e-01
-2.469701915979385376e-01
-2.516128122806549072e-01
-2.502574026584625244e-01
-2.474398463964462280e-01
-2.565090358257293701e-01
-2.516690790653228760e-01
-2.537279129028320312e-01
-2.576165795326232910e-01
-2.506777644157409668e-01
-2.551680207252502441e-01
-2.462577223777770996e-01
-2.517219185829162598e-01
-2.568521797657012939e-01
-2.540338635444641113e-01
-2.610282003879547119e-01
-2.548525929450988770e-01
-2.522774934768676758e-01
-2.558005452156066895e-01
-2.639404237270355225e-01
-2.612026035785675049e-01
-2.579920589923858643e-01
-2.529751062393188477e-01
-2.589708864688873291e-01
-2.485109418630599976e-01
-2.558540999889373779e-01
-2.592973709106445312e-01
-2.591601014137268066e-01
-2.599988281726837158e-01
-2.596171796321868896e-01
-2.564590573310852051e-01
-2.640624940395355225e-01
-2.544266879558563232e-01
-2.540698349475860596e-01
-2.568567395210266113e-01
-2.568941712379455566e-01
-2.621301412582397461e-01
-2.596231102943420410e-01
-2.569082081317901611e-01
-2.568202018737792969e-01
-2.630771994590759277e-01
-2.603646516799926758e-01
-2.623077929019927979e-01
-2.577814459800720215e-01
-2.598052322864532471e-01
-2.570922076702117920e-01
-2.551799118518829346e-01
-2.574241161346435547e-01
-2.620635926723480225e-01
-2.605313062667846680e-01
-2.598873376846313477e-01
-2.571102976799011230e-01
-2.586325705051422119e-01
-2.621995210647583008e-01
-2.542895376682281494e-01
-2.584600448608398438e-01
-2.622171938419342041e-01
-2.635314464569091797e-01
-2.641761600971221924e-01
-2.633080482482910156e-01
-2.611713111400604248e-01
-2.582033574581146240e-01
-2.618803679943084717e-01
-2.626336812973022461e-01
-2.625604271888732910e-01
-2.614191174507141113e-01
-2.627727687358856201e-01
-2.640264034271240234e-01
-2.577340900897979736e-01
-2.624748051166534424e-01
-2.633884251117706299e-01
-2.628596425056457520e-01
-2.624358534812927246e-01
-2.592545151710510254e-01
-2.619480192661285400e-01
-2.572289407253265381e-01
-2.628811001777648926e-01
-2.597016990184783936e-01
-2.614203989505767822e-01
-2.604764997959136963e-01
-2.663115859031677246e-01
-2.634740471839904785e-01
-2.614235877990722656e-01
-2.581745684146881104e-01
-2.610926628112792969e-01
-2.645405232906341553e-01
-2.676873505115509033e-01
-2.616916000843048096e-01
-2.617753744125366211e-01
-2.664829194545745850e-01
-2.695671916007995605e-01
-2.632479965686798096e-01
-2.648722827434539795e-01
-2.639518082141876221e-01
-2.673982977867126465e-01
-2.605491280555725098e-01
-2.644627988338470459e-01
-2.631887793540954590e-01
-2.638005912303924561e-01
-2.621447741985321045e-01
-2.707389593124389648e-01
-2.684470713138580322e-01
-2.678126692771911621e-01
-2.684556245803833008e-01
-2.699243128299713135e-01
-2.694989442825317383e-01
-2.714603543281555176e-01
-2.682650387287139893e-01
-2.643493711948394775e-01
-2.673387527465820312e-01
-2.653309404850006104e-01
-2.691932916641235352e-01
-2.704818844795227051e-01
-2.720798850059509277e-01
-2.644829750061035156e-01
-2.721424698829650879e-01
-2.633947730064392090e-01
-2.703848183155059814e-01
-2.638798356056213379e-01
-2.660855352878570557e-01
-2.677772939205169678e-01
-2.695721685886383057e-01
-2.713182270526885986e-01
-2.677271366119384766e-01
-2.689510583877563477e-01
-2.718990445137023926e-01
-2.673043310642242432e-01
-2.699039280414581299e-01
-2.697251439094543457e-01
-2.663945853710174561e-01
-2.657295167446136475e-01
-2.668653726577758789e-01
-2.718477249145507812e-01
-2.736015617847442627e-01
-2.663429081439971924e-01
-2.719894349575042725e-01
-2.742637991905212402e-01
-2.696395218372344971e-01
-2.724244892597198486e-01
-2.702672779560089111e-01
-2.714623808860778809e-01
-2.634997665882110596e-01
-2.716818451881408691e-01
-2.691534757614135742e-01
-2.769795656204223633e-01
-2.730623781681060791e-01
-2.721510827541351318e-01
-2.685296833515167236e-01
-2.761816084384918213e-01
-2.698723971843719482e-01
-2.733624577522277832e-01
-2.708906233310699463e-01
-2.717645466327667236e-01
-2.699602842330932617e-01
-2.780424058437347412e-01
-2.722600400447845459e-01
-2.728260755538940430e-01
-2.762573659420013428e-01
-2.738821506500244141e-01
-2.746620774269104004e-01
-2.806581556797027588e-01
-2.758463621139526367e-01
-2.750295400619506836e-01
-2.746763229370117188e-01
-2.738918364048004150e-01
-2.726648151874542236e-01
-2.818067669868469238e-01
-2.696419060230255127e-01
-2.745262980461120605e-01
-2.758142650127410889e-01
-2.729409933090209961e-01
-2.788238823413848877e-01
-2.762060463428497314e-01
-2.733143270015716553e-01
-2.753388583660125732e-01
-2.793155312538146973e-01
-2.786557972431182861e-01
-2.711973786354064941e-01
-2.735891640186309814e-01
-2.851247191429138184e-01
-2.842662036418914795e-01
-2.805462777614593506e-01
-2.806122303009033203e-01
-2.781768143177032471e-01
-2.785105109214782715e-01
-2.794050872325897217e-01
-2.809211611747741699e-01
-2.756581902503967285e-01
-2.806738913059234619e-01
-2.792225480079650879e-01
-2.750645279884338379e-01
-2.770279347896575928e-01
-2.823085486888885498e-01
-2.749823629856109619e-01
-2.816279232501983643e-01
-2.819828689098358154e-01
-2.818793952465057373e-01
-2.829925417900085449e-01
-2.759479880332946777e-01
-2.766609191894531250e-01
-2.841615080833435059e-01
-2.814768254756927490e-01
-2.786206901073455811e-01
-2.810076773166656494e-01
-2.795249521732330322e-01
-2.837519347667694092e-01
-2.796046733856201172e-01
-2.816307842731475830e-01
-2.773934900760650635e-01
-2.803971469402313232e-01
-2.812394499778747559e-01
-2.868793308734893799e-01
-2.889502346515655518e-01
-2.855911254882812500e-01
-2.824246287345886230e-01
-2.882804274559020996e-01
-2.805892527103424072e-01
-2.841609418392181396e-01
-2.825329601764678955e-01
-2.934066653251647949e-01
-2.855207622051239014e-01
-2.844848334789276123e-01
-2.879900932312011719e-01
-2.846151590347290039e-01
-2.810775935649871826e-01
-2.900151610374450684e-01
-2.906943857669830322e-01
-2.873184084892272949e-01
-2.819238305091857910e-01
-2.890737354755401611e-01
-2.868129909038543701e-01
-2.823739647865295410e-01
-2.851316034793853760e-01
-2.861075103282928467e-01
-2.861421406269073486e-01
-2.889654338359832764e-01
-2.895114719867706299e-01
-2.898882329463958740e-01
-2.867907583713531494e-01
-2.878170907497406006e-01
-2.885842919349670410e-01
-2.882556021213531494e-01
-2.904497087001800537e-01
-2.836422622203826904e-01
-2.903985083103179932e-01
-2.902523279190063477e-01
-2.895785868167877197e-01
-2.854401469230651855e-01
-2.834541499614715576e-01
-2.873825728893280029e-01
-2.909570634365081787e-01
-2.899747788906097412e-01
-2.896582782268524170e-01
-2.851971983909606934e-01
-2.884877622127532959e-01
-2.925543785095214844e-01
-2.880938947200775146e-01
-2.887207567691802979e-01
-2.905352711677551270e-01
-2.883527874946594238e-01
-2.920218110084533691e-01
-2.931676208972930908e-01
-2.890899181365966797e-01
-2.894520163536071777e-01
-2.939375042915344238e-01
-2.907941043376922607e-01
-2.912737429141998291e-01
-2.924038767814636230e-01
-2.949983477592468262e-01
-2.928895354270935059e-01
-2.863690853118896484e-01
-2.915074229240417480e-01
-2.950951457023620605e-01
-2.903788983821868896e-01
-2.942812144756317139e-01
-2.938740849494934082e-01
-2.947854399681091309e-01
-2.931692004203796387e-01
-2.942800223827362061e-01
-2.933584451675415039e-01
-2.952878177165985107e-01
-2.880659103393554688e-01
-2.963729202747344971e-01
-2.942463457584381104e-01
-2.945225834846496582e-01
-2.909766435623168945e-01
-2.956516742706298828e-01
-2.978826761245727539e-01
-2.925810515880584717e-01
-2.956096231937408447e-01
-2.941327989101409912e-01
-2.920993566513061523e-01
-2.914176285266876221e-01
-2.958187460899353027e-01
-2.973231077194213867e-01
-2.955535948276519775e-01
-2.901132106781005859e-01
-2.916665077209472656e-01
-2.943465411663055420e-01
-2.947802841663360596e-01
-3.004871308803558350e-01
-2.930081784725189209e-01
-2.986381649971008301e-01
-2.951917648315429688e-01
-3.010690510272979736e-01
-2.973218262195587158e-01
-2.973895370960235596e-01
-2.942438423633575439e-01
-2.871055006980895996e-01
-2.958337962627410889e-01
-2.931211888790130615e-01
-2.968537509441375732e-01
-2.998216748237609863e-01
-2.977077066898345947e-01
-2.922790050506591797e-01
-2.973579168319702148e-01
-2.975198328495025635e-01
-2.937271595001220703e-01
-2.982204854488372803e-01
-2.977631390094757080e-01
-2.972857654094696045e-01
-3.025435805320739746e-01
-3.003602921962738037e-01
-2.965880036354064941e-01
-3.001104295253753662e-01
-2.966370880603790283e-01
-3.029999434947967529e-01
-2.995984852313995361e-01
-2.957425713539123535e-01
-2.958519756793975830e-01
-2.988068163394927979e-01
-2.979092299938201904e-01
-3.022846877574920654e-01
-2.985538840293884277e-01
-2.998084127902984619e-01
-2.958440184593200684e-01
-2.995423078536987305e-01
-2.981660664081573486e-01
-3.013916015625000000e-01
-3.012824654579162598e-01
-2.994438707828521729e-01
-2.970120012760162354e-01
-2.974205911159515381e-01
-2.985142171382904053e-01
-3.024072349071502686e-01
-2.974469661712646484e-01
-2.949216961860656738e-01
-3.062796890735626221e-01
-3.070623278617858887e-01
-3.020808696746826172e-01
-3.022066056728363037e-01
-3.024414777755737305e-01
-3.015778064727783203e-01
-3.007629215717315674e-01
-3.019800186157226562e-01
-3.033507764339447021e-01
-3.032072484493255615e-01
-3.001516759395599365e-01
-3.046629130840301514e-01
-2.991283535957336426e-01
-3.034223020076751709e-01
-3.015314340591430664e-01
-2.988570928573608398e-01
-3.012777566909790039e-01
-2.976292967796325684e-01
-2.951409220695495605e-01
-3.019306063652038574e-01
-3.027604222297668457e-01
-3.002675771713256836e-01
-3.042218089103698730e-01
-3.007638454437255859e-01
-3.035465776920318604e-01
-3.041743040084838867e-01
-3.014835715293884277e-01
-3.003839254379272461e-01
-3.045720756053924561e-01
-3.092701137065887451e-01
-3.025949299335479736e-01
-3.039062619209289551e-01
-3.053310513496398926e-01
-2.987808585166931152e-01
-3.076106607913970947e-01
-3.019369542598724365e-01
-3.032764196395874023e-01
-3.012204766273498535e-01
-3.074748814105987549e-01
-3.044892549514770508e-01
-3.058611750602722168e-01
-3.092104494571685791e-01
-3.007896542549133301e-01
-3.023661673069000244e-01
-3.047104179859161377e-01
-3.039460480213165283e-01
-3.069276809692382812e-01
-3.071863651275634766e-01
-3.089737594127655029e-01
-3.059157729148864746e-01
-3.048417866230010986e-01
-3.040929138660430908e-01
-3.050265014171600342e-01
-3.081798851490020752e-01
-3.078751266002655029e-01
-3.081850409507751465e-01
-3.082821965217590332e-01
-3.106870055198669434e-01
-3.045100569725036621e-01
-3.052954077720642090e-01
-3.113209903240203857e-01
-3.065487146377563477e-01
-3.053521811962127686e-01
-3.116540908813476562e-01
-3.071230649948120117e-01
-3.064712584018707275e-01
-3.021600246429443359e-01
-3.056351244449615479e-01
-3.082577586174011230e-01
-3.078023195266723633e-01
-3.064160645008087158e-01
-3.092880845069885254e-01
-3.070755302906036377e-01
-3.097113966941833496e-01
-3.076290786266326904e-01
-3.049842417240142822e-01
-3.099335134029388428e-01
-3.090904951095581055e-01
-3.102166950702667236e-01
-3.139586746692657471e-01
-3.116751015186309814e-01
-3.081119954586029053e-01
-3.077795505523681641e-01
-3.119028210639953613e-01
-3.081260919570922852e-01
-3.084479272365570068e-01
-3.116992115974426270e-01
-3.095341920852661133e-01
-3.084801137447357178e-01
-3.101363480091094971e-01
-3.091644942760467529e-01
-3.096614480018615723e-01
-3.171322345733642578e-01
-3.105903565883636475e-01
-3.084409236907958984e-01
-3.119342327117919922e-01
-3.152320086956024170e-01
-3.134948015213012695e-01
-3.115443587303161621e-01
-3.081960678100585938e-01
-3.118323087692260742e-01
-3.142348229885101318e-01
-3.089568316936492920e-01
-3.124476373195648193e-01
-3.124744296073913574e-01
-3.170633912086486816e-01
-3.092260956764221191e-01
-3.139306008815765381e-01
-3.089469373226165771e-01
-3.137288093566894531e-01
-3.164995610713958740e-01
-3.156793117523193359e-01
-3.142277896404266357e-01
-3.102089464664459229e-01
-3.197312057018280029e-01
-3.159862756729125977e-01
-3.143731355667114258e-01
-3.115993738174438477e-01
-3.155049085617065430e-01
-3.116861879825592041e-01
-3.104739487171173096e-01
-3.156409859657287598e-01
-3.168182671070098877e-01
-3.160258233547210693e-01
-3.231066167354583740e-01
-3.149555921554565430e-01
-3.187821507453918457e-01
-3.130636811256408691e-01
-3.170546591281890869e-01
-3.152017593383789062e-01
-3.166601061820983887e-01
-3.192780315876007080e-01
-3.153876960277557373e-01
-3.182673752307891846e-01
-3.179338276386260986e-01
-3.189815282821655273e-01
-3.162280321121215820e-01
-3.146575987339019775e-01
-3.146410584449768066e-01
-3.174299001693725586e-01
-3.189481198787689209e-01
-3.128687739372253418e-01
-3.163381814956665039e-01
-3.151398897171020508e-01
-3.210410773754119873e-01
-3.202437162399291992e-01
-3.175786137580871582e-01
-3.163912892341613770e-01
-3.208371102809906006e-01
-3.173130750656127930e-01
-3.157875537872314453e-01
-3.153890967369079590e-01
-3.205687999725341797e-01
-3.175449967384338379e-01
-3.226309716701507568e-01
-3.170742392539978027e-01
-3.197979927062988281e-01
-3.203835189342498779e-01
-3.240113556385040283e-01
-3.191812932491302490e-01
-3.234444558620452881e-01
-3.200222253799438477e-01
-3.227517008781433105e-01
-3.173929452896118164e-01
-3.175854980945587158e-01
-3.174040019512176514e-01
-3.197973072528839111e-01
-3.196609318256378174e-01
-3.214591443538665771e-01
-3.250797688961029053e-01
-3.229970633983612061e-01
-3.216978013515472412e-01
-3.227371871471405029e-01
-3.235189318656921387e-01
-3.268854320049285889e-01
-3.209265172481536865e-01
-3.185985684394836426e-01
-3.218823671340942383e-01
-3.218616843223571777e-01
-3.223841488361358643e-01
-3.233706057071685791e-01
-3.266016244888305664e-01
-3.222879171371459961e-01
-3.254658281803131104e-01
-3.235100507736206055e-01
-3.269131779670715332e-01
-3.246888518333435059e-01
-3.248257935047149658e-01
-3.274931609630584717e-01
-3.241401016712188721e-01
-3.228709399700164795e-01
-3.283081650733947754e-01
-3.297357261180877686e-01
-3.297956883907318115e-01
-3.265199661254882812e-01
-3.260165452957153320e-01
-3.242654502391815186e-01
-3.226181566715240479e-01
-3.274890184402465820e-01
-3.203168809413909912e-01
-3.229572176933288574e-01
-3.293447196483612061e-01
-3.278090655803680420e-01
-3.248566389083862305e-01
-3.256647884845733643e-01
-3.294062912464141846e-01
-3.246306180953979492e-01
-3.289317488670349121e-01
-3.315013647079467773e-01
-3.235816657543182373e-01
-3.253211081027984619e-01
-3.267010450363159180e-01
-3.295155167579650879e-01
-3.275733590126037598e-01
-3.278639316558837891e-01
-3.297279775142669678e-01
-3.294185698032379150e-01
-3.277705609798431396e-01
-3.294917643070220947e-01
-3.315353393554687500e-01
-3.291125893592834473e-01
-3.258262872695922852e-01
-3.294771611690521240e-01
-3.296458721160888672e-01
-3.322313129901885986e-01
-3.298529386520385742e-01
-3.323253095149993896e-01
-3.296418190002441406e-01
-3.268969655036926270e-01
-3.327303528785705566e-01
-3.302061855792999268e-01
-3.310902714729309082e-01
-3.309629559516906738e-01
-3.315377831459045410e-01
-3.276894390583038330e-01
-3.330217897891998291e-01
-3.332212567329406738e-01
-3.331575691699981689e-01
-3.275529742240905762e-01
-3.333584666252136230e-01
-3.331907391548156738e-01
-3.302613794803619385e-01
-3.311470448970794678e-01
-3.310781419277191162e-01
-3.285315632820129395e-01
-3.299651443958282471e-01
-3.294492065906524658e-01
-3.309973180294036865e-01
-3.337986171245574951e-01
-3.329235315322875977e-01
-3.301504254341125488e-01
-3.340950906276702881e-01
-3.329958617687225342e-01
-3.299008607864379883e-01
-3.322723805904388428e-01
-3.346124291419982910e-01
-3.344129920005798340e-01
-3.304741382598876953e-01
-3.311050534248352051e-01
-3.323684036731719971e-01
-3.301116228103637695e-01
-3.330019414424896240e-01
-3.319780230522155762e-01
-3.335418105125427246e-01
-3.345328271389007568e-01
-3.303926289081573486e-01
-3.317052125930786133e-01
-3.304935395717620850e-01
-3.318465650081634521e-01
-3.338138759136199951e-01
-3.357450067996978760e-01
-3.349206745624542236e-01
-3.288401961326599121e-01
-3.330961167812347412e-01
-3.298363387584686279e-01
-3.342348337173461914e-01
-3.344608247280120850e-01
-3.303911983966827393e-01
-3.330361843109130859e-01
-3.353384137153625488e-01
-3.334157466888427734e-01
-3.334136009216308594e-01
-3.345366716384887695e-01
-3.338668644428253174e-01
-3.351577818393707275e-01
-3.331108987331390381e-01
-3.341381251811981201e-01
-3.364444077014923096e-01
-3.347156345844268799e-01
-3.362922370433807373e-01
-3.361054062843322754e-01
-3.350693881511688232e-01
-3.365986347198486328e-01
-3.340595662593841553e-01
-3.347845375537872314e-01
-3.367059230804443359e-01
-3.370659053325653076e-01
-3.381295502185821533e-01
-3.351977169513702393e-01
-3.347123265266418457e-01
-3.356892466545104980e-01
-3.333320319652557373e-01
-3.332800567150115967e-01
-3.330115079879760742e-01
-3.326399624347686768e-01
-3.343014419078826904e-01
-3.340767920017242432e-01
-3.356508314609527588e-01
-3.349949121475219727e-01
-3.392224013805389404e-01
-3.355923593044281006e-01
-3.362432718276977539e-01
-3.388847112655639648e-01
-3.339363336563110352e-01
-3.379593789577484131e-01
-3.381915390491485596e-01
-3.372995555400848389e-01
-3.368101716041564941e-01
-3.382291495800018311e-01
-3.386369645595550537e-01
-3.359566330909729004e-01
-3.385635614395141602e-01
-3.377523422241210938e-01
-3.374841809272766113e-01
-3.374744951725006104e-01
-3.392553031444549561e-01
-3.363985717296600342e-01
-3.374313414096832275e-01
-3.350193500518798828e-01
-3.360568284988403320e-01
-3.382070660591125488e-01
-3.348844349384307861e-01
-3.363835513591766357e-01
-3.367680907249450684e-01
-3.369641602039337158e-01
-3.332490026950836182e-01
-3.377171754837036133e-01
-3.363950550556182861e-01
-3.381184637546539307e-01
-3.379878401756286621e-01
-3.375653326511383057e-01
-3.347473144531250000e-01
-3.382596969604492188e-01
-3.394711613655090332e-01
-3.387870192527770996e-01
-3.366605937480926514e-01
-3.357725143432617188e-01
-3.354547619819641113e-01
-3.398503065109252930e-01
-3.387898802757263184e-01
-3.336309492588043213e-01
-3.369187712669372559e-01
-3.357542455196380615e-01
-3.342676460742950439e-01
-3.357012867927551270e-01
-3.410543203353881836e-01
-3.403960764408111572e-01
-3.351212143898010254e-01
-3.380365073680877686e-01
-3.356897830963134766e-01
-3.379316329956054688e-01
-3.385202884674072266e-01
-3.372026085853576660e-01
-3.402963876724243164e-01
-3.381327390670776367e-01
-3.400008082389831543e-01
-3.393078744411468506e-01
-3.386903107166290283e-01
-3.358167111873626709e-01
-3.357780873775482178e-01
-3.367730677127838135e-01
-3.389604389667510986e-01
-3.400804996490478516e-01
-3.389164507389068604e-01
-3.366065919399261475e-01
-3.386716842651367188e-01
-3.371878564357757568e-01
-3.367740511894226074e-01
-3.412116765975952148e-01
-3.391807973384857178e-01
-3.378799259662628174e-01
-3.382456600666046143e-01
-3.423737883567810059e-01
-3.416104018688201904e-01
-3.358875215053558350e-01
-3.387914896011352539e-01
-3.430308103561401367e-01
-3.393597602844238281e-01
-3.396207988262176514e-01
-3.418318629264831543e-01
-3.377920091152191162e-01
-3.382975459098815918e-01
-3.405384421348571777e-01
-3.410068452358245850e-01
-3.405387103557586670e-01
-3.418685793876647949e-01
-3.362896740436553955e-01
-3.375906348228454590e-01
-3.415682315826416016e-01
-3.418022394180297852e-01
-3.417184054851531982e-01
-3.371403217315673828e-01
-3.367528021335601807e-01
-3.377273082733154297e-01
-3.428250849246978760e-01
-3.404814600944519043e-01
-3.398155272006988525e-01
-3.396373987197875977e-01
-3.402816653251647949e-01
-3.371771574020385742e-01
-3.396281599998474121e-01
-3.402898907661437988e-01
-3.401498198509216309e-01
-3.418784141540527344e-01
-3.392608165740966797e-01
-3.393120765686035156e-01
-3.435556590557098389e-01
-3.438588976860046387e-01
-3.426007032394409180e-01
-3.388974070549011230e-01
-3.380856215953826904e-01
-3.439513444900512695e-01
-3.412304520606994629e-01
-3.406719565391540527e-01
-3.408176898956298828e-01
-3.380992412567138672e-01
-3.421556949615478516e-01
-3.423360884189605713e-01
-3.397877216339111328e-01
-3.398776352405548096e-01
-3.395943045616149902e-01
-3.388448655605316162e-01
-3.381354808807373047e-01
-3.395322263240814209e-01
-3.393073081970214844e-01
-3.389716148376464844e-01
-3.428800404071807861e-01
-3.426457941532135010e-01
-3.395502269268035889e-01
-3.434614241123199463e-01
-3.396593034267425537e-01
-3.409092426300048828e-01
-3.409045338630676270e-01
-3.416852355003356934e-01
-3.414756953716278076e-01
-3.409713208675384521e-01
-3.420115411281585693e-01
-3.430262506008148193e-01
-3.416322767734527588e-01
-3.404480516910552979e-01
-3.387606739997863770e-01
-3.473635613918304443e-01
-3.416935205459594727e-01
-3.400379717350006104e-01
-3.434310853481292725e-01
-3.398672044277191162e-01
-3.415309786796569824e-01
-3.391836583614349365e-01
-3.395457863807678223e-01
-3.426249921321868896e-01
-3.397474884986877441e-01
-3.421342074871063232e-01
-3.395903408527374268e-01
-3.418663740158081055e-01
-3.394240140914916992e-01
-3.428037166595458984e-01
-3.414320647716522217e-01
-3.419232666492462158e-01
-3.410803973674774170e-01
-3.399072289466857910e-01
-3.408846557140350342e-01
-3.397518992424011230e-01
-3.409892618656158447e-01
-3.413478434085845947e-01
-3.445166647434234619e-01
-3.422455489635467529e-01
-3.403227031230926514e-01
-3.427526950836181641e-01
-3.403795361518859863e-01
-3.456491827964782715e-01
-3.457503318786621094e-01
-3.424234092235565186e-01
-3.396609425544738770e-01
-3.421278595924377441e-01
-3.400316238403320312e-01
-3.420632481575012207e-01
-3.423498868942260742e-01
-3.404721319675445557e-01
-3.427363932132720947e-01
-3.440127670764923096e-01
-3.409456908702850342e-01
-3.420517146587371826e-01
-3.427748978137969971e-01
-3.449781537055969238e-01
-3.451684713363647461e-01
-3.433899879455566406e-01
-3.419873714447021484e-01
-3.440133333206176758e-01
-3.419488072395324707e-01
-3.460802733898162842e-01
-3.438050150871276855e-01
-3.427207767963409424e-01
-3.424729108810424805e-01
-3.428123891353607178e-01
-3.422608077526092529e-01
-3.427612483501434326e-01
-3.434278070926666260e-01
-3.423127532005310059e-01
-3.440197706222534180e-01
-3.432705998420715332e-01
-3.447370529174804688e-01
-3.427666425704956055e-01
-3.421810567378997803e-01
-3.457804322242736816e-01
-3.442453444004058838e-01
-3.439422845840454102e-01
-3.462614417076110840e-01
-3.432657718658447266e-01
-3.412957787513732910e-01
-3.434483706951141357e-01
-3.447930216789245605e-01
-3.419274389743804932e-01
-3.443473577499389648e-01
-3.451611101627349854e-01
-3.438433408737182617e-01
-3.416694700717926025e-01
-3.442454338073730469e-01
-3.432400524616241455e-01
-3.430133461952209473e-01
-3.399593830108642578e-01
-3.459432423114776611e-01
-3.411468565464019775e-01
-3.432158529758453369e-01
-3.442722856998443604e-01
-3.431856334209442139e-01
-3.429096043109893799e-01
-3.454610109329223633e-01
-3.434983491897583008e-01
-3.399396240711212158e-01
-3.443880677223205566e-01
-3.422122299671173096e-01
-3.448038697242736816e-01
-3.452672660350799561e-01
-3.447212874889373779e-01
-3.435498178005218506e-01
-3.420273959636688232e-01
-3.453450202941894531e-01
-3.433204889297485352e-01
-3.458434343338012695e-01
-3.442241847515106201e-01
-3.473235368728637695e-01
-3.440020680427551270e-01
-3.426552712917327881e-01
-3.467055857181549072e-01
-3.480853438377380371e-01
-3.447089791297912598e-01
-3.466778993606567383e-01
-3.473703861236572266e-01
-3.436003327369689941e-01
-3.469403982162475586e-01
-3.446211218833923340e-01
-3.472974598407745361e-01
-3.428194522857666016e-01
-3.441299796104431152e-01
-3.441220223903656006e-01
-3.437269926071166992e-01
-3.426322638988494873e-01
-3.451586961746215820e-01
-3.470847308635711670e-01
-3.433220684528350830e-01
-3.457407951354980469e-01
-3.476616144180297852e-01
-3.501180410385131836e-01
-3.470859825611114502e-01
-3.474758267402648926e-01
-3.433331847190856934e-01
-3.451034426689147949e-01
-3.490095138549804688e-01
-3.479053378105163574e-01
-3.469434678554534912e-01
-3.455581068992614746e-01
-3.456029295921325684e-01
-3.453060388565063477e-01
-3.462647199630737305e-01
-3.460851907730102539e-01
-3.471130430698394775e-01
-3.500826954841613770e-01
-3.457227647304534912e-01
-3.454664647579193115e-01
-3.474461138248443604e-01
