1.106781721115112305e+00
1.080941915512084961e+00
1.037367463111877441e+00
1.024451613426208496e+00
9.541090726852416992e-01
9.076113700866699219e-01
8.663409948348999023e-01
7.951865196228027344e-01
8.720752000808715820e-01
7.984348535537719727e-01
8.373465538024902344e-01
7.713641524314880371e-01
7.043563127517700195e-01
6.809371709823608398e-01
6.962962746620178223e-01
6.366616487503051758e-01
6.039127111434936523e-01
5.329242944717407227e-01
5.598913431167602539e-01
4.911402463912963867e-01
5.015353560447692871e-01
4.319660663604736328e-01
4.305283725261688232e-01
4.390859901905059814e-01
4.097319245338439941e-01
3.437924981117248535e-01
3.225742876529693604e-01
3.017021715641021729e-01
3.021897673606872559e-01
2.750942409038543701e-01
2.161746770143508911e-01
2.405026853084564209e-01
2.003323733806610107e-01
2.374891340732574463e-01
2.259571403264999390e-01
1.755441725254058838e-01
1.712966561317443848e-01
1.480700820684432983e-01
1.128570362925529480e-01
1.073647737503051758e-01
6.765881180763244629e-02
5.218425765633583069e-02
4.731217399239540100e-03
7.610111683607101440e-02
1.771854609251022339e-02
9.306373074650764465e-03
-1.248318888247013092e-02
7.271153386682271957e-03
-1.764156296849250793e-02
-1.474492903798818588e-02
-3.783690184354782104e-02
-5.741623044013977051e-02
-6.611002981662750244e-02
-8.050687611103057861e-02
-6.288030743598937988e-02
-7.624316215515136719e-02
-8.381474018096923828e-02
-8.882097899913787842e-02
-8.857551217079162598e-02
-1.206151396036148071e-01
-1.146763116121292114e-01
-1.215542480349540710e-01
-1.661744415760040283e-01
-1.513149142265319824e-01
-1.241620928049087524e-01
-1.629098653793334961e-01
-1.513554155826568604e-01
-1.228598356246948242e-01
-1.670125275850296021e-01
-1.574589163064956665e-01
-1.684724390506744385e-01
-1.757073402404785156e-01
-1.556129902601242065e-01
-1.969960629940032959e-01
-1.780571043491363525e-01
-1.870360076427459717e-01
-1.965619474649429321e-01
-1.813340783119201660e-01
-2.166359573602676392e-01
-2.068969458341598511e-01
-2.153528481721878052e-01
-2.125518769025802612e-01
-2.068704217672348022e-01
-2.349829971790313721e-01
-2.244336605072021484e-01
-2.150440812110900879e-01
-1.965118646621704102e-01
-2.208485901355743408e-01
-2.047137618064880371e-01
-2.304824888706207275e-01
-2.377619594335556030e-01
-2.219033390283584595e-01
-2.428578138351440430e-01
-2.244669497013092041e-01
-2.289377450942993164e-01
-2.400568723678588867e-01
-2.243139892816543579e-01
-2.396161258220672607e-01
-2.225117236375808716e-01
-2.432690113782882690e-01
-2.330295741558074951e-01
-2.474015802145004272e-01
-2.454123049974441528e-01
-2.438745200634002686e-01
-2.478765100240707397e-01
-2.376697808504104614e-01
-2.448957413434982300e-01
-2.428520023822784424e-01
-2.286877781152725220e-01
-2.570453286170959473e-01
-2.499828785657882690e-01
-2.458981871604919434e-01
-2.496679425239562988e-01
-2.500494420528411865e-01
-2.522696554660797119e-01
-2.385330796241760254e-01
-2.443065047264099121e-01
-2.552775144577026367e-01
-2.314465641975402832e-01
-2.441716641187667847e-01
-2.457256764173507690e-01
-2.511068582534790039e-01
-2.481544464826583862e-01
-2.610789537429809570e-01
-2.644854187965393066e-01
-2.458070665597915649e-01
-2.470871955156326294e-01
-2.465474307537078857e-01
-2.503417134284973145e-01
-2.472920119762420654e-01
-2.534192800521850586e-01
-2.468690425157546997e-01
-2.651146948337554932e-01
-2.603709399700164795e-01
-2.523864805698394775e-01
-2.423761636018753052e-01
-2.596729397773742676e-01
-2.555432915687561035e-01
-2.540335059165954590e-01
-2.433802485466003418e-01
-2.536464333534240723e-01
-2.561615407466888428e-01
-2.598212957382202148e-01
-2.540212273597717285e-01
-2.571600973606109619e-01
-2.611684203147888184e-01
-2.600992321968078613e-01
-2.579433023929595947e-01
-2.638174295425415039e-01
-2.435406893491744995e-01
-2.596893310546875000e-01
-2.520759999752044678e-01
-2.528556883335113525e-01
-2.423595637083053589e-01
-2.515275180339813232e-01
-2.613821327686309814e-01
-2.545541226863861084e-01
-2.781135439872741699e-01
-2.602199018001556396e-01
-2.612230777740478516e-01
-2.651283740997314453e-01
-2.697575390338897705e-01
-2.650527656078338623e-01
-2.552946209907531738e-01
-2.675861716270446777e-01
-2.600782811641693115e-01
-2.553972005844116211e-01
-2.689085006713867188e-01
-2.593959271907806396e-01
-2.576153278350830078e-01
-2.659198045730590820e-01
-2.587351799011230469e-01
-2.675092816352844238e-01
-2.499601095914840698e-01
-2.737218141555786133e-01
-2.617771923542022705e-01
-2.571030855178833008e-01
-2.647339999675750732e-01
-2.589632868766784668e-01
-2.489393949508666992e-01
-2.539365589618682861e-01
-2.819216847419738770e-01
-2.729291915893554688e-01
-2.664564251899719238e-01
-2.744183242321014404e-01
-2.668789029121398926e-01
-2.676825523376464844e-01
-2.728468775749206543e-01
-2.746801674365997314e-01
-2.522034347057342529e-01
-2.645007371902465820e-01
-2.804332673549652100e-01
-2.714255452156066895e-01
-2.597495913505554199e-01
-2.819645404815673828e-01
-2.661236524581909180e-01
-2.607785463333129883e-01
-2.698191404342651367e-01
-2.622663676738739014e-01
-2.558589875698089600e-01
-2.653513848781585693e-01
-2.744347155094146729e-01
-2.689459323883056641e-01
-2.814038097858428955e-01
-2.564091086387634277e-01
-2.698191106319427490e-01
-2.735486328601837158e-01
-2.691263556480407715e-01
-2.637388706207275391e-01
-2.638463675975799561e-01
-2.686638236045837402e-01
-2.745764851570129395e-01
-2.730509042739868164e-01
-2.549135982990264893e-01
-2.678915262222290039e-01
-2.685070633888244629e-01
-2.659751772880554199e-01
-2.692810595035552979e-01
-2.756139934062957764e-01
-2.628144919872283936e-01
-2.588208615779876709e-01
-2.753571569919586182e-01
-2.704737484455108643e-01
-2.683305740356445312e-01
-2.670041918754577637e-01
-2.794009149074554443e-01
-2.690695524215698242e-01
-2.627230882644653320e-01
-2.771652340888977051e-01
-2.752537131309509277e-01
-2.772740423679351807e-01
-2.600856125354766846e-01
-2.650546431541442871e-01
-2.852354049682617188e-01
-2.670283615589141846e-01
-2.620415985584259033e-01
-2.725115418434143066e-01
-2.717460989952087402e-01
-2.738437950611114502e-01
-2.791440486907958984e-01
-2.704678475856781006e-01
-2.463049590587615967e-01
-2.662017643451690674e-01
-2.748777270317077637e-01
-2.812426090240478516e-01
-2.867196798324584961e-01
-2.715698182582855225e-01
-2.690283954143524170e-01
-2.753684222698211670e-01
-2.780065238475799561e-01
-2.739411890506744385e-01
-2.739942669868469238e-01
-2.792706787586212158e-01
-2.839600443840026855e-01
-2.750094234943389893e-01
-2.851776480674743652e-01
-2.735823988914489746e-01
-2.842648327350616455e-01
-2.742339372634887695e-01
-2.879320383071899414e-01
-2.751196622848510742e-01
-2.771301567554473877e-01
-2.862223386764526367e-01
-2.793497741222381592e-01
-2.661970257759094238e-01
-2.773276269435882568e-01
-2.900114953517913818e-01
-2.796869575977325439e-01
-2.676336765289306641e-01
-2.783096432685852051e-01
-2.807402312755584717e-01
-2.813989818096160889e-01
-2.840925157070159912e-01
-2.790521383285522461e-01
-2.994290292263031006e-01
-2.726682424545288086e-01
-2.888743281364440918e-01
-2.858891487121582031e-01
-2.756001055240631104e-01
-2.734349370002746582e-01
-2.667152583599090576e-01
-2.796123623847961426e-01
-2.864789962768554688e-01
-2.750815451145172119e-01
-2.739576995372772217e-01
-2.918153703212738037e-01
-2.719989418983459473e-01
-2.828711569309234619e-01
-2.880966365337371826e-01
-2.818477153778076172e-01
-2.876100540161132812e-01
-2.808123528957366943e-01
-2.919200658798217773e-01
-2.987978756427764893e-01
-2.738093733787536621e-01
-2.946330010890960693e-01
-2.778923213481903076e-01
-2.856106758117675781e-01
-2.872410416603088379e-01
-2.966443002223968506e-01
-2.856938540935516357e-01
-2.892548739910125732e-01
-2.882641851902008057e-01
-2.891163527965545654e-01
-2.833321690559387207e-01
-2.943947613239288330e-01
-2.857506573200225830e-01
-2.802320420742034912e-01
-2.946062386035919189e-01
-2.836106121540069580e-01
-2.947786152362823486e-01
-2.717328667640686035e-01
-2.952449321746826172e-01
-2.929185628890991211e-01
-2.855360209941864014e-01
-2.923712730407714844e-01
-2.813307642936706543e-01
-2.790510058403015137e-01
-2.910445630550384521e-01
-2.914926111698150635e-01
-2.986094951629638672e-01
-2.774029672145843506e-01
-2.768895328044891357e-01
-2.908006012439727783e-01
-2.883567214012145996e-01
-2.865757346153259277e-01
-2.968770265579223633e-01
-2.794346809387207031e-01
-2.827925980091094971e-01
-2.837166786193847656e-01
-2.930045723915100098e-01
-2.818298935890197754e-01
-2.920545637607574463e-01
-2.873854935169219971e-01
-2.865705490112304688e-01
-2.998031079769134521e-01
-3.029217720031738281e-01
-2.955125868320465088e-01
-2.854968011379241943e-01
-2.835993170738220215e-01
-2.944205105304718018e-01
-3.028391897678375244e-01
-2.993194460868835449e-01
-2.904016673564910889e-01
-2.849207818508148193e-01
-2.929394543170928955e-01
-2.886986732482910156e-01
-2.958019971847534180e-01
-2.993816435337066650e-01
-2.872712314128875732e-01
-2.875750660896301270e-01
-2.858658432960510254e-01
-3.002153933048248291e-01
-2.915917634963989258e-01
-2.830050289630889893e-01
-2.965037524700164795e-01
-3.030791580677032471e-01
-2.966984808444976807e-01
-2.987729012966156006e-01
-3.007290363311767578e-01
-2.958029210567474365e-01
-3.000601232051849365e-01
-2.910478413105010986e-01
-3.012166619300842285e-01
-2.977750301361083984e-01
-2.933739125728607178e-01
-3.024511337280273438e-01
-2.831731140613555908e-01
-2.981049120426177979e-01
-2.870882153511047363e-01
-3.023228645324707031e-01
-3.126441836357116699e-01
-2.938812971115112305e-01
-2.854392230510711670e-01
-2.990166246891021729e-01
-2.955438494682312012e-01
-3.028443455696105957e-01
-2.926457822322845459e-01
-2.974321246147155762e-01
-2.972846925258636475e-01
-2.935107648372650146e-01
-3.013986647129058838e-01
-3.026292920112609863e-01
-2.983607649803161621e-01
-2.956327199935913086e-01
-3.004057109355926514e-01
-2.920758426189422607e-01
-2.914357781410217285e-01
-3.032467067241668701e-01
-2.975940406322479248e-01
-3.136186003684997559e-01
-3.016199469566345215e-01
-3.045349121093750000e-01
-3.128684163093566895e-01
-3.114757239818572998e-01
-2.985052466392517090e-01
-3.034758269786834717e-01
-3.054252266883850098e-01
-2.970333993434906006e-01
-3.190079331398010254e-01
-3.066500425338745117e-01
-3.042753934860229492e-01
-3.079019188880920410e-01
-2.990349233150482178e-01
-3.028573691844940186e-01
-2.946489751338958740e-01
-3.058454394340515137e-01
-3.030858933925628662e-01
-3.040019869804382324e-01
-2.988072335720062256e-01
-3.014575242996215820e-01
-3.092710077762603760e-01
-3.055574595928192139e-01
-3.019203841686248779e-01
-3.024158775806427002e-01
-3.083802461624145508e-01
-3.077035248279571533e-01
-3.142018616199493408e-01
-3.090123534202575684e-01
-3.065405786037445068e-01
-3.155645728111267090e-01
-3.121643662452697754e-01
-3.011930882930755615e-01
-3.031584620475769043e-01
-3.086218833923339844e-01
-3.114126920700073242e-01
-2.950694561004638672e-01
-3.113274276256561279e-01
-3.130855858325958252e-01
-2.974181175231933594e-01
-3.119300603866577148e-01
-3.044475913047790527e-01
-3.108344078063964844e-01
-3.113107383251190186e-01
-3.179341852664947510e-01
-3.094201683998107910e-01
-2.977688014507293701e-01
-3.122231662273406982e-01
-3.056695461273193359e-01
-3.141492903232574463e-01
-3.090901374816894531e-01
-3.008188009262084961e-01
-3.234940767288208008e-01
-3.051467835903167725e-01
-3.216976821422576904e-01
-3.105689585208892822e-01
-3.159384131431579590e-01
-3.225753307342529297e-01
-3.116378188133239746e-01
-3.058012127876281738e-01
-3.074584901332855225e-01
-3.102912008762359619e-01
-3.150056004524230957e-01
-3.110016584396362305e-01
-3.184186518192291260e-01
-3.201099336147308350e-01
-3.090680539608001709e-01
-3.165070712566375732e-01
-3.197268843650817871e-01
-3.165530264377593994e-01
-3.209835290908813477e-01
-3.145587146282196045e-01
-3.118553459644317627e-01
-3.112016618251800537e-01
-3.160386681556701660e-01
-3.088636398315429688e-01
-3.028230369091033936e-01
-3.102755844593048096e-01
-3.125359117984771729e-01
-3.140268027782440186e-01
-3.072615861892700195e-01
-3.082342743873596191e-01
-3.187772333621978760e-01
-3.130957782268524170e-01
-3.066912889480590820e-01
-3.201182186603546143e-01
-3.269134759902954102e-01
-3.164128363132476807e-01
-3.239555656909942627e-01
-3.250183761119842529e-01
-3.122565746307373047e-01
-3.167952895164489746e-01
-3.216950595378875732e-01
-3.143915534019470215e-01
-3.253903090953826904e-01
-3.220330774784088135e-01
-3.222060203552246094e-01
-3.214628398418426514e-01
-3.130399286746978760e-01
-3.263107836246490479e-01
-3.252944648265838623e-01
-3.118248879909515381e-01
-3.152327835559844971e-01
-3.214031159877777100e-01
-3.176614344120025635e-01
-3.212952315807342529e-01
-3.234136998653411865e-01
-3.173863887786865234e-01
-3.185243010520935059e-01
-3.154850602149963379e-01
-3.273119926452636719e-01
-3.110039532184600830e-01
-3.196855187416076660e-01
-3.210047483444213867e-01
-3.284223377704620361e-01
-3.271827697753906250e-01
-3.234530389308929443e-01
-3.087467253208160400e-01
-3.138968944549560547e-01
-3.258047103881835938e-01
-3.132885694503784180e-01
-3.185486793518066406e-01
-3.201420307159423828e-01
-3.202576935291290283e-01
-3.192598521709442139e-01
-3.212099671363830566e-01
-3.195790350437164307e-01
-3.229691982269287109e-01
-3.335209488868713379e-01
-3.220454156398773193e-01
-3.301727771759033203e-01
-3.246798217296600342e-01
-3.221870660781860352e-01
-3.319714367389678955e-01
-3.324697315692901611e-01
-3.130679726600646973e-01
-3.270327746868133545e-01
-3.150261938571929932e-01
-3.265036642551422119e-01
-3.187857866287231445e-01
-3.268283307552337646e-01
-3.308067023754119873e-01
-3.312094807624816895e-01
-3.297567367553710938e-01
-3.283631801605224609e-01
-3.297138810157775879e-01
-3.247323632240295410e-01
-3.233510255813598633e-01
-3.271944522857666016e-01
-3.263947069644927979e-01
-3.357275426387786865e-01
-3.270702660083770752e-01
-3.192169070243835449e-01
-3.289783000946044922e-01
-3.184687495231628418e-01
-3.245258033275604248e-01
-3.252180218696594238e-01
-3.280949592590332031e-01
-3.352162539958953857e-01
-3.267454504966735840e-01
-3.239205181598663330e-01
-3.266617059707641602e-01
-3.303176164627075195e-01
-3.365305960178375244e-01
-3.298331201076507568e-01
-3.195843994617462158e-01
-3.250666558742523193e-01
-3.294396996498107910e-01
-3.260355293750762939e-01
-3.323423564434051514e-01
-3.287346065044403076e-01
-3.344843685626983643e-01
-3.150396049022674561e-01
-3.273405134677886963e-01
-3.237415254116058350e-01
-3.232885599136352539e-01
-3.330440223217010498e-01
-3.318321108818054199e-01
-3.267442584037780762e-01
-3.304269909858703613e-01
-3.328902423381805420e-01
-3.157130777835845947e-01
-3.288876414299011230e-01
-3.363552391529083252e-01
-3.325075209140777588e-01
-3.193404674530029297e-01
-3.310168683528900146e-01
-3.250284194946289062e-01
-3.312873542308807373e-01
-3.250235319137573242e-01
-3.333000540733337402e-01
-3.381229639053344727e-01
-3.290875554084777832e-01
-3.179931640625000000e-01
-3.313725888729095459e-01
-3.276998102664947510e-01
-3.319605588912963867e-01
-3.289858698844909668e-01
-3.345374763011932373e-01
-3.338834345340728760e-01
-3.374876081943511963e-01
-3.282406628131866455e-01
-3.352889120578765869e-01
-3.220708072185516357e-01
-3.352669775485992432e-01
-3.401984870433807373e-01
-3.321112096309661865e-01
-3.343763351440429688e-01
-3.341300785541534424e-01
-3.301398158073425293e-01
-3.272088766098022461e-01
-3.298712670803070068e-01
-3.273451924324035645e-01
-3.390998542308807373e-01
-3.343246579170227051e-01
-3.256692588329315186e-01
-3.252533674240112305e-01
-3.386568129062652588e-01
-3.383499979972839355e-01
-3.310353755950927734e-01
-3.341210484504699707e-01
-3.416146934032440186e-01
-3.290834724903106689e-01
-3.327344954013824463e-01
-3.288795948028564453e-01
-3.356096446514129639e-01
-3.356725275516510010e-01
-3.352448940277099609e-01
-3.286331892013549805e-01
-3.381751179695129395e-01
-3.285701572895050049e-01
-3.337261676788330078e-01
-3.276151716709136963e-01
-3.349649012088775635e-01
-3.319941461086273193e-01
-3.408104181289672852e-01
-3.318675458431243896e-01
-3.330544531345367432e-01
-3.302100896835327148e-01
-3.310289978981018066e-01
-3.350252807140350342e-01
-3.328958153724670410e-01
-3.307096660137176514e-01
-3.339368999004364014e-01
-3.259508609771728516e-01
-3.452845811843872070e-01
-3.459590971469879150e-01
-3.406409919261932373e-01
-3.412613570690155029e-01
-3.285897970199584961e-01
-3.310045003890991211e-01
-3.349678814411163330e-01
-3.286072909832000732e-01
-3.332114219665527344e-01
-3.341460824012756348e-01
-3.454978466033935547e-01
-3.409674167633056641e-01
-3.377271592617034912e-01
-3.435732722282409668e-01
-3.368133604526519775e-01
-3.330040872097015381e-01
-3.325477838516235352e-01
-3.379083573818206787e-01
-3.389716148376464844e-01
-3.385714888572692871e-01
-3.306817412376403809e-01
-3.381504416465759277e-01
-3.373711109161376953e-01
-3.416866362094879150e-01
-3.324114680290222168e-01
-3.438509106636047363e-01
-3.319799602031707764e-01
-3.484692275524139404e-01
-3.369068205356597900e-01
-3.432366549968719482e-01
-3.384879231452941895e-01
-3.457879126071929932e-01
-3.334410488605499268e-01
-3.441688120365142822e-01
-3.439233303070068359e-01
-3.389473259449005127e-01
-3.329059481620788574e-01
-3.342352807521820068e-01
-3.328143954277038574e-01
-3.254833817481994629e-01
-3.396626114845275879e-01
-3.436523675918579102e-01
-3.366603553295135498e-01
-3.450065851211547852e-01
-3.381265401840209961e-01
-3.436373770236968994e-01
-3.324349224567413330e-01
-3.455544412136077881e-01
-3.346352279186248779e-01
-3.361417353153228760e-01
-3.304249644279479980e-01
-3.481392562389373779e-01
-3.385582864284515381e-01
-3.336490094661712646e-01
-3.334809243679046631e-01
-3.358567357063293457e-01
-3.386734724044799805e-01
-3.455253839492797852e-01
-3.465409576892852783e-01
-3.447451889514923096e-01
-3.386694788932800293e-01
-3.340182602405548096e-01
-3.435196578502655029e-01
-3.562591373920440674e-01
-3.382481038570404053e-01
-3.357607424259185791e-01
-3.433201313018798828e-01
-3.412986397743225098e-01
-3.414165675640106201e-01
-3.354339599609375000e-01
-3.393607735633850098e-01
-3.403791785240173340e-01
-3.280480206012725830e-01
-3.337969779968261719e-01
-3.410157263278961182e-01
-3.357827365398406982e-01
-3.401146233081817627e-01
-3.473526835441589355e-01
-3.461543619632720947e-01
-3.276737928390502930e-01
-3.314551115036010742e-01
-3.383033573627471924e-01
-3.420052826404571533e-01
-3.326670825481414795e-01
-3.419120013713836670e-01
-3.392068743705749512e-01
-3.295673727989196777e-01
-3.425663411617279053e-01
-3.407461643218994141e-01
-3.486253619194030762e-01
-3.395588994026184082e-01
-3.370933234691619873e-01
-3.408961892127990723e-01
-3.353980779647827148e-01
-3.346720635890960693e-01
-3.480061590671539307e-01
-3.419725000858306885e-01
-3.361601829528808594e-01
-3.449429571628570557e-01
-3.413371443748474121e-01
-3.358603715896606445e-01
-3.362212479114532471e-01
-3.373191356658935547e-01
-3.422453105449676514e-01
-3.412975370883941650e-01
-3.434617817401885986e-01
-3.403611481189727783e-01
-3.506852984428405762e-01
-3.455648720264434814e-01
-3.383609652519226074e-01
-3.402598798274993896e-01
-3.376914560794830322e-01
-3.510020077228546143e-01
-3.444389402866363525e-01
-3.360134363174438477e-01
-3.394276201725006104e-01
-3.439682126045227051e-01
-3.411802351474761963e-01
-3.419768214225769043e-01
-3.446140885353088379e-01
-3.357742428779602051e-01
-3.285712897777557373e-01
-3.412007987499237061e-01
-3.387311398983001709e-01
-3.406991362571716309e-01
-3.432211577892303467e-01
-3.404938876628875732e-01
-3.421456515789031982e-01
-3.467645347118377686e-01
-3.353386223316192627e-01
-3.464541435241699219e-01
-3.401228785514831543e-01
-3.363799452781677246e-01
-3.477029204368591309e-01
-3.405331373214721680e-01
-3.416486680507659912e-01
-3.448716998100280762e-01
-3.448637723922729492e-01
-3.398640751838684082e-01
-3.423017561435699463e-01
-3.425242602825164795e-01
-3.479330539703369141e-01
-3.478230237960815430e-01
-3.442708849906921387e-01
-3.428160548210144043e-01
-3.347234129905700684e-01
-3.436903059482574463e-01
-3.416157662868499756e-01
-3.460074961185455322e-01
-3.410219252109527588e-01
-3.461077809333801270e-01
-3.406873643398284912e-01
-3.386059403419494629e-01
-3.339223265647888184e-01
-3.479053974151611328e-01
-3.488249480724334717e-01
-3.505979478359222412e-01
-3.539580106735229492e-01
-3.361745476722717285e-01
-3.409121632575988770e-01
-3.508005738258361816e-01
-3.441236019134521484e-01
-3.432421088218688965e-01
-3.438347876071929932e-01
-3.387248218059539795e-01
-3.398817181587219238e-01
-3.386823236942291260e-01
-3.420357108116149902e-01
-3.497969508171081543e-01
-3.436942100524902344e-01
-3.487451672554016113e-01
-3.417344093322753906e-01
-3.396395742893218994e-01
-3.427178859710693359e-01
-3.448534309864044189e-01
-3.431534171104431152e-01
-3.452320396900177002e-01
-3.409387171268463135e-01
-3.461683988571166992e-01
-3.411687612533569336e-01
-3.455194830894470215e-01
-3.495974540710449219e-01
-3.475416004657745361e-01
-3.476488292217254639e-01
-3.409242033958435059e-01
-3.438391685485839844e-01
-3.515117764472961426e-01
-3.456700742244720459e-01
-3.466719090938568115e-01
-3.417675197124481201e-01
-3.450769186019897461e-01
-3.425186276435852051e-01
-3.458290696144104004e-01
-3.472439944744110107e-01
-3.493776321411132812e-01
-3.394789993762969971e-01
-3.427820503711700439e-01
-3.407743275165557861e-01
-3.497720360755920410e-01
-3.398693799972534180e-01
-3.419435918331146240e-01
-3.481711447238922119e-01
-3.436549305915832520e-01
-3.366898596286773682e-01
-3.467746078968048096e-01
-3.592118024826049805e-01
-3.445861339569091797e-01
-3.421587944030761719e-01
-3.481550216674804688e-01
-3.453107774257659912e-01
-3.485108017921447754e-01
-3.404350876808166504e-01
-3.435523509979248047e-01
-3.384395837783813477e-01
-3.444242477416992188e-01
-3.445602357387542725e-01
-3.448669016361236572e-01
-3.511024713516235352e-01
-3.405758142471313477e-01
-3.522330522537231445e-01
-3.498735427856445312e-01
-3.480438888072967529e-01
-3.512043952941894531e-01
-3.403715789318084717e-01
-3.505303263664245605e-01
-3.450683653354644775e-01
-3.423505723476409912e-01
-3.403558433055877686e-01
-3.499704003334045410e-01
-3.503392934799194336e-01
-3.470880687236785889e-01
-3.439238369464874268e-01
-3.451077044010162354e-01
-3.501626551151275635e-01
-3.454096615314483643e-01
-3.552119731903076172e-01
-3.495975732803344727e-01
-3.586391508579254150e-01
-3.505508899688720703e-01
-3.524816632270812988e-01
-3.459152281284332275e-01
-3.470998406410217285e-01
-3.457392454147338867e-01
-3.454999923706054688e-01
-3.466404080390930176e-01
-3.492457568645477295e-01
-3.523277044296264648e-01
-3.374862074851989746e-01
-3.513625562191009521e-01
-3.472820818424224854e-01
-3.552076220512390137e-01
-3.401096165180206299e-01
-3.468046188354492188e-01
-3.442817330360412598e-01
-3.490396738052368164e-01
-3.519126474857330322e-01
-3.438348472118377686e-01
-3.551673591136932373e-01
-3.530173301696777344e-01
-3.482862710952758789e-01
-3.524771630764007568e-01
-3.507566452026367188e-01
-3.407098352909088135e-01
-3.467087447643280029e-01
-3.512637913227081299e-01
-3.487446308135986328e-01
-3.466083407402038574e-01
-3.435117900371551514e-01
-3.490672707557678223e-01
-3.586445450782775879e-01
-3.462413549423217773e-01
-3.522285223007202148e-01
-3.571404516696929932e-01
-3.517452478408813477e-01
-3.586320579051971436e-01
-3.554262816905975342e-01
-3.418824970722198486e-01
-3.583289682865142822e-01
-3.540951013565063477e-01
-3.507318198680877686e-01
-3.529183864593505859e-01
-3.414760231971740723e-01
-3.480756878852844238e-01
-3.553445339202880859e-01
-3.521947860717773438e-01
-3.502054810523986816e-01
-3.596612513065338135e-01
-3.520691990852355957e-01
-3.449941277503967285e-01
-3.540825247764587402e-01
-3.537355065345764160e-01
-3.498778939247131348e-01
-3.569178581237792969e-01
-3.502715229988098145e-01
-3.465251028537750244e-01
-3.554002642631530762e-01
-3.480567932128906250e-01
-3.507937192916870117e-01
-3.553206920623779297e-01
-3.554182946681976318e-01
-3.468238115310668945e-01
-3.562887310981750488e-01
-3.486761748790740967e-01
-3.556765615940093994e-01
-3.542068302631378174e-01
-3.611905872821807861e-01
-3.540108501911163330e-01
-3.446664810180664062e-01
-3.516772985458374023e-01
-3.542098104953765869e-01
-3.517998158931732178e-01
-3.574006259441375732e-01
-3.499819338321685791e-01
-3.508244752883911133e-01
-3.474754393100738525e-01
-3.531882464885711670e-01
-3.460631966590881348e-01
-3.492906093597412109e-01
-3.559930920600891113e-01
-3.546412885189056396e-01
-3.557106256484985352e-01
-3.591185212135314941e-01
-3.520584404468536377e-01
-3.527086079120635986e-01
-3.501586914062500000e-01
-3.571761548519134521e-01
-3.559160530567169189e-01
-3.488567173480987549e-01
-3.484268188476562500e-01
-3.478170335292816162e-01
-3.527027070522308350e-01
-3.530156314373016357e-01
-3.549218773841857910e-01
-3.497761189937591553e-01
-3.480951189994812012e-01
-3.597557246685028076e-01
-3.477919101715087891e-01
-3.471780419349670410e-01
-3.509994447231292725e-01
-3.552510440349578857e-01
-3.592063486576080322e-01
-3.551426529884338379e-01
-3.587716817855834961e-01
-3.529971837997436523e-01
-3.578733503818511963e-01
-3.486046493053436279e-01
-3.603310883045196533e-01
-3.555997014045715332e-01
-3.566890954971313477e-01
-3.498461246490478516e-01
-3.560661971569061279e-01
-3.516238927841186523e-01
-3.515835702419281006e-01
-3.481261134147644043e-01
-3.515115976333618164e-01
-3.493672013282775879e-01
-3.663954436779022217e-01
-3.541477620601654053e-01
-3.555413186550140381e-01
-3.577604293823242188e-01
-3.527442514896392822e-01
-3.511783480644226074e-01
-3.678143322467803955e-01
-3.588488101959228516e-01
-3.554332256317138672e-01
