-4.461208879947662354e-01
-4.513523876667022705e-01
-4.505282044410705566e-01
-4.517675638198852539e-01
-4.518410563468933105e-01
-4.517047405242919922e-01
-4.501365721225738525e-01
-4.495237469673156738e-01
-4.521210193634033203e-01
-4.512034952640533447e-01
-4.499220252037048340e-01
-4.516731202602386475e-01
-4.497116506099700928e-01
-4.517906308174133301e-01
-4.510457217693328857e-01
-4.512178301811218262e-01
-4.526177942752838135e-01
-4.513503611087799072e-01
-4.514335095882415771e-01
-4.518148005008697510e-01
-4.498954713344573975e-01
-4.529206454753875732e-01
-4.507297575473785400e-01
-4.497295320034027100e-01
-4.516082108020782471e-01
-4.512141346931457520e-01
-4.512158334255218506e-01
-4.493259787559509277e-01
-4.491069316864013672e-01
-4.489548802375793457e-01
-4.482400417327880859e-01
-4.532211422920227051e-01
-4.505881965160369873e-01
-4.510375261306762695e-01
-4.520215690135955811e-01
-4.489611685276031494e-01
-4.344643056392669678e-01
-3.540751338005065918e-01
-4.059964120388031006e-01
-4.197919964790344238e-01
-4.338986873626708984e-01
-3.963483870029449463e-01
-4.478885531425476074e-01
-4.454487264156341553e-01
-4.484708905220031738e-01
-4.507459104061126709e-01
-4.526203572750091553e-01
-4.451243877410888672e-01
-4.481865465641021729e-01
-4.358763396739959717e-01
-4.263004660606384277e-01
-4.363385736942291260e-01
-4.384218156337738037e-01
-4.385389983654022217e-01
-4.323137402534484863e-01
-4.395789802074432373e-01
-4.165679812431335449e-01
-4.395271241664886475e-01
-4.449318945407867432e-01
-4.484489858150482178e-01
-4.524508714675903320e-01
-4.450416266918182373e-01
-4.484630823135375977e-01
-4.509399533271789551e-01
-4.456082284450531006e-01
-4.473671913146972656e-01
-4.478570520877838135e-01
-4.501321017742156982e-01
-4.475808441638946533e-01
-3.839682936668395996e-01
-4.114498496055603027e-01
-4.122839868068695068e-01
-4.129437506198883057e-01
-4.215735793113708496e-01
-4.234088063240051270e-01
-4.036497771739959717e-01
-4.060652554035186768e-01
-4.226720035076141357e-01
-3.951461315155029297e-01
-4.120962023735046387e-01
-4.036649465560913086e-01
-4.252850413322448730e-01
-3.906004130840301514e-01
-4.161385595798492432e-01
-4.199036955833435059e-01
-4.178495407104492188e-01
-4.202177226543426514e-01
-4.155591428279876709e-01
-4.240929484367370605e-01
-4.304094314575195312e-01
-4.250015318393707275e-01
-4.176254272460937500e-01
-2.810564637184143066e-01
-3.741862177848815918e-01
-3.790816068649291992e-01
-3.595836758613586426e-01
-3.925871551036834717e-01
-3.827599585056304932e-01
-4.013176262378692627e-01
-3.918932378292083740e-01
-3.929450213909149170e-01
-3.916790187358856201e-01
-3.971245884895324707e-01
-4.024279117584228516e-01
-3.820872902870178223e-01
-3.929712474346160889e-01
-3.633267879486083984e-01
-4.064784049987792969e-01
-4.042880833148956299e-01
-3.975246846675872803e-01
-4.105882644653320312e-01
-3.811114132404327393e-01
-2.743386328220367432e-01
-3.693931102752685547e-01
-3.898840546607971191e-01
-3.992876708507537842e-01
-4.044758975505828857e-01
-4.112753868103027344e-01
-4.057574272155761719e-01
-4.110563397407531738e-01
-4.127667844295501709e-01
-4.185985326766967773e-01
-4.100760817527770996e-01
-4.188959002494812012e-01
-4.206658601760864258e-01
-4.305332601070404053e-01
-4.317168891429901123e-01
-4.202898442745208740e-01
-4.114847481250762939e-01
-4.216206073760986328e-01
-4.356171190738677979e-01
-4.399022758007049561e-01
-4.385716021060943604e-01
-4.366728961467742920e-01
-4.371496438980102539e-01
-4.373349547386169434e-01
-4.381067454814910889e-01
-4.407931566238403320e-01
-4.412657618522644043e-01
-4.367665946483612061e-01
-4.446410834789276123e-01
-4.367957711219787598e-01
-4.420563578605651855e-01
-3.834892809391021729e-01
-3.993771076202392578e-01
-4.209340214729309082e-01
-4.244285523891448975e-01
-4.345632195472717285e-01
-4.371312260627746582e-01
-4.426571428775787354e-01
-4.394370913505554199e-01
-4.317371547222137451e-01
-4.403112530708312988e-01
-4.341623485088348389e-01
-3.828765153884887695e-01
-4.189274013042449951e-01
-4.103167653083801270e-01
-4.290850758552551270e-01
-4.359396398067474365e-01
-3.980464339256286621e-01
-4.202152490615844727e-01
-4.128861725330352783e-01
-4.140092730522155762e-01
-4.156973361968994141e-01
-4.259663224220275879e-01
-4.203963577747344971e-01
-4.187765419483184814e-01
-4.344145655632019043e-01
-4.315482079982757568e-01
-4.318594336509704590e-01
-4.379620850086212158e-01
-4.374793767929077148e-01
-4.309876561164855957e-01
-4.333176314830780029e-01
-4.448202550411224365e-01
-4.379523396492004395e-01
-4.394215047359466553e-01
-4.435731172561645508e-01
-4.340178370475769043e-01
-4.405522942543029785e-01
-4.438143968582153320e-01
-4.434753358364105225e-01
-4.432985782623291016e-01
-4.399411082267761230e-01
-4.380230903625488281e-01
-4.395891129970550537e-01
-4.427554905414581299e-01
-4.402734637260437012e-01
-4.448533952236175537e-01
-4.419653415679931641e-01
-4.391665160655975342e-01
-4.357778429985046387e-01
-4.373909533023834229e-01
-4.388217031955718994e-01
-4.371550083160400391e-01
-4.373381733894348145e-01
-4.408161640167236328e-01
-4.411906301975250244e-01
-4.431735873222351074e-01
-4.396085143089294434e-01
-4.319515526294708252e-01
-4.386073350906372070e-01
-4.395438730716705322e-01
-4.386601746082305908e-01
-4.408518671989440918e-01
-4.447926282882690430e-01
-4.397217333316802979e-01
-4.440147578716278076e-01
-4.248045682907104492e-01
-4.404008686542510986e-01
-4.396068751811981201e-01
-4.334742426872253418e-01
-4.406718611717224121e-01
-4.384965002536773682e-01
-4.306006729602813721e-01
-4.278514385223388672e-01
-4.411475956439971924e-01
-4.326328337192535400e-01
-3.998340964317321777e-01
-4.074662327766418457e-01
-4.097221791744232178e-01
-4.039342105388641357e-01
-4.047235846519470215e-01
-4.116790890693664551e-01
-4.211163818836212158e-01
-4.265434443950653076e-01
-4.294545054435729980e-01
-4.348184168338775635e-01
-4.156977534294128418e-01
-4.221005141735076904e-01
-4.300777912139892578e-01
-4.373842179775238037e-01
-4.336969554424285889e-01
-4.288994669914245605e-01
-4.389329850673675537e-01
-4.349590539932250977e-01
-4.409160017967224121e-01
-4.417327344417572021e-01
-4.376051723957061768e-01
-4.414074718952178955e-01
-4.366438388824462891e-01
-4.051120579242706299e-01
-4.174025654792785645e-01
-4.220148622989654541e-01
-4.190087020397186279e-01
-4.287097156047821045e-01
-4.249540269374847412e-01
-4.400775134563446045e-01
-4.347101449966430664e-01
-4.325276315212249756e-01
-4.411992728710174561e-01
-4.166211485862731934e-01
-4.265025854110717773e-01
-4.272315800189971924e-01
-3.479070365428924561e-01
-3.448933959007263184e-01
-3.343185484409332275e-01
-3.474664092063903809e-01
-3.682210743427276611e-01
-3.785861134529113770e-01
-3.543847799301147461e-01
-3.832384049892425537e-01
-3.739275038242340088e-01
-3.827504217624664307e-01
-3.796738386154174805e-01
-2.594108283519744873e-01
-3.022843599319458008e-01
-1.533731073141098022e-01
-2.304811179637908936e-01
-2.369341403245925903e-01
-2.789477407932281494e-01
-2.323646247386932373e-01
-2.597048282623291016e-01
-2.849986553192138672e-01
-2.828027307987213135e-01
-2.333755493164062500e-01
-2.380192279815673828e-01
-1.253287941217422485e-01
-1.508580297231674194e-01
-1.146758273243904114e-01
-1.856067776679992676e-01
-2.102619558572769165e-01
-2.176292687654495239e-01
-2.265006452798843384e-01
-2.476323992013931274e-01
-2.794893980026245117e-01
-2.543984353542327881e-01
-2.094306051731109619e-01
-1.758066266775131226e-01
-2.057485729455947876e-01
-1.983396559953689575e-01
-2.123500555753707886e-01
-1.788724064826965332e-01
-2.132792919874191284e-01
-2.168916165828704834e-01
-1.974797546863555908e-01
-2.489194422960281372e-01
-2.201609611511230469e-01
-3.213965892791748047e-01
-3.489966690540313721e-01
-3.432600796222686768e-01
-3.528254926204681396e-01
-3.492146730422973633e-01
-3.440522551536560059e-01
-3.719103038311004639e-01
-3.549980521202087402e-01
-3.884343802928924561e-01
-3.646668493747711182e-01
-3.868693113327026367e-01
-3.628515601158142090e-01
-3.352993130683898926e-01
-2.959280312061309814e-01
-2.960368394851684570e-01
-2.875010967254638672e-01
-3.239782750606536865e-01
-3.595250844955444336e-01
-3.741335570812225342e-01
-3.878729939460754395e-01
-3.844239115715026855e-01
-3.733091950416564941e-01
-3.953157365322113037e-01
-3.890161514282226562e-01
-3.549808859825134277e-01
-3.743701875209808350e-01
-3.791225850582122803e-01
-3.721862733364105225e-01
-3.839756548404693604e-01
-3.874325752258300781e-01
-3.781617283821105957e-01
-4.056878089904785156e-01
-3.919789195060729980e-01
-3.992723822593688965e-01
-3.728317320346832275e-01
-3.943142890930175781e-01
-3.775659501552581787e-01
-3.871997594833374023e-01
-3.893556892871856689e-01
-3.907018899917602539e-01
-3.947393298149108887e-01
-3.900499343872070312e-01
-3.889640569686889648e-01
-3.957997262477874756e-01
-3.876371979713439941e-01
-3.764916658401489258e-01
-4.061968922615051270e-01
-3.903607130050659180e-01
-4.046921133995056152e-01
-3.981108367443084717e-01
-3.865087628364562988e-01
-3.935513794422149658e-01
-4.024343192577362061e-01
-3.984035253524780273e-01
-3.935363888740539551e-01
-4.097979366779327393e-01
-3.957549929618835449e-01
-4.010557532310485840e-01
-4.054081141948699951e-01
-4.009836316108703613e-01
-3.828366994857788086e-01
-3.910291492938995361e-01
-3.935712277889251709e-01
-3.798137307167053223e-01
-4.080705046653747559e-01
-3.783079981803894043e-01
-3.855636715888977051e-01
-3.838544785976409912e-01
-3.839587867259979248e-01
-3.951581418514251709e-01
-3.923422098159790039e-01
-3.861683607101440430e-01
-3.877182602882385254e-01
-3.847779333591461182e-01
-3.985383808612823486e-01
-4.007226526737213135e-01
-3.900009095668792725e-01
-3.827672600746154785e-01
-3.974211513996124268e-01
-3.858448565006256104e-01
-3.084869086742401123e-01
-2.793745100498199463e-01
-3.001876771450042725e-01
-3.243133127689361572e-01
-2.625689208507537842e-01
-2.718439996242523193e-01
-2.927270531654357910e-01
-2.327113449573516846e-01
-2.663228213787078857e-01
-2.795735001564025879e-01
-2.839897871017456055e-01
-2.746744453907012939e-01
-3.074953556060791016e-01
-3.216537237167358398e-01
-3.184572756290435791e-01
-3.338335752487182617e-01
-3.286745250225067139e-01
-3.005387485027313232e-01
-3.186308741569519043e-01
-3.079073429107666016e-01
-2.629773020744323730e-01
-2.647876143455505371e-01
-2.770686149597167969e-01
-3.207114934921264648e-01
-3.352322280406951904e-01
-3.383501768112182617e-01
-3.420808911323547363e-01
-3.641082346439361572e-01
-3.436865806579589844e-01
-3.776884078979492188e-01
-3.385836780071258545e-01
-3.801423609256744385e-01
-3.825857043266296387e-01
-3.858475983142852783e-01
-3.769496977329254150e-01
-3.847342431545257568e-01
-3.796868324279785156e-01
-3.883722424507141113e-01
-3.589172363281250000e-01
-3.735665380954742432e-01
-3.904519081115722656e-01
-3.707591295242309570e-01
-3.954561352729797363e-01
-4.061097204685211182e-01
-3.999920487403869629e-01
-3.860501646995544434e-01
-3.964420855045318604e-01
-3.849109113216400146e-01
-3.945784270763397217e-01
-3.827523291110992432e-01
-3.954664170742034912e-01
-3.880836069583892822e-01
-3.925800621509552002e-01
-3.989094793796539307e-01
-4.157095253467559814e-01
-4.111943244934082031e-01
-3.814361095428466797e-01
-3.976813852787017822e-01
-3.498094379901885986e-01
-3.606792688369750977e-01
-3.725607991218566895e-01
-3.372431099414825439e-01
-2.601419389247894287e-01
-2.527902126312255859e-01
-2.704734206199645996e-01
-2.477270960807800293e-01
-2.210793793201446533e-01
-2.293470203876495361e-01
-2.806665897369384766e-01
-2.447152435779571533e-01
-2.055890858173370361e-01
-2.539144158363342285e-01
-2.316516935825347900e-01
-2.423248589038848877e-01
-2.593789100646972656e-01
-2.726483643054962158e-01
-2.224096506834030151e-01
-2.127061784267425537e-01
-2.489562779664993286e-01
-2.637055516242980957e-01
-2.504746913909912109e-01
-2.420147359371185303e-01
-2.313947379589080811e-01
-2.564911544322967529e-01
-2.672061026096343994e-01
-2.797838151454925537e-01
-2.893450260162353516e-01
-2.650465071201324463e-01
-3.419525027275085449e-01
-3.123904764652252197e-01
-3.149304091930389404e-01
-3.185629546642303467e-01
-2.809255123138427734e-01
-3.164567351341247559e-01
-3.540198504924774170e-01
-3.687957823276519775e-01
-3.765794634819030762e-01
-3.768555521965026855e-01
-3.869829773902893066e-01
-4.044301807880401611e-01
-3.862347304821014404e-01
-3.913197219371795654e-01
-3.983990848064422607e-01
-3.731143176555633545e-01
-3.971500098705291748e-01
-3.873571753501892090e-01
-3.969607651233673096e-01
-3.880216777324676514e-01
-3.856353163719177246e-01
-3.981802165508270264e-01
-3.902345001697540283e-01
-3.929128348827362061e-01
-3.968110978603363037e-01
-4.030364453792572021e-01
-3.976506888866424561e-01
-4.035702943801879883e-01
-4.018212258815765381e-01
-4.019935727119445801e-01
-4.023784697055816650e-01
-4.001124203205108643e-01
-4.001527130603790283e-01
-3.942157030105590820e-01
-4.029917716979980469e-01
-3.874555528163909912e-01
-4.033815562725067139e-01
-3.934583067893981934e-01
-4.020193517208099365e-01
-4.015667736530303955e-01
-3.900701701641082764e-01
-4.000284373760223389e-01
-3.919832706451416016e-01
-4.046610891819000244e-01
-3.978552520275115967e-01
-3.876823782920837402e-01
-3.916573822498321533e-01
-4.030973613262176514e-01
-3.969330489635467529e-01
-4.045287966728210449e-01
-4.042519330978393555e-01
-3.974463641643524170e-01
-3.891960382461547852e-01
-3.966042995452880859e-01
-3.949241340160369873e-01
-4.055058658123016357e-01
-4.019811749458312988e-01
-3.767670989036560059e-01
-3.973381221294403076e-01
-3.820971250534057617e-01
-3.727778792381286621e-01
-3.904403150081634521e-01
-3.841587007045745850e-01
-3.980093896389007568e-01
-3.998417556285858154e-01
-3.896075785160064697e-01
-3.932766020298004150e-01
-4.019054770469665527e-01
-4.004285335540771484e-01
-3.897818028926849365e-01
-4.000902771949768066e-01
-4.067485928535461426e-01
-3.894140422344207764e-01
-3.819620907306671143e-01
-4.018859863281250000e-01
-4.031060934066772461e-01
-4.014830887317657471e-01
-4.031517803668975830e-01
-4.013080894947052002e-01
-3.990387022495269775e-01
-3.905224502086639404e-01
-3.881893455982208252e-01
-3.882195949554443359e-01
-4.067968726158142090e-01
-3.984758853912353516e-01
-4.086196720600128174e-01
-4.054662585258483887e-01
-4.030776917934417725e-01
-4.042996764183044434e-01
-3.975612819194793701e-01
-4.023107588291168213e-01
-3.986672461032867432e-01
-3.915958106517791748e-01
-4.004832208156585693e-01
-4.058958888053894043e-01
-4.075021147727966309e-01
-4.049881398677825928e-01
-4.054082632064819336e-01
-4.041163921356201172e-01
-3.888447284698486328e-01
-4.081611633300781250e-01
-3.914628922939300537e-01
-3.922073245048522949e-01
-3.363524675369262695e-01
-2.972477376461029053e-01
-3.481101989746093750e-01
-3.482620716094970703e-01
-3.409344553947448730e-01
-3.737538754940032959e-01
-3.770051598548889160e-01
-3.368842303752899170e-01
-3.533512651920318604e-01
-3.606839776039123535e-01
-3.423987030982971191e-01
-3.492422401905059814e-01
-3.613532185554504395e-01
-3.526229858398437500e-01
-3.798148930072784424e-01
-3.780127167701721191e-01
-3.807477056980133057e-01
-3.761400878429412842e-01
-3.745746910572052002e-01
-3.976226449012756348e-01
-3.849004209041595459e-01
-3.333997428417205811e-01
-3.432050049304962158e-01
-3.641381859779357910e-01
-3.552426099777221680e-01
-3.784035146236419678e-01
-3.776351809501647949e-01
-3.667803108692169189e-01
-3.726846277713775635e-01
-3.798431754112243652e-01
-3.661631047725677490e-01
-3.794215023517608643e-01
-3.828682303428649902e-01
-3.696481883525848389e-01
-3.567533791065216064e-01
-3.719762265682220459e-01
-3.539367914199829102e-01
-3.796163201332092285e-01
-3.513327240943908691e-01
-3.810981512069702148e-01
-3.709400296211242676e-01
-3.777081370353698730e-01
-3.647941946983337402e-01
-3.669204115867614746e-01
-3.542262613773345947e-01
-3.602901697158813477e-01
-3.672401010990142822e-01
-3.793983757495880127e-01
-3.697887063026428223e-01
-3.672008812427520752e-01
-3.764362931251525879e-01
-3.713565468788146973e-01
-3.670784831047058105e-01
-3.699069023132324219e-01
-3.717923462390899658e-01
-3.585100769996643066e-01
-3.879986107349395752e-01
-3.837614059448242188e-01
-3.647995889186859131e-01
-3.488732874393463135e-01
-3.409785628318786621e-01
-3.576500415802001953e-01
-3.481912314891815186e-01
-3.204399943351745605e-01
-3.328649103641510010e-01
-3.588191568851470947e-01
-3.544384837150573730e-01
-3.569490015506744385e-01
-3.668151795864105225e-01
-3.904002606868743896e-01
-3.833773434162139893e-01
-3.713850080966949463e-01
-3.816960155963897705e-01
-4.071230590343475342e-01
-3.717688620090484619e-01
-3.928704857826232910e-01
-3.814393877983093262e-01
-3.952440321445465088e-01
-3.771629631519317627e-01
-3.845792114734649658e-01
-3.453702628612518311e-01
-3.901600539684295654e-01
-3.805535435676574707e-01
-3.821421563625335693e-01
-3.810779154300689697e-01
-3.686572909355163574e-01
-3.831743896007537842e-01
-3.904711306095123291e-01
-3.977153301239013672e-01
-4.009786546230316162e-01
-4.167746603488922119e-01
-3.981218338012695312e-01
-3.909189105033874512e-01
-3.970119655132293701e-01
-3.854857087135314941e-01
-3.980213999748229980e-01
-3.839946389198303223e-01
-3.898707330226898193e-01
-3.968510031700134277e-01
-3.862196803092956543e-01
-3.800075352191925049e-01
-3.896567523479461670e-01
-3.960657119750976562e-01
-3.997629284858703613e-01
-3.933274745941162109e-01
-3.868112862110137939e-01
-4.023086428642272949e-01
-3.891948759555816650e-01
-3.836017549037933350e-01
-3.771003484725952148e-01
-3.963533043861389160e-01
-3.966751396656036377e-01
-3.836758732795715332e-01
-4.066658318042755127e-01
-3.901282250881195068e-01
-3.867397904396057129e-01
-3.996095359325408936e-01
-3.969448208808898926e-01
-3.971356749534606934e-01
-3.948171436786651611e-01
-3.833930790424346924e-01
-3.911089599132537842e-01
-3.974792063236236572e-01
-4.020161032676696777e-01
-3.964889645576477051e-01
-3.891702890396118164e-01
-3.827066421508789062e-01
-3.871437609195709229e-01
-3.854385614395141602e-01
-3.989922404289245605e-01
-3.870372176170349121e-01
-3.961542546749114990e-01
-3.996265232563018799e-01
-3.965722620487213135e-01
-4.081761837005615234e-01
-4.043042063713073730e-01
-3.966834247112274170e-01
-3.769838213920593262e-01
-4.043424725532531738e-01
-4.000406265258789062e-01
-4.004096090793609619e-01
-3.905861079692840576e-01
-4.067786931991577148e-01
-4.084998071193695068e-01
-4.006754159927368164e-01
-3.983953893184661865e-01
-3.848123848438262939e-01
-3.990682065486907959e-01
-4.137579202651977539e-01
-4.094528257846832275e-01
-4.072880446910858154e-01
-3.924595713615417480e-01
-3.917645812034606934e-01
-3.964876830577850342e-01
-3.947341442108154297e-01
-3.929108977317810059e-01
-4.122507870197296143e-01
-4.027718305587768555e-01
-3.948290944099426270e-01
-3.980794250965118408e-01
-4.120205640792846680e-01
-4.067400395870208740e-01
-3.998754620552062988e-01
-4.015603661537170410e-01
-4.039881527423858643e-01
-4.145452380180358887e-01
-3.990459740161895752e-01
-3.940686881542205811e-01
-3.980341255664825439e-01
-4.048451483249664307e-01
-4.072972238063812256e-01
-4.073654711246490479e-01
-4.088583886623382568e-01
-3.988420069217681885e-01
-3.972772359848022461e-01
-3.999481797218322754e-01
-4.062168598175048828e-01
-3.919441998004913330e-01
-4.143648445606231689e-01
-4.054981768131256104e-01
-4.046093821525573730e-01
-4.035301208496093750e-01
-4.040605425834655762e-01
-4.072140455245971680e-01
-4.074259102344512939e-01
-4.007047712802886963e-01
-3.870523869991302490e-01
-4.083398580551147461e-01
-4.001749157905578613e-01
-4.078249335289001465e-01
-3.990502655506134033e-01
-3.974522054195404053e-01
-3.961942195892333984e-01
-4.051135480403900146e-01
-3.988606631755828857e-01
-3.893072903156280518e-01
-3.966144323348999023e-01
-4.004800319671630859e-01
-4.004997313022613525e-01
-3.979224264621734619e-01
-4.057520329952239990e-01
-4.030226469039916992e-01
-3.929323852062225342e-01
-3.992092609405517578e-01
-4.015695452690124512e-01
-4.009504616260528564e-01
-4.066646993160247803e-01
-3.827641606330871582e-01
-3.998539149761199951e-01
-3.951168954372406006e-01
-3.954266011714935303e-01
-3.978970348834991455e-01
-3.887684643268585205e-01
-3.756240308284759521e-01
-4.010683298110961914e-01
-4.010319411754608154e-01
-4.025802612304687500e-01
-3.733549118041992188e-01
-3.813144266605377197e-01
-3.874294459819793701e-01
-3.964656293392181396e-01
-3.978815674781799316e-01
-3.830037117004394531e-01
-3.989115655422210693e-01
-4.052342772483825684e-01
-3.929390907287597656e-01
-3.900953233242034912e-01
-3.752881586551666260e-01
-3.501793146133422852e-01
-3.522909283638000488e-01
-3.514800965785980225e-01
-3.667500615119934082e-01
-3.633145093917846680e-01
-3.574246168136596680e-01
-3.622957766056060791e-01
-2.142835855484008789e-01
-2.902733087539672852e-01
-2.950886785984039307e-01
-3.299994766712188721e-01
-3.575421571731567383e-01
-3.557740449905395508e-01
-3.384653627872467041e-01
-3.784392774105072021e-01
-3.851217031478881836e-01
-3.711320459842681885e-01
-3.594126701354980469e-01
-3.729458749294281006e-01
-3.781726062297821045e-01
-3.744613528251647949e-01
-3.869473636150360107e-01
-3.803702592849731445e-01
-3.851685822010040283e-01
-3.803698420524597168e-01
-3.501699864864349365e-01
-3.815857172012329102e-01
-3.761981725692749023e-01
-3.550024330615997314e-01
-3.731791973114013672e-01
-3.727914392948150635e-01
-3.641412258148193359e-01
-3.688935339450836182e-01
-3.695601224899291992e-01
-2.923900783061981201e-01
-3.150443136692047119e-01
-3.156046569347381592e-01
-2.963669896125793457e-01
-3.045141100883483887e-01
-3.020847141742706299e-01
-2.838155329227447510e-01
-3.272857666015625000e-01
-3.498069345951080322e-01
-3.779003918170928955e-01
-3.840140998363494873e-01
-3.874769210815429688e-01
-3.876957893371582031e-01
-3.919370174407958984e-01
-3.855486810207366943e-01
-3.914617896080017090e-01
-3.943740129470825195e-01
-3.942787647247314453e-01
-3.850567042827606201e-01
-4.032035470008850098e-01
-3.946883678436279297e-01
-3.833064436912536621e-01
-3.908202052116394043e-01
-4.058863818645477295e-01
-4.011652469635009766e-01
-3.957495391368865967e-01
-4.010996222496032715e-01
-4.023034572601318359e-01
-3.977190852165222168e-01
-3.790968358516693115e-01
-4.020864963531494141e-01
-3.959701657295227051e-01
-3.992289900779724121e-01
-3.901897370815277100e-01
-4.027836322784423828e-01
-3.945049941539764404e-01
-4.133902192115783691e-01
-4.069292843341827393e-01
-3.996228575706481934e-01
-3.986589312553405762e-01
-3.831332921981811523e-01
-3.809883594512939453e-01
-4.023021757602691650e-01
-4.102465212345123291e-01
-4.142553806304931641e-01
-4.028683006763458252e-01
-3.956069946289062500e-01
-3.939818143844604492e-01
-3.910934329032897949e-01
-4.076167047023773193e-01
-4.087017476558685303e-01
-3.999570608139038086e-01
-3.924863040447235107e-01
-4.055380821228027344e-01
-4.059375524520874023e-01
-4.119575321674346924e-01
-4.028977453708648682e-01
-4.088374674320220947e-01
-3.907501101493835449e-01
-3.917752802371978760e-01
-4.002039134502410889e-01
-4.074902236461639404e-01
-4.024258553981781006e-01
-4.068524241447448730e-01
-4.036431908607482910e-01
-3.930733501911163330e-01
-4.020900428295135498e-01
-4.014739692211151123e-01
-3.989647626876831055e-01
-4.055561423301696777e-01
-3.967871069908142090e-01
-4.104186296463012695e-01
-4.161035120487213135e-01
-4.019154310226440430e-01
-3.965852260589599609e-01
-3.978215157985687256e-01
-3.984622359275817871e-01
-4.019576311111450195e-01
-4.091043174266815186e-01
-4.138695597648620605e-01
-4.047448039054870605e-01
-3.942472338676452637e-01
-3.858538269996643066e-01
-4.029128551483154297e-01
-3.956641852855682373e-01
-4.099916517734527588e-01
-4.087260067462921143e-01
-3.872953653335571289e-01
-4.029592871665954590e-01
-3.968648612499237061e-01
-3.964363038539886475e-01
-4.047847688198089600e-01
-4.033646881580352783e-01
-3.917832076549530029e-01
-4.055182933807373047e-01
-3.954345881938934326e-01
-3.960596919059753418e-01
-3.957944512367248535e-01
-3.903862237930297852e-01
-3.951810300350189209e-01
-3.986758589744567871e-01
-4.043126106262207031e-01
-3.964878618717193604e-01
-3.872226178646087646e-01
-3.724652230739593506e-01
-3.925366103649139404e-01
-4.005468785762786865e-01
-3.952949345111846924e-01
-4.056782126426696777e-01
-3.909851014614105225e-01
-3.925453424453735352e-01
-4.053997397422790527e-01
-3.991352617740631104e-01
-4.062138795852661133e-01
-4.037219285964965820e-01
-3.881545066833496094e-01
-4.002144038677215576e-01
-4.077053368091583252e-01
-4.058701992034912109e-01
-4.019395112991333008e-01
-4.059501290321350098e-01
-4.042429924011230469e-01
-3.948149085044860840e-01
-3.911843597888946533e-01
-4.135942459106445312e-01
-4.013528525829315186e-01
-3.943866193294525146e-01
-4.053419828414916992e-01
-3.856873512268066406e-01
-4.041350781917572021e-01
-3.955338597297668457e-01
-3.971257209777832031e-01
-3.837183713912963867e-01
-3.893903195858001709e-01
-4.047715365886688232e-01
-3.929622173309326172e-01
-4.029192924499511719e-01
-3.978569209575653076e-01
-4.015774428844451904e-01
-4.030476212501525879e-01
-3.979367613792419434e-01
-3.998345434665679932e-01
-4.053227901458740234e-01
-4.095500409603118896e-01
-4.002202153205871582e-01
-3.993868827819824219e-01
-4.012224078178405762e-01
-4.102397561073303223e-01
-4.095870554447174072e-01
-4.037412405014038086e-01
-4.049210250377655029e-01
-3.959466814994812012e-01
-4.019955396652221680e-01
-4.007598161697387695e-01
-4.065312445163726807e-01
-4.061897695064544678e-01
-4.081185162067413330e-01
-4.067512154579162598e-01
-4.096018075942993164e-01
-3.973206281661987305e-01
-3.979153633117675781e-01
-4.048257768154144287e-01
-4.018710255622863770e-01
-4.013803601264953613e-01
-4.024405479431152344e-01
-3.992773294448852539e-01
-4.075417518615722656e-01
-3.958417177200317383e-01
-4.103048145771026611e-01
