4.865943491458892822e-01
4.958181679248809814e-01
4.571652114391326904e-01
4.104712009429931641e-01
3.596661090850830078e-01
2.880485951900482178e-01
2.899690568447113037e-01
2.462814450263977051e-01
2.443820983171463013e-01
1.993318051099777222e-01
2.261728942394256592e-01
1.608080714941024780e-01
1.266956180334091187e-01
9.686647355556488037e-02
9.942408651113510132e-02
7.630933076143264771e-02
7.004345953464508057e-02
1.680139452219009399e-02
1.997155323624610901e-02
-2.920936094596982002e-03
-1.531036477535963058e-02
-6.310711055994033813e-02
-6.639184802770614624e-02
-4.533902555704116821e-02
-8.116411417722702026e-02
-8.552230894565582275e-02
-9.608764201402664185e-02
-1.107026264071464539e-01
-1.339702457189559937e-01
-1.236779615283012390e-01
-1.414895951747894287e-01
-1.488188505172729492e-01
-1.724640429019927979e-01
-1.590192615985870361e-01
-1.650188416242599487e-01
-1.825924217700958252e-01
-1.688714623451232910e-01
-1.844435930252075195e-01
-1.969647556543350220e-01
-1.986563354730606079e-01
-1.876958757638931274e-01
-2.190578877925872803e-01
-2.246746122837066650e-01
-1.937775164842605591e-01
-2.223785221576690674e-01
-2.338133901357650757e-01
-2.367657124996185303e-01
-2.070605903863906860e-01
-2.121569216251373291e-01
-2.152135372161865234e-01
-2.322607934474945068e-01
-2.354361265897750854e-01
-2.391854524612426758e-01
-2.342159450054168701e-01
-2.249536365270614624e-01
-2.283799350261688232e-01
-2.393710911273956299e-01
-2.361686676740646362e-01
-2.158057838678359985e-01
-2.445767670869827271e-01
-2.498589605093002319e-01
-2.206481844186782837e-01
-2.486737966537475586e-01
-2.422523498535156250e-01
-2.359883487224578857e-01
-2.428502738475799561e-01
-2.533210515975952148e-01
-2.384377419948577881e-01
-2.396987080574035645e-01
-2.317023277282714844e-01
-2.438486665487289429e-01
-2.427753359079360962e-01
-2.317500561475753784e-01
-2.486823797225952148e-01
-2.494744956493377686e-01
-2.416395843029022217e-01
-2.540995776653289795e-01
-2.385747134685516357e-01
-2.536418735980987549e-01
-2.472376078367233276e-01
-2.530684173107147217e-01
-2.483618110418319702e-01
-2.498791068792343140e-01
-2.691586911678314209e-01
-2.517740130424499512e-01
-2.464652061462402344e-01
-2.466081529855728149e-01
-2.587316036224365234e-01
-2.527884244918823242e-01
-2.624558806419372559e-01
-2.603436708450317383e-01
-2.585561573505401611e-01
-2.771759629249572754e-01
-2.581810951232910156e-01
-2.521455287933349609e-01
-2.697217762470245361e-01
-2.482676804065704346e-01
-2.616422176361083984e-01
-2.486069053411483765e-01
-2.681770026683807373e-01
-2.587572634220123291e-01
-2.717774510383605957e-01
-2.721735835075378418e-01
-2.644923329353332520e-01
-2.665023803710937500e-01
-2.626046240329742432e-01
-2.782475054264068604e-01
-2.661935687065124512e-01
-2.563980519771575928e-01
-2.767074704170227051e-01
-2.827252745628356934e-01
-2.724851071834564209e-01
-2.681603431701660156e-01
-2.691623866558074951e-01
-2.714641094207763672e-01
-2.667926847934722900e-01
-2.725061178207397461e-01
-2.736617028713226318e-01
-2.557745277881622314e-01
-2.694347500801086426e-01
-2.698031663894653320e-01
-2.813347876071929932e-01
-2.702996432781219482e-01
-2.831290960311889648e-01
-2.832958400249481201e-01
-2.650237977504730225e-01
-2.738885283470153809e-01
-2.807769775390625000e-01
-2.718219161033630371e-01
-2.767039239406585693e-01
-2.736389935016632080e-01
-2.692111134529113770e-01
-2.839288115501403809e-01
-2.822176814079284668e-01
-2.697328627109527588e-01
-2.715046405792236328e-01
-2.869050204753875732e-01
-2.860738635063171387e-01
-2.801593542098999023e-01
-2.761486768722534180e-01
-2.838149964809417725e-01
-2.847512364387512207e-01
-2.900299429893493652e-01
-2.848114669322967529e-01
-2.858809828758239746e-01
-2.869727313518524170e-01
-2.908239662647247314e-01
-2.903142273426055908e-01
-2.927418947219848633e-01
-2.751730680465698242e-01
-2.865196466445922852e-01
-2.840936183929443359e-01
-2.802999913692474365e-01
-2.835328280925750732e-01
-2.819071412086486816e-01
-2.908866107463836670e-01
-2.878133654594421387e-01
-3.129874169826507568e-01
-2.964956760406494141e-01
-2.818460762500762939e-01
-2.977016568183898926e-01
-3.096038997173309326e-01
-2.985939681529998779e-01
-2.952564060688018799e-01
-2.993018627166748047e-01
-2.930071353912353516e-01
-2.873651087284088135e-01
-3.049139976501464844e-01
-2.997316420078277588e-01
-2.937683761119842529e-01
-3.019044399261474609e-01
-3.024364113807678223e-01
-2.990609407424926758e-01
-2.967241704463958740e-01
-3.088312447071075439e-01
-3.015683591365814209e-01
-2.971293926239013672e-01
-3.125911355018615723e-01
-3.006820380687713623e-01
-2.939234375953674316e-01
-2.993859350681304932e-01
-3.119137585163116455e-01
-3.175514638423919678e-01
-3.160385787487030029e-01
-3.166402876377105713e-01
-3.070150017738342285e-01
-3.054176568984985352e-01
-3.168391585350036621e-01
-3.143325746059417725e-01
-3.085306286811828613e-01
-3.148275613784790039e-01
-3.171383440494537354e-01
-3.124610185623168945e-01
-3.105103075504302979e-01
-3.236481249332427979e-01
-3.131909668445587158e-01
-3.075532913208007812e-01
-3.090593218803405762e-01
-3.139846324920654297e-01
-3.120202124118804932e-01
-3.166069686412811279e-01
-3.209408521652221680e-01
-3.201001286506652832e-01
-3.284147977828979492e-01
-3.022637665271759033e-01
-3.248006105422973633e-01
-3.178175389766693115e-01
-3.240270316600799561e-01
-3.116836547851562500e-01
-3.176603913307189941e-01
-3.230280876159667969e-01
-3.288633823394775391e-01
-3.215900361537933350e-01
-3.149952888488769531e-01
-3.202991783618927002e-01
-3.201307952404022217e-01
-3.084800839424133301e-01
-3.243766427040100098e-01
-3.266720473766326904e-01
-3.180707395076751709e-01
-3.199242353439331055e-01
-3.316484391689300537e-01
-3.164815604686737061e-01
-3.188965618610382080e-01
-3.280766606330871582e-01
-3.334490358829498291e-01
-3.259269297122955322e-01
-3.230155706405639648e-01
-3.267502486705780029e-01
-3.249053359031677246e-01
-3.331723213195800781e-01
-3.274362981319427490e-01
-3.263070285320281982e-01
-3.263128101825714111e-01
-3.315781950950622559e-01
-3.294163942337036133e-01
-3.342755138874053955e-01
-3.357132077217102051e-01
-3.242117762565612793e-01
-3.269292116165161133e-01
-3.257636427879333496e-01
-3.183307051658630371e-01
-3.235835433006286621e-01
-3.257656693458557129e-01
-3.304032087326049805e-01
-3.297010362148284912e-01
-3.321237862110137939e-01
-3.313004970550537109e-01
-3.331518471240997314e-01
-3.402850925922393799e-01
-3.304463028907775879e-01
-3.327642679214477539e-01
-3.403655886650085449e-01
-3.316942155361175537e-01
-3.361843228340148926e-01
-3.387638926506042480e-01
-3.344110548496246338e-01
-3.416897654533386230e-01
-3.361507356166839600e-01
-3.355307579040527344e-01
-3.343645930290222168e-01
-3.406524658203125000e-01
-3.421098887920379639e-01
-3.420658707618713379e-01
-3.407950997352600098e-01
-3.322944343090057373e-01
-3.445086777210235596e-01
-3.414997756481170654e-01
-3.416911959648132324e-01
-3.389315307140350342e-01
-3.429933786392211914e-01
-3.375949263572692871e-01
-3.426306247711181641e-01
-3.395706117153167725e-01
-3.507051467895507812e-01
-3.334299027919769287e-01
-3.427098393440246582e-01
-3.394117951393127441e-01
-3.411447107791900635e-01
-3.442982435226440430e-01
-3.332450985908508301e-01
-3.398527204990386963e-01
-3.482708632946014404e-01
-3.317250311374664307e-01
-3.366145193576812744e-01
-3.480897545814514160e-01
-3.400006294250488281e-01
-3.379756808280944824e-01
-3.382105827331542969e-01
-3.396662473678588867e-01
-3.451414704322814941e-01
-3.428176343441009521e-01
-3.468334376811981201e-01
-3.494285941123962402e-01
-3.449667990207672119e-01
-3.460173904895782471e-01
-3.431651294231414795e-01
-3.528028130531311035e-01
-3.516898453235626221e-01
-3.472932875156402588e-01
-3.523502051830291748e-01
-3.494158685207366943e-01
-3.382318615913391113e-01
-3.430542647838592529e-01
-3.463415503501892090e-01
-3.549315929412841797e-01
-3.409511148929595947e-01
-3.519177734851837158e-01
-3.518864512443542480e-01
-3.465039730072021484e-01
-3.514764308929443359e-01
-3.511228263378143311e-01
-3.555687367916107178e-01
-3.488135933876037598e-01
-3.576467931270599365e-01
-3.519831597805023193e-01
-3.493075668811798096e-01
-3.507550656795501709e-01
-3.527676761150360107e-01
-3.590480387210845947e-01
-3.551383316516876221e-01
-3.467599153518676758e-01
-3.466044962406158447e-01
-3.613257706165313721e-01
-3.561973869800567627e-01
-3.495867252349853516e-01
-3.640347719192504883e-01
-3.572798669338226318e-01
-3.542106449604034424e-01
-3.621886074542999268e-01
-3.552525043487548828e-01
-3.451847434043884277e-01
-3.613881468772888184e-01
-3.621790409088134766e-01
-3.554745614528656006e-01
-3.628744781017303467e-01
-3.653364777565002441e-01
-3.595221936702728271e-01
-3.595833778381347656e-01
-3.536813855171203613e-01
-3.631798326969146729e-01
-3.687809705734252930e-01
-3.718103170394897461e-01
-3.598052859306335449e-01
-3.604813218116760254e-01
-3.603241443634033203e-01
-3.632333874702453613e-01
-3.632567822933197021e-01
-3.700729012489318848e-01
-3.606488108634948730e-01
-3.649965226650238037e-01
-3.696941137313842773e-01
-3.691368401050567627e-01
-3.681346178054809570e-01
-3.612283766269683838e-01
-3.620850741863250732e-01
-3.668401837348937988e-01
-3.679997622966766357e-01
-3.726997673511505127e-01
-3.796120882034301758e-01
-3.696734607219696045e-01
-3.722589910030364990e-01
-3.693529069423675537e-01
-3.702723085880279541e-01
-3.762441277503967285e-01
-3.704245388507843018e-01
-3.717335164546966553e-01
-3.757900893688201904e-01
-3.711367845535278320e-01
-3.758629560470581055e-01
-3.764067888259887695e-01
-3.731903135776519775e-01
-3.694185614585876465e-01
-3.729831576347351074e-01
-3.735469281673431396e-01
-3.799567818641662598e-01
-3.792817294597625732e-01
-3.763176202774047852e-01
-3.700558543205261230e-01
-3.790410459041595459e-01
-3.736656904220581055e-01
-3.751397132873535156e-01
-3.817209303379058838e-01
-3.781269192695617676e-01
-3.811908364295959473e-01
-3.856246769428253174e-01
-3.813822269439697266e-01
-3.791469335556030273e-01
-3.665264546871185303e-01
-3.801552057266235352e-01
-3.833600878715515137e-01
-3.825646936893463135e-01
-3.796526193618774414e-01
-3.827516436576843262e-01
-3.927718997001647949e-01
-3.786541819572448730e-01
-3.811281621456146240e-01
-3.862929642200469971e-01
-3.798998892307281494e-01
-3.872964978218078613e-01
-3.827429115772247314e-01
-3.903667330741882324e-01
-3.882602453231811523e-01
-3.852588534355163574e-01
-3.874855339527130127e-01
-3.845174312591552734e-01
-3.803827464580535889e-01
-3.824647665023803711e-01
-3.857202231884002686e-01
-3.814499974250793457e-01
-3.858756422996520996e-01
-3.878742754459381104e-01
-3.910921812057495117e-01
-3.876584470272064209e-01
-3.827329576015472412e-01
-3.826086521148681641e-01
-3.867668509483337402e-01
-3.917415142059326172e-01
-3.869271278381347656e-01
-3.890871107578277588e-01
-3.889251649379730225e-01
-3.941790163516998291e-01
-3.860560953617095947e-01
-3.914290070533752441e-01
-3.896643817424774170e-01
-3.872366845607757568e-01
-3.917289376258850098e-01
-3.929170668125152588e-01
-3.898977935314178467e-01
-3.901181519031524658e-01
-3.842323422431945801e-01
-3.965712189674377441e-01
-3.899939954280853271e-01
-3.898459970951080322e-01
-3.924290537834167480e-01
-3.888830542564392090e-01
-3.869745433330535889e-01
-3.945918381214141846e-01
-3.907259106636047363e-01
-3.892435431480407715e-01
-3.906833827495574951e-01
-3.876691162586212158e-01
-4.002469480037689209e-01
-3.886396288871765137e-01
-3.928444087505340576e-01
-3.907959163188934326e-01
-3.910813331604003906e-01
-3.922793865203857422e-01
-3.897925913333892822e-01
-3.943166136741638184e-01
-3.945183157920837402e-01
-3.921941518783569336e-01
-3.970953822135925293e-01
-4.000461399555206299e-01
-3.930796980857849121e-01
-3.967746496200561523e-01
-3.927802145481109619e-01
-3.982268273830413818e-01
-3.982072174549102783e-01
-3.946415483951568604e-01
-3.955997824668884277e-01
-3.897491991519927979e-01
-4.013634622097015381e-01
-3.983410596847534180e-01
-3.969703614711761475e-01
-3.948371708393096924e-01
-3.933870494365692139e-01
-3.899478018283843994e-01
-3.963773250579833984e-01
-3.970584571361541748e-01
-3.975430727005004883e-01
-3.933833241462707520e-01
-3.997343778610229492e-01
-3.936845660209655762e-01
-3.960072100162506104e-01
-4.024520218372344971e-01
-3.983743488788604736e-01
-3.940020799636840820e-01
-3.958195745944976807e-01
-3.973973989486694336e-01
-3.945165574550628662e-01
-3.987277150154113770e-01
-3.929552137851715088e-01
-3.980252146720886230e-01
-3.992213308811187744e-01
-3.973360061645507812e-01
-3.984518051147460938e-01
-4.021731615066528320e-01
-3.999850153923034668e-01
-3.997389972209930420e-01
-3.989458382129669189e-01
-4.025012552738189697e-01
-4.006321430206298828e-01
-4.031000137329101562e-01
-4.025984406471252441e-01
-4.020609259605407715e-01
-4.053840637207031250e-01
-3.988536298274993896e-01
-3.968306779861450195e-01
-3.989252448081970215e-01
-4.024280011653900146e-01
-3.993066847324371338e-01
-3.991203308105468750e-01
-4.015183150768280029e-01
-4.011049866676330566e-01
-4.058874547481536865e-01
-4.020603597164154053e-01
-4.036732316017150879e-01
-3.979866206645965576e-01
-4.025850892066955566e-01
-4.030261337757110596e-01
-4.026455581188201904e-01
-4.045348465442657471e-01
-4.081760942935943604e-01
-4.011577367782592773e-01
-4.014616012573242188e-01
-4.028825759887695312e-01
-4.040027558803558350e-01
-4.015510082244873047e-01
-4.011456370353698730e-01
-4.062579870223999023e-01
-4.072374403476715088e-01
-4.056023359298706055e-01
-4.066852927207946777e-01
-4.068381488323211670e-01
-4.051841199398040771e-01
-4.027261734008789062e-01
-4.021929204463958740e-01
-4.049460589885711670e-01
-4.055004417896270752e-01
-4.040297269821166992e-01
-3.991497159004211426e-01
-4.063811898231506348e-01
-4.070085883140563965e-01
-4.030098617076873779e-01
-4.031967818737030029e-01
-4.056571125984191895e-01
-4.042173027992248535e-01
-4.091489911079406738e-01
-4.037446379661560059e-01
-4.043643176555633545e-01
-4.071481227874755859e-01
-4.047422409057617188e-01
-4.050962030887603760e-01
-4.056350290775299072e-01
-4.058561921119689941e-01
-4.039688408374786377e-01
-4.063927531242370605e-01
-4.082640409469604492e-01
-4.051026105880737305e-01
-4.092255234718322754e-01
-4.055146276950836182e-01
-4.032953381538391113e-01
-4.088743925094604492e-01
-4.074101448059082031e-01
-4.038733243942260742e-01
-4.093910157680511475e-01
-4.035052359104156494e-01
-4.137789905071258545e-01
-4.083540439605712891e-01
-4.040043354034423828e-01
-4.131528437137603760e-01
-4.082902073860168457e-01
-4.081214666366577148e-01
-4.105572402477264404e-01
-4.102265536785125732e-01
-4.105672240257263184e-01
-4.086950719356536865e-01
-4.051785767078399658e-01
-4.096075296401977539e-01
-4.082916378974914551e-01
-4.057699143886566162e-01
-4.086979329586029053e-01
-4.108768403530120850e-01
-4.079777002334594727e-01
-4.104384183883666992e-01
-4.125823974609375000e-01
-4.147658646106719971e-01
-4.079800248146057129e-01
-4.122224450111389160e-01
-4.138204157352447510e-01
-4.115331470966339111e-01
-4.097360968589782715e-01
-4.079979360103607178e-01
-4.071547985076904297e-01
-4.123973250389099121e-01
-4.123411774635314941e-01
-4.140115976333618164e-01
-4.111107289791107178e-01
-4.083960354328155518e-01
-4.128962457180023193e-01
-4.095231592655181885e-01
-4.097988605499267578e-01
-4.116061329841613770e-01
-4.101935327053070068e-01
-4.108600020408630371e-01
-4.113070666790008545e-01
-4.117215573787689209e-01
-4.151718914508819580e-01
-4.140172004699707031e-01
-4.099080860614776611e-01
-4.128290414810180664e-01
-4.110487997531890869e-01
-4.155010282993316650e-01
-4.131753444671630859e-01
-4.108822643756866455e-01
-4.152750968933105469e-01
-4.080464541912078857e-01
-4.144183695316314697e-01
-4.163725078105926514e-01
-4.137956500053405762e-01
-4.167325794696807861e-01
-4.126952588558197021e-01
-4.141303002834320068e-01
-4.103645384311676025e-01
-4.176157116889953613e-01
-4.113593995571136475e-01
-4.132246077060699463e-01
-4.133512675762176514e-01
-4.169732630252838135e-01
-4.163247346878051758e-01
-4.149158298969268799e-01
-4.116559922695159912e-01
-4.163621962070465088e-01
-4.134410917758941650e-01
-4.138059616088867188e-01
-4.149179160594940186e-01
-4.131729900836944580e-01
-4.137351810932159424e-01
-4.121030271053314209e-01
-4.088984727859497070e-01
-4.138621985912322998e-01
-4.121826589107513428e-01
-4.135965108871459961e-01
-4.120697975158691406e-01
-4.170469045639038086e-01
-4.159906506538391113e-01
-4.146181344985961914e-01
-4.164388775825500488e-01
-4.162770211696624756e-01
-4.130751490592956543e-01
-4.161633253097534180e-01
-4.109500050544738770e-01
-4.166828095912933350e-01
-4.158348441123962402e-01
-4.177042543888092041e-01
-4.125759899616241455e-01
-4.169132411479949951e-01
-4.174775481224060059e-01
-4.155448973178863525e-01
-4.139007031917572021e-01
-4.152855873107910156e-01
-4.166776239871978760e-01
-4.189134538173675537e-01
-4.122305810451507568e-01
-4.159772992134094238e-01
-4.168415367603302002e-01
-4.140474200248718262e-01
-4.150822460651397705e-01
-4.164547026157379150e-01
-4.198718070983886719e-01
-4.148810803890228271e-01
-4.187322854995727539e-01
-4.135209918022155762e-01
-4.174014925956726074e-01
-4.181215465068817139e-01
-4.157892167568206787e-01
-4.152128398418426514e-01
-4.178044497966766357e-01
-4.178372323513031006e-01
-4.157133698463439941e-01
-4.148534536361694336e-01
-4.173369705677032471e-01
-4.157826006412506104e-01
-4.135719537734985352e-01
-4.164549708366394043e-01
-4.200520515441894531e-01
-4.146313369274139404e-01
-4.186580777168273926e-01
-4.148361682891845703e-01
-4.162182509899139404e-01
-4.159471988677978516e-01
-4.161844551563262939e-01
-4.187515974044799805e-01
-4.140269160270690918e-01
-4.139024317264556885e-01
-4.165346622467041016e-01
-4.166573584079742432e-01
-4.132243394851684570e-01
-4.150427579879760742e-01
-4.168961048126220703e-01
-4.174427986145019531e-01
-4.148979485034942627e-01
-4.178866744041442871e-01
-4.156535267829895020e-01
-4.173916578292846680e-01
-4.162822067737579346e-01
-4.150539040565490723e-01
-4.184690415859222412e-01
-4.190987050533294678e-01
-4.193674027919769287e-01
-4.181042015552520752e-01
-4.180262982845306396e-01
-4.208411574363708496e-01
-4.159324169158935547e-01
-4.205246865749359131e-01
-4.207061827182769775e-01
-4.178281724452972412e-01
-4.161450266838073730e-01
-4.187487065792083740e-01
-4.169015586376190186e-01
-4.148366749286651611e-01
-4.211230278015136719e-01
-4.158628582954406738e-01
-4.176459908485412598e-01
-4.174047410488128662e-01
-4.178268313407897949e-01
-4.195247292518615723e-01
-4.150791764259338379e-01
-4.147429466247558594e-01
-4.188779294490814209e-01
-4.178980290889739990e-01
-4.171171784400939941e-01
-4.172223806381225586e-01
-4.180555343627929688e-01
-4.169266223907470703e-01
-4.213291704654693604e-01
-4.181768000125885010e-01
-4.182084202766418457e-01
-4.173578321933746338e-01
-4.185063242912292480e-01
-4.176015555858612061e-01
-4.208721816539764404e-01
-4.157192409038543701e-01
-4.142847955226898193e-01
-4.179358482360839844e-01
-4.189234673976898193e-01
-4.169426858425140381e-01
-4.192581176757812500e-01
-4.198876321315765381e-01
-4.154636263847351074e-01
-4.153998494148254395e-01
-4.179124832153320312e-01
-4.156536161899566650e-01
-4.155785739421844482e-01
-4.135481715202331543e-01
-4.203378558158874512e-01
-4.166820645332336426e-01
-4.152748286724090576e-01
-4.182866215705871582e-01
-4.167012870311737061e-01
-4.161897301673889160e-01
-4.188195466995239258e-01
-4.189431071281433105e-01
-4.148787260055541992e-01
-4.179980456829071045e-01
-4.152282774448394775e-01
-4.198674261569976807e-01
-4.155746400356292725e-01
-4.160290658473968506e-01
-4.181699156761169434e-01
-4.185309112071990967e-01
-4.200872778892517090e-01
-4.210461378097534180e-01
-4.158581197261810303e-01
-4.207434058189392090e-01
-4.173643589019775391e-01
-4.180592000484466553e-01
-4.196130931377410889e-01
-4.204046130180358887e-01
-4.196207225322723389e-01
-4.167234897613525391e-01
-4.199828803539276123e-01
-4.205377697944641113e-01
-4.196853637695312500e-01
-4.171113967895507812e-01
-4.181088209152221680e-01
-4.248909652233123779e-01
-4.201306700706481934e-01
-4.160836338996887207e-01
-4.185428321361541748e-01
-4.169847369194030762e-01
-4.190375208854675293e-01
-4.231078326702117920e-01
-4.184028804302215576e-01
-4.204198718070983887e-01
-4.160868525505065918e-01
-4.175902009010314941e-01
-4.176557064056396484e-01
-4.186461865901947021e-01
-4.213178157806396484e-01
-4.182294011116027832e-01
-4.188776612281799316e-01
-4.136906266212463379e-01
-4.193933606147766113e-01
-4.182780683040618896e-01
-4.178118407726287842e-01
-4.181374609470367432e-01
-4.155453741550445557e-01
-4.154956340789794922e-01
-4.211205840110778809e-01
-4.176242649555206299e-01
-4.153657257556915283e-01
-4.192314147949218750e-01
-4.188433289527893066e-01
-4.191187620162963867e-01
-4.176950752735137939e-01
-4.220632910728454590e-01
-4.203717708587646484e-01
-4.254202246665954590e-01
-4.160427153110504150e-01
-4.203206300735473633e-01
-4.187472462654113770e-01
-4.188354015350341797e-01
-4.150488674640655518e-01
-4.193405807018280029e-01
-4.172493517398834229e-01
-4.170966148376464844e-01
-4.194411039352416992e-01
-4.160314500331878662e-01
-4.179440438747406006e-01
-4.207985699176788330e-01
-4.158310890197753906e-01
-4.210070073604583740e-01
-4.176130294799804688e-01
-4.203749001026153564e-01
-4.171758890151977539e-01
-4.188997745513916016e-01
-4.186572432518005371e-01
-4.182137548923492432e-01
-4.194627702236175537e-01
-4.174027740955352783e-01
-4.176724255084991455e-01
-4.193248152732849121e-01
-4.174367487430572510e-01
-4.153198003768920898e-01
-4.208239316940307617e-01
-4.208146929740905762e-01
-4.175690710544586182e-01
-4.186770021915435791e-01
-4.198054671287536621e-01
-4.203558564186096191e-01
-4.195736348628997803e-01
-4.150192737579345703e-01
-4.192555248737335205e-01
-4.199469089508056641e-01
-4.161646664142608643e-01
-4.156858623027801514e-01
-4.208599925041198730e-01
-4.189408123493194580e-01
-4.237554669380187988e-01
-4.198076128959655762e-01
-4.210470914840698242e-01
-4.207228422164916992e-01
-4.170032739639282227e-01
-4.225360453128814697e-01
-4.176922440528869629e-01
-4.190439581871032715e-01
-4.172617793083190918e-01
-4.204735159873962402e-01
-4.213365614414215088e-01
-4.238707423210144043e-01
-4.188309609889984131e-01
-4.206101596355438232e-01
-4.198562502861022949e-01
-4.211625456809997559e-01
-4.199041426181793213e-01
-4.214124679565429688e-01
-4.182697832584381104e-01
-4.202403426170349121e-01
-4.185651540756225586e-01
-4.194537103176116943e-01
-4.207710623741149902e-01
-4.209282100200653076e-01
-4.190455377101898193e-01
-4.190763235092163086e-01
-4.188111424446105957e-01
-4.189341366291046143e-01
-4.169441461563110352e-01
-4.202871620655059814e-01
-4.209799766540527344e-01
-4.180436432361602783e-01
-4.186608195304870605e-01
-4.208785593509674072e-01
-4.189272820949554443e-01
-4.187204539775848389e-01
-4.203365445137023926e-01
-4.182715713977813721e-01
-4.193601906299591064e-01
-4.182800948619842529e-01
-4.238265454769134521e-01
-4.181711971759796143e-01
-4.181424677371978760e-01
-4.211985468864440918e-01
-4.194299876689910889e-01
-4.203216433525085449e-01
-4.222768545150756836e-01
-4.191095232963562012e-01
-4.189124405384063721e-01
-4.205101430416107178e-01
-4.157144725322723389e-01
-4.190041124820709229e-01
-4.197140038013458252e-01
-4.234381616115570068e-01
-4.204095900058746338e-01
-4.188173413276672363e-01
-4.166190922260284424e-01
-4.213750660419464111e-01
-4.233522415161132812e-01
-4.209918677806854248e-01
-4.188478589057922363e-01
-4.176945686340332031e-01
-4.223573803901672363e-01
-4.209627211093902588e-01
-4.186021685600280762e-01
-4.211597144603729248e-01
-4.209316968917846680e-01
-4.186512827873229980e-01
-4.176821708679199219e-01
-4.210764169692993164e-01
-4.197131991386413574e-01
-4.188883006572723389e-01
-4.238799810409545898e-01
-4.226265847682952881e-01
-4.196251928806304932e-01
-4.219791889190673828e-01
-4.191477596759796143e-01
-4.224149882793426514e-01
-4.223080575466156006e-01
-4.198779761791229248e-01
-4.174153506755828857e-01
-4.220677614212036133e-01
-4.203738570213317871e-01
-4.186432361602783203e-01
-4.186082780361175537e-01
-4.170090854167938232e-01
-4.225871562957763672e-01
-4.217585325241088867e-01
-4.194424450397491455e-01
-4.201078712940216064e-01
-4.202944338321685791e-01
-4.188089966773986816e-01
-4.206440448760986328e-01
-4.194705784320831299e-01
-4.195594787597656250e-01
-4.183000922203063965e-01
-4.221976101398468018e-01
-4.189954698085784912e-01
-4.191842079162597656e-01
-4.222542643547058105e-01
-4.225148260593414307e-01
-4.238923192024230957e-01
-4.207241833209991455e-01
-4.205919206142425537e-01
-4.209023416042327881e-01
-4.218343198299407959e-01
-4.231985509395599365e-01
-4.239699244499206543e-01
-4.199442863464355469e-01
-4.203068614006042480e-01
-4.266391098499298096e-01
-4.223180413246154785e-01
-4.209509193897247314e-01
-4.206537008285522461e-01
-4.189506471157073975e-01
-4.199015796184539795e-01
-4.196066558361053467e-01
-4.241044819355010986e-01
-4.208700060844421387e-01
-4.216815531253814697e-01
-4.252323508262634277e-01
-4.174166917800903320e-01
-4.177349805831909180e-01
-4.175430536270141602e-01
-4.226853251457214355e-01
-4.225861132144927979e-01
-4.195098578929901123e-01
-4.243085682392120361e-01
-4.201736450195312500e-01
-4.200116395950317383e-01
-4.216723144054412842e-01
-4.196564853191375732e-01
-4.188913702964782715e-01
-4.216009080410003662e-01
-4.224034547805786133e-01
-4.225697219371795654e-01
-4.191223382949829102e-01
-4.233687818050384521e-01
-4.212448894977569580e-01
-4.227827787399291992e-01
-4.200201332569122314e-01
-4.202567338943481445e-01
-4.234751462936401367e-01
-4.216974079608917236e-01
-4.205125868320465088e-01
-4.215395450592041016e-01
-4.193174839019775391e-01
-4.251748919486999512e-01
-4.182043373584747314e-01
-4.231680333614349365e-01
