2.315561056137084961e+00
1.489563465118408203e+00
6.914422512054443359e-01
9.978457540273666382e-02
-1.346671879291534424e-01
-1.307689845561981201e-01
-6.321465224027633667e-02
-5.218486115336418152e-02
-8.519709855318069458e-02
-1.030899509787559509e-01
-9.784803539514541626e-02
-1.054982542991638184e-01
-1.137152463197708130e-01
-1.249497681856155396e-01
-1.247944161295890808e-01
-1.266198307275772095e-01
-1.383792310953140259e-01
-1.530752331018447876e-01
-1.632895022630691528e-01
-1.566935479640960693e-01
-1.662049889564514160e-01
-1.755809634923934937e-01
-1.772463619709014893e-01
-1.863332986831665039e-01
-1.923000216484069824e-01
-1.927253007888793945e-01
-1.972911059856414795e-01
-1.957181692123413086e-01
-2.062504440546035767e-01
-2.103521823883056641e-01
-2.114923298358917236e-01
-2.144057005643844604e-01
-2.150260359048843384e-01
-2.175275534391403198e-01
-2.156336307525634766e-01
-2.215089350938796997e-01
-2.213034182786941528e-01
-2.178546488285064697e-01
-2.233440876007080078e-01
-2.266797721385955811e-01
-2.172693312168121338e-01
-2.218706309795379639e-01
-2.325415611267089844e-01
-2.237434983253479004e-01
-2.263941615819931030e-01
-2.237547785043716431e-01
-2.249291092157363892e-01
-2.295255362987518311e-01
-2.272743582725524902e-01
-2.298301756381988525e-01
-2.186852842569351196e-01
-2.281685173511505127e-01
-2.316475212574005127e-01
-2.367618381977081299e-01
-2.310658693313598633e-01
-2.294122874736785889e-01
-2.252832353115081787e-01
-2.338727563619613647e-01
-2.361904531717300415e-01
-2.355819344520568848e-01
-2.356445342302322388e-01
-2.333597838878631592e-01
-2.338668256998062134e-01
-2.386909872293472290e-01
-2.383041977882385254e-01
-2.410365641117095947e-01
-2.426317781209945679e-01
-2.414874136447906494e-01
-2.353992015123367310e-01
-2.346100211143493652e-01
-2.327231168746948242e-01
-2.330332845449447632e-01
-2.429552227258682251e-01
-2.462160438299179077e-01
-2.391150593757629395e-01
-2.408540397882461548e-01
-2.357343584299087524e-01
-2.358412891626358032e-01
-2.363007664680480957e-01
-2.344170808792114258e-01
-2.383131384849548340e-01
-2.349287122488021851e-01
-2.362083941698074341e-01
-2.377855479717254639e-01
-2.442647218704223633e-01
-2.463404685258865356e-01
-2.437225282192230225e-01
-2.396299242973327637e-01
-2.367020994424819946e-01
-2.457025498151779175e-01
-2.447371482849121094e-01
-2.480327337980270386e-01
-2.451696693897247314e-01
-2.460153698921203613e-01
-2.549281418323516846e-01
-2.470970749855041504e-01
-2.507286667823791504e-01
-2.504205703735351562e-01
-2.491481006145477295e-01
-2.476395964622497559e-01
-2.458456754684448242e-01
-2.533955574035644531e-01
-2.477136403322219849e-01
-2.418679744005203247e-01
-2.413713037967681885e-01
-2.524619698524475098e-01
-2.551274895668029785e-01
-2.560226023197174072e-01
-2.558885216712951660e-01
-2.522919774055480957e-01
-2.432429790496826172e-01
-2.484525293111801147e-01
-2.511399090290069580e-01
-2.502843439579010010e-01
-2.413354516029357910e-01
-2.542531192302703857e-01
-2.519376575946807861e-01
-2.534892261028289795e-01
-2.500838041305541992e-01
-2.478164732456207275e-01
-2.488234192132949829e-01
-2.511049211025238037e-01
-2.521259188652038574e-01
-2.559602558612823486e-01
-2.556980550289154053e-01
-2.501357495784759521e-01
-2.573367953300476074e-01
-2.506583631038665771e-01
-2.524569034576416016e-01
-2.502449154853820801e-01
-2.520973086357116699e-01
-2.513615190982818604e-01
-2.565170228481292725e-01
-2.533692419528961182e-01
-2.619886994361877441e-01
-2.506917417049407959e-01
-2.578948140144348145e-01
-2.545176148414611816e-01
-2.596175670623779297e-01
-2.545443177223205566e-01
-2.519898712635040283e-01
-2.559276819229125977e-01
-2.599182724952697754e-01
-2.548341155052185059e-01
-2.608501613140106201e-01
-2.598865926265716553e-01
-2.567019760608673096e-01
-2.499084025621414185e-01
-2.585473060607910156e-01
-2.560082972049713135e-01
-2.508589029312133789e-01
-2.563475966453552246e-01
-2.611522972583770752e-01
-2.596743702888488770e-01
-2.471560984849929810e-01
-2.577284276485443115e-01
-2.634984552860260010e-01
-2.650144398212432861e-01
-2.636458277702331543e-01
-2.579047977924346924e-01
-2.469196766614913940e-01
-2.535148561000823975e-01
-2.670337557792663574e-01
-2.610134780406951904e-01
-2.620682418346405029e-01
-2.668250799179077148e-01
-2.609698474407196045e-01
-2.617037892341613770e-01
-2.565048635005950928e-01
-2.570233941078186035e-01
-2.565920948982238770e-01
-2.534289658069610596e-01
-2.567989528179168701e-01
-2.618649303913116455e-01
-2.560589015483856201e-01
-2.597889900207519531e-01
-2.558635473251342773e-01
-2.586201131343841553e-01
-2.621227800846099854e-01
-2.702245414257049561e-01
-2.742190361022949219e-01
-2.622967362403869629e-01
-2.650368511676788330e-01
-2.677277326583862305e-01
-2.656400203704833984e-01
-2.705573141574859619e-01
-2.675994932651519775e-01
-2.711787819862365723e-01
-2.697182297706604004e-01
-2.728305160999298096e-01
-2.764278650283813477e-01
-2.724417448043823242e-01
-2.743378281593322754e-01
-2.741273939609527588e-01
-2.804619073867797852e-01
-2.725423276424407959e-01
-2.713809311389923096e-01
-2.744026482105255127e-01
-2.685686349868774414e-01
-2.727634310722351074e-01
-2.749705910682678223e-01
-2.722458541393280029e-01
-2.794312834739685059e-01
-2.753109633922576904e-01
-2.762572765350341797e-01
-2.732446789741516113e-01
-2.738046944141387939e-01
-2.739577591419219971e-01
-2.716416716575622559e-01
-2.720329761505126953e-01
-2.775471806526184082e-01
-2.704279720783233643e-01
-2.730170786380767822e-01
-2.707892954349517822e-01
-2.688048481941223145e-01
-2.668758332729339600e-01
-2.715759873390197754e-01
-2.747428715229034424e-01
-2.726331353187561035e-01
-2.722082436084747314e-01
-2.707950770854949951e-01
-2.707944512367248535e-01
-2.776360809803009033e-01
-2.775167822837829590e-01
-2.750591933727264404e-01
-2.724541127681732178e-01
-2.779940068721771240e-01
-2.803518772125244141e-01
-2.783818542957305908e-01
-2.738247215747833252e-01
-2.724298536777496338e-01
-2.732093930244445801e-01
-2.721460759639739990e-01
-2.771952748298645020e-01
-2.709316909313201904e-01
-2.731423377990722656e-01
-2.721581459045410156e-01
-2.769096195697784424e-01
-2.841258347034454346e-01
-2.774659097194671631e-01
-2.741745114326477051e-01
-2.788750231266021729e-01
-2.777905762195587158e-01
-2.765070497989654541e-01
-2.752090692520141602e-01
-2.716668844223022461e-01
-2.699100375175476074e-01
-2.734726071357727051e-01
-2.738410532474517822e-01
-2.715966701507568359e-01
-2.690118849277496338e-01
-2.745623290538787842e-01
-2.766087651252746582e-01
-2.778974175453186035e-01
-2.778587639331817627e-01
-2.790229916572570801e-01
-2.686993479728698730e-01
-2.657050192356109619e-01
-2.725914418697357178e-01
-2.746520936489105225e-01
-2.690537571907043457e-01
-2.723860442638397217e-01
-2.689926326274871826e-01
-2.736610770225524902e-01
-2.773275673389434814e-01
-2.745027542114257812e-01
-2.791199982166290283e-01
-2.709679603576660156e-01
-2.619501948356628418e-01
-2.700517177581787109e-01
-2.741498649120330811e-01
-2.788191735744476318e-01
-2.744740843772888184e-01
-2.782563269138336182e-01
-2.788504362106323242e-01
-2.801425755023956299e-01
-2.775855660438537598e-01
-2.783280014991760254e-01
-2.795626819133758545e-01
-2.738232314586639404e-01
-2.765434682369232178e-01
-2.775405645370483398e-01
-2.782468199729919434e-01
-2.791864573955535889e-01
-2.761647701263427734e-01
-2.739049792289733887e-01
-2.700013518333435059e-01
-2.717103958129882812e-01
-2.761646509170532227e-01
-2.807826399803161621e-01
-2.753628492355346680e-01
-2.782912552356719971e-01
-2.748896479606628418e-01
-2.766251266002655029e-01
-2.765706777572631836e-01
-2.808010876178741455e-01
-2.841024696826934814e-01
-2.884001433849334717e-01
-2.823358178138732910e-01
-2.789741456508636475e-01
-2.811198532581329346e-01
-2.774378657341003418e-01
-2.754523754119873047e-01
-2.795395255088806152e-01
-2.816236615180969238e-01
-2.765854299068450928e-01
-2.763879895210266113e-01
-2.774103879928588867e-01
-2.790807187557220459e-01
-2.818268239498138428e-01
-2.815787196159362793e-01
-2.785922884941101074e-01
-2.750271558761596680e-01
-2.704763710498809814e-01
-2.698895931243896484e-01
-2.829116582870483398e-01
-2.860333919525146484e-01
-2.851340472698211670e-01
-2.892833948135375977e-01
-2.904841005802154541e-01
-2.858912348747253418e-01
-2.794737517833709717e-01
-2.735486328601837158e-01
-2.791583240032196045e-01
-2.855842113494873047e-01
-2.869891226291656494e-01
-2.884992063045501709e-01
-2.854617536067962646e-01
-2.886463105678558350e-01
-2.823314070701599121e-01
-2.923256158828735352e-01
-2.904278039932250977e-01
-2.923187911510467529e-01
-2.884560525417327881e-01
-2.916912734508514404e-01
-2.888867259025573730e-01
-2.896092832088470459e-01
-2.933044135570526123e-01
-2.915276288986206055e-01
-2.893846929073333740e-01
-2.915979921817779541e-01
-2.925150692462921143e-01
-2.873372137546539307e-01
-2.838317751884460449e-01
-2.861592173576354980e-01
-2.903168797492980957e-01
-2.990339398384094238e-01
-2.920687794685363770e-01
-2.852048277854919434e-01
-2.889769375324249268e-01
-2.880355119705200195e-01
-2.922586798667907715e-01
-2.885639071464538574e-01
-2.902395725250244141e-01
-2.913760244846343994e-01
-2.873850762844085693e-01
-2.938045859336853027e-01
-2.900851964950561523e-01
-2.886276245117187500e-01
-2.914390563964843750e-01
-2.880137562751770020e-01
-2.931164503097534180e-01
-2.876109778881072998e-01
-2.886940836906433105e-01
-2.835986912250518799e-01
-2.916586995124816895e-01
-2.951785326004028320e-01
-2.871072292327880859e-01
-2.894729673862457275e-01
-2.874670326709747314e-01
-2.901956439018249512e-01
-2.802043557167053223e-01
-2.938973307609558105e-01
-2.922773957252502441e-01
-2.943450808525085449e-01
-2.903787195682525635e-01
-2.912297248840332031e-01
-2.861528098583221436e-01
-2.879804670810699463e-01
-2.880119085311889648e-01
-2.822248637676239014e-01
-2.955062389373779297e-01
-2.921922504901885986e-01
-2.915152609348297119e-01
-2.992905378341674805e-01
-2.956326603889465332e-01
-2.899826467037200928e-01
-2.850720286369323730e-01
-2.952125370502471924e-01
-2.856996655464172363e-01
-2.904919981956481934e-01
-2.949589490890502930e-01
-2.913297712802886963e-01
-2.946068942546844482e-01
-2.909823060035705566e-01
-2.908679842948913574e-01
-2.891859114170074463e-01
-2.909167408943176270e-01
-2.967205941677093506e-01
-2.912258803844451904e-01
-2.884474694728851318e-01
-2.851984202861785889e-01
-2.954211831092834473e-01
-2.934392988681793213e-01
-2.945588231086730957e-01
-2.972760498523712158e-01
-2.961826026439666748e-01
-2.923913598060607910e-01
-2.930775284767150879e-01
-2.860529124736785889e-01
-2.903890311717987061e-01
-2.977459728717803955e-01
-2.980108857154846191e-01
-2.936750352382659912e-01
-2.918356359004974365e-01
-2.948195934295654297e-01
-2.930563092231750488e-01
-2.917321920394897461e-01
-2.947680652141571045e-01
-2.944623529911041260e-01
-2.940520942211151123e-01
-2.924384474754333496e-01
-2.887103259563446045e-01
-2.966339588165283203e-01
-2.955999076366424561e-01
-2.983920276165008545e-01
-2.949310243129730225e-01
-2.933108508586883545e-01
-2.960637211799621582e-01
-2.931022942066192627e-01
-2.857860624790191650e-01
-2.837362587451934814e-01
-2.887400984764099121e-01
-2.915861904621124268e-01
-2.966010272502899170e-01
-2.961754202842712402e-01
-3.010690212249755859e-01
-2.979754209518432617e-01
-2.932564020156860352e-01
-2.870772778987884521e-01
-2.922116219997406006e-01
-2.864775061607360840e-01
-2.916143834590911865e-01
-2.930892109870910645e-01
-2.939746677875518799e-01
-2.973843216896057129e-01
-2.900275588035583496e-01
-2.958092093467712402e-01
-2.991654276847839355e-01
-3.021790087223052979e-01
-3.006455600261688232e-01
-2.946532666683197021e-01
-2.957398891448974609e-01
-2.906934916973114014e-01
-2.967311739921569824e-01
-2.909120321273803711e-01
-2.918974757194519043e-01
-3.025660514831542969e-01
-2.970353364944458008e-01
-2.904941439628601074e-01
-2.892268002033233643e-01
-2.934838235378265381e-01
-2.983780205249786377e-01
-2.979996204376220703e-01
-2.989224791526794434e-01
-2.944760620594024658e-01
-2.961717545986175537e-01
-2.938596010208129883e-01
-2.912920415401458740e-01
-2.958573400974273682e-01
-2.976610064506530762e-01
-3.003972768783569336e-01
-2.980523705482482910e-01
-3.062982559204101562e-01
-2.968364357948303223e-01
-2.962746024131774902e-01
-2.936758995056152344e-01
-2.956732809543609619e-01
-2.934724092483520508e-01
-2.965488135814666748e-01
-2.949435114860534668e-01
-2.986328005790710449e-01
-2.978272140026092529e-01
-2.972632348537445068e-01
-2.994731068611145020e-01
-3.033130466938018799e-01
-3.013138771057128906e-01
-3.015074431896209717e-01
-2.991961836814880371e-01
-3.000473380088806152e-01
-2.994952797889709473e-01
-2.971042394638061523e-01
-2.995291650295257568e-01
-2.990556359291076660e-01
-3.053663372993469238e-01
-2.997206151485443115e-01
-3.017857074737548828e-01
-3.027290105819702148e-01
-3.075726032257080078e-01
-3.009381592273712158e-01
-2.995601296424865723e-01
-3.045572042465209961e-01
-2.988933324813842773e-01
-2.981203496456146240e-01
-2.952742874622344971e-01
-2.982112467288970947e-01
-3.014924824237823486e-01
-2.975039482116699219e-01
-3.039346337318420410e-01
-3.025617897510528564e-01
-2.980827093124389648e-01
-2.975814342498779297e-01
-2.976895272731781006e-01
-3.089889585971832275e-01
-3.053729236125946045e-01
-2.996283173561096191e-01
-2.991839051246643066e-01
-2.996987402439117432e-01
-3.027116954326629639e-01
-2.995067536830902100e-01
-3.012634217739105225e-01
-3.039954304695129395e-01
-3.065184950828552246e-01
-3.057901561260223389e-01
-3.071508407592773438e-01
-3.066847622394561768e-01
-3.085959553718566895e-01
-3.013081252574920654e-01
-2.985145151615142822e-01
-3.067460358142852783e-01
-2.937629818916320801e-01
-2.980925440788269043e-01
-3.027775287628173828e-01
-3.058861792087554932e-01
-3.022813796997070312e-01
-3.103659451007843018e-01
-3.072844743728637695e-01
-3.009662926197052002e-01
-2.996436059474945068e-01
-3.058026134967803955e-01
-3.027376532554626465e-01
-3.108767867088317871e-01
-3.091873228549957275e-01
-3.050599992275238037e-01
-3.101377487182617188e-01
-3.071137666702270508e-01
-3.077755570411682129e-01
-3.101094663143157959e-01
-3.055846989154815674e-01
-3.052144944667816162e-01
-3.067467510700225830e-01
-3.048409521579742432e-01
-3.128315806388854980e-01
-3.086709976196289062e-01
-3.073290884494781494e-01
-3.115649819374084473e-01
-3.136162757873535156e-01
-3.124086558818817139e-01
-3.138785362243652344e-01
-3.101238012313842773e-01
-3.146659731864929199e-01
-3.124969899654388428e-01
-3.144601583480834961e-01
-3.077067136764526367e-01
-3.123916089534759521e-01
-3.163802027702331543e-01
-3.151365220546722412e-01
-3.190756142139434814e-01
-3.206421434879302979e-01
-3.148482143878936768e-01
-3.184786438941955566e-01
-3.217991888523101807e-01
-3.164693713188171387e-01
-3.190678060054779053e-01
-3.127149045467376709e-01
-3.150143921375274658e-01
-3.228112757205963135e-01
-3.246210813522338867e-01
-3.222457170486450195e-01
-3.191861510276794434e-01
-3.136775195598602295e-01
-3.209600746631622314e-01
-3.198753893375396729e-01
-3.188603818416595459e-01
-3.182471394538879395e-01
-3.222021460533142090e-01
-3.210584819316864014e-01
-3.280504345893859863e-01
-3.232901096343994141e-01
-3.260891735553741455e-01
-3.300743401050567627e-01
-3.247809410095214844e-01
-3.240643441677093506e-01
-3.232637941837310791e-01
-3.287717401981353760e-01
-3.278416395187377930e-01
-3.282883167266845703e-01
-3.274843990802764893e-01
-3.215877711772918701e-01
-3.228322565555572510e-01
-3.239567875862121582e-01
-3.295382559299468994e-01
-3.307703137397766113e-01
-3.286535143852233887e-01
-3.279681503772735596e-01
-3.303258717060089111e-01
-3.288059532642364502e-01
-3.268575966358184814e-01
-3.296841681003570557e-01
-3.258887231349945068e-01
-3.302682638168334961e-01
-3.308652341365814209e-01
-3.286652266979217529e-01
-3.320396840572357178e-01
-3.343278467655181885e-01
-3.355978429317474365e-01
-3.335286974906921387e-01
-3.294210135936737061e-01
-3.254827260971069336e-01
-3.287476301193237305e-01
-3.308397531509399414e-01
-3.247038125991821289e-01
-3.274744153022766113e-01
-3.323082923889160156e-01
-3.335665166378021240e-01
-3.318229913711547852e-01
-3.326079547405242920e-01
-3.318006396293640137e-01
-3.335998654365539551e-01
-3.321616947650909424e-01
-3.334103524684906006e-01
-3.346810042858123779e-01
-3.366989791393280029e-01
-3.328262865543365479e-01
-3.293251991271972656e-01
-3.335429728031158447e-01
-3.346682190895080566e-01
-3.325621783733367920e-01
-3.381075561046600342e-01
-3.367743790149688721e-01
-3.355969786643981934e-01
-3.298666477203369141e-01
-3.333348631858825684e-01
-3.332392573356628418e-01
-3.358657360076904297e-01
-3.337806165218353271e-01
-3.341647088527679443e-01
-3.357068598270416260e-01
-3.361708819866180420e-01
-3.315310478210449219e-01
-3.364815711975097656e-01
-3.338514268398284912e-01
-3.357767462730407715e-01
-3.344617784023284912e-01
-3.351668119430541992e-01
-3.351645469665527344e-01
-3.364646732807159424e-01
-3.329728245735168457e-01
-3.340816795825958252e-01
-3.352594971656799316e-01
-3.354220688343048096e-01
-3.394689261913299561e-01
-3.322814702987670898e-01
-3.314603865146636963e-01
-3.278831243515014648e-01
-3.348730504512786865e-01
-3.370006084442138672e-01
-3.372304141521453857e-01
-3.354362547397613525e-01
-3.332327902317047119e-01
-3.359752297401428223e-01
-3.328104913234710693e-01
-3.366910815238952637e-01
-3.384741544723510742e-01
-3.366032540798187256e-01
-3.317200243473052979e-01
-3.319293558597564697e-01
-3.331735730171203613e-01
-3.341588675975799561e-01
-3.338501751422882080e-01
-3.401448428630828857e-01
-3.401539027690887451e-01
-3.402235507965087891e-01
-3.368969261646270752e-01
-3.367867469787597656e-01
-3.383303284645080566e-01
-3.369864523410797119e-01
-3.382725715637207031e-01
-3.344670534133911133e-01
-3.357364833354949951e-01
-3.347675502300262451e-01
-3.344208598136901855e-01
-3.341574668884277344e-01
-3.332560360431671143e-01
-3.397051393985748291e-01
-3.401447236537933350e-01
-3.396114110946655273e-01
-3.406319618225097656e-01
-3.388381898403167725e-01
-3.385141491889953613e-01
-3.368003070354461670e-01
-3.411243557929992676e-01
-3.389030694961547852e-01
-3.380758166313171387e-01
-3.390180468559265137e-01
-3.410433828830718994e-01
-3.389488458633422852e-01
-3.396773636341094971e-01
-3.414448797702789307e-01
-3.403995931148529053e-01
-3.375242352485656738e-01
-3.359074592590332031e-01
-3.399825096130371094e-01
-3.387768566608428955e-01
-3.399036526679992676e-01
-3.381760716438293457e-01
-3.393686413764953613e-01
-3.352894186973571777e-01
-3.396555185317993164e-01
-3.404347598552703857e-01
-3.370082974433898926e-01
-3.362434506416320801e-01
-3.372720479965209961e-01
-3.401780724525451660e-01
-3.399961888790130615e-01
-3.414021730422973633e-01
-3.400142490863800049e-01
-3.352928459644317627e-01
-3.385634124279022217e-01
-3.389076590538024902e-01
-3.393897712230682373e-01
-3.403857350349426270e-01
-3.350462913513183594e-01
-3.362642824649810791e-01
-3.383288681507110596e-01
-3.390358984470367432e-01
-3.431833684444427490e-01
-3.434398174285888672e-01
-3.409454226493835449e-01
-3.404612541198730469e-01
-3.406519293785095215e-01
-3.403588235378265381e-01
-3.410744667053222656e-01
-3.433189690113067627e-01
-3.424624502658843994e-01
-3.425482213497161865e-01
-3.404113054275512695e-01
-3.407012820243835449e-01
-3.416616022586822510e-01
-3.419592380523681641e-01
-3.418247103691101074e-01
-3.422138988971710205e-01
-3.409959077835083008e-01
-3.401518166065216064e-01
-3.396842777729034424e-01
-3.422636687755584717e-01
-3.420179188251495361e-01
-3.402451872825622559e-01
-3.388381004333496094e-01
-3.414944410324096680e-01
-3.434367179870605469e-01
-3.412173390388488770e-01
-3.392360210418701172e-01
-3.386627733707427979e-01
-3.401345312595367432e-01
-3.372956514358520508e-01
-3.393608927726745605e-01
-3.433746993541717529e-01
-3.396624028682708740e-01
-3.417200446128845215e-01
-3.399760723114013672e-01
-3.420806229114532471e-01
-3.425139784812927246e-01
-3.445096015930175781e-01
-3.397615253925323486e-01
-3.389588594436645508e-01
-3.375562429428100586e-01
-3.415166437625885010e-01
-3.429334163665771484e-01
-3.413411974906921387e-01
-3.403062224388122559e-01
-3.427563011646270752e-01
-3.387849032878875732e-01
-3.403245806694030762e-01
-3.417543768882751465e-01
-3.408195674419403076e-01
-3.402462899684906006e-01
-3.401682078838348389e-01
-3.398415446281433105e-01
-3.381851911544799805e-01
-3.400819897651672363e-01
-3.371933996677398682e-01
-3.419566154479980469e-01
-3.400886058807373047e-01
-3.411732017993927002e-01
-3.400013446807861328e-01
-3.431822657585144043e-01
-3.405870199203491211e-01
-3.433698117733001709e-01
-3.392373919486999512e-01
-3.412129878997802734e-01
-3.411106467247009277e-01
-3.420633077621459961e-01
-3.447959125041961670e-01
-3.381825089454650879e-01
-3.420507907867431641e-01
-3.416707217693328857e-01
-3.436498045921325684e-01
-3.421058356761932373e-01
-3.411228060722351074e-01
-3.425685465335845947e-01
-3.456389904022216797e-01
-3.428111076354980469e-01
-3.352356851100921631e-01
-3.389482796192169189e-01
-3.401577174663543701e-01
-3.393488228321075439e-01
-3.409176766872406006e-01
-3.443200588226318359e-01
-3.407040536403656006e-01
-3.424917161464691162e-01
-3.413714170455932617e-01
-3.436964154243469238e-01
-3.413319587707519531e-01
-3.416497707366943359e-01
-3.415866792201995850e-01
-3.436723351478576660e-01
-3.411334156990051270e-01
-3.412561416625976562e-01
-3.408388197422027588e-01
-3.445925414562225342e-01
-3.421504497528076172e-01
-3.396893739700317383e-01
-3.374632000923156738e-01
-3.425538241863250732e-01
-3.385181128978729248e-01
-3.425450623035430908e-01
-3.421837091445922852e-01
-3.407067954540252686e-01
-3.384899795055389404e-01
-3.394637107849121094e-01
-3.406885862350463867e-01
-3.416696786880493164e-01
-3.420434296131134033e-01
-3.397164344787597656e-01
-3.426384627819061279e-01
-3.401978611946105957e-01
-3.440953493118286133e-01
-3.415192961692810059e-01
-3.411549925804138184e-01
-3.448866009712219238e-01
-3.397407233715057373e-01
-3.377210199832916260e-01
-3.376095294952392578e-01
-3.391755223274230957e-01
-3.399935364723205566e-01
-3.416223824024200439e-01
-3.386084735393524170e-01
-3.419342339038848877e-01
-3.434000611305236816e-01
-3.449061214923858643e-01
-3.418726027011871338e-01
-3.427430987358093262e-01
-3.430744111537933350e-01
-3.435118496417999268e-01
-3.413532674312591553e-01
-3.440269231796264648e-01
-3.437078893184661865e-01
-3.403906226158142090e-01
-3.431965112686157227e-01
-3.427856862545013428e-01
-3.410872817039489746e-01
-3.430614769458770752e-01
-3.454095125198364258e-01
-3.429070413112640381e-01
-3.431963622570037842e-01
-3.453851342201232910e-01
-3.419974446296691895e-01
-3.440647721290588379e-01
-3.433345556259155273e-01
-3.432789444923400879e-01
-3.446298241615295410e-01
-3.431711792945861816e-01
-3.386168777942657471e-01
-3.397537171840667725e-01
-3.434689342975616455e-01
-3.411034047603607178e-01
-3.418126702308654785e-01
-3.420857787132263184e-01
-3.411518633365631104e-01
-3.412308096885681152e-01
-3.411709964275360107e-01
-3.435113728046417236e-01
-3.440178334712982178e-01
-3.442619144916534424e-01
-3.435125350952148438e-01
-3.425321280956268311e-01
-3.397808372974395752e-01
-3.423648178577423096e-01
-3.426997959613800049e-01
-3.413419127464294434e-01
-3.410969376564025879e-01
-3.435265421867370605e-01
-3.445822596549987793e-01
-3.447482585906982422e-01
-3.429972529411315918e-01
-3.439811468124389648e-01
-3.451394140720367432e-01
-3.421029150485992432e-01
-3.409713208675384521e-01
-3.443928956985473633e-01
-3.434882462024688721e-01
-3.450944125652313232e-01
-3.391240835189819336e-01
-3.423122465610504150e-01
-3.379288911819458008e-01
-3.398819863796234131e-01
-3.403242826461791992e-01
-3.420399129390716553e-01
-3.427693545818328857e-01
-3.452226817607879639e-01
-3.420903384685516357e-01
-3.418242335319519043e-01
-3.426837623119354248e-01
-3.421939611434936523e-01
-3.431816995143890381e-01
-3.440978229045867920e-01
-3.423525094985961914e-01
-3.405066430568695068e-01
-3.425242304801940918e-01
-3.401106894016265869e-01
-3.435389101505279541e-01
-3.403404653072357178e-01
-3.427531123161315918e-01
-3.443459570407867432e-01
-3.425484001636505127e-01
-3.434710204601287842e-01
-3.436278104782104492e-01
-3.446798622608184814e-01
-3.438348472118377686e-01
-3.422212898731231689e-01
-3.417561948299407959e-01
-3.408505916595458984e-01
-3.431380689144134521e-01
-3.427861332893371582e-01
-3.406783938407897949e-01
-3.425870835781097412e-01
-3.418524265289306641e-01
-3.424766659736633301e-01
-3.434407711029052734e-01
-3.442709445953369141e-01
-3.416151702404022217e-01
-3.420820832252502441e-01
-3.435523211956024170e-01
-3.393841087818145752e-01
-3.439912796020507812e-01
-3.449261486530303955e-01
-3.452210724353790283e-01
-3.464966714382171631e-01
-3.412273526191711426e-01
-3.410367965698242188e-01
-3.442948460578918457e-01
-3.433670997619628906e-01
-3.413238525390625000e-01
-3.421315848827362061e-01
-3.419376313686370850e-01
-3.430981636047363281e-01
-3.436487615108489990e-01
-3.403874039649963379e-01
-3.420221209526062012e-01
-3.427231609821319580e-01
-3.444084823131561279e-01
-3.446106016635894775e-01
-3.426867425441741943e-01
-3.399155735969543457e-01
-3.424223065376281738e-01
-3.419256806373596191e-01
-3.418287336826324463e-01
-3.450974524021148682e-01
-3.410086035728454590e-01
-3.424603343009948730e-01
-3.454383611679077148e-01
-3.481137752532958984e-01
-3.430403769016265869e-01
-3.400465846061706543e-01
-3.427380323410034180e-01
-3.426648080348968506e-01
-3.472000658512115479e-01
-3.432858586311340332e-01
-3.437500596046447754e-01
-3.400136828422546387e-01
-3.407142460346221924e-01
-3.433622419834136963e-01
-3.426174819469451904e-01
-3.399726152420043945e-01
-3.411785960197448730e-01
-3.413194417953491211e-01
-3.424056172370910645e-01
-3.447704017162322998e-01
-3.440511226654052734e-01
-3.416934907436370850e-01
-3.433756232261657715e-01
-3.411598503589630127e-01
-3.439418375492095947e-01
-3.429549932479858398e-01
-3.416242003440856934e-01
-3.440714776515960693e-01
-3.452161252498626709e-01
-3.425896167755126953e-01
-3.415631651878356934e-01
-3.411067426204681396e-01
-3.439990878105163574e-01
-3.442449271678924561e-01
-3.433243632316589355e-01
-3.421330153942108154e-01
-3.428134620189666748e-01
-3.437671363353729248e-01
-3.416553735733032227e-01
-3.428809940814971924e-01
-3.432073593139648438e-01
-3.416974544525146484e-01
-3.409618735313415527e-01
-3.421631753444671631e-01
-3.381253778934478760e-01
-3.412970304489135742e-01
-3.422114551067352295e-01
-3.415201902389526367e-01
-3.424754738807678223e-01
-3.400110602378845215e-01
-3.437251746654510498e-01
-3.433028459548950195e-01
-3.452011644840240479e-01
-3.440121412277221680e-01
-3.433035314083099365e-01
-3.422288000583648682e-01
-3.406670391559600830e-01
-3.427470624446868896e-01
-3.432815074920654297e-01
-3.418310582637786865e-01
-3.420048356056213379e-01
-3.423064053058624268e-01
-3.440024554729461670e-01
-3.436713218688964844e-01
-3.378472924232482910e-01
-3.456938564777374268e-01
-3.437355160713195801e-01
-3.423656821250915527e-01
-3.425347208976745605e-01
-3.416715860366821289e-01
-3.439474701881408691e-01
-3.398573696613311768e-01
-3.430854380130767822e-01
-3.412395417690277100e-01
-3.444127738475799561e-01
-3.429957330226898193e-01
-3.415219187736511230e-01
-3.372807502746582031e-01
-3.435566425323486328e-01
-3.412092626094818115e-01
-3.397144079208374023e-01
-3.389158844947814941e-01
-3.418277502059936523e-01
-3.431829512119293213e-01
-3.430823385715484619e-01
-3.419228792190551758e-01
-3.433347046375274658e-01
-3.413195312023162842e-01
-3.391217589378356934e-01
-3.396004736423492432e-01
-3.422039151191711426e-01
-3.428344130516052246e-01
-3.406583368778228760e-01
-3.413939177989959717e-01
-3.413001596927642822e-01
-3.433165252208709717e-01
-3.425149917602539062e-01
-3.430000245571136475e-01
-3.410992920398712158e-01
-3.421969115734100342e-01
-3.417325913906097412e-01
-3.417704701423645020e-01
-3.426305949687957764e-01
-3.418460786342620850e-01
-3.432350456714630127e-01
-3.397732675075531006e-01
-3.433214724063873291e-01
-3.424746692180633545e-01
-3.416043221950531006e-01
-3.398302495479583740e-01
-3.431364893913269043e-01
-3.452559113502502441e-01
-3.412778973579406738e-01
-3.409917056560516357e-01
-3.432114720344543457e-01
-3.442741036415100098e-01
-3.432655632495880127e-01
-3.436495959758758545e-01
-3.442869484424591064e-01
-3.447473049163818359e-01
-3.420381844043731689e-01
-3.419164419174194336e-01
-3.404332995414733887e-01
-3.402101397514343262e-01
-3.416945934295654297e-01
-3.431047499179840088e-01
-3.448290526866912842e-01
-3.403900265693664551e-01
-3.408401608467102051e-01
-3.409633040428161621e-01
-3.388241827487945557e-01
-3.418015837669372559e-01
-3.433343172073364258e-01
-3.424385190010070801e-01
-3.433091640472412109e-01
-3.423983454704284668e-01
-3.399838805198669434e-01
-3.438952565193176270e-01
-3.410894274711608887e-01
-3.402279019355773926e-01
-3.425955772399902344e-01
-3.441691994667053223e-01
-3.428022265434265137e-01
-3.435931503772735596e-01
-3.370510041713714600e-01
-3.423942923545837402e-01
-3.426419198513031006e-01
-3.432120382785797119e-01
-3.423717021942138672e-01
-3.424022197723388672e-01
-3.404888808727264404e-01
-3.430504202842712402e-01
-3.439911603927612305e-01
-3.446676135063171387e-01
-3.409053087234497070e-01
-3.370526731014251709e-01
-3.397249281406402588e-01
-3.388911187648773193e-01
-3.440976440906524658e-01
-3.415557146072387695e-01
-3.410890996456146240e-01
-3.404303193092346191e-01
-3.429986536502838135e-01
-3.434674441814422607e-01
-3.429829776287078857e-01
-3.425191044807434082e-01
-3.424621820449829102e-01
-3.381786644458770752e-01
-3.422468900680541992e-01
-3.458932638168334961e-01
-3.424765765666961670e-01
-3.414082527160644531e-01
-3.424290716648101807e-01
-3.403868079185485840e-01
-3.412200510501861572e-01
-3.441513776779174805e-01
-3.423942327499389648e-01
-3.413280546665191650e-01
-3.395293951034545898e-01
-3.421468734741210938e-01
-3.417921364307403564e-01
-3.406909406185150146e-01
-3.401238322257995605e-01
-3.387107253074645996e-01
-3.435240983963012695e-01
-3.410869240760803223e-01
-3.414475023746490479e-01
-3.433037102222442627e-01
-3.412960171699523926e-01
-3.458173573017120361e-01
-3.432169854640960693e-01
-3.426641821861267090e-01
-3.416303694248199463e-01
-3.407684266567230225e-01
-3.427851498126983643e-01
-3.421367406845092773e-01
-3.445093929767608643e-01
-3.418740928173065186e-01
-3.462188541889190674e-01
-3.413960039615631104e-01
-3.412835597991943359e-01
-3.417806029319763184e-01
-3.419257402420043945e-01
-3.428123593330383301e-01
-3.412855267524719238e-01
-3.437061011791229248e-01
-3.414531946182250977e-01
-3.408572375774383545e-01
-3.411825001239776611e-01
-3.414232432842254639e-01
-3.416069447994232178e-01
-3.389808833599090576e-01
-3.417091071605682373e-01
-3.403143584728240967e-01
-3.431125283241271973e-01
-3.423512578010559082e-01
-3.441081047058105469e-01
-3.430180549621582031e-01
-3.414846658706665039e-01
-3.413540720939636230e-01
-3.405233621597290039e-01
-3.438607156276702881e-01
-3.437845408916473389e-01
-3.395003676414489746e-01
-3.427878916263580322e-01
-3.426700532436370850e-01
-3.411108255386352539e-01
-3.386847674846649170e-01
-3.377250432968139648e-01
-3.406724929809570312e-01
-3.424486219882965088e-01
-3.388245105743408203e-01
-3.414945304393768311e-01
-3.436216413974761963e-01
-3.399109244346618652e-01
-3.412695229053497314e-01
-3.411393463611602783e-01
-3.406272828578948975e-01
-3.420997262001037598e-01
-3.396972119808197021e-01
-3.432209193706512451e-01
-3.419865667819976807e-01
-3.414255976676940918e-01
-3.410058021545410156e-01
-3.407132327556610107e-01
-3.415486514568328857e-01
-3.426290154457092285e-01
-3.403310775756835938e-01
-3.397691845893859863e-01
-3.420255184173583984e-01
-3.382952809333801270e-01
-3.378857970237731934e-01
-3.428680002689361572e-01
-3.400691449642181396e-01
-3.391186594963073730e-01
-3.437274098396301270e-01
-3.429058194160461426e-01
-3.415018320083618164e-01
-3.410302996635437012e-01
-3.388905823230743408e-01
-3.393112123012542725e-01
-3.420782387256622314e-01
-3.401234745979309082e-01
-3.405545055866241455e-01
-3.407021164894104004e-01
-3.349802196025848389e-01
-3.385611772537231445e-01
-3.383225500583648682e-01
-3.440929055213928223e-01
-3.396956324577331543e-01
-3.424529433250427246e-01
-3.403970003128051758e-01
-3.393867313861846924e-01
-3.421910703182220459e-01
-3.415142297744750977e-01
-3.391881585121154785e-01
-3.380723595619201660e-01
-3.399302065372467041e-01
-3.401389718055725098e-01
-3.407275080680847168e-01
-3.384231328964233398e-01
-3.386334478855133057e-01
-3.415969014167785645e-01
-3.376304805278778076e-01
-3.389664590358734131e-01
-3.410310745239257812e-01
-3.394783437252044678e-01
-3.399426937103271484e-01
-3.395603299140930176e-01
-3.376364707946777344e-01
-3.402613997459411621e-01
-3.416240513324737549e-01
-3.400253057479858398e-01
-3.420837521553039551e-01
-3.390935063362121582e-01
-3.394441306591033936e-01
-3.417620062828063965e-01
-3.421997129917144775e-01
-3.405383229255676270e-01
-3.407043516635894775e-01
-3.416761755943298340e-01
-3.387947380542755127e-01
-3.383383154869079590e-01
-3.385815322399139404e-01
-3.400565683841705322e-01
-3.409619331359863281e-01
-3.432398140430450439e-01
-3.419665396213531494e-01
-3.393559753894805908e-01
-3.376142680644989014e-01
-3.416910171508789062e-01
-3.425443768501281738e-01
-3.381033241748809814e-01
-3.404870629310607910e-01
-3.408436179161071777e-01
-3.409735858440399170e-01
-3.406035304069519043e-01
-3.361700773239135742e-01
-3.427457809448242188e-01
-3.427647054195404053e-01
-3.422910273075103760e-01
-3.404190242290496826e-01
-3.416898846626281738e-01
-3.378686904907226562e-01
-3.410253226757049561e-01
-3.452480435371398926e-01
-3.348822593688964844e-01
-3.390783071517944336e-01
-3.437111675739288330e-01
-3.411565423011779785e-01
-3.401466012001037598e-01
-3.380570113658905029e-01
-3.409696519374847412e-01
-3.406366705894470215e-01
-3.405947387218475342e-01
-3.416597247123718262e-01
-3.405584692955017090e-01
-3.407615423202514648e-01
-3.366548120975494385e-01
-3.368160128593444824e-01
-3.408618867397308350e-01
-3.392681777477264404e-01
-3.414906263351440430e-01
-3.380523622035980225e-01
-3.387507796287536621e-01
-3.393495082855224609e-01
-3.363788425922393799e-01
-3.376771211624145508e-01
-3.389376103878021240e-01
-3.415260016918182373e-01
-3.395611643791198730e-01
-3.412275612354278564e-01
-3.414669334888458252e-01
-3.391887843608856201e-01
-3.373691737651824951e-01
-3.404512405395507812e-01
-3.380379080772399902e-01
-3.389646708965301514e-01
-3.384764492511749268e-01
-3.393872678279876709e-01
-3.383466899394989014e-01
-3.392971754074096680e-01
-3.381539583206176758e-01
-3.398675620555877686e-01
-3.369805514812469482e-01
-3.427744805812835693e-01
-3.391672372817993164e-01
-3.393817842006683350e-01
-3.385551869869232178e-01
-3.391579091548919678e-01
-3.374214470386505127e-01
-3.412992656230926514e-01
-3.412376046180725098e-01
-3.387277424335479736e-01
-3.399837613105773926e-01
-3.401114642620086670e-01
-3.431183099746704102e-01
-3.375660479068756104e-01
-3.347231745719909668e-01
-3.396589457988739014e-01
-3.404400944709777832e-01
-3.351140618324279785e-01
-3.388963639736175537e-01
-3.389185070991516113e-01
-3.406749963760375977e-01
-3.371258378028869629e-01
-3.378574550151824951e-01
-3.376050889492034912e-01
-3.377324938774108887e-01
-3.409541249275207520e-01
-3.368472754955291748e-01
-3.384386301040649414e-01
-3.399633169174194336e-01
-3.411275744438171387e-01
-3.386881649494171143e-01
-3.397864699363708496e-01
-3.365868031978607178e-01
-3.388875126838684082e-01
-3.362950384616851807e-01
-3.405693769454956055e-01
-3.391973972320556641e-01
-3.356270790100097656e-01
-3.380237519741058350e-01
-3.373086154460906982e-01
-3.385197818279266357e-01
-3.366533219814300537e-01
-3.376748561859130859e-01
-3.358354568481445312e-01
-3.385546207427978516e-01
-3.389281630516052246e-01
-3.419969379901885986e-01
-3.358209431171417236e-01
-3.373063802719116211e-01
-3.371704220771789551e-01
-3.399091064929962158e-01
-3.405806422233581543e-01
-3.398448824882507324e-01
-3.401394784450531006e-01
-3.380410671234130859e-01
-3.358838260173797607e-01
-3.382215201854705811e-01
-3.386591970920562744e-01
-3.399087488651275635e-01
-3.383610248565673828e-01
-3.371210396289825439e-01
-3.413584530353546143e-01
-3.374014198780059814e-01
-3.371096253395080566e-01
-3.345198631286621094e-01
-3.372781276702880859e-01
-3.392125964164733887e-01
-3.404304683208465576e-01
-3.349449634552001953e-01
-3.343804180622100830e-01
-3.392009437084197998e-01
-3.399922549724578857e-01
-3.398193120956420898e-01
-3.383986353874206543e-01
-3.386908769607543945e-01
-3.350320458412170410e-01
-3.382177054882049561e-01
-3.368239700794219971e-01
-3.369327187538146973e-01
-3.381448686122894287e-01
-3.387618362903594971e-01
-3.401884734630584717e-01
-3.399480581283569336e-01
-3.373222649097442627e-01
-3.395571112632751465e-01
-3.389857113361358643e-01
-3.378750085830688477e-01
-3.371746838092803955e-01
-3.354882597923278809e-01
-3.388993442058563232e-01
-3.366971015930175781e-01
-3.376987874507904053e-01
-3.417786955833435059e-01
-3.365384638309478760e-01
-3.380966186523437500e-01
-3.361710608005523682e-01
-3.387398719787597656e-01
-3.387081027030944824e-01
-3.374463617801666260e-01
-3.426246047019958496e-01
-3.370487987995147705e-01
-3.386639356613159180e-01
-3.377266526222229004e-01
-3.381477296352386475e-01
-3.391362428665161133e-01
-3.380407094955444336e-01
-3.388724327087402344e-01
-3.385782241821289062e-01
-3.397348821163177490e-01
-3.345143198966979980e-01
-3.402238786220550537e-01
-3.407490253448486328e-01
-3.395769000053405762e-01
-3.379424512386322021e-01
-3.387410044670104980e-01
-3.386635780334472656e-01
-3.388762474060058594e-01
-3.375387191772460938e-01
-3.391937315464019775e-01
-3.388320207595825195e-01
-3.375266790390014648e-01
-3.402251601219177246e-01
-3.382936418056488037e-01
-3.381719887256622314e-01
-3.361538350582122803e-01
-3.363137841224670410e-01
-3.367848694324493408e-01
-3.407729566097259521e-01
-3.351387977600097656e-01
-3.367367088794708252e-01
-3.373057246208190918e-01
-3.364974260330200195e-01
-3.399291336536407471e-01
-3.390293717384338379e-01
-3.388278186321258545e-01
-3.375912010669708252e-01
-3.406686186790466309e-01
-3.372094631195068359e-01
-3.335410654544830322e-01
-3.362428843975067139e-01
-3.390773236751556396e-01
-3.361121416091918945e-01
-3.358649909496307373e-01
-3.357610404491424561e-01
-3.364162743091583252e-01
-3.409521579742431641e-01
-3.365435600280761719e-01
-3.366197645664215088e-01
-3.376798331737518311e-01
-3.362392783164978027e-01
-3.358272016048431396e-01
-3.328828215599060059e-01
-3.363639414310455322e-01
-3.369103372097015381e-01
-3.382920622825622559e-01
-3.394430279731750488e-01
-3.389909863471984863e-01
-3.366089463233947754e-01
-3.355118036270141602e-01
-3.370526731014251709e-01
-3.393831253051757812e-01
-3.339985013008117676e-01
-3.371992111206054688e-01
-3.352707028388977051e-01
-3.379783630371093750e-01
-3.377063870429992676e-01
-3.345389366149902344e-01
-3.368440270423889160e-01
-3.349004387855529785e-01
-3.376075327396392822e-01
-3.358770310878753662e-01
-3.376930058002471924e-01
-3.404366672039031982e-01
-3.348557651042938232e-01
-3.348478078842163086e-01
-3.337559103965759277e-01
-3.371950387954711914e-01
-3.328399062156677246e-01
-3.351784646511077881e-01
-3.368460834026336670e-01
-3.354792892932891846e-01
-3.368040919303894043e-01
-3.330482244491577148e-01
-3.313013911247253418e-01
-3.371898233890533447e-01
-3.330423533916473389e-01
-3.369212448596954346e-01
-3.377753794193267822e-01
-3.353987336158752441e-01
-3.373704254627227783e-01
-3.369965255260467529e-01
-3.363523483276367188e-01
-3.375211954116821289e-01
-3.356762230396270752e-01
-3.364109396934509277e-01
-3.352436423301696777e-01
-3.377247452735900879e-01
-3.362397253513336182e-01
-3.321113288402557373e-01
-3.362815976142883301e-01
-3.359884023666381836e-01
-3.352794945240020752e-01
-3.321727812290191650e-01
-3.377299010753631592e-01
-3.339753448963165283e-01
-3.385882675647735596e-01
-3.374335467815399170e-01
-3.334965109825134277e-01
-3.347429633140563965e-01
-3.351498246192932129e-01
-3.387866914272308350e-01
-3.369948267936706543e-01
-3.368195593357086182e-01
-3.373793363571166992e-01
-3.356030583381652832e-01
-3.344715237617492676e-01
-3.353711664676666260e-01
-3.351512551307678223e-01
-3.352740108966827393e-01
-3.342370986938476562e-01
-3.335747718811035156e-01
-3.361205160617828369e-01
-3.355422914028167725e-01
-3.379833400249481201e-01
-3.363271951675415039e-01
-3.341256976127624512e-01
-3.316342830657958984e-01
-3.366020619869232178e-01
-3.322350382804870605e-01
-3.335065841674804688e-01
-3.323387801647186279e-01
-3.318730592727661133e-01
-3.360325992107391357e-01
-3.354640007019042969e-01
-3.360588252544403076e-01
-3.317732810974121094e-01
-3.367455005645751953e-01
-3.317608535289764404e-01
-3.365990817546844482e-01
-3.383723199367523193e-01
-3.370522856712341309e-01
-3.368538618087768555e-01
-3.342363238334655762e-01
-3.370914161205291748e-01
-3.366517424583435059e-01
-3.384157717227935791e-01
-3.347990214824676514e-01
-3.333209753036499023e-01
-3.341268897056579590e-01
-3.343212306499481201e-01
-3.337295055389404297e-01
-3.359447717666625977e-01
-3.372710049152374268e-01
-3.360578119754791260e-01
-3.372285366058349609e-01
-3.361363410949707031e-01
-3.366089463233947754e-01
-3.327353894710540771e-01
-3.351146280765533447e-01
-3.347259759902954102e-01
-3.334590196609497070e-01
-3.359241187572479248e-01
-3.372161388397216797e-01
-3.371107876300811768e-01
-3.300194740295410156e-01
-3.335157632827758789e-01
-3.361056447029113770e-01
-3.344976902008056641e-01
-3.346893787384033203e-01
-3.337380886077880859e-01
-3.333129882812500000e-01
-3.366470038890838623e-01
-3.367824852466583252e-01
-3.368903398513793945e-01
-3.333612680435180664e-01
-3.351668715476989746e-01
-3.353120684623718262e-01
-3.332077562808990479e-01
-3.357556164264678955e-01
-3.318014442920684814e-01
-3.354749083518981934e-01
-3.327376842498779297e-01
-3.360795378684997559e-01
-3.311848342418670654e-01
-3.379364013671875000e-01
-3.324445486068725586e-01
-3.365081250667572021e-01
-3.351506888866424561e-01
-3.351895809173583984e-01
-3.357833623886108398e-01
-3.307983279228210449e-01
-3.362499475479125977e-01
-3.350105881690979004e-01
-3.358513712882995605e-01
-3.341970741748809814e-01
-3.340601325035095215e-01
-3.361856043338775635e-01
-3.379145562648773193e-01
-3.371746838092803955e-01
-3.342494368553161621e-01
-3.333225548267364502e-01
-3.352643251419067383e-01
-3.310227692127227783e-01
-3.354801833629608154e-01
-3.355527222156524658e-01
-3.355225324630737305e-01
-3.309857547283172607e-01
-3.338426649570465088e-01
-3.370390236377716064e-01
-3.359947502613067627e-01
-3.340996503829956055e-01
-3.323053717613220215e-01
-3.347927927970886230e-01
-3.321326673030853271e-01
-3.324170708656311035e-01
-3.307219743728637695e-01
-3.290048837661743164e-01
-3.361698985099792480e-01
-3.333320021629333496e-01
-3.363240361213684082e-01
-3.322530984878540039e-01
-3.360248208045959473e-01
-3.302462697029113770e-01
-3.336040079593658447e-01
-3.328852951526641846e-01
-3.357382714748382568e-01
-3.353675603866577148e-01
-3.327344357967376709e-01
-3.353264331817626953e-01
-3.347299396991729736e-01
-3.362118601799011230e-01
-3.333296477794647217e-01
-3.335716426372528076e-01
-3.339630663394927979e-01
-3.354025185108184814e-01
-3.330608010292053223e-01
-3.316982984542846680e-01
-3.334653079509735107e-01
-3.304814994335174561e-01
-3.347229659557342529e-01
-3.332935869693756104e-01
-3.287570476531982422e-01
-3.340440690517425537e-01
-3.325686454772949219e-01
-3.356998562812805176e-01
-3.332127034664154053e-01
-3.315987586975097656e-01
-3.325748145580291748e-01
-3.310083150863647461e-01
-3.322766125202178955e-01
-3.339740931987762451e-01
-3.300817906856536865e-01
-3.312534689903259277e-01
-3.338340818881988525e-01
-3.340666294097900391e-01
-3.317533731460571289e-01
-3.357357680797576904e-01
-3.329966366291046143e-01
-3.318101763725280762e-01
-3.357532620429992676e-01
-3.323246538639068604e-01
-3.334130942821502686e-01
-3.346115648746490479e-01
-3.331652581691741943e-01
-3.339068889617919922e-01
-3.338955342769622803e-01
-3.346128761768341064e-01
-3.320868611335754395e-01
-3.328853249549865723e-01
-3.294355571269989014e-01
-3.349088728427886963e-01
-3.326272666454315186e-01
-3.331110775470733643e-01
-3.338392376899719238e-01
-3.331527411937713623e-01
-3.307243287563323975e-01
-3.327907621860504150e-01
-3.309122025966644287e-01
-3.299354612827301025e-01
-3.330826759338378906e-01
-3.296174407005310059e-01
-3.366302251815795898e-01
-3.346837759017944336e-01
-3.307257592678070068e-01
-3.334181606769561768e-01
-3.298791646957397461e-01
-3.292536437511444092e-01
-3.288284242153167725e-01
-3.294730186462402344e-01
-3.321662545204162598e-01
-3.323631584644317627e-01
-3.303017616271972656e-01
-3.331969976425170898e-01
-3.329034447669982910e-01
-3.306060135364532471e-01
-3.283471763134002686e-01
-3.309702873229980469e-01
-3.348743021488189697e-01
-3.305228352546691895e-01
-3.307329416275024414e-01
-3.357302546501159668e-01
-3.298430740833282471e-01
-3.365295529365539551e-01
-3.316002488136291504e-01
-3.302999138832092285e-01
-3.323414325714111328e-01
-3.315235972404479980e-01
-3.322550952434539795e-01
-3.333819508552551270e-01
-3.299685716629028320e-01
-3.345294296741485596e-01
-3.323937356472015381e-01
-3.329514861106872559e-01
-3.331149220466613770e-01
-3.330087661743164062e-01
-3.336430490016937256e-01
-3.369428515434265137e-01
-3.281611204147338867e-01
-3.312631845474243164e-01
-3.309721648693084717e-01
-3.299603760242462158e-01
-3.310461342334747314e-01
-3.336514234542846680e-01
-3.288456499576568604e-01
-3.310781717300415039e-01
-3.296214342117309570e-01
-3.306261599063873291e-01
-3.321487009525299072e-01
-3.288838565349578857e-01
-3.299101889133453369e-01
-3.328456282615661621e-01
-3.329143226146697998e-01
-3.317419290542602539e-01
-3.295740485191345215e-01
-3.312484025955200195e-01
-3.299562931060791016e-01
-3.308334052562713623e-01
-3.302551507949829102e-01
-3.367150127887725830e-01
-3.348283767700195312e-01
-3.312462270259857178e-01
-3.332678079605102539e-01
-3.282958865165710449e-01
-3.312512934207916260e-01
-3.314893245697021484e-01
-3.321564197540283203e-01
-3.303397297859191895e-01
-3.301678895950317383e-01
-3.314716219902038574e-01
-3.335168361663818359e-01
-3.325853943824768066e-01
-3.324126303195953369e-01
-3.305537700653076172e-01
-3.346362411975860596e-01
-3.333809673786163330e-01
-3.297185003757476807e-01
-3.321204781532287598e-01
-3.318849503993988037e-01
-3.324195444583892822e-01
-3.315812647342681885e-01
-3.320852518081665039e-01
-3.322655260562896729e-01
-3.308005928993225098e-01
-3.329100906848907471e-01
-3.319850265979766846e-01
-3.306277990341186523e-01
-3.343289494514465332e-01
-3.291209936141967773e-01
-3.311898708343505859e-01
-3.338660895824432373e-01
-3.292203545570373535e-01
-3.282913565635681152e-01
-3.302181661128997803e-01
-3.307830691337585449e-01
-3.338100910186767578e-01
-3.296150863170623779e-01
-3.290889859199523926e-01
-3.307930827140808105e-01
-3.333711028099060059e-01
-3.326224982738494873e-01
-3.292167186737060547e-01
-3.353992104530334473e-01
-3.319220542907714844e-01
-3.322819173336029053e-01
-3.272131979465484619e-01
-3.330438733100891113e-01
-3.319542407989501953e-01
-3.308164179325103760e-01
-3.286868333816528320e-01
-3.303036987781524658e-01
-3.288106620311737061e-01
-3.302443027496337891e-01
-3.286774158477783203e-01
-3.329866528511047363e-01
-3.309285640716552734e-01
-3.287921547889709473e-01
-3.305988013744354248e-01
-3.278123140335083008e-01
-3.250411748886108398e-01
-3.284625113010406494e-01
-3.295756876468658447e-01
-3.293394148349761963e-01
-3.299254477024078369e-01
-3.283326327800750732e-01
-3.308475911617279053e-01
-3.305093646049499512e-01
-3.291229605674743652e-01
-3.305546939373016357e-01
-3.321901559829711914e-01
-3.308143913745880127e-01
-3.301438093185424805e-01
-3.277913331985473633e-01
-3.282390832901000977e-01
-3.274979591369628906e-01
-3.313209116458892822e-01
-3.257916867733001709e-01
-3.277321159839630127e-01
-3.306927084922790527e-01
-3.316602706909179688e-01
-3.319600224494934082e-01
-3.287503123283386230e-01
-3.306809961795806885e-01
-3.305977880954742432e-01
-3.276259899139404297e-01
-3.315408229827880859e-01
-3.314602077007293701e-01
-3.294396400451660156e-01
-3.289538919925689697e-01
-3.305921554565429688e-01
-3.324989080429077148e-01
-3.305188715457916260e-01
-3.312173485755920410e-01
-3.284660875797271729e-01
-3.291481435298919678e-01
-3.322510123252868652e-01
-3.282830715179443359e-01
-3.299916386604309082e-01
-3.282325565814971924e-01
-3.330128788948059082e-01
-3.298031091690063477e-01
-3.310860693454742432e-01
-3.330921232700347900e-01
-3.268485069274902344e-01
-3.272440135478973389e-01
-3.285795152187347412e-01
-3.298511803150177002e-01
-3.263786137104034424e-01
-3.302592039108276367e-01
-3.278239667415618896e-01
-3.292742371559143066e-01
-3.308213353157043457e-01
-3.267804682254791260e-01
-3.248242139816284180e-01
-3.287484645843505859e-01
-3.307054340839385986e-01
-3.299944400787353516e-01
-3.289840817451477051e-01
-3.292002379894256592e-01
-3.282323777675628662e-01
-3.282111883163452148e-01
-3.299598693847656250e-01
-3.258683383464813232e-01
-3.275443911552429199e-01
-3.301141262054443359e-01
-3.312148153781890869e-01
-3.297797143459320068e-01
-3.318088054656982422e-01
-3.279402554035186768e-01
-3.293853700160980225e-01
-3.291757702827453613e-01
-3.292568027973175049e-01
-3.303336203098297119e-01
-3.283342123031616211e-01
-3.326980471611022949e-01
-3.294630050659179688e-01
-3.291548490524291992e-01
-3.255671858787536621e-01
-3.295727968215942383e-01
-3.271769881248474121e-01
-3.284054696559906006e-01
-3.274299800395965576e-01
-3.300489485263824463e-01
-3.300535082817077637e-01
-3.257266283035278320e-01
-3.338145017623901367e-01
-3.255168795585632324e-01
-3.278822898864746094e-01
-3.310748934745788574e-01
-3.280554711818695068e-01
-3.314660787582397461e-01
-3.339314460754394531e-01
-3.268418312072753906e-01
-3.307518959045410156e-01
-3.318081200122833252e-01
-3.240508139133453369e-01
-3.332679569721221924e-01
-3.266681432723999023e-01
-3.324385583400726318e-01
-3.310995697975158691e-01
-3.303494155406951904e-01
-3.275753259658813477e-01
-3.298908770084381104e-01
-3.324161469936370850e-01
-3.308641016483306885e-01
-3.312720358371734619e-01
-3.296557366847991943e-01
-3.276038467884063721e-01
-3.280609846115112305e-01
-3.301608860492706299e-01
-3.285830020904541016e-01
-3.283258676528930664e-01
-3.311581909656524658e-01
-3.290575146675109863e-01
-3.271460533142089844e-01
-3.278947770595550537e-01
-3.303488790988922119e-01
-3.274532854557037354e-01
-3.268729150295257568e-01
-3.237803876399993896e-01
-3.292086720466613770e-01
-3.260696232318878174e-01
-3.273270428180694580e-01
-3.253075778484344482e-01
-3.321222066879272461e-01
-3.255017101764678955e-01
-3.279222249984741211e-01
-3.335652053356170654e-01
-3.288335502147674561e-01
-3.302034735679626465e-01
-3.297035992145538330e-01
-3.272690773010253906e-01
-3.289387226104736328e-01
-3.294025957584381104e-01
-3.306245207786560059e-01
-3.312356173992156982e-01
-3.291763961315155029e-01
-3.314922153949737549e-01
-3.306207656860351562e-01
-3.321513533592224121e-01
-3.273373544216156006e-01
-3.314686417579650879e-01
-3.291657269001007080e-01
-3.314489126205444336e-01
-3.303043842315673828e-01
-3.292205035686492920e-01
-3.306808173656463623e-01
-3.322799503803253174e-01
-3.278554677963256836e-01
-3.281649351119995117e-01
-3.283624947071075439e-01
-3.277501463890075684e-01
-3.302308619022369385e-01
-3.254476487636566162e-01
-3.317185640335083008e-01
-3.273237943649291992e-01
-3.283383250236511230e-01
-3.272756934165954590e-01
-3.279874920845031738e-01
-3.303639590740203857e-01
-3.298141062259674072e-01
-3.310528099536895752e-01
-3.280443251132965088e-01
-3.267589807510375977e-01
-3.280128836631774902e-01
-3.255980908870697021e-01
-3.284476399421691895e-01
-3.281395733356475830e-01
-3.293624818325042725e-01
-3.300500512123107910e-01
-3.274708092212677002e-01
-3.284862637519836426e-01
-3.273299634456634521e-01
-3.271771371364593506e-01
-3.285716772079467773e-01
-3.301701247692108154e-01
-3.304260075092315674e-01
-3.288282454013824463e-01
-3.282542824745178223e-01
-3.274549543857574463e-01
-3.273886740207672119e-01
-3.266232013702392578e-01
-3.259166777133941650e-01
-3.288366496562957764e-01
-3.270812332630157471e-01
-3.323498666286468506e-01
-3.253051638603210449e-01
-3.263401091098785400e-01
-3.325231969356536865e-01
-3.248709738254547119e-01
-3.284175992012023926e-01
-3.278703093528747559e-01
-3.311575353145599365e-01
-3.259138464927673340e-01
-3.295046985149383545e-01
-3.271204531192779541e-01
-3.273080587387084961e-01
-3.277500569820404053e-01
-3.241029679775238037e-01
-3.290512859821319580e-01
-3.253557384014129639e-01
-3.258428275585174561e-01
-3.267559707164764404e-01
-3.292552828788757324e-01
-3.283662796020507812e-01
-3.320654630661010742e-01
-3.249124288558959961e-01
-3.281090259552001953e-01
-3.297582268714904785e-01
-3.259219825267791748e-01
-3.305558562278747559e-01
-3.305545747280120850e-01
-3.249656260013580322e-01
-3.257091045379638672e-01
-3.281547725200653076e-01
-3.261312842369079590e-01
-3.259134888648986816e-01
-3.271526396274566650e-01
-3.277811408042907715e-01
-3.300305902957916260e-01
-3.295498192310333252e-01
-3.286629319190979004e-01
-3.295331895351409912e-01
-3.293213844299316406e-01
-3.250141739845275879e-01
-3.277702033519744873e-01
-3.279207050800323486e-01
-3.296513855457305908e-01
-3.270886838436126709e-01
-3.310247659683227539e-01
-3.294109404087066650e-01
-3.307173252105712891e-01
-3.262553811073303223e-01
-3.294630050659179688e-01
-3.244700431823730469e-01
-3.304448127746582031e-01
-3.286853730678558350e-01
-3.266014456748962402e-01
-3.305488824844360352e-01
-3.281461298465728760e-01
-3.288158476352691650e-01
-3.252659440040588379e-01
-3.271523416042327881e-01
-3.288004696369171143e-01
-3.277113735675811768e-01
-3.241663873195648193e-01
-3.237920105457305908e-01
-3.252795338630676270e-01
-3.240623474121093750e-01
-3.289835155010223389e-01
-3.306296169757843018e-01
-3.277010619640350342e-01
-3.235531747341156006e-01
-3.301840424537658691e-01
-3.292385637760162354e-01
-3.265090584754943848e-01
-3.292718827724456787e-01
-3.285987079143524170e-01
-3.266609013080596924e-01
-3.257301449775695801e-01
-3.274978101253509521e-01
-3.253275156021118164e-01
-3.278908133506774902e-01
-3.251563012599945068e-01
-3.254637420177459717e-01
-3.315473496913909912e-01
-3.247441947460174561e-01
-3.287158608436584473e-01
-3.282138109207153320e-01
-3.300424814224243164e-01
-3.239901065826416016e-01
-3.301651477813720703e-01
-3.271573483943939209e-01
-3.274324834346771240e-01
-3.283596932888031006e-01
-3.271610140800476074e-01
-3.279968500137329102e-01
-3.272012770175933838e-01
-3.274472653865814209e-01
-3.282772302627563477e-01
-3.300088047981262207e-01
-3.277083933353424072e-01
-3.282890915870666504e-01
-3.261981010437011719e-01
-3.278512656688690186e-01
-3.271683454513549805e-01
-3.286637067794799805e-01
-3.275296688079833984e-01
-3.287841081619262695e-01
-3.282714188098907471e-01
-3.266758918762207031e-01
-3.283675014972686768e-01
-3.254376351833343506e-01
-3.246184587478637695e-01
-3.286653757095336914e-01
-3.256810307502746582e-01
-3.275607526302337646e-01
-3.303842544555664062e-01
-3.312315344810485840e-01
-3.274207115173339844e-01
-3.240327835083007812e-01
-3.254574835300445557e-01
-3.269242048263549805e-01
-3.289556801319122314e-01
-3.253335058689117432e-01
-3.284147679805755615e-01
-3.274194896221160889e-01
-3.284641802310943604e-01
-3.287252187728881836e-01
-3.253094851970672607e-01
-3.283226191997528076e-01
-3.270035386085510254e-01
-3.286162614822387695e-01
-3.243949711322784424e-01
-3.259853124618530273e-01
-3.285210728645324707e-01
-3.251755237579345703e-01
-3.271290957927703857e-01
-3.239583373069763184e-01
-3.256514966487884521e-01
-3.266083002090454102e-01
-3.265961110591888428e-01
-3.263852596282958984e-01
-3.282639086246490479e-01
-3.240170478820800781e-01
-3.269362151622772217e-01
-3.250714838504791260e-01
-3.277615904808044434e-01
-3.240072131156921387e-01
-3.253138959407806396e-01
-3.238048255443572998e-01
-3.288154602050781250e-01
-3.256245851516723633e-01
-3.270674347877502441e-01
-3.241194486618041992e-01
-3.239775896072387695e-01
-3.283091783523559570e-01
-3.291613757610321045e-01
-3.241302669048309326e-01
-3.308178186416625977e-01
-3.241893947124481201e-01
-3.250184357166290283e-01
-3.268258571624755859e-01
-3.277021348476409912e-01
-3.237032890319824219e-01
-3.247153759002685547e-01
-3.290980756282806396e-01
-3.301373422145843506e-01
-3.267107605934143066e-01
-3.221665024757385254e-01
-3.246616423130035400e-01
-3.305641114711761475e-01
-3.261406719684600830e-01
-3.272680640220642090e-01
-3.312837183475494385e-01
-3.263223767280578613e-01
-3.283860385417938232e-01
-3.280212879180908203e-01
-3.268641233444213867e-01
-3.259402215480804443e-01
-3.257752060890197754e-01
-3.264472186565399170e-01
-3.255176246166229248e-01
-3.228314518928527832e-01
-3.281506299972534180e-01
-3.230768740177154541e-01
-3.286262750625610352e-01
-3.293390870094299316e-01
-3.265948593616485596e-01
-3.272408246994018555e-01
-3.281690180301666260e-01
-3.261384963989257812e-01
-3.304166495800018311e-01
-3.283164203166961670e-01
-3.271990418434143066e-01
-3.268670141696929932e-01
-3.277399539947509766e-01
-3.256135284900665283e-01
-3.257493972778320312e-01
-3.245175778865814209e-01
-3.276611864566802979e-01
-3.249374926090240479e-01
-3.255824744701385498e-01
-3.257544636726379395e-01
-3.279021084308624268e-01
-3.258292973041534424e-01
-3.251123726367950439e-01
-3.263802528381347656e-01
-3.236036896705627441e-01
-3.286421298980712891e-01
-3.281911015510559082e-01
-3.257201015949249268e-01
-3.279339373111724854e-01
-3.273561000823974609e-01
-3.267810046672821045e-01
-3.254141807556152344e-01
-3.264357447624206543e-01
-3.253374099731445312e-01
-3.243453502655029297e-01
-3.248860538005828857e-01
-3.291923105716705322e-01
-3.267427384853363037e-01
-3.256930708885192871e-01
-3.251091539859771729e-01
-3.267040550708770752e-01
-3.246679306030273438e-01
-3.246560394763946533e-01
-3.235669136047363281e-01
-3.217583596706390381e-01
-3.318496346473693848e-01
-3.225138485431671143e-01
-3.264364004135131836e-01
-3.251360654830932617e-01
-3.262981474399566650e-01
-3.264794051647186279e-01
-3.232004344463348389e-01
-3.245961964130401611e-01
-3.243177831172943115e-01
-3.247722685337066650e-01
-3.263415396213531494e-01
-3.219727277755737305e-01
-3.265197873115539551e-01
-3.213410079479217529e-01
-3.291213512420654297e-01
-3.262815773487091064e-01
-3.254951238632202148e-01
-3.267855346202850342e-01
-3.242589235305786133e-01
-3.262314498424530029e-01
-3.256580233573913574e-01
-3.263480365276336670e-01
-3.245029747486114502e-01
-3.225036561489105225e-01
-3.255685567855834961e-01
-3.242196738719940186e-01
-3.258074223995208740e-01
-3.230006098747253418e-01
-3.270027935504913330e-01
-3.245323002338409424e-01
-3.266785740852355957e-01
-3.215354979038238525e-01
-3.256586194038391113e-01
-3.224656879901885986e-01
-3.288741409778594971e-01
-3.275482654571533203e-01
-3.265128731727600098e-01
-3.265160620212554932e-01
-3.257750570774078369e-01
-3.280158042907714844e-01
-3.243743777275085449e-01
-3.247666656970977783e-01
-3.278385102748870850e-01
-3.244827389717102051e-01
-3.253132104873657227e-01
-3.264434635639190674e-01
-3.261007070541381836e-01
-3.290455341339111328e-01
-3.259782195091247559e-01
-3.281606733798980713e-01
-3.239729106426239014e-01
-3.274810612201690674e-01
-3.248690962791442871e-01
-3.260935544967651367e-01
-3.250031173229217529e-01
-3.272396326065063477e-01
-3.263597786426544189e-01
-3.268906176090240479e-01
-3.273074030876159668e-01
-3.210316598415374756e-01
-3.220948874950408936e-01
-3.221077919006347656e-01
-3.278950154781341553e-01
-3.267990648746490479e-01
-3.242189884185791016e-01
-3.250621855258941650e-01
-3.298273384571075439e-01
-3.252697587013244629e-01
-3.267107903957366943e-01
-3.255263566970825195e-01
-3.241874575614929199e-01
-3.259694278240203857e-01
-3.234390914440155029e-01
-3.259301185607910156e-01
-3.273280858993530273e-01
-3.282078802585601807e-01
-3.243541121482849121e-01
-3.252197504043579102e-01
-3.207897841930389404e-01
-3.273763358592987061e-01
-3.241549730300903320e-01
-3.255939185619354248e-01
-3.233803808689117432e-01
-3.193612694740295410e-01
-3.246820569038391113e-01
-3.234954476356506348e-01
-3.269139528274536133e-01
-3.222754001617431641e-01
-3.248128294944763184e-01
-3.270149528980255127e-01
-3.234955966472625732e-01
-3.242290318012237549e-01
-3.240565061569213867e-01
-3.267602920532226562e-01
-3.260951638221740723e-01
-3.289575874805450439e-01
-3.206836581230163574e-01
-3.266499340534210205e-01
-3.218365609645843506e-01
-3.273034393787384033e-01
-3.265658020973205566e-01
-3.250938951969146729e-01
-3.224897384643554688e-01
-3.226380944252014160e-01
-3.261047303676605225e-01
-3.236966431140899658e-01
-3.260115385055541992e-01
-3.235819935798645020e-01
-3.244751393795013428e-01
-3.276062309741973877e-01
-3.246002197265625000e-01
-3.232552111148834229e-01
-3.258821368217468262e-01
-3.279622793197631836e-01
-3.199152648448944092e-01
-3.255676925182342529e-01
-3.238471150398254395e-01
-3.261439204216003418e-01
-3.254437148571014404e-01
-3.283488452434539795e-01
-3.237702548503875732e-01
-3.265913128852844238e-01
-3.293406665325164795e-01
-3.248359858989715576e-01
-3.270275294780731201e-01
-3.246323168277740479e-01
-3.239257633686065674e-01
-3.281592428684234619e-01
-3.226813077926635742e-01
-3.253811001777648926e-01
-3.273524343967437744e-01
-3.265747129917144775e-01
-3.267864286899566650e-01
-3.263415992259979248e-01
-3.248431384563446045e-01
-3.234171867370605469e-01
-3.242248296737670898e-01
-3.230438232421875000e-01
-3.251782953739166260e-01
-3.270917534828186035e-01
-3.239971101284027100e-01
-3.281661868095397949e-01
-3.252471983432769775e-01
-3.246199786663055420e-01
-3.180398643016815186e-01
-3.262453675270080566e-01
-3.268175125122070312e-01
-3.233547508716583252e-01
-3.209515511989593506e-01
-3.237560391426086426e-01
-3.270302712917327881e-01
-3.213182091712951660e-01
-3.271850049495697021e-01
-3.255752027034759521e-01
-3.225696384906768799e-01
-3.223203420639038086e-01
-3.260873556137084961e-01
-3.225806355476379395e-01
-3.231868147850036621e-01
-3.276003301143646240e-01
-3.228997886180877686e-01
-3.245311975479125977e-01
-3.285247683525085449e-01
-3.231166899204254150e-01
-3.271749317646026611e-01
-3.262265324592590332e-01
-3.256260752677917480e-01
-3.260760307312011719e-01
-3.237001895904541016e-01
-3.206076920032501221e-01
-3.253587484359741211e-01
-3.257155120372772217e-01
-3.187123537063598633e-01
-3.251709342002868652e-01
-3.230727910995483398e-01
-3.263919651508331299e-01
-3.251905441284179688e-01
-3.265930116176605225e-01
-3.247117698192596436e-01
-3.253564238548278809e-01
-3.253566920757293701e-01
-3.249809443950653076e-01
-3.227093219757080078e-01
-3.219408094882965088e-01
-3.232510387897491455e-01
-3.236334323883056641e-01
-3.274244070053100586e-01
-3.242275416851043701e-01
-3.235273957252502441e-01
-3.297219276428222656e-01
-3.281459212303161621e-01
-3.222180902957916260e-01
-3.254076838493347168e-01
-3.221439421176910400e-01
-3.195916712284088135e-01
-3.297292292118072510e-01
-3.211995959281921387e-01
-3.254035413265228271e-01
-3.274048566818237305e-01
-3.232663273811340332e-01
-3.236469626426696777e-01
-3.247224092483520508e-01
-3.198874592781066895e-01
-3.228383064270019531e-01
-3.256098628044128418e-01
-3.265784978866577148e-01
-3.217125535011291504e-01
-3.220490217208862305e-01
-3.268533051013946533e-01
-3.214083909988403320e-01
-3.263177573680877686e-01
-3.253144323825836182e-01
-3.204604387283325195e-01
-3.265574574470520020e-01
-3.237788677215576172e-01
-3.235220909118652344e-01
-3.244524896144866943e-01
-3.240613341331481934e-01
-3.222543895244598389e-01
-3.242703378200531006e-01
-3.219456076622009277e-01
-3.204437196254730225e-01
-3.245809972286224365e-01
-3.255253732204437256e-01
-3.285115659236907959e-01
-3.246093094348907471e-01
-3.212679326534271240e-01
-3.219637572765350342e-01
-3.205131888389587402e-01
-3.208832144737243652e-01
-3.271641433238983154e-01
-3.220574259757995605e-01
-3.269725143909454346e-01
-3.228893578052520752e-01
-3.230028152465820312e-01
-3.190918564796447754e-01
-3.238705992698669434e-01
-3.223280012607574463e-01
-3.227674663066864014e-01
-3.216097354888916016e-01
-3.254541158676147461e-01
-3.260867297649383545e-01
-3.208132386207580566e-01
-3.270817101001739502e-01
-3.263338506221771240e-01
-3.226861655712127686e-01
-3.224827945232391357e-01
-3.264960646629333496e-01
-3.256177008152008057e-01
-3.238386213779449463e-01
-3.269733190536499023e-01
-3.256790339946746826e-01
-3.264155685901641846e-01
-3.208346068859100342e-01
-3.261108398437500000e-01
-3.196021616458892822e-01
-3.226163983345031738e-01
-3.262489438056945801e-01
-3.233618736267089844e-01
-3.236112296581268311e-01
-3.234739303588867188e-01
-3.267183005809783936e-01
-3.219437301158905029e-01
-3.214372396469116211e-01
-3.203893303871154785e-01
-3.230387270450592041e-01
-3.206435143947601318e-01
-3.222736716270446777e-01
-3.262798786163330078e-01
-3.215645253658294678e-01
-3.236625492572784424e-01
-3.211398422718048096e-01
-3.240988850593566895e-01
-3.261876106262207031e-01
-3.221909701824188232e-01
-3.232904672622680664e-01
-3.251482546329498291e-01
-3.242895603179931641e-01
-3.208701014518737793e-01
-3.227490484714508057e-01
-3.246281147003173828e-01
-3.240900337696075439e-01
-3.279591798782348633e-01
-3.240441083908081055e-01
-3.238419294357299805e-01
-3.212996125221252441e-01
-3.210297524929046631e-01
-3.204004168510437012e-01
-3.255818486213684082e-01
-3.248351812362670898e-01
-3.275858759880065918e-01
-3.189360499382019043e-01
-3.236016333103179932e-01
-3.248609006404876709e-01
-3.233608901500701904e-01
-3.243244588375091553e-01
-3.214510381221771240e-01
-3.206695616245269775e-01
-3.237867057323455811e-01
-3.243664801120758057e-01
-3.236486911773681641e-01
-3.220009207725524902e-01
-3.202816247940063477e-01
-3.256943821907043457e-01
-3.220596909523010254e-01
-3.214756250381469727e-01
-3.202884197235107422e-01
-3.254050910472869873e-01
-3.234713971614837646e-01
-3.233054280281066895e-01
-3.267948627471923828e-01
-3.284828066825866699e-01
-3.236019909381866455e-01
-3.242114782333374023e-01
-3.243108391761779785e-01
-3.246635794639587402e-01
-3.209484517574310303e-01
-3.210712373256683350e-01
-3.242418766021728516e-01
-3.256817162036895752e-01
-3.205423057079315186e-01
-3.256347179412841797e-01
-3.250808715820312500e-01
-3.177069723606109619e-01
-3.222574293613433838e-01
-3.208902478218078613e-01
-3.206359148025512695e-01
-3.222972452640533447e-01
-3.253270387649536133e-01
-3.229979872703552246e-01
-3.195093870162963867e-01
-3.210153877735137939e-01
-3.225590288639068604e-01
-3.241627216339111328e-01
-3.249430060386657715e-01
-3.214013874530792236e-01
-3.234413862228393555e-01
-3.208763301372528076e-01
-3.227805197238922119e-01
-3.206241726875305176e-01
-3.267050683498382568e-01
-3.246821463108062744e-01
-3.229972422122955322e-01
-3.196758329868316650e-01
-3.198550343513488770e-01
-3.220929205417633057e-01
-3.212814331054687500e-01
-3.244849741458892822e-01
-3.253630101680755615e-01
-3.232933878898620605e-01
-3.237146735191345215e-01
-3.202872276306152344e-01
-3.219774663448333740e-01
-3.255207538604736328e-01
-3.236204087734222412e-01
-3.241439163684844971e-01
-3.242652416229248047e-01
-3.236572742462158203e-01
-3.213332593441009521e-01
-3.188915550708770752e-01
-3.260817825794219971e-01
-3.234934210777282715e-01
-3.219129145145416260e-01
-3.177542686462402344e-01
-3.248489201068878174e-01
-3.248766362667083740e-01
-3.225887715816497803e-01
-3.207669556140899658e-01
-3.256439864635467529e-01
-3.246164023876190186e-01
-3.227370381355285645e-01
-3.243989348411560059e-01
-3.201568126678466797e-01
-3.213739693164825439e-01
-3.201037049293518066e-01
-3.236637711524963379e-01
-3.239299356937408447e-01
-3.203897178173065186e-01
-3.242527842521667480e-01
-3.223575055599212646e-01
-3.251816928386688232e-01
-3.275512754917144775e-01
-3.236065804958343506e-01
-3.222839832305908203e-01
-3.243411183357238770e-01
-3.224198818206787109e-01
-3.195084631443023682e-01
-3.233848810195922852e-01
-3.223955631256103516e-01
-3.230740427970886230e-01
-3.205748200416564941e-01
-3.212640285491943359e-01
-3.247599303722381592e-01
-3.196425437927246094e-01
-3.241582512855529785e-01
-3.214572668075561523e-01
-3.226501941680908203e-01
-3.280341327190399170e-01
-3.230672776699066162e-01
-3.227819800376892090e-01
-3.255739212036132812e-01
-3.189797997474670410e-01
-3.225820958614349365e-01
-3.271442949771881104e-01
-3.214609622955322266e-01
-3.192463815212249756e-01
-3.199272453784942627e-01
-3.228555619716644287e-01
-3.235903978347778320e-01
-3.178708255290985107e-01
-3.238865435123443604e-01
-3.201723694801330566e-01
-3.194838762283325195e-01
-3.228016197681427002e-01
-3.232094049453735352e-01
-3.215308189392089844e-01
-3.207391500473022461e-01
-3.198652267456054688e-01
-3.241729736328125000e-01
-3.222401738166809082e-01
-3.221436738967895508e-01
-3.216672837734222412e-01
-3.253281116485595703e-01
-3.241435587406158447e-01
-3.245213031768798828e-01
-3.211215734481811523e-01
-3.239149153232574463e-01
-3.209365308284759521e-01
-3.227271735668182373e-01
-3.256068527698516846e-01
-3.205251097679138184e-01
-3.191021680831909180e-01
-3.221535980701446533e-01
-3.232417106628417969e-01
-3.224771618843078613e-01
-3.243965804576873779e-01
-3.231923282146453857e-01
-3.252162337303161621e-01
-3.223336040973663330e-01
-3.188704252243041992e-01
-3.237567245960235596e-01
-3.217188119888305664e-01
-3.233660161495208740e-01
-3.291171789169311523e-01
-3.202387690544128418e-01
-3.212936520576477051e-01
-3.208613097667694092e-01
-3.202391266822814941e-01
-3.264202773571014404e-01
-3.213029503822326660e-01
-3.233583569526672363e-01
-3.207315802574157715e-01
-3.215175271034240723e-01
-3.216768801212310791e-01
-3.233140110969543457e-01
-3.244362771511077881e-01
-3.237432241439819336e-01
-3.200259506702423096e-01
-3.261118829250335693e-01
-3.216583430767059326e-01
-3.229247927665710449e-01
-3.237179219722747803e-01
-3.225296735763549805e-01
-3.231028914451599121e-01
-3.205876052379608154e-01
-3.206728398799896240e-01
-3.243024945259094238e-01
-3.209823668003082275e-01
-3.215199112892150879e-01
-3.223541975021362305e-01
-3.265263736248016357e-01
-3.240025639533996582e-01
-3.192365169525146484e-01
-3.242454826831817627e-01
-3.247473239898681641e-01
-3.230407834053039551e-01
-3.203323483467102051e-01
-3.202861547470092773e-01
-3.196370303630828857e-01
-3.177058994770050049e-01
-3.238316178321838379e-01
-3.225130736827850342e-01
-3.275153338909149170e-01
-3.189840912818908691e-01
-3.257650136947631836e-01
-3.227854371070861816e-01
-3.234925568103790283e-01
-3.274538218975067139e-01
-3.266972601413726807e-01
-3.234376609325408936e-01
-3.237424194812774658e-01
-3.210872709751129150e-01
-3.216120600700378418e-01
-3.241132795810699463e-01
-3.203254938125610352e-01
-3.246608972549438477e-01
-3.231886029243469238e-01
-3.221511840820312500e-01
-3.179592490196228027e-01
-3.273848593235015869e-01
-3.214476406574249268e-01
-3.256936073303222656e-01
-3.225691616535186768e-01
-3.224651515483856201e-01
-3.194629549980163574e-01
-3.191201090812683105e-01
-3.219659328460693359e-01
-3.172451257705688477e-01
-3.210904896259307861e-01
-3.216407597064971924e-01
-3.209880888462066650e-01
-3.201407492160797119e-01
-3.218443393707275391e-01
-3.193751871585845947e-01
-3.231986761093139648e-01
-3.189445734024047852e-01
-3.226581513881683350e-01
-3.214178383350372314e-01
-3.192090988159179688e-01
-3.207367658615112305e-01
-3.220393359661102295e-01
-3.211113512516021729e-01
-3.235444426536560059e-01
-3.237726986408233643e-01
-3.237105607986450195e-01
-3.231014907360076904e-01
-3.181165158748626709e-01
-3.184076845645904541e-01
-3.239746093750000000e-01
-3.201800882816314697e-01
-3.227210640907287598e-01
-3.175793290138244629e-01
-3.214311599731445312e-01
-3.210743963718414307e-01
-3.203659057617187500e-01
-3.217343688011169434e-01
-3.215630054473876953e-01
-3.185617923736572266e-01
-3.228954076766967773e-01
-3.206585049629211426e-01
-3.241116404533386230e-01
-3.178423345088958740e-01
-3.157437145709991455e-01
-3.190683722496032715e-01
-3.164944350719451904e-01
-3.202815353870391846e-01
-3.226946294307708740e-01
-3.227349817752838135e-01
-3.178098499774932861e-01
-3.226976990699768066e-01
-3.221837282180786133e-01
-3.239257335662841797e-01
-3.206497728824615479e-01
-3.232916295528411865e-01
-3.236768841743469238e-01
-3.188821375370025635e-01
-3.230034708976745605e-01
-3.232763111591339111e-01
-3.196766674518585205e-01
-3.238613903522491455e-01
-3.229967653751373291e-01
-3.236344456672668457e-01
-3.228943347930908203e-01
-3.224498927593231201e-01
-3.211042881011962891e-01
-3.188302516937255859e-01
-3.205990493297576904e-01
-3.180926442146301270e-01
-3.214986622333526611e-01
-3.198590874671936035e-01
-3.183711767196655273e-01
-3.249463737010955811e-01
-3.201588690280914307e-01
-3.217090964317321777e-01
-3.208679854869842529e-01
-3.172426521778106689e-01
-3.208267092704772949e-01
-3.251126110553741455e-01
-3.214413821697235107e-01
-3.158347010612487793e-01
-3.218094408512115479e-01
-3.155831396579742432e-01
-3.224927484989166260e-01
-3.175886273384094238e-01
-3.205511569976806641e-01
-3.213242590427398682e-01
-3.214211463928222656e-01
-3.187612891197204590e-01
-3.213439881801605225e-01
-3.203545510768890381e-01
-3.182329237461090088e-01
-3.203730285167694092e-01
-3.189587593078613281e-01
-3.249951601028442383e-01
-3.197304606437683105e-01
-3.188843727111816406e-01
-3.200343251228332520e-01
-3.203408718109130859e-01
-3.257126510143280029e-01
-3.235132992267608643e-01
-3.192584812641143799e-01
-3.241282999515533447e-01
-3.227516412734985352e-01
-3.181994557380676270e-01
-3.225694298744201660e-01
-3.203399181365966797e-01
-3.167908787727355957e-01
-3.182744085788726807e-01
-3.225367963314056396e-01
-3.219790756702423096e-01
-3.233732283115386963e-01
-3.164547979831695557e-01
-3.239193558692932129e-01
-3.200341165065765381e-01
-3.233758509159088135e-01
-3.193122446537017822e-01
-3.226134777069091797e-01
-3.198135495185852051e-01
-3.188236653804779053e-01
-3.190481066703796387e-01
-3.185201883316040039e-01
-3.218589425086975098e-01
-3.231126964092254639e-01
-3.227069973945617676e-01
-3.206197023391723633e-01
-3.249240815639495850e-01
-3.224855661392211914e-01
-3.214908242225646973e-01
-3.197620213031768799e-01
-3.203023076057434082e-01
-3.175118565559387207e-01
-3.201887309551239014e-01
-3.229696154594421387e-01
-3.227117061614990234e-01
-3.208886682987213135e-01
-3.235296607017517090e-01
-3.208046853542327881e-01
-3.268555998802185059e-01
-3.186712563037872314e-01
-3.210880458354949951e-01
-3.173795342445373535e-01
-3.236904442310333252e-01
-3.217436671257019043e-01
-3.209893107414245605e-01
-3.217771649360656738e-01
-3.256322145462036133e-01
-3.227072656154632568e-01
-3.206054568290710449e-01
-3.228058516979217529e-01
-3.165271580219268799e-01
-3.247403502464294434e-01
-3.228009641170501709e-01
-3.229826390743255615e-01
-3.227067291736602783e-01
-3.175892233848571777e-01
-3.175846636295318604e-01
-3.206429481506347656e-01
-3.237587213516235352e-01
-3.220365941524505615e-01
-3.224459886550903320e-01
-3.219310343265533447e-01
-3.222529292106628418e-01
-3.230839371681213379e-01
-3.195363581180572510e-01
-3.226812779903411865e-01
-3.224317431449890137e-01
-3.240353763103485107e-01
-3.167523741722106934e-01
-3.235461115837097168e-01
-3.222525715827941895e-01
-3.207473456859588623e-01
-3.188039660453796387e-01
-3.179095685482025146e-01
-3.183951675891876221e-01
-3.203012049198150635e-01
-3.162483274936676025e-01
-3.243409097194671631e-01
-3.205113708972930908e-01
-3.207630813121795654e-01
-3.194507956504821777e-01
-3.218007385730743408e-01
-3.185346722602844238e-01
-3.220688104629516602e-01
-3.188880681991577148e-01
-3.195028305053710938e-01
-3.220044076442718506e-01
-3.217549920082092285e-01
-3.211609721183776855e-01
-3.243737816810607910e-01
-3.199001252651214600e-01
-3.209331035614013672e-01
-3.193523585796356201e-01
-3.196897506713867188e-01
-3.205167949199676514e-01
-3.268576562404632568e-01
-3.184382021427154541e-01
-3.204513788223266602e-01
-3.222228884696960449e-01
-3.198826909065246582e-01
-3.189156055450439453e-01
-3.230457007884979248e-01
-3.200883865356445312e-01
-3.210884928703308105e-01
-3.201337754726409912e-01
-3.199886977672576904e-01
-3.210592567920684814e-01
-3.188493847846984863e-01
-3.201624155044555664e-01
-3.190653622150421143e-01
-3.213261365890502930e-01
-3.233902752399444580e-01
-3.245572447776794434e-01
-3.180107474327087402e-01
-3.226583003997802734e-01
-3.199720382690429688e-01
-3.233981430530548096e-01
-3.196982741355895996e-01
-3.181058168411254883e-01
-3.190428912639617920e-01
-3.245361447334289551e-01
-3.201026022434234619e-01
-3.167096972465515137e-01
-3.186375796794891357e-01
-3.210411369800567627e-01
-3.208844065666198730e-01
-3.220743834972381592e-01
-3.188098073005676270e-01
-3.193517327308654785e-01
-3.200052678585052490e-01
-3.195661604404449463e-01
-3.191310465335845947e-01
-3.208021223545074463e-01
-3.182806372642517090e-01
-3.235728144645690918e-01
-3.215692341327667236e-01
-3.213853836059570312e-01
-3.178808093070983887e-01
-3.228980600833892822e-01
-3.203735649585723877e-01
-3.204160332679748535e-01
-3.199547231197357178e-01
-3.226035535335540771e-01
-3.181713521480560303e-01
-3.191658854484558105e-01
-3.181060850620269775e-01
-3.203243911266326904e-01
-3.222006559371948242e-01
-3.220980465412139893e-01
-3.173413574695587158e-01
