3.292483806610107422e+00
2.642704963684082031e+00
2.104236125946044922e+00
1.576918840408325195e+00
1.178768277168273926e+00
7.976069450378417969e-01
6.395615339279174805e-01
4.460335075855255127e-01
3.207165300846099854e-01
2.428828626871109009e-01
1.910314261913299561e-01
1.265639811754226685e-01
1.108253076672554016e-01
9.262045472860336304e-02
9.981937706470489502e-02
6.558857858180999756e-02
5.436450242996215820e-02
2.964348532259464264e-02
1.543624512851238251e-02
4.401434212923049927e-03
1.179402042180299759e-02
-8.195071131922304630e-04
-3.085390664637088776e-02
-3.359326720237731934e-02
-5.979554355144500732e-02
-6.160946562886238098e-02
-7.158837467432022095e-02
-8.825279027223587036e-02
-7.904268056154251099e-02
-9.229592978954315186e-02
-9.880241751670837402e-02
-1.004471480846405029e-01
-1.037411168217658997e-01
-1.178628206253051758e-01
-1.325129568576812744e-01
-1.252234429121017456e-01
-1.340165138244628906e-01
-1.399636268615722656e-01
-1.376988589763641357e-01
-1.481074839830398560e-01
-1.503824591636657715e-01
-1.546134352684020996e-01
-1.545372009277343750e-01
-1.597036868333816528e-01
-1.584618240594863892e-01
-1.662911623716354370e-01
-1.736977845430374146e-01
-1.771334856748580933e-01
-1.746384203433990479e-01
-1.813731640577316284e-01
-1.792281121015548706e-01
-1.842891275882720947e-01
-1.899149864912033081e-01
-1.918876916170120239e-01
-1.885486394166946411e-01
-1.951273232698440552e-01
-2.021293789148330688e-01
-1.870968937873840332e-01
-1.954807490110397339e-01
-1.970948129892349243e-01
-1.977597922086715698e-01
-2.072825282812118530e-01
-2.015118151903152466e-01
-2.107609361410140991e-01
-1.933727413415908813e-01
-2.018218040466308594e-01
-1.957873255014419556e-01
-2.092956304550170898e-01
-2.269574552774429321e-01
-2.069970667362213135e-01
-2.138209342956542969e-01
-2.215199321508407593e-01
-2.125605344772338867e-01
-2.251738905906677246e-01
-2.178568989038467407e-01
-2.216420918703079224e-01
-2.204770445823669434e-01
-2.336279451847076416e-01
-2.213213741779327393e-01
-2.266360521316528320e-01
-2.261461466550827026e-01
-2.256045490503311157e-01
-2.331455498933792114e-01
-2.289368063211441040e-01
-2.322869747877120972e-01
-2.326952666044235229e-01
-2.288440614938735962e-01
-2.234602123498916626e-01
-2.312880605459213257e-01
-2.306695878505706787e-01
-2.296262532472610474e-01
-2.310221195220947266e-01
-2.365147769451141357e-01
-2.251086384057998657e-01
-2.362706065177917480e-01
-2.257307320833206177e-01
-2.266714870929718018e-01
-2.375085800886154175e-01
-2.420002818107604980e-01
-2.317532002925872803e-01
-2.282911539077758789e-01
-2.275220453739166260e-01
-2.308143675327301025e-01
-2.329669445753097534e-01
-2.354222089052200317e-01
-2.332896143198013306e-01
-2.308717668056488037e-01
-2.455395311117172241e-01
-2.366303652524948120e-01
-2.294646054506301880e-01
-2.365084290504455566e-01
-2.407899200916290283e-01
-2.414364665746688843e-01
-2.433672249317169189e-01
-2.369293123483657837e-01
-2.383686900138854980e-01
-2.416444122791290283e-01
-2.392039149999618530e-01
-2.349731177091598511e-01
-2.435561865568161011e-01
-2.313223928213119507e-01
-2.389291673898696899e-01
-2.416045516729354858e-01
-2.395099550485610962e-01
-2.427535057067871094e-01
-2.279502749443054199e-01
-2.441456615924835205e-01
-2.379584908485412598e-01
-2.449758052825927734e-01
-2.334625273942947388e-01
-2.419046610593795776e-01
-2.434067130088806152e-01
-2.495869100093841553e-01
-2.363705486059188843e-01
-2.507463097572326660e-01
-2.418395727872848511e-01
-2.404363900423049927e-01
-2.392089217901229858e-01
-2.406487911939620972e-01
-2.380589842796325684e-01
-2.428936511278152466e-01
-2.426012903451919556e-01
-2.429142892360687256e-01
-2.537094652652740479e-01
-2.411711066961288452e-01
-2.462845742702484131e-01
-2.404520809650421143e-01
-2.456816136837005615e-01
-2.468472570180892944e-01
-2.547746300697326660e-01
-2.410511672496795654e-01
-2.489707320928573608e-01
-2.420405298471450806e-01
-2.529323101043701172e-01
-2.441771477460861206e-01
-2.484344989061355591e-01
-2.443390786647796631e-01
-2.484776526689529419e-01
-2.393905073404312134e-01
-2.459288388490676880e-01
-2.568458914756774902e-01
-2.445329725742340088e-01
-2.594302296638488770e-01
-2.512399256229400635e-01
-2.483956813812255859e-01
-2.510560750961303711e-01
-2.517968118190765381e-01
-2.513949871063232422e-01
-2.474130243062973022e-01
-2.628469765186309814e-01
-2.483464032411575317e-01
-2.580064535140991211e-01
-2.516078054904937744e-01
-2.468536049127578735e-01
-2.551732063293457031e-01
-2.489791214466094971e-01
-2.579753398895263672e-01
-2.524990141391754150e-01
-2.514538168907165527e-01
-2.541379332542419434e-01
-2.599740624427795410e-01
-2.565682232379913330e-01
-2.479882538318634033e-01
-2.495992183685302734e-01
-2.568743824958801270e-01
-2.563955485820770264e-01
-2.671126723289489746e-01
-2.614712417125701904e-01
-2.506671845912933350e-01
-2.596115171909332275e-01
-2.639294862747192383e-01
-2.541824877262115479e-01
-2.609773576259613037e-01
-2.549984753131866455e-01
-2.641226947307586670e-01
-2.637272477149963379e-01
-2.630994319915771484e-01
-2.650977671146392822e-01
-2.591508626937866211e-01
-2.601037025451660156e-01
-2.586336433887481689e-01
-2.647930979728698730e-01
-2.620107233524322510e-01
-2.640626728534698486e-01
-2.593908607959747314e-01
-2.566409409046173096e-01
-2.670504152774810791e-01
-2.690576910972595215e-01
-2.694489657878875732e-01
-2.630223035812377930e-01
-2.683064639568328857e-01
-2.684379220008850098e-01
-2.660581469535827637e-01
-2.754576802253723145e-01
-2.681729495525360107e-01
-2.538474202156066895e-01
-2.692970931529998779e-01
-2.705934643745422363e-01
-2.654154598712921143e-01
-2.685717642307281494e-01
-2.635221779346466064e-01
-2.615855932235717773e-01
-2.636082768440246582e-01
-2.631678581237792969e-01
-2.730913162231445312e-01
-2.661660015583038330e-01
-2.636299431324005127e-01
-2.686812877655029297e-01
-2.565095722675323486e-01
-2.725254595279693604e-01
-2.696706056594848633e-01
-2.763028442859649658e-01
-2.679405212402343750e-01
-2.711766958236694336e-01
-2.697415947914123535e-01
-2.756474018096923828e-01
-2.703187465667724609e-01
-2.655601799488067627e-01
-2.764820456504821777e-01
-2.725479304790496826e-01
-2.739225625991821289e-01
-2.792290449142456055e-01
-2.717910706996917725e-01
-2.684086263179779053e-01
-2.739849388599395752e-01
-2.812349200248718262e-01
-2.613049447536468506e-01
-2.751533389091491699e-01
-2.785744667053222656e-01
-2.722494602203369141e-01
-2.746703326702117920e-01
-2.752220034599304199e-01
-2.699033915996551514e-01
-2.692664861679077148e-01
-2.775973081588745117e-01
-2.684326767921447754e-01
-2.759642899036407471e-01
-2.820571660995483398e-01
-2.789491713047027588e-01
-2.723598778247833252e-01
-2.638955414295196533e-01
-2.758458852767944336e-01
-2.761003971099853516e-01
-2.703801393508911133e-01
-2.852252423763275146e-01
-2.668200433254241943e-01
-2.749791443347930908e-01
-2.762203812599182129e-01
-2.723294198513031006e-01
-2.704710364341735840e-01
-2.780236303806304932e-01
-2.716952562332153320e-01
-2.734993398189544678e-01
-2.722917497158050537e-01
-2.787932753562927246e-01
-2.784402966499328613e-01
-2.834061384201049805e-01
-2.729454934597015381e-01
-2.754811346530914307e-01
-2.848426401615142822e-01
-2.780963182449340820e-01
-2.719095349311828613e-01
-2.674078047275543213e-01
-2.830371558666229248e-01
-2.748858034610748291e-01
-2.812552452087402344e-01
-2.804404199123382568e-01
-2.683200538158416748e-01
-2.832980751991271973e-01
-2.787356078624725342e-01
-2.751812040805816650e-01
-2.731370925903320312e-01
-2.821115255355834961e-01
-2.733314931392669678e-01
-2.818016409873962402e-01
-2.728224694728851318e-01
-2.764306068420410156e-01
-2.771693468093872070e-01
-2.840636372566223145e-01
-2.833578586578369141e-01
-2.830749750137329102e-01
-2.722387015819549561e-01
-2.740011513233184814e-01
-2.796480059623718262e-01
-2.848609089851379395e-01
-2.759331464767456055e-01
-2.723805904388427734e-01
-2.903732955455780029e-01
-2.713356912136077881e-01
-2.881091833114624023e-01
-2.736651599407196045e-01
-2.694772779941558838e-01
-2.746027708053588867e-01
-2.828363180160522461e-01
-2.748065590858459473e-01
-2.777795493602752686e-01
-2.832769155502319336e-01
-2.700557112693786621e-01
-2.786658406257629395e-01
-2.800411880016326904e-01
-2.737979590892791748e-01
-2.786075472831726074e-01
-2.816227972507476807e-01
-2.837828099727630615e-01
-2.832736074924468994e-01
-2.764296233654022217e-01
-2.706882357597351074e-01
-2.830657958984375000e-01
-2.760428190231323242e-01
-2.783379852771759033e-01
-2.846199870109558105e-01
-2.858627140522003174e-01
-2.704640030860900879e-01
-2.860531210899353027e-01
-2.778827548027038574e-01
-2.906873226165771484e-01
-2.696240246295928955e-01
-2.790445685386657715e-01
-2.706452608108520508e-01
-2.848829925060272217e-01
-2.805378139019012451e-01
-2.769311964511871338e-01
-2.870964109897613525e-01
-2.777486443519592285e-01
-2.779352962970733643e-01
-2.758133411407470703e-01
-2.817963361740112305e-01
-2.782545387744903564e-01
-2.917642295360565186e-01
-2.795594334602355957e-01
-2.807358205318450928e-01
-2.876218855381011963e-01
-2.706042528152465820e-01
-2.859487235546112061e-01
-2.851024270057678223e-01
-2.748518884181976318e-01
-2.721519172191619873e-01
-2.728883624076843262e-01
-2.902525663375854492e-01
-2.866791486740112305e-01
-2.743442952632904053e-01
-2.833981812000274658e-01
-2.774975299835205078e-01
-2.741874158382415771e-01
-2.821074426174163818e-01
-2.853088080883026123e-01
-2.833051383495330811e-01
-2.896908819675445557e-01
-2.843117117881774902e-01
-2.848889827728271484e-01
-2.846765220165252686e-01
-2.770850062370300293e-01
-2.876513600349426270e-01
-2.824237048625946045e-01
-2.824092209339141846e-01
-2.873431444168090820e-01
-2.885967493057250977e-01
-2.679174840450286865e-01
-2.880609035491943359e-01
-2.801495492458343506e-01
-2.756271362304687500e-01
-2.851953208446502686e-01
-2.730928361415863037e-01
-2.862835228443145752e-01
-2.811851501464843750e-01
-2.770309746265411377e-01
-2.848488688468933105e-01
-2.834484875202178955e-01
-2.793737053871154785e-01
-2.789250314235687256e-01
-2.931431829929351807e-01
-2.772980630397796631e-01
-2.824287712574005127e-01
-2.864015698432922363e-01
-2.821489870548248291e-01
-2.870185673236846924e-01
-2.816079854965209961e-01
-2.849709987640380859e-01
-2.787272930145263672e-01
-2.796920239925384521e-01
-2.754651308059692383e-01
-2.840471267700195312e-01
-2.906256020069122314e-01
-2.761690318584442139e-01
-2.887921333312988281e-01
-2.698259949684143066e-01
-2.923994660377502441e-01
-2.858126759529113770e-01
-2.779943346977233887e-01
-2.908861041069030762e-01
-2.757062315940856934e-01
-3.034762442111968994e-01
-2.841915190219879150e-01
-2.894464731216430664e-01
-2.859123051166534424e-01
-2.810338139533996582e-01
-2.860855460166931152e-01
-2.710358500480651855e-01
-2.828217148780822754e-01
-2.871848642826080322e-01
-2.804755866527557373e-01
-2.967254519462585449e-01
-2.801420986652374268e-01
-2.896029055118560791e-01
-2.854847908020019531e-01
-2.870800793170928955e-01
-2.888959348201751709e-01
-2.826892733573913574e-01
-2.830814123153686523e-01
-2.817023992538452148e-01
-2.943053543567657471e-01
-2.797224521636962891e-01
-2.933837473392486572e-01
-2.890206277370452881e-01
-2.839868366718292236e-01
-2.984009385108947754e-01
-2.867206931114196777e-01
-2.862848639488220215e-01
-2.852937579154968262e-01
-2.871754169464111328e-01
-2.973144650459289551e-01
-2.957128882408142090e-01
-2.898062169551849365e-01
-2.810888588428497314e-01
-2.915463149547576904e-01
-2.837666571140289307e-01
-2.862429916858673096e-01
-2.891109585762023926e-01
-2.964674830436706543e-01
-2.901263535022735596e-01
-2.935764193534851074e-01
-2.998189032077789307e-01
-2.912041842937469482e-01
-3.014470338821411133e-01
-2.894308865070343018e-01
-2.901034653186798096e-01
-2.910762131214141846e-01
-2.932417690753936768e-01
-2.885721623897552490e-01
-2.944907248020172119e-01
-2.912991344928741455e-01
-2.957684397697448730e-01
-2.940137982368469238e-01
-2.911373674869537354e-01
-2.898574471473693848e-01
-2.993685603141784668e-01
-2.998045086860656738e-01
-2.910179197788238525e-01
-2.864006459712982178e-01
-2.977322936058044434e-01
-2.974932789802551270e-01
-2.963734269142150879e-01
-2.957833409309387207e-01
-2.931364476680755615e-01
-2.947611212730407715e-01
-2.893274724483489990e-01
-2.934108376502990723e-01
-2.789044380187988281e-01
-2.956884205341339111e-01
-2.946751117706298828e-01
-2.932319343090057373e-01
-2.938545048236846924e-01
-2.979773879051208496e-01
-2.940912246704101562e-01
-3.015483915805816650e-01
-2.923827469348907471e-01
-2.918214499950408936e-01
-2.932918667793273926e-01
-2.940542995929718018e-01
-2.952229976654052734e-01
-2.938465774059295654e-01
-3.040692806243896484e-01
-2.955549359321594238e-01
-2.935808598995208740e-01
-2.979460358619689941e-01
-3.000352382659912109e-01
-2.985181808471679688e-01
-2.886948287487030029e-01
-3.023086488246917725e-01
-2.885147929191589355e-01
-3.072844743728637695e-01
-3.280581235885620117e-01
-3.404590189456939697e-01
-3.445507884025573730e-01
-3.385691344738006592e-01
-3.348585367202758789e-01
-3.301858007907867432e-01
-3.305795490741729736e-01
-3.317466378211975098e-01
-3.312223851680755615e-01
-3.355953991413116455e-01
-3.354395627975463867e-01
-3.453110456466674805e-01
-3.446126282215118408e-01
-3.454542756080627441e-01
-3.449929356575012207e-01
-3.448686897754669189e-01
-3.447184264659881592e-01
-3.449147641658782959e-01
-3.413363099098205566e-01
-3.483254909515380859e-01
-3.501094281673431396e-01
-3.508164882659912109e-01
-3.494206666946411133e-01
-3.522985279560089111e-01
-3.498810231685638428e-01
-3.500366806983947754e-01
-3.507776856422424316e-01
-3.463392257690429688e-01
-3.470422327518463135e-01
-3.465759754180908203e-01
-3.526498973369598389e-01
-3.471857905387878418e-01
-3.523333668708801270e-01
-3.536325097084045410e-01
-3.515041470527648926e-01
-3.540953397750854492e-01
-3.503761589527130127e-01
-3.536590039730072021e-01
-3.517511487007141113e-01
-3.527210056781768799e-01
-3.524136543273925781e-01
-3.532469570636749268e-01
-3.556337058544158936e-01
-3.526250422000885010e-01
-3.564144372940063477e-01
-3.560579419136047363e-01
-3.558287322521209717e-01
-3.581045567989349365e-01
-3.549064397811889648e-01
-3.549214601516723633e-01
-3.556968271732330322e-01
-3.550820648670196533e-01
-3.524557352066040039e-01
-3.561454117298126221e-01
-3.587963879108428955e-01
-3.579388558864593506e-01
-3.569345176219940186e-01
-3.545269072055816650e-01
-3.550722301006317139e-01
-3.529748916625976562e-01
-3.581847250461578369e-01
-3.532901704311370850e-01
-3.555618226528167725e-01
-3.549168109893798828e-01
-3.552426695823669434e-01
-3.551439940929412842e-01
-3.573494851589202881e-01
-3.561309576034545898e-01
-3.610587716102600098e-01
-3.543725013732910156e-01
-3.573603332042694092e-01
-3.563480079174041748e-01
-3.581933081150054932e-01
-3.580022752285003662e-01
-3.539265096187591553e-01
-3.565539419651031494e-01
-3.573300838470458984e-01
-3.546639680862426758e-01
-3.579718768596649170e-01
-3.585765957832336426e-01
-3.578992784023284912e-01
-3.581298589706420898e-01
-3.584224879741668701e-01
-3.561345338821411133e-01
-3.569298088550567627e-01
-3.577657938003540039e-01
-3.581051528453826904e-01
-3.556321859359741211e-01
-3.593964278697967529e-01
-3.573384284973144531e-01
-3.548544943332672119e-01
-3.560037910938262939e-01
-3.572318255901336670e-01
-3.605935871601104736e-01
-3.595780134201049805e-01
-3.574249148368835449e-01
-3.555693328380584717e-01
-3.565598130226135254e-01
-3.610230386257171631e-01
-3.588028550148010254e-01
-3.553413450717926025e-01
-3.593201935291290283e-01
-3.588798344135284424e-01
-3.592525124549865723e-01
-3.566973805427551270e-01
-3.576250672340393066e-01
-3.569891154766082764e-01
-3.598141670227050781e-01
-3.622599542140960693e-01
-3.579293787479400635e-01
-3.566555678844451904e-01
-3.613620698451995850e-01
-3.573657870292663574e-01
-3.600947260856628418e-01
-3.595613837242126465e-01
-3.577024042606353760e-01
-3.577598929405212402e-01
-3.577553629875183105e-01
-3.600808680057525635e-01
-3.580693900585174561e-01
-3.573462963104248047e-01
-3.566715717315673828e-01
-3.561245501041412354e-01
-3.577582240104675293e-01
-3.577046394348144531e-01
-3.598483800888061523e-01
-3.599809408187866211e-01
-3.580200076103210449e-01
-3.586802482604980469e-01
-3.571469485759735107e-01
-3.547391891479492188e-01
-3.622402846813201904e-01
-3.580337464809417725e-01
-3.577778637409210205e-01
-3.582811355590820312e-01
-3.608058393001556396e-01
-3.617208898067474365e-01
-3.580076992511749268e-01
-3.547116518020629883e-01
-3.583123683929443359e-01
-3.594590425491333008e-01
-3.577410280704498291e-01
-3.562774062156677246e-01
-3.554000258445739746e-01
-3.581328690052032471e-01
-3.593091070652008057e-01
-3.590772747993469238e-01
-3.593657016754150391e-01
-3.614306747913360596e-01
-3.587158918380737305e-01
-3.590355813503265381e-01
-3.602100312709808350e-01
-3.572294712066650391e-01
-3.603638112545013428e-01
-3.577832579612731934e-01
-3.600847125053405762e-01
-3.571253716945648193e-01
-3.593721687793731689e-01
-3.592285811901092529e-01
-3.603916466236114502e-01
-3.612013459205627441e-01
-3.612416088581085205e-01
-3.616050481796264648e-01
-3.583200275897979736e-01
-3.601018190383911133e-01
-3.623659312725067139e-01
-3.586060106754302979e-01
-3.594069182872772217e-01
-3.585397899150848389e-01
-3.590076863765716553e-01
-3.589832186698913574e-01
-3.610050380229949951e-01
-3.596418499946594238e-01
-3.602210581302642822e-01
-3.587911128997802734e-01
-3.580081760883331299e-01
-3.603723645210266113e-01
-3.620396852493286133e-01
-3.599066734313964844e-01
-3.612633049488067627e-01
-3.590511381626129150e-01
-3.592444360256195068e-01
-3.591088652610778809e-01
-3.597891330718994141e-01
-3.572009801864624023e-01
-3.593362569808959961e-01
-3.615230023860931396e-01
-3.590410649776458740e-01
-3.590138554573059082e-01
-3.583373427391052246e-01
-3.598977029323577881e-01
-3.594302237033843994e-01
-3.593623340129852295e-01
-3.612540066242218018e-01
-3.589598834514617920e-01
-3.585921227931976318e-01
-3.580707311630249023e-01
-3.593385517597198486e-01
-3.597993254661560059e-01
-3.614542186260223389e-01
-3.598287403583526611e-01
-3.595857024192810059e-01
-3.620982170104980469e-01
-3.603108227252960205e-01
-3.606097996234893799e-01
-3.588669300079345703e-01
-3.595972657203674316e-01
-3.606237173080444336e-01
-3.582544922828674316e-01
-3.583114147186279297e-01
-3.635037839412689209e-01
-3.620882034301757812e-01
-3.594507575035095215e-01
-3.593913614749908447e-01
-3.586159050464630127e-01
-3.605181276798248291e-01
-3.582052588462829590e-01
-3.607961535453796387e-01
-3.570939898490905762e-01
-3.572529852390289307e-01
-3.589028418064117432e-01
-3.579376339912414551e-01
-3.612122237682342529e-01
-3.599568009376525879e-01
-3.627406656742095947e-01
-3.602023720741271973e-01
-3.620970845222473145e-01
-3.619157671928405762e-01
-3.623944222927093506e-01
-3.595799505710601807e-01
-3.604108989238739014e-01
-3.601328730583190918e-01
-3.611204922199249268e-01
-3.624496459960937500e-01
-3.620150089263916016e-01
-3.594266474246978760e-01
-3.604525327682495117e-01
-3.593391180038452148e-01
-3.620485365390777588e-01
-3.587534725666046143e-01
-3.602796196937561035e-01
-3.617515265941619873e-01
-3.606088161468505859e-01
-3.609398901462554932e-01
-3.620309829711914062e-01
-3.612869977951049805e-01
-3.595777451992034912e-01
-3.624086380004882812e-01
-3.582206666469573975e-01
-3.616706430912017822e-01
-3.624293804168701172e-01
-3.622329831123352051e-01
-3.597020804882049561e-01
-3.612045347690582275e-01
-3.603322207927703857e-01
-3.595654964447021484e-01
-3.616295456886291504e-01
-3.605079650878906250e-01
-3.621967136859893799e-01
-3.612401485443115234e-01
-3.597840070724487305e-01
-3.595031499862670898e-01
-3.593103587627410889e-01
-3.626787364482879639e-01
-3.623302578926086426e-01
-3.601866364479064941e-01
-3.618772625923156738e-01
-3.611436486244201660e-01
-3.621681034564971924e-01
-3.609772026538848877e-01
-3.603371083736419678e-01
-3.634051978588104248e-01
-3.610968291759490967e-01
-3.620462119579315186e-01
-3.623208701610565186e-01
-3.609969913959503174e-01
-3.617330491542816162e-01
-3.623677790164947510e-01
-3.610333204269409180e-01
-3.602655529975891113e-01
-3.610424697399139404e-01
-3.611143231391906738e-01
-3.604415357112884521e-01
-3.604770004749298096e-01
-3.621957004070281982e-01
-3.623405098915100098e-01
-3.623176217079162598e-01
-3.605716824531555176e-01
-3.604864180088043213e-01
-3.602737188339233398e-01
-3.605894148349761963e-01
-3.601239025592803955e-01
-3.583843410015106201e-01
-3.616091012954711914e-01
-3.629718124866485596e-01
-3.597881495952606201e-01
-3.628173172473907471e-01
-3.610168993473052979e-01
-3.610352873802185059e-01
-3.615488409996032715e-01
-3.619566261768341064e-01
-3.600520491600036621e-01
-3.621083498001098633e-01
-3.610344529151916504e-01
-3.611833453178405762e-01
-3.610259890556335449e-01
-3.623781800270080566e-01
-3.613970279693603516e-01
-3.611162602901458740e-01
-3.623379468917846680e-01
-3.608126938343048096e-01
-3.623845875263214111e-01
-3.631799817085266113e-01
-3.636189103126525879e-01
-3.633600175380706787e-01
-3.621165454387664795e-01
-3.613065183162689209e-01
-3.605237305164337158e-01
-3.625957965850830078e-01
-3.627692461013793945e-01
-3.628444969654083252e-01
-3.600164055824279785e-01
-3.614218831062316895e-01
-3.617447614669799805e-01
-3.604818582534790039e-01
-3.611623644828796387e-01
-3.621454536914825439e-01
-3.612074851989746094e-01
-3.594914376735687256e-01
-3.611835837364196777e-01
-3.621219396591186523e-01
-3.603681027889251709e-01
-3.633870780467987061e-01
-3.606826961040496826e-01
-3.625142276287078857e-01
-3.613472282886505127e-01
-3.627327382564544678e-01
-3.624055981636047363e-01
-3.635638952255249023e-01
-3.622277379035949707e-01
-3.636691272258758545e-01
-3.625518679618835449e-01
-3.608562946319580078e-01
-3.611173629760742188e-01
-3.621066808700561523e-01
-3.606573939323425293e-01
-3.635403215885162354e-01
-3.645168244838714600e-01
-3.635997474193572998e-01
-3.630061745643615723e-01
-3.616803884506225586e-01
-3.616863787174224854e-01
-3.605372011661529541e-01
-3.631708920001983643e-01
-3.627579510211944580e-01
-3.628333210945129395e-01
-3.632076382637023926e-01
-3.611808419227600098e-01
-3.605729341506958008e-01
-3.633922636508941650e-01
-3.600392937660217285e-01
-3.633979260921478271e-01
-3.626357614994049072e-01
-3.610717654228210449e-01
-3.617898225784301758e-01
-3.635102510452270508e-01
-3.610455393791198730e-01
-3.621484935283660889e-01
-3.609592914581298828e-01
-3.659968078136444092e-01
-3.636855483055114746e-01
-3.616815209388732910e-01
-3.647540211677551270e-01
-3.612193763256072998e-01
-3.631879091262817383e-01
-3.628585040569305420e-01
-3.634352982044219971e-01
-3.661238849163055420e-01
-3.592916131019592285e-01
-3.632027506828308105e-01
-3.623376786708831787e-01
-3.630162477493286133e-01
-3.629172444343566895e-01
-3.626774847507476807e-01
-3.624055385589599609e-01
-3.631481826305389404e-01
-3.638369739055633545e-01
-3.653878271579742432e-01
-3.622584342956542969e-01
-3.600029945373535156e-01
-3.621505796909332275e-01
-3.626471459865570068e-01
-3.605846464633941650e-01
-3.627513945102691650e-01
-3.616099953651428223e-01
-3.625162243843078613e-01
-3.599281311035156250e-01
-3.613110780715942383e-01
-3.632413446903228760e-01
-3.641162812709808350e-01
-3.617622554302215576e-01
-3.608309626579284668e-01
-3.632188141345977783e-01
-3.618296980857849121e-01
-3.636611700057983398e-01
-3.588463664054870605e-01
-3.641173839569091797e-01
-3.646840155124664307e-01
-3.628498911857604980e-01
-3.642319440841674805e-01
-3.604608178138732910e-01
-3.634549081325531006e-01
-3.658124804496765137e-01
-3.653936386108398438e-01
-3.629323542118072510e-01
-3.620889186859130859e-01
-3.634041547775268555e-01
-3.638232350349426270e-01
-3.624100089073181152e-01
-3.607175946235656738e-01
-3.612982928752899170e-01
-3.639951646327972412e-01
-3.628445267677307129e-01
-3.645687997341156006e-01
-3.629519641399383545e-01
-3.616314232349395752e-01
-3.634389936923980713e-01
-3.616698384284973145e-01
-3.637410402297973633e-01
-3.623361289501190186e-01
-3.614519238471984863e-01
-3.613005876541137695e-01
-3.577470481395721436e-01
-3.629743754863739014e-01
-3.609780371189117432e-01
-3.631624579429626465e-01
-3.640074431896209717e-01
-3.640354275703430176e-01
-3.615212440490722656e-01
-3.646397590637207031e-01
-3.638133406639099121e-01
-3.648872077465057373e-01
-3.614962697029113770e-01
-3.617818057537078857e-01
-3.635935783386230469e-01
-3.650644719600677490e-01
-3.607996702194213867e-01
-3.610288202762603760e-01
-3.602178096771240234e-01
-3.611806035041809082e-01
-3.633292913436889648e-01
-3.613005876541137695e-01
-3.623619079589843750e-01
-3.638248145580291748e-01
-3.617293238639831543e-01
-3.618354499340057373e-01
-3.623805046081542969e-01
-3.631135225296020508e-01
-3.620495498180389404e-01
-3.605794012546539307e-01
-3.656333684921264648e-01
-3.636500239372253418e-01
-3.620011508464813232e-01
-3.640879988670349121e-01
-3.635974824428558350e-01
-3.645252585411071777e-01
-3.656954765319824219e-01
-3.635970950126647949e-01
-3.619876503944396973e-01
-3.611150681972503662e-01
-3.632915914058685303e-01
-3.635002970695495605e-01
-3.616705536842346191e-01
-3.630540668964385986e-01
-3.632618188858032227e-01
-3.621978461742401123e-01
-3.634943962097167969e-01
-3.633111715316772461e-01
-3.609931170940399170e-01
-3.625374436378479004e-01
-3.625950217247009277e-01
-3.635588288307189941e-01
-3.605447411537170410e-01
-3.630818426609039307e-01
-3.626657128334045410e-01
-3.630633652210235596e-01
-3.616368472576141357e-01
-3.628444075584411621e-01
-3.618809282779693604e-01
-3.634123504161834717e-01
-3.643259704113006592e-01
-3.621108531951904297e-01
-3.645579516887664795e-01
-3.621457815170288086e-01
-3.639100193977355957e-01
-3.630979657173156738e-01
-3.615550696849822998e-01
-3.650977909564971924e-01
-3.649871945381164551e-01
