-3.690874576568603516e-01
-3.887052237987518311e-01
-3.930666446685791016e-01
-3.938770592212677002e-01
-3.987782001495361328e-01
-4.004737138748168945e-01
-3.975661396980285645e-01
-3.976029753684997559e-01
-3.985286056995391846e-01
-3.999710083007812500e-01
-3.962357640266418457e-01
-4.019500017166137695e-01
-3.576696217060089111e-01
-4.002955257892608643e-01
-4.019165635108947754e-01
-3.992403447628021240e-01
-3.985650837421417236e-01
-4.004189074039459229e-01
-4.024992585182189941e-01
-3.732262551784515381e-01
-3.936296999454498291e-01
-3.958944678306579590e-01
-3.956702351570129395e-01
-3.995460271835327148e-01
-3.977414071559906006e-01
-3.995589017868041992e-01
-3.977112472057342529e-01
-4.013803899288177490e-01
-4.009776115417480469e-01
-4.014534354209899902e-01
-4.018271565437316895e-01
-4.022619128227233887e-01
-4.029359221458435059e-01
-4.038147032260894775e-01
-4.008213579654693604e-01
-4.035002589225769043e-01
-3.997116386890411377e-01
-4.027014076709747314e-01
-4.013738930225372314e-01
-4.027891159057617188e-01
-3.776744902133941650e-01
-3.837761878967285156e-01
-3.962768316268920898e-01
-3.979249894618988037e-01
-3.985659182071685791e-01
-3.973417878150939941e-01
-4.013264775276184082e-01
-3.995165824890136719e-01
-3.988344073295593262e-01
-4.013094604015350342e-01
-4.033679664134979248e-01
-3.770660161972045898e-01
-4.014463424682617188e-01
-3.858637809753417969e-01
-4.013362824916839600e-01
-4.012893736362457275e-01
-3.997000157833099365e-01
-3.529842495918273926e-01
-4.027152061462402344e-01
-4.001183509826660156e-01
-4.013559222221374512e-01
-2.519204616546630859e-01
-3.544340431690216064e-01
-3.687057495117187500e-01
-3.726378679275512695e-01
-3.687790930271148682e-01
-3.741022348403930664e-01
-3.769324421882629395e-01
-3.798694312572479248e-01
-3.793492019176483154e-01
-3.857134878635406494e-01
-3.862105607986450195e-01
-3.905694782733917236e-01
-2.173025459051132202e-01
-2.679022848606109619e-01
-3.403755426406860352e-01
-3.637877106666564941e-01
-3.761077523231506348e-01
-3.700683116912841797e-01
-3.793076276779174805e-01
-3.757820427417755127e-01
-3.803724646568298340e-01
-3.785453438758850098e-01
-3.731620311737060547e-01
-3.746108412742614746e-01
-3.732175230979919434e-01
-3.730627298355102539e-01
-3.749022185802459717e-01
-3.792381286621093750e-01
-3.748970925807952881e-01
-3.819602727890014648e-01
-3.815029859542846680e-01
-3.719400763511657715e-01
-3.755823373794555664e-01
-3.679035604000091553e-01
-3.787104785442352295e-01
-3.730191588401794434e-01
-3.749061822891235352e-01
-3.782484531402587891e-01
-3.807666301727294922e-01
-3.783886730670928955e-01
-3.729821741580963135e-01
-3.745027780532836914e-01
-3.774510622024536133e-01
-3.725707530975341797e-01
-3.823814094066619873e-01
-3.697302937507629395e-01
-3.711582720279693604e-01
-3.611275851726531982e-01
-3.650855720043182373e-01
-3.708130419254302979e-01
-3.684498369693756104e-01
-3.686996102333068848e-01
-3.750251233577728271e-01
-3.755228519439697266e-01
-3.784032464027404785e-01
-3.825644254684448242e-01
-3.779610693454742432e-01
-3.689437806606292725e-01
-3.905568718910217285e-01
-3.889995813369750977e-01
-3.894796073436737061e-01
-3.876721858978271484e-01
-3.908726274967193604e-01
-3.890134990215301514e-01
-3.925139605998992920e-01
-3.905423581600189209e-01
-3.877841830253601074e-01
-3.911582529544830322e-01
-3.911218643188476562e-01
-3.925296664237976074e-01
-3.954328000545501709e-01
-3.914559185504913330e-01
-3.834344744682312012e-01
-3.915749192237854004e-01
-3.950893878936767578e-01
-3.940028548240661621e-01
-3.929149210453033447e-01
-3.949269652366638184e-01
-3.871263861656188965e-01
-3.932913243770599365e-01
-3.943809866905212402e-01
-3.936975598335266113e-01
-3.961569070816040039e-01
-3.883046805858612061e-01
-3.951729834079742432e-01
-3.890705704689025879e-01
-3.726392090320587158e-01
-3.903940320014953613e-01
-3.938941955566406250e-01
-3.932338356971740723e-01
-3.700708746910095215e-01
-3.783305585384368896e-01
-3.879500031471252441e-01
-3.951353430747985840e-01
-3.937133252620697021e-01
-3.946176767349243164e-01
-3.947571516036987305e-01
-3.968839645385742188e-01
-3.955784738063812256e-01
-3.922871053218841553e-01
-3.997404873371124268e-01
-3.952645063400268555e-01
-3.962468206882476807e-01
-3.822695314884185791e-01
-3.940009772777557373e-01
-2.171265482902526855e-01
-2.602878510951995850e-01
-2.652055323123931885e-01
-3.662872910499572754e-01
-3.637391328811645508e-01
-3.575879931449890137e-01
-3.622952103614807129e-01
-3.731973767280578613e-01
-3.747266232967376709e-01
-3.667194545269012451e-01
-3.704624772071838379e-01
-3.686711490154266357e-01
-3.768492937088012695e-01
-3.741646707057952881e-01
-3.746953010559082031e-01
-3.720764219760894775e-01
-3.659955859184265137e-01
-3.778035044670104980e-01
-3.769608736038208008e-01
-3.717817962169647217e-01
-3.768369257450103760e-01
-3.785228133201599121e-01
-3.778808116912841797e-01
-3.808009326457977295e-01
-3.814321458339691162e-01
-3.772622942924499512e-01
-3.751834630966186523e-01
-3.788577914237976074e-01
-3.801629245281219482e-01
-3.778887391090393066e-01
-3.846950232982635498e-01
-3.792117834091186523e-01
-3.819091916084289551e-01
-3.795797824859619141e-01
-3.767433762550354004e-01
-3.847490251064300537e-01
-3.726275563240051270e-01
-3.677066862583160400e-01
-3.848217725753784180e-01
-3.780761063098907471e-01
-3.830006420612335205e-01
-3.820885717868804932e-01
-3.820813894271850586e-01
-3.831733763217926025e-01
-3.867699503898620605e-01
-3.860053718090057373e-01
-3.915461301803588867e-01
-3.909623324871063232e-01
-3.826377689838409424e-01
-3.898890316486358643e-01
-3.878989517688751221e-01
-3.816512525081634521e-01
-3.918291032314300537e-01
-3.947168588638305664e-01
-3.949614763259887695e-01
-3.919218778610229492e-01
-3.869732618331909180e-01
-3.890494406223297119e-01
-2.160181552171707153e-01
-2.178277820348739624e-01
-2.394796460866928101e-01
-2.142715007066726685e-01
-2.290351539850234985e-01
-2.447942197322845459e-01
-2.233283966779708862e-01
-2.405752092599868774e-01
-2.552862763404846191e-01
-2.285335361957550049e-01
-2.528598010540008545e-01
-2.692179381847381592e-01
-2.261075377464294434e-01
-2.240900695323944092e-01
-2.119596302509307861e-01
-2.403447031974792480e-01
-2.317243963479995728e-01
-2.594185471534729004e-01
-2.727874219417572021e-01
-2.683316171169281006e-01
-2.540310323238372803e-01
-2.806950807571411133e-01
-2.778973281383514404e-01
-2.306783795356750488e-01
-2.159973084926605225e-01
-2.526792287826538086e-01
-2.563223838806152344e-01
-2.727036178112030029e-01
-2.516591250896453857e-01
-2.744700908660888672e-01
-2.743566036224365234e-01
-2.847481071949005127e-01
-2.873268425464630127e-01
-2.855826616287231445e-01
-2.922424077987670898e-01
-2.982774078845977783e-01
-2.678240835666656494e-01
-2.893494963645935059e-01
-2.823546826839447021e-01
-3.143957555294036865e-01
-3.054572045803070068e-01
-3.197779655456542969e-01
-3.090535402297973633e-01
-3.075506985187530518e-01
-2.886370122432708740e-01
-3.141281604766845703e-01
-3.244766891002655029e-01
-3.030590713024139404e-01
-3.309624791145324707e-01
-3.195874094963073730e-01
-3.327864706516265869e-01
-3.277760744094848633e-01
-3.359063863754272461e-01
-3.295200169086456299e-01
-3.337954580783843994e-01
-2.957596480846405029e-01
-3.137594461441040039e-01
-3.005790710449218750e-01
-2.985189557075500488e-01
-3.267749249935150146e-01
-3.254704773426055908e-01
-2.679084539413452148e-01
-2.815622687339782715e-01
-2.948306798934936523e-01
-2.822008728981018066e-01
-2.726855576038360596e-01
-2.951516211032867432e-01
-2.598115801811218262e-01
-2.171981185674667358e-01
-2.436460554599761963e-01
-2.139649987220764160e-01
-2.513324022293090820e-01
-2.320003509521484375e-01
-2.533188164234161377e-01
-2.378927469253540039e-01
-2.507285475730895996e-01
-2.454584985971450806e-01
-2.519260644912719727e-01
-2.330416589975357056e-01
-2.502588927745819092e-01
-2.492778748273849487e-01
-2.732854485511779785e-01
-2.113813608884811401e-01
-2.363274842500686646e-01
-2.620735764503479004e-01
-2.257250249385833740e-01
-2.296040505170822144e-01
-2.407392859458923340e-01
-2.375411391258239746e-01
-2.395057380199432373e-01
-2.408706247806549072e-01
-2.450009137392044067e-01
-2.423008084297180176e-01
-2.300158441066741943e-01
-2.537732124328613281e-01
-2.515860497951507568e-01
-2.310162037611007690e-01
-2.611112296581268311e-01
-2.432678192853927612e-01
-2.518014609813690186e-01
-2.630891501903533936e-01
-2.480381280183792114e-01
-2.669612467288970947e-01
-2.793989777565002441e-01
-2.689054012298583984e-01
-2.665257155895233154e-01
-2.481477707624435425e-01
-2.785034775733947754e-01
-2.507731616497039795e-01
-1.993073523044586182e-01
-2.120523601770401001e-01
-1.950238347053527832e-01
-2.201180756092071533e-01
-1.906435489654541016e-01
-1.739203184843063354e-01
-2.234575450420379639e-01
-2.197241634130477905e-01
-1.976693570613861084e-01
-2.195877730846405029e-01
-2.107058763504028320e-01
-2.144089043140411377e-01
-1.908120065927505493e-01
-2.199607044458389282e-01
-1.982167661190032959e-01
-2.210260033607482910e-01
-2.294120192527770996e-01
-2.143618911504745483e-01
-1.874937415122985840e-01
-2.041556686162948608e-01
-2.011861950159072876e-01
-2.384177148342132568e-01
-1.849157363176345825e-01
-1.828096359968185425e-01
-1.938755512237548828e-01
-2.154075503349304199e-01
-2.000235021114349365e-01
-1.923244446516036987e-01
-1.937814950942993164e-01
-2.267232388257980347e-01
-2.179724574089050293e-01
-1.731315553188323975e-01
-2.213649451732635498e-01
-2.347254008054733276e-01
-2.203541845083236694e-01
-2.010233700275421143e-01
-2.048210501670837402e-01
-2.109576463699340820e-01
-2.264241427183151245e-01
-2.284299284219741821e-01
-2.242960482835769653e-01
-2.377410531044006348e-01
-2.268686890602111816e-01
-2.493005692958831787e-01
-2.517189979553222656e-01
-2.487547248601913452e-01
-2.537056505680084229e-01
-2.666954696178436279e-01
-2.491160333156585693e-01
-2.238743454217910767e-01
-2.200779169797897339e-01
-2.250442951917648315e-01
-2.261595129966735840e-01
-2.521580755710601807e-01
-2.264023870229721069e-01
-2.552034258842468262e-01
-2.550010085105895996e-01
-2.694547176361083984e-01
-2.614584267139434814e-01
-2.509043514728546143e-01
-2.609902620315551758e-01
-2.522812187671661377e-01
-2.487809062004089355e-01
-2.801362872123718262e-01
-2.607325911521911621e-01
-2.734153568744659424e-01
-2.576213181018829346e-01
-2.431452572345733643e-01
-2.872639298439025879e-01
-2.704751193523406982e-01
-2.654336094856262207e-01
-2.878419458866119385e-01
-2.868975102901458740e-01
-2.589705884456634521e-01
-2.968483269214630127e-01
-2.763575315475463867e-01
-2.581379413604736328e-01
-2.880266010761260986e-01
-2.557891607284545898e-01
-2.621825039386749268e-01
-2.636668682098388672e-01
-2.759274244308471680e-01
-2.788055241107940674e-01
-2.516310214996337891e-01
-2.887877821922302246e-01
-2.782991230487823486e-01
-2.693933844566345215e-01
-2.666223347187042236e-01
-2.980801165103912354e-01
-2.677781879901885986e-01
-2.676162123680114746e-01
-2.695044875144958496e-01
-2.746613621711730957e-01
-2.759980559349060059e-01
-2.722531259059906006e-01
-2.482927888631820679e-01
-2.349850684404373169e-01
-2.714402377605438232e-01
-3.021510839462280273e-01
-2.744189500808715820e-01
-2.596331834793090820e-01
-2.700434029102325439e-01
-2.740753889083862305e-01
-2.694580554962158203e-01
-2.719644904136657715e-01
-2.689621448516845703e-01
-2.808024287223815918e-01
-2.933290302753448486e-01
-2.615062892436981201e-01
-2.373148202896118164e-01
-2.099289149045944214e-01
-2.542171180248260498e-01
-2.335715740919113159e-01
-2.500074505805969238e-01
-2.534436881542205811e-01
-2.544291913509368896e-01
-2.208359986543655396e-01
-2.130073010921478271e-01
-2.116801738739013672e-01
-2.152961194515228271e-01
-2.220423668622970581e-01
-2.447127401828765869e-01
-2.110193520784378052e-01
-2.332571446895599365e-01
-2.377009540796279907e-01
-2.327415198087692261e-01
-2.034967839717864990e-01
-2.290756553411483765e-01
-2.323514670133590698e-01
-2.329300493001937866e-01
-2.228471040725708008e-01
-2.507821321487426758e-01
-2.239129692316055298e-01
-2.374020218849182129e-01
-2.402788996696472168e-01
-2.371160835027694702e-01
-2.256876528263092041e-01
-2.529108822345733643e-01
-2.306404262781143188e-01
-2.325535863637924194e-01
-2.505345940589904785e-01
-2.209876030683517456e-01
-2.315779924392700195e-01
-2.231430709362030029e-01
-2.333242744207382202e-01
-2.301823496818542480e-01
-2.557209432125091553e-01
-2.586262822151184082e-01
-2.443100512027740479e-01
-2.166756391525268555e-01
-2.313864827156066895e-01
-2.411494106054306030e-01
-2.379267364740371704e-01
-2.240273803472518921e-01
-2.333097606897354126e-01
-2.158114463090896606e-01
-2.338633984327316284e-01
-2.409143298864364624e-01
-2.569727003574371338e-01
-2.424767166376113892e-01
-2.357852458953857422e-01
-2.394998222589492798e-01
-2.435296177864074707e-01
-2.605137825012207031e-01
-2.514626681804656982e-01
-2.199431955814361572e-01
-2.455563247203826904e-01
-2.512544691562652588e-01
-2.522501051425933838e-01
-2.560504972934722900e-01
-2.634800374507904053e-01
-2.577199935913085938e-01
-2.352457940578460693e-01
-2.615213096141815186e-01
-2.745737731456756592e-01
-2.709404528141021729e-01
-2.497575730085372925e-01
-2.508757114410400391e-01
-2.550036907196044922e-01
-2.682772278785705566e-01
-2.627291083335876465e-01
-2.657279968261718750e-01
-2.318870574235916138e-01
-2.337931841611862183e-01
-2.614749372005462646e-01
-2.377409338951110840e-01
-2.557055652141571045e-01
-2.701501548290252686e-01
-2.600171864032745361e-01
-2.440766841173171997e-01
-2.519964277744293213e-01
-2.761226296424865723e-01
-2.550190091133117676e-01
-3.356075286865234375e-02
-1.734268218278884888e-01
-1.999787539243698120e-01
-2.085343748331069946e-01
-2.084073722362518311e-01
-2.103585749864578247e-01
-2.214713245630264282e-01
-2.290111482143402100e-01
-2.097871601581573486e-01
-2.242738902568817139e-01
-2.180224210023880005e-01
-2.361455112695693970e-01
-2.348203063011169434e-01
-2.269957512617111206e-01
-2.360457926988601685e-01
-2.206129431724548340e-01
-2.346352636814117432e-01
-2.328578382730484009e-01
-1.966860145330429077e-01
-2.094662785530090332e-01
-2.252671867609024048e-01
-2.055582702159881592e-01
-2.227070331573486328e-01
-2.359447479248046875e-01
-2.465911656618118286e-01
-2.201885581016540527e-01
-2.322579026222229004e-01
-2.385973185300827026e-01
-2.425027489662170410e-01
-2.306320071220397949e-01
-2.385278642177581787e-01
-2.351163327693939209e-01
-2.132057696580886841e-01
-2.066995203495025635e-01
-2.383703589439392090e-01
-2.176438570022583008e-01
-2.105667889118194580e-01
-2.115248441696166992e-01
-2.265409827232360840e-01
-2.308660894632339478e-01
-2.235672026872634888e-01
-2.233267426490783691e-01
-2.384941279888153076e-01
-2.272649407386779785e-01
-2.523993253707885742e-01
-2.208620309829711914e-01
-2.283670306205749512e-01
-1.966823190450668335e-01
-2.441805005073547363e-01
-2.190534770488739014e-01
-1.972080022096633911e-01
-2.310415953397750854e-01
-2.137092351913452148e-01
-2.347356230020523071e-01
-2.121678143739700317e-01
-1.985375732183456421e-01
-2.215925902128219604e-01
-2.194516360759735107e-01
-2.014041393995285034e-01
-2.224851399660110474e-01
-2.174476385116577148e-01
-2.316372096538543701e-01
-2.300398796796798706e-01
-2.208716720342636108e-01
-2.052354961633682251e-01
-2.304754406213760376e-01
-2.020506411790847778e-01
-2.178130745887756348e-01
-2.407087683677673340e-01
-2.141541391611099243e-01
-2.257347851991653442e-01
-2.243260741233825684e-01
-2.338793277740478516e-01
-2.110260277986526489e-01
-2.150607258081436157e-01
-2.335120886564254761e-01
-2.200638651847839355e-01
-2.225845754146575928e-01
-2.177574783563613892e-01
-2.290190458297729492e-01
-2.127391397953033447e-01
-2.146497815847396851e-01
-2.252290099859237671e-01
-2.095032632350921631e-01
-2.256155312061309814e-01
-2.227579206228256226e-01
-2.310480922460556030e-01
-2.376761138439178467e-01
-2.281315624713897705e-01
-2.300097346305847168e-01
-2.192413359880447388e-01
-2.263619750738143921e-01
-2.382626980543136597e-01
-1.912329792976379395e-01
-1.934301704168319702e-01
-2.220946103334426880e-01
-2.311227172613143921e-01
-2.267146259546279907e-01
-2.213574200868606567e-01
-2.109279185533523560e-01
-2.292148470878601074e-01
-2.179674506187438965e-01
-2.198846042156219482e-01
-2.478282898664474487e-01
-2.315990030765533447e-01
-2.014901638031005859e-01
-2.093341946601867676e-01
-2.048075199127197266e-01
-2.053162157535552979e-01
-2.200521081686019897e-01
-2.190762162208557129e-01
-2.253183573484420776e-01
-2.077623605728149414e-01
-2.036558985710144043e-01
-2.226163446903228760e-01
-2.267306149005889893e-01
-2.326705604791641235e-01
-2.009476274251937866e-01
-2.274604737758636475e-01
-2.254827320575714111e-01
-2.148845344781875610e-01
-2.287980914115905762e-01
-2.031968086957931519e-01
-2.164669185876846313e-01
-2.075981497764587402e-01
-2.099106758832931519e-01
-1.895738840103149414e-01
-2.080289870500564575e-01
-2.066549658775329590e-01
-2.337059378623962402e-01
-2.305208444595336914e-01
-2.101971507072448730e-01
-2.412008941173553467e-01
-2.138010561466217041e-01
-2.128988951444625854e-01
-2.192236930131912231e-01
-1.878648102283477783e-01
-2.212468236684799194e-01
-2.066722065210342407e-01
-2.359272390604019165e-01
-2.214625477790832520e-01
-2.486887872219085693e-01
-2.172239422798156738e-01
-2.149178832769393921e-01
-1.992693841457366943e-01
-2.255674898624420166e-01
-2.204876989126205444e-01
-2.082388848066329956e-01
-2.287231683731079102e-01
-2.303858101367950439e-01
-2.092217952013015747e-01
-2.451318800449371338e-01
-2.291113138198852539e-01
-2.639059424400329590e-01
-2.316021472215652466e-01
-2.527914643287658691e-01
-2.209406495094299316e-01
-2.391154468059539795e-01
-2.371701151132583618e-01
-2.195823937654495239e-01
-2.452865391969680786e-01
-2.372781932353973389e-01
-1.803351640701293945e-01
-1.962063610553741455e-01
-1.978875249624252319e-01
-2.189740389585494995e-01
-2.144358754158020020e-01
-2.089515328407287598e-01
-1.997199058532714844e-01
-1.902531087398529053e-01
-2.200853526592254639e-01
-2.149906307458877563e-01
-2.214099913835525513e-01
-1.998351514339447021e-01
-2.312539219856262207e-01
-2.115398347377777100e-01
-1.986575573682785034e-01
-2.253935933113098145e-01
-2.026579827070236206e-01
-1.944664567708969116e-01
-2.196860015392303467e-01
-2.265543788671493530e-01
-2.199995666742324829e-01
-2.114212363958358765e-01
-2.086662352085113525e-01
-2.298766821622848511e-01
-2.128317803144454956e-01
-2.322799414396286011e-01
-2.216621488332748413e-01
-2.077559530735015869e-01
-2.369037717580795288e-01
-2.327483892440795898e-01
-2.327976226806640625e-01
-2.236434668302536011e-01
-2.424364686012268066e-01
-2.240728437900543213e-01
-2.287921160459518433e-01
-2.105652093887329102e-01
-2.380021959543228149e-01
-2.552727162837982178e-01
-2.249382138252258301e-01
-2.429590076208114624e-01
-2.345029264688491821e-01
-2.306570261716842651e-01
-2.317399382591247559e-01
-2.577006518840789795e-01
-2.454518377780914307e-01
-2.353465557098388672e-01
-2.493580281734466553e-01
-2.472693026065826416e-01
-2.249084115028381348e-01
-2.504999637603759766e-01
-2.490353435277938843e-01
-2.442203313112258911e-01
-2.262485027313232422e-01
-2.523521184921264648e-01
-2.425851076841354370e-01
-2.133150845766067505e-01
-2.095938175916671753e-01
-2.415343672037124634e-01
-2.460676878690719604e-01
-2.333150655031204224e-01
-2.315508425235748291e-01
-2.449388802051544189e-01
-2.455206066370010376e-01
-2.313301116228103638e-01
-2.057513147592544556e-01
-2.561868727207183838e-01
-2.248306423425674438e-01
-2.293907552957534790e-01
-2.519686222076416016e-01
-2.342089563608169556e-01
-1.054572165012359619e-01
-2.152187228202819824e-01
-2.290343791246414185e-01
-2.237447649240493774e-01
-2.095137387514114380e-01
-2.256829589605331421e-01
-1.995093524456024170e-01
-2.082707583904266357e-01
-1.830537319183349609e-01
-2.039726525545120239e-01
-2.150876969099044800e-01
-2.084794342517852783e-01
-2.275849431753158569e-01
-1.984286457300186157e-01
-2.171527743339538574e-01
-1.999805569648742676e-01
-2.105022966861724854e-01
-2.303043752908706665e-01
-2.355220913887023926e-01
-2.156760096549987793e-01
-1.951787620782852173e-01
-2.206570655107498169e-01
-2.012824714183807373e-01
-2.081647962331771851e-01
-2.140653580427169800e-01
-2.229818552732467651e-01
-2.178789377212524414e-01
-2.188411504030227661e-01
-2.205743044614791870e-01
-2.286760807037353516e-01
-2.399902343750000000e-01
-2.367699295282363892e-01
-2.258101850748062134e-01
-2.116928100585937500e-01
-2.384106069803237915e-01
-2.332678586244583130e-01
-2.179100662469863892e-01
-2.315147966146469116e-01
-2.369556874036788940e-01
-2.294508069753646851e-01
-2.153504341840744019e-01
-2.309950143098831177e-01
-2.269688397645950317e-01
-2.487017214298248291e-01
-2.327211350202560425e-01
-2.296971231698989868e-01
-2.163890600204467773e-01
-2.397934198379516602e-01
-2.292676270008087158e-01
-2.357035577297210693e-01
-2.176862508058547974e-01
-2.400330752134323120e-01
-2.400414049625396729e-01
-2.108304947614669800e-01
-2.280974388122558594e-01
-2.258895635604858398e-01
-2.210557311773300171e-01
-2.283625006675720215e-01
-2.103871405124664307e-01
-2.224577367305755615e-01
-2.263233214616775513e-01
-2.196618318557739258e-01
-2.274210453033447266e-01
-2.040659636259078979e-01
-2.437767088413238525e-01
-2.325142771005630493e-01
-2.207347154617309570e-01
-2.539326548576354980e-01
-2.286173850297927856e-01
-2.203053832054138184e-01
-2.213697880506515503e-01
-2.470539063215255737e-01
-2.287897765636444092e-01
-2.401655614376068115e-01
-2.409048527479171753e-01
-2.400706857442855835e-01
-2.191662937402725220e-01
-2.025659382343292236e-01
-2.167701721191406250e-01
-2.197442948818206787e-01
-2.075722515583038330e-01
-2.183382958173751831e-01
-2.206180393695831299e-01
-2.157045304775238037e-01
-2.418094277381896973e-01
-2.395207285881042480e-01
-2.358962744474411011e-01
-2.237258106470108032e-01
-2.303900718688964844e-01
-2.249380201101303101e-01
-2.396619766950607300e-01
-2.467786222696304321e-01
-2.491574734449386597e-01
-2.199530601501464844e-01
-2.524798810482025146e-01
-2.424833029508590698e-01
-2.255468219518661499e-01
-2.254987806081771851e-01
-2.473087757825851440e-01
-2.216034382581710815e-01
-2.079893201589584351e-01
-2.185808122158050537e-01
-1.907254904508590698e-01
-2.161721289157867432e-01
-2.295414209365844727e-01
-2.439826428890228271e-01
-2.357841432094573975e-01
-2.236378788948059082e-01
-2.445403337478637695e-01
-2.300962209701538086e-01
-2.381701618432998657e-01
-2.454117089509963989e-01
-2.370163202285766602e-01
-2.424553483724594116e-01
-2.493860125541687012e-01
-2.320869117975234985e-01
-2.422423958778381348e-01
-2.783186137676239014e-01
-2.338481396436691284e-01
-2.096767574548721313e-01
-2.178667634725570679e-01
-2.259794920682907104e-01
-2.256345152854919434e-01
-2.234801948070526123e-01
-2.049421519041061401e-01
-2.120356261730194092e-01
-2.198743671178817749e-01
-2.030775994062423706e-01
-2.221380025148391724e-01
-2.173101305961608887e-01
-2.143677920103073120e-01
-2.304249852895736694e-01
-2.300328612327575684e-01
-2.378901392221450806e-01
-2.364875525236129761e-01
-2.246317416429519653e-01
-2.060630768537521362e-01
-2.376331835985183716e-01
-2.438198179006576538e-01
-2.225723862648010254e-01
-2.243570238351821899e-01
-2.145283967256546021e-01
-2.016639113426208496e-01
-2.375030815601348877e-01
-2.018081992864608765e-01
-2.271730303764343262e-01
-2.265639752149581909e-01
-2.447233796119689941e-01
-2.187668830156326294e-01
-2.478951364755630493e-01
-2.163596600294113159e-01
-2.584539055824279785e-01
-2.343274205923080444e-01
-2.068618535995483398e-01
-2.338906824588775635e-01
-2.375660240650177002e-01
-2.329329848289489746e-01
-2.245858609676361084e-01
-2.079565078020095825e-01
-2.256766408681869507e-01
-2.288932800292968750e-01
-2.170573770999908447e-01
-2.387329488992691040e-01
-2.155700027942657471e-01
-1.866156607866287231e-01
-2.187926024198532104e-01
-2.217050194740295410e-01
-2.173261791467666626e-01
-2.509972155094146729e-01
-2.147485315799713135e-01
-1.970049589872360229e-01
-2.219540476799011230e-01
-2.470889389514923096e-01
-2.437924444675445557e-01
-2.513347864151000977e-01
-2.369036674499511719e-01
-2.347394973039627075e-01
-2.355469465255737305e-01
-2.274656742811203003e-01
-2.408837229013442993e-01
-2.411915659904479980e-01
-1.853563338518142700e-01
-2.013493329286575317e-01
-2.034392058849334717e-01
-2.127484977245330811e-01
-1.927850097417831421e-01
-2.021690905094146729e-01
1.029578328132629395e+00
-1.403771042823791504e-01
-1.399798244237899780e-01
-1.408775299787521362e-01
-1.466464698314666748e-01
-1.353578120470046997e-01
-1.468529999256134033e-01
-1.559545844793319702e-01
-1.524982601404190063e-01
-1.173837259411811829e-01
-1.510847508907318115e-01
-1.460720449686050415e-01
-1.050555929541587830e-01
-1.462439596652984619e-01
-1.316613107919692993e-01
-1.272708028554916382e-01
-1.499759405851364136e-01
-1.284691393375396729e-01
-1.394911110401153564e-01
-1.655853688716888428e-01
-1.570204794406890869e-01
-1.525532603263854980e-01
-1.302294433116912842e-01
-1.568406224250793457e-01
-1.565579771995544434e-01
-2.023554742336273193e-01
-1.815907657146453857e-01
-1.920768767595291138e-01
-1.843085885047912598e-01
-1.820534616708755493e-01
-1.969033181667327881e-01
-1.802828758955001831e-01
-1.457609534263610840e-01
-1.677044034004211426e-01
-1.589245349168777466e-01
-1.854940056800842285e-01
-1.710975319147109985e-01
-1.598991155624389648e-01
-1.632504165172576904e-01
-1.372812837362289429e-01
-1.346376687288284302e-01
-1.434662491083145142e-01
-1.345199793577194214e-01
-1.369818747043609619e-01
-1.602419167757034302e-01
-1.366321444511413574e-01
-1.119544953107833862e-01
-1.311950087547302246e-01
-1.514942944049835205e-01
-1.263230890035629272e-01
-1.468699425458908081e-01
-1.368040442466735840e-01
-1.563989818096160889e-01
-1.489175111055374146e-01
-1.339292228221893311e-01
