-2.413694113492965698e-01
2.894456870853900909e-02
-1.998525112867355347e-01
-1.793268769979476929e-01
-1.905402988195419312e-01
-2.126486301422119141e-01
-2.065090388059616089e-01
-2.288814038038253784e-01
-2.449944317340850830e-01
-2.397709339857101440e-01
-2.336764186620712280e-01
-2.199706882238388062e-01
-2.194277793169021606e-01
-2.353365421295166016e-01
-2.405978739261627197e-01
-2.446544468402862549e-01
-2.695596814155578613e-01
-2.741546034812927246e-01
-2.532182037830352783e-01
-2.636621594429016113e-01
-2.613498866558074951e-01
-2.866387367248535156e-01
-2.535296678543090820e-01
-2.664808928966522217e-01
-2.802910804748535156e-01
-2.854777276515960693e-01
-3.047595322132110596e-01
-2.861309945583343506e-01
-2.779099643230438232e-01
-2.946658730506896973e-01
-2.699116170406341553e-01
-2.778700888156890869e-01
-3.111429214477539062e-01
-3.054495453834533691e-01
-2.707690894603729248e-01
-3.007254004478454590e-01
-3.198181390762329102e-01
-3.094413280487060547e-01
-3.017112314701080322e-01
-3.012652695178985596e-01
-3.275486528873443604e-01
-3.220192790031433105e-01
-2.979566752910614014e-01
-3.105823993682861328e-01
-3.286027014255523682e-01
-3.175637125968933105e-01
-3.272814154624938965e-01
-3.104951679706573486e-01
-3.070932626724243164e-01
-3.322208225727081299e-01
-3.381694853305816650e-01
-3.290174305438995361e-01
-3.244701623916625977e-01
-3.457429707050323486e-01
-3.427754640579223633e-01
-3.260420262813568115e-01
-3.504166901111602783e-01
-3.343690037727355957e-01
-3.517021238803863525e-01
-3.491781651973724365e-01
-3.381000459194183350e-01
-3.512052595615386963e-01
-3.402590453624725342e-01
-3.346596956253051758e-01
-3.495608568191528320e-01
-3.494807779788970947e-01
-3.478071093559265137e-01
-3.421663343906402588e-01
-3.595098853111267090e-01
-3.481658101081848145e-01
-3.569149374961853027e-01
-3.533607125282287598e-01
-3.532207012176513672e-01
-3.555813729763031006e-01
-3.531346321105957031e-01
-3.640213012695312500e-01
-3.554525375366210938e-01
-3.607183396816253662e-01
-3.511309921741485596e-01
-3.619527816772460938e-01
-3.584071099758148193e-01
-3.615002930164337158e-01
-3.537537753582000732e-01
-3.608386218547821045e-01
-3.602383136749267578e-01
-3.571011424064636230e-01
-3.595405817031860352e-01
-3.493967950344085693e-01
-3.567302823066711426e-01
-3.582345545291900635e-01
-3.464565575122833252e-01
-3.621316552162170410e-01
-3.604161739349365234e-01
-3.464808464050292969e-01
-3.617452979087829590e-01
-3.581153452396392822e-01
-3.497127294540405273e-01
-3.515193760395050049e-01
-3.566487431526184082e-01
-3.597700297832489014e-01
-3.576502501964569092e-01
-3.536233305931091309e-01
-3.592647016048431396e-01
-3.564771115779876709e-01
-3.557070791721343994e-01
-3.538597822189331055e-01
-3.601000308990478516e-01
-3.604912757873535156e-01
-3.515587747097015381e-01
-3.537438213825225830e-01
-3.488892912864685059e-01
-3.644075393676757812e-01
-3.595245182514190674e-01
-3.655211925506591797e-01
-3.545670211315155029e-01
-3.524343371391296387e-01
-3.640177547931671143e-01
-3.489684462547302246e-01
-3.491659462451934814e-01
-3.604802191257476807e-01
-3.565808236598968506e-01
-3.544914424419403076e-01
-3.638633489608764648e-01
-3.532534241676330566e-01
-3.574448227882385254e-01
-3.557639718055725098e-01
-3.573379814624786377e-01
-3.494527637958526611e-01
-3.611292243003845215e-01
-3.450719118118286133e-01
-3.648071289062500000e-01
-3.602527976036071777e-01
-3.411465585231781006e-01
-3.595964312553405762e-01
-3.532780110836029053e-01
-3.470661640167236328e-01
-3.468313515186309814e-01
-3.585550189018249512e-01
-3.484120965003967285e-01
-3.546174168586730957e-01
-3.561354875564575195e-01
-3.522313237190246582e-01
-3.546116352081298828e-01
-3.510073125362396240e-01
-3.549633324146270752e-01
-3.513057231903076172e-01
-3.502216935157775879e-01
-3.524180948734283447e-01
-3.562045097351074219e-01
-3.462061285972595215e-01
-3.505701422691345215e-01
-3.621543049812316895e-01
-3.447520434856414795e-01
-3.532996177673339844e-01
-3.423108160495758057e-01
-3.523727357387542725e-01
-3.465543091297149658e-01
-3.483400046825408936e-01
-3.494562506675720215e-01
-3.538594245910644531e-01
-3.536474704742431641e-01
-3.500680029392242432e-01
-3.572773933410644531e-01
-3.419143557548522949e-01
-3.489673137664794922e-01
-3.534494638442993164e-01
-3.597862422466278076e-01
-3.438442051410675049e-01
-3.553935587406158447e-01
-3.393554687500000000e-01
-3.439744114875793457e-01
-3.461008965969085693e-01
-3.496730327606201172e-01
-3.476962149143218994e-01
-3.470292389392852783e-01
-3.490987420082092285e-01
-3.415570259094238281e-01
-3.426369726657867432e-01
-3.508929908275604248e-01
-3.418362438678741455e-01
-3.463074564933776855e-01
-3.366136252880096436e-01
-3.440527617931365967e-01
-3.428435325622558594e-01
-3.470857441425323486e-01
-3.467299342155456543e-01
-3.502733707427978516e-01
-3.458560705184936523e-01
-3.443308770656585693e-01
-3.351920247077941895e-01
-3.350212275981903076e-01
-3.505271971225738525e-01
-3.385863602161407471e-01
-3.504656255245208740e-01
-3.428565561771392822e-01
-3.335829973220825195e-01
-3.481595516204833984e-01
-3.405526876449584961e-01
-3.374893069267272949e-01
-3.448324203491210938e-01
-3.283105194568634033e-01
-3.447266817092895508e-01
-3.430931568145751953e-01
-3.490830957889556885e-01
-3.498842120170593262e-01
-3.449158966541290283e-01
-3.387603759765625000e-01
-3.413214981555938721e-01
-3.504596054553985596e-01
-3.441006243228912354e-01
-3.316248059272766113e-01
-3.346995115280151367e-01
-3.501005172729492188e-01
-3.496437966823577881e-01
-3.414514362812042236e-01
-3.378386199474334717e-01
-3.417562246322631836e-01
-3.366926312446594238e-01
-3.333899378776550293e-01
-3.433940112590789795e-01
-3.288260102272033691e-01
-3.438415825366973877e-01
-3.445233106613159180e-01
-3.415150642395019531e-01
-3.360962867736816406e-01
-3.459016084671020508e-01
-3.436980545520782471e-01
-3.415165245532989502e-01
-3.339044153690338135e-01
-3.462097048759460449e-01
-3.319791853427886963e-01
-3.346049785614013672e-01
-3.363608121871948242e-01
-3.452678620815277100e-01
-3.436529636383056641e-01
-3.479413986206054688e-01
-3.430251777172088623e-01
-3.254582583904266357e-01
-3.423622846603393555e-01
-3.514720499515533447e-01
-3.352877199649810791e-01
-3.383264541625976562e-01
-3.338899612426757812e-01
-3.306148052215576172e-01
-3.351551592350006104e-01
-3.425588011741638184e-01
-3.419465422630310059e-01
-3.434749245643615723e-01
-3.258907198905944824e-01
-3.400587141513824463e-01
-3.415783047676086426e-01
-3.350249528884887695e-01
-3.268386721611022949e-01
-3.244732618331909180e-01
-3.388763964176177979e-01
-3.440963923931121826e-01
-3.458864390850067139e-01
-3.399399518966674805e-01
-3.459558784961700439e-01
-3.279543220996856689e-01
-3.253734111785888672e-01
-3.341334760189056396e-01
-3.360376954078674316e-01
-3.471489250659942627e-01
-3.461402654647827148e-01
-3.356749415397644043e-01
-3.396975398063659668e-01
-3.400492072105407715e-01
-3.312638401985168457e-01
-3.343181014060974121e-01
-3.426160514354705811e-01
-3.364412188529968262e-01
-3.392093181610107422e-01
-3.353524804115295410e-01
-3.292650580406188965e-01
-3.284769952297210693e-01
-3.289525508880615234e-01
-3.398756384849548340e-01
-3.466264307498931885e-01
-3.468039333820343018e-01
-3.389770388603210449e-01
-3.211845755577087402e-01
-3.270200192928314209e-01
-3.371158540248870850e-01
-3.446331918239593506e-01
-3.403425216674804688e-01
-3.401623070240020752e-01
-3.307674825191497803e-01
-3.313092589378356934e-01
-3.238333463668823242e-01
-3.328886032104492188e-01
-3.310552537441253662e-01
-3.434737622737884521e-01
-3.370181918144226074e-01
-3.430706858634948730e-01
-3.356729745864868164e-01
-3.172142803668975830e-01
-3.448192775249481201e-01
-3.377884030342102051e-01
-3.326224982738494873e-01
-3.296673893928527832e-01
-3.318218290805816650e-01
-3.329066038131713867e-01
-3.223719000816345215e-01
-3.299362659454345703e-01
-3.411318361759185791e-01
-3.295953869819641113e-01
-3.390123248100280762e-01
-3.292435705661773682e-01
-3.363295197486877441e-01
-3.266581296920776367e-01
-3.260972201824188232e-01
-3.315884172916412354e-01
-3.428934812545776367e-01
-3.399775922298431396e-01
-3.411030769348144531e-01
-3.338863551616668701e-01
-3.395063579082489014e-01
-3.434449434280395508e-01
-3.364815711975097656e-01
-3.234386742115020752e-01
-3.237357139587402344e-01
-3.336658179759979248e-01
-3.260056078433990479e-01
-3.317120373249053955e-01
-3.417445123195648193e-01
-3.341780900955200195e-01
-3.326387107372283936e-01
-3.260489404201507568e-01
-3.368054330348968506e-01
-3.364996016025543213e-01
-3.348507583141326904e-01
-3.388935327529907227e-01
-3.356049060821533203e-01
-3.388617038726806641e-01
-3.314405381679534912e-01
-3.320527970790863037e-01
-3.270086646080017090e-01
-3.158181905746459961e-01
-3.311574757099151611e-01
-3.365725576877593994e-01
-3.422826528549194336e-01
-3.364570736885070801e-01
-3.216187655925750732e-01
-3.211570978164672852e-01
-3.331849873065948486e-01
-3.358523249626159668e-01
-3.341974914073944092e-01
-3.410746455192565918e-01
-3.339113295078277588e-01
-3.228581845760345459e-01
-3.273493051528930664e-01
-3.334922790527343750e-01
-3.395684361457824707e-01
-3.357473015785217285e-01
-3.301611244678497314e-01
-3.359786272048950195e-01
-3.326396644115447998e-01
-3.364632427692413330e-01
-3.307681679725646973e-01
-3.293428421020507812e-01
-3.272967636585235596e-01
-3.264608681201934814e-01
-3.163099884986877441e-01
-3.265725672245025635e-01
-3.196450173854827881e-01
-3.289321660995483398e-01
-3.278441131114959717e-01
-3.241088688373565674e-01
-3.366292119026184082e-01
-3.284921348094940186e-01
-3.154935240745544434e-01
-3.305321633815765381e-01
-3.345561027526855469e-01
-3.239641189575195312e-01
-3.182981312274932861e-01
-3.399156332015991211e-01
-3.387271761894226074e-01
-3.350578248500823975e-01
-3.374315798282623291e-01
-3.442137837409973145e-01
-3.312212526798248291e-01
-3.307898938655853271e-01
-3.289013803005218506e-01
-3.324802815914154053e-01
-3.227750360965728760e-01
-3.231254816055297852e-01
-3.313758075237274170e-01
-3.274716138839721680e-01
-3.420519530773162842e-01
-3.355727493762969971e-01
-3.340920209884643555e-01
-3.298932611942291260e-01
-3.282893598079681396e-01
-3.390098810195922852e-01
-3.228165507316589355e-01
-3.238332569599151611e-01
-3.236287534236907959e-01
-3.252716362476348877e-01
-3.240161538124084473e-01
-3.165163695812225342e-01
-3.223138451576232910e-01
-3.326249420642852783e-01
-3.284149765968322754e-01
-3.267093896865844727e-01
-3.267155289649963379e-01
-3.160653114318847656e-01
-3.278306722640991211e-01
-3.297849297523498535e-01
-3.344009518623352051e-01
-3.337804675102233887e-01
-3.274169862270355225e-01
-3.287803232669830322e-01
-3.313473761081695557e-01
-3.261323869228363037e-01
-3.252966701984405518e-01
-3.390064835548400879e-01
-3.285937011241912842e-01
-3.256476521492004395e-01
-3.235251307487487793e-01
-3.251223266124725342e-01
-3.362381458282470703e-01
-3.204212486743927002e-01
-3.208203911781311035e-01
-3.356146216392517090e-01
-3.355727195739746094e-01
-3.348993659019470215e-01
-3.192457854747772217e-01
-3.174693882465362549e-01
-3.313968479633331299e-01
-3.264835178852081299e-01
-3.329657614231109619e-01
-3.269391953945159912e-01
-3.325789868831634521e-01
-3.200824856758117676e-01
-3.106411695480346680e-01
-3.200613260269165039e-01
-3.167251050472259521e-01
-3.183566331863403320e-01
-3.278346657752990723e-01
-3.278725743293762207e-01
-3.194285929203033447e-01
-3.252753019332885742e-01
-3.216018676757812500e-01
-3.287843763828277588e-01
-3.250192999839782715e-01
-3.109849989414215088e-01
-3.297750353813171387e-01
-3.309746086597442627e-01
-3.269793093204498291e-01
-3.351568281650543213e-01
-3.337736725807189941e-01
-3.346131443977355957e-01
-3.252780735492706299e-01
-3.279462754726409912e-01
-3.267084062099456787e-01
-3.180670738220214844e-01
-3.246304988861083984e-01
-3.164570927619934082e-01
-3.203404843807220459e-01
-3.234118521213531494e-01
-3.130865395069122314e-01
-3.346988558769226074e-01
-3.390026986598968506e-01
-3.315408825874328613e-01
-3.355593383312225342e-01
-3.294320106506347656e-01
-3.380568623542785645e-01
-3.347631692886352539e-01
-3.250714540481567383e-01
-3.284162580966949463e-01
-3.328177630901336670e-01
-3.298951685428619385e-01
-3.277144730091094971e-01
-3.169038593769073486e-01
-3.235017657279968262e-01
-3.215455412864685059e-01
-3.276230394840240479e-01
-3.278895616531372070e-01
-3.236178159713745117e-01
-3.262497484683990479e-01
-3.306577205657958984e-01
-3.303529620170593262e-01
-3.284166157245635986e-01
-3.237252235412597656e-01
-3.276464939117431641e-01
-3.224326670169830322e-01
-3.319419324398040771e-01
-3.306584954261779785e-01
-3.336539268493652344e-01
-3.366791009902954102e-01
-3.310799002647399902e-01
-3.230971395969390869e-01
-3.143793046474456787e-01
-3.239075839519500732e-01
-3.209873735904693604e-01
-3.195258080959320068e-01
-3.276921212673187256e-01
-3.257980346679687500e-01
-3.268359601497650146e-01
-3.259111046791076660e-01
-3.178332448005676270e-01
-3.247501850128173828e-01
-3.300651609897613525e-01
-3.215068280696868896e-01
-3.171930611133575439e-01
-3.367644548416137695e-01
-3.361694812774658203e-01
-3.254686295986175537e-01
-3.328936398029327393e-01
-3.298548460006713867e-01
-3.265442550182342529e-01
-3.186168968677520752e-01
-3.201912343502044678e-01
-3.281991481781005859e-01
-3.336236774921417236e-01
-3.303718268871307373e-01
-3.228657841682434082e-01
-3.351429700851440430e-01
-3.423640429973602295e-01
-3.354647457599639893e-01
-3.250730633735656738e-01
-3.244554400444030762e-01
-3.177198171615600586e-01
-3.297053575515747070e-01
-3.243338465690612793e-01
-3.195314407348632812e-01
-3.265338242053985596e-01
-3.304813206195831299e-01
-3.279066979885101318e-01
-3.218268752098083496e-01
-3.138305544853210449e-01
-3.272710442543029785e-01
-3.355828225612640381e-01
-3.291470408439636230e-01
-3.013936281204223633e-01
-2.933120727539062500e-01
-3.180333077907562256e-01
-3.229938149452209473e-01
-3.247865438461303711e-01
-3.352323472499847412e-01
-3.344904780387878418e-01
-3.364807367324829102e-01
-3.285053074359893799e-01
-3.276235759258270264e-01
-3.296514749526977539e-01
-3.322274684906005859e-01
-3.224382996559143066e-01
-3.110168874263763428e-01
-3.185479640960693359e-01
-3.274954259395599365e-01
-3.246848285198211670e-01
-3.383682072162628174e-01
-3.296737670898437500e-01
-3.276499509811401367e-01
-3.316336572170257568e-01
-3.215072154998779297e-01
-3.318324089050292969e-01
-3.370058536529541016e-01
-3.218857347965240479e-01
-3.320460021495819092e-01
-3.233630359172821045e-01
-3.327173590660095215e-01
-3.289363980293273926e-01
-3.397943675518035889e-01
-3.254835307598114014e-01
-3.207173347473144531e-01
-3.251052200794219971e-01
-3.235892951488494873e-01
-3.334643244743347168e-01
-3.359707593917846680e-01
-3.263825476169586182e-01
-3.120160400867462158e-01
-3.188240528106689453e-01
-3.214996159076690674e-01
-3.191420435905456543e-01
-3.259428739547729492e-01
-3.254247903823852539e-01
-3.213419318199157715e-01
-3.260096609592437744e-01
-3.144391477108001709e-01
-3.197260797023773193e-01
-3.207675814628601074e-01
-3.290860950946807861e-01
-3.188371658325195312e-01
-3.244646191596984863e-01
-3.292323052883148193e-01
-3.338282406330108643e-01
-3.159318268299102783e-01
-3.046686947345733643e-01
-3.221225440502166748e-01
-3.331069052219390869e-01
-3.243284821510314941e-01
-3.196084499359130859e-01
-3.224751353263854980e-01
-3.248161077499389648e-01
-3.246242403984069824e-01
-3.355902433395385742e-01
-3.457679748535156250e-01
-3.265396654605865479e-01
-3.079923689365386963e-01
-3.122559189796447754e-01
-3.214917480945587158e-01
-3.334864675998687744e-01
-3.366886377334594727e-01
-3.203744888305664062e-01
-3.297517597675323486e-01
-3.279626369476318359e-01
-3.334090411663055420e-01
-3.409213125705718994e-01
-3.143761456012725830e-01
-3.155536055564880371e-01
-3.272889256477355957e-01
-3.327473998069763184e-01
-3.369759023189544678e-01
-3.338988125324249268e-01
-3.248965144157409668e-01
-3.272990882396697998e-01
-3.235967457294464111e-01
-3.140036463737487793e-01
-3.301537036895751953e-01
-3.364785015583038330e-01
-3.227647542953491211e-01
-3.221932053565979004e-01
-3.137898445129394531e-01
-3.201979994773864746e-01
-3.216140866279602051e-01
-3.247081935405731201e-01
-3.161806166172027588e-01
-3.308209180831909180e-01
-3.305651843547821045e-01
-3.218817114830017090e-01
-3.329114913940429688e-01
-3.230281174182891846e-01
-3.086206614971160889e-01
-3.187396228313446045e-01
-3.122354447841644287e-01
-3.244970738887786865e-01
-3.265312612056732178e-01
-3.102833926677703857e-01
-3.247016668319702148e-01
-3.229915797710418701e-01
-3.331534564495086670e-01
-3.222285509109497070e-01
-3.197881579399108887e-01
-3.223263025283813477e-01
-3.347797095775604248e-01
-3.179712891578674316e-01
-3.252956569194793701e-01
-3.324019312858581543e-01
-3.340285718441009521e-01
-3.313820064067840576e-01
-3.227721154689788818e-01
-3.137532472610473633e-01
-3.159804642200469971e-01
-3.219144642353057861e-01
-3.181726038455963135e-01
-3.267062604427337646e-01
-3.248572945594787598e-01
-3.078347146511077881e-01
-3.226084113121032715e-01
-3.279661238193511963e-01
-3.205480277538299561e-01
-3.218562901020050049e-01
-3.234518468379974365e-01
-3.303363025188446045e-01
-3.314693570137023926e-01
-3.217369318008422852e-01
-3.077661991119384766e-01
-3.164292573928833008e-01
-3.193135559558868408e-01
-3.203189074993133545e-01
-3.167973160743713379e-01
-3.260792493820190430e-01
-3.168406188488006592e-01
-3.120154142379760742e-01
-3.153984844684600830e-01
-3.275198638439178467e-01
-3.209966123104095459e-01
-3.214457333087921143e-01
-3.326211869716644287e-01
-3.303041160106658936e-01
-3.251035511493682861e-01
-3.151409924030303955e-01
-3.191642165184020996e-01
-3.186615109443664551e-01
-3.090599477291107178e-01
-3.103784322738647461e-01
-3.079040050506591797e-01
-3.231109082698822021e-01
-3.269846737384796143e-01
-3.235856890678405762e-01
-3.241250514984130859e-01
-3.355398178100585938e-01
-3.259591162204742432e-01
-3.287496268749237061e-01
-3.269810080528259277e-01
-3.133019804954528809e-01
-3.150022625923156738e-01
-3.210023939609527588e-01
-3.302608728408813477e-01
-3.226322531700134277e-01
-3.235404789447784424e-01
-3.200063705444335938e-01
-3.138906955718994141e-01
-3.189770579338073730e-01
-3.219159841537475586e-01
-3.270492553710937500e-01
-3.170194625854492188e-01
-3.076103329658508301e-01
-3.229035735130310059e-01
-3.246920406818389893e-01
-3.224014639854431152e-01
-3.348413705825805664e-01
-3.327795267105102539e-01
-3.270861804485321045e-01
-3.182164430618286133e-01
-3.333779573440551758e-01
-3.274396359920501709e-01
-3.302272260189056396e-01
-3.216191232204437256e-01
-3.193771839141845703e-01
-3.227230310440063477e-01
-3.158146440982818604e-01
-3.263764679431915283e-01
-3.189463615417480469e-01
-3.205067217350006104e-01
-3.218933343887329102e-01
-3.233396112918853760e-01
-3.215592503547668457e-01
-3.173392415046691895e-01
-3.207924365997314453e-01
-3.183181285858154297e-01
-3.147764205932617188e-01
-3.129210770130157471e-01
-3.111556172370910645e-01
-3.183257579803466797e-01
-3.303418159484863281e-01
-3.281596601009368896e-01
-3.159399032592773438e-01
-3.314155936241149902e-01
-3.286348879337310791e-01
-3.257049620151519775e-01
-3.247670531272888184e-01
-3.193461298942565918e-01
-3.190242648124694824e-01
-3.227008283138275146e-01
-3.230051100254058838e-01
-3.278014361858367920e-01
-3.304724395275115967e-01
-3.313678503036499023e-01
-3.150925338268280029e-01
-3.185064792633056641e-01
-3.302659094333648682e-01
-3.182773292064666748e-01
-3.257529437541961670e-01
-3.238746821880340576e-01
-3.194439113140106201e-01
-3.137565255165100098e-01
-3.193374276161193848e-01
-3.264653980731964111e-01
-3.284659385681152344e-01
-3.275862932205200195e-01
-3.206662237644195557e-01
-3.421718180179595947e-01
-3.361857831478118896e-01
-3.337261974811553955e-01
-3.308304250240325928e-01
-3.245357573032379150e-01
-3.273518681526184082e-01
-3.299920856952667236e-01
-3.288892805576324463e-01
-3.288571536540985107e-01
-3.292310833930969238e-01
-3.059625327587127686e-01
-3.247634172439575195e-01
-3.316151201725006104e-01
-3.267171084880828857e-01
-3.189480900764465332e-01
-3.186616599559783936e-01
-3.307125866413116455e-01
-3.326353430747985840e-01
-3.215519487857818604e-01
-3.307635188102722168e-01
-3.246537148952484131e-01
-3.344997465610504150e-01
-3.248569369316101074e-01
-3.171789348125457764e-01
-3.279813826084136963e-01
-3.045330941677093506e-01
-3.235543966293334961e-01
-3.206939995288848877e-01
-3.234987854957580566e-01
-3.273138701915740967e-01
-3.247586488723754883e-01
-3.156345784664154053e-01
-3.151139616966247559e-01
-3.160000145435333252e-01
-3.152559101581573486e-01
-3.155184686183929443e-01
-3.183865547180175781e-01
-3.284269273281097412e-01
-3.107401728630065918e-01
-3.324969708919525146e-01
-3.320599496364593506e-01
-3.233382105827331543e-01
-3.305883407592773438e-01
-3.255357742309570312e-01
-3.213766813278198242e-01
-3.124122023582458496e-01
-3.216168582439422607e-01
-3.216374814510345459e-01
-3.254127800464630127e-01
-3.244280815124511719e-01
-3.186932802200317383e-01
-3.273839950561523438e-01
-3.246835470199584961e-01
-3.219872713088989258e-01
-3.214131593704223633e-01
-3.093115985393524170e-01
-3.139179646968841553e-01
-3.197384178638458252e-01
-3.255886137485504150e-01
-3.125898540019989014e-01
-3.109500110149383545e-01
-3.148706853389739990e-01
-3.100462257862091064e-01
-3.170123100280761719e-01
-3.212349116802215576e-01
-3.261572122573852539e-01
-3.264350295066833496e-01
-3.261196315288543701e-01
-3.243381977081298828e-01
-3.095554709434509277e-01
-3.241153061389923096e-01
-3.234407305717468262e-01
-3.224264085292816162e-01
-3.261839151382446289e-01
-3.247035443782806396e-01
-3.300527036190032959e-01
-3.246244490146636963e-01
-3.183004856109619141e-01
-3.150021433830261230e-01
-3.245071470737457275e-01
-3.279757201671600342e-01
-3.284423351287841797e-01
-3.202480971813201904e-01
-3.167432248592376709e-01
-3.148128986358642578e-01
-3.209461569786071777e-01
-3.193309307098388672e-01
-3.085678815841674805e-01
-3.267441987991333008e-01
-3.291457593441009521e-01
-3.176203072071075439e-01
-3.187676370143890381e-01
-3.272307217121124268e-01
-3.291143476963043213e-01
-3.247343301773071289e-01
-3.150817155838012695e-01
-3.125754892826080322e-01
-3.278906345367431641e-01
-3.227336108684539795e-01
-3.204288184642791748e-01
-3.179216682910919189e-01
-3.222403228282928467e-01
-3.209659457206726074e-01
-3.229756653308868408e-01
-3.171207010746002197e-01
-3.086713850498199463e-01
-3.080209493637084961e-01
-3.218622803688049316e-01
-3.264281749725341797e-01
-3.315608799457550049e-01
-3.259710669517517090e-01
-3.087440133094787598e-01
-3.122040331363677979e-01
-3.286094367504119873e-01
-3.178197741508483887e-01
-3.179768025875091553e-01
-3.059653043746948242e-01
-3.260950148105621338e-01
-3.269049525260925293e-01
-3.135439455509185791e-01
-3.140807151794433594e-01
-3.264375329017639160e-01
-3.113916814327239990e-01
-3.214031755924224854e-01
-3.208957612514495850e-01
-3.124924302101135254e-01
-3.167592287063598633e-01
-2.976811528205871582e-01
-3.182162940502166748e-01
-3.185547590255737305e-01
-3.250224292278289795e-01
-3.265913724899291992e-01
-3.203093707561492920e-01
-3.263974189758300781e-01
-3.287848234176635742e-01
-3.364947140216827393e-01
-3.266444206237792969e-01
-3.291298747062683105e-01
-3.302231132984161377e-01
-3.249624669551849365e-01
-3.256714344024658203e-01
-3.259163796901702881e-01
-3.269749283790588379e-01
-3.237928450107574463e-01
-3.157020807266235352e-01
-3.114952743053436279e-01
-3.224276602268218994e-01
-3.308658301830291748e-01
-3.235661089420318604e-01
-3.268938064575195312e-01
-3.295434713363647461e-01
-3.131556510925292969e-01
-3.312178850173950195e-01
-3.238698244094848633e-01
-3.249592781066894531e-01
-3.069458901882171631e-01
-3.302894830703735352e-01
-3.211788535118103027e-01
-3.142915070056915283e-01
-3.202628493309020996e-01
-3.121606409549713135e-01
-3.226277530193328857e-01
-3.264047205448150635e-01
-3.263862431049346924e-01
-3.211346566677093506e-01
-3.220376074314117432e-01
-3.115327954292297363e-01
-3.129267394542694092e-01
-3.226819336414337158e-01
-3.279125094413757324e-01
-3.253968358039855957e-01
-3.243784904479980469e-01
-3.199929296970367432e-01
-3.185566365718841553e-01
-3.192058801651000977e-01
-3.295201957225799561e-01
-3.125403523445129395e-01
-3.142014443874359131e-01
-3.117381632328033447e-01
-3.196769654750823975e-01
-3.192390799522399902e-01
-3.256569802761077881e-01
-3.256375789642333984e-01
-3.152831792831420898e-01
-3.176651597023010254e-01
-3.189722299575805664e-01
-3.207288980484008789e-01
-3.197956979274749756e-01
-3.234118521213531494e-01
-3.182742297649383545e-01
-3.055580854415893555e-01
-3.175605833530426025e-01
-3.193148672580718994e-01
-3.253697752952575684e-01
-3.168095648288726807e-01
-3.176918029785156250e-01
-3.218630850315093994e-01
-3.274212181568145752e-01
-3.262211382389068604e-01
-3.232731521129608154e-01
-3.209919333457946777e-01
-3.119352459907531738e-01
-3.196457028388977051e-01
-3.235343098640441895e-01
-3.232679069042205811e-01
-3.172897994518280029e-01
-3.229659199714660645e-01
-3.200925886631011963e-01
-3.156531453132629395e-01
-3.144195079803466797e-01
-3.230654895305633545e-01
-3.149933815002441406e-01
-3.109966516494750977e-01
-3.150408565998077393e-01
-3.205487728118896484e-01
-3.289278149604797363e-01
-3.154075443744659424e-01
-3.254404366016387939e-01
-3.250522315502166748e-01
-3.219171762466430664e-01
-3.175213038921356201e-01
-3.184384107589721680e-01
-3.207088112831115723e-01
-3.197177350521087646e-01
-3.182403445243835449e-01
-3.241150975227355957e-01
-3.183777332305908203e-01
-3.125637769699096680e-01
-3.185603320598602295e-01
-3.164709210395812988e-01
-3.032472431659698486e-01
-3.184566795825958252e-01
-3.114064931869506836e-01
-3.161155879497528076e-01
-3.170890510082244873e-01
-3.084351718425750732e-01
