-6.279212981462478638e-02
-2.008203715085983276e-01
-2.303035855293273926e-01
-2.526851594448089600e-01
-2.727520763874053955e-01
-3.666195869445800781e-01
-3.777358531951904297e-01
-3.912254571914672852e-01
-3.940384984016418457e-01
-4.049912095069885254e-01
-3.976530134677886963e-01
-3.962331116199493408e-01
-3.992266952991485596e-01
-4.009402990341186523e-01
-4.014539718627929688e-01
-4.087573885917663574e-01
-4.055144488811492920e-01
-4.088270962238311768e-01
-4.041733741760253906e-01
-4.093707203865051270e-01
-4.108217954635620117e-01
-4.098375737667083740e-01
-4.166640341281890869e-01
-4.112936258316040039e-01
-4.144220054149627686e-01
-4.187976121902465820e-01
-4.219314455986022949e-01
-4.234724640846252441e-01
-4.268940091133117676e-01
-4.248653650283813477e-01
-4.333744943141937256e-01
-4.234285652637481689e-01
-4.316782355308532715e-01
-4.307566583156585693e-01
-4.273035824298858643e-01
-4.388002157211303711e-01
-4.335515201091766357e-01
-4.362566471099853516e-01
-4.396349191665649414e-01
-4.406454563140869141e-01
-4.393703341484069824e-01
-4.461071789264678955e-01
-4.431795179843902588e-01
-4.452788233757019043e-01
-4.416978061199188232e-01
-4.475590288639068604e-01
-4.490070939064025879e-01
-4.458208382129669189e-01
-4.468588531017303467e-01
-4.484907984733581543e-01
-4.478557705879211426e-01
-4.482567906379699707e-01
-4.458988308906555176e-01
-4.467064142227172852e-01
-4.480081200599670410e-01
-4.474219977855682373e-01
-4.488395452499389648e-01
-4.488386809825897217e-01
-4.477456808090209961e-01
-4.514711797237396240e-01
-4.482142031192779541e-01
-4.490457177162170410e-01
-4.458801746368408203e-01
-4.504138827323913574e-01
-4.505054950714111328e-01
-4.493722021579742432e-01
-4.511059522628784180e-01
-4.496321380138397217e-01
-4.505423605442047119e-01
-4.501776993274688721e-01
-4.490926861763000488e-01
-4.491440057754516602e-01
-4.513852298259735107e-01
-4.503928124904632568e-01
-4.517496526241302490e-01
-4.505090415477752686e-01
-4.491423368453979492e-01
-4.498735666275024414e-01
-4.489387869834899902e-01
-4.496002495288848877e-01
-4.501443505287170410e-01
-4.481866359710693359e-01
-4.499599039554595947e-01
-4.518663883209228516e-01
-4.504454433917999268e-01
-4.510975182056427002e-01
-4.535255730152130127e-01
-4.500666260719299316e-01
-4.490897953510284424e-01
-4.478433728218078613e-01
-4.496311545372009277e-01
-4.501687586307525635e-01
-4.482538998126983643e-01
-4.521912038326263428e-01
-4.493421912193298340e-01
-4.501174986362457275e-01
-4.529097974300384521e-01
-4.502993822097778320e-01
-4.525974094867706299e-01
-4.498549103736877441e-01
-4.536826610565185547e-01
-4.511124789714813232e-01
-4.492880702018737793e-01
-4.517455101013183594e-01
-4.492484033107757568e-01
-4.500048160552978516e-01
-4.504467248916625977e-01
-4.509306252002716064e-01
-4.528577327728271484e-01
-4.508565068244934082e-01
-4.506123661994934082e-01
-4.497096538543701172e-01
-4.494189321994781494e-01
-4.507389664649963379e-01
-4.506033957004547119e-01
-4.509389996528625488e-01
-4.509240090847015381e-01
-4.503579735755920410e-01
-4.516949355602264404e-01
-4.528926312923431396e-01
-4.496890902519226074e-01
-4.491158425807952881e-01
-4.505785405635833740e-01
-4.513781666755676270e-01
-4.501905739307403564e-01
-4.495910406112670898e-01
-4.514030814170837402e-01
-4.515264332294464111e-01
-4.512714743614196777e-01
-4.518556594848632812e-01
-4.507915675640106201e-01
-4.507352411746978760e-01
-4.527412652969360352e-01
-4.518893659114837646e-01
-4.492369294166564941e-01
-4.504537880420684814e-01
-4.517204165458679199e-01
-4.530442953109741211e-01
-4.508858025074005127e-01
-4.505883753299713135e-01
-4.515457153320312500e-01
-4.500342309474945068e-01
-4.526466727256774902e-01
-4.529057443141937256e-01
-4.512279629707336426e-01
-4.506579339504241943e-01
-4.504716992378234863e-01
-4.519279301166534424e-01
-4.512915015220642090e-01
-4.525905847549438477e-01
-4.506359398365020752e-01
-4.514565169811248779e-01
-4.512897133827209473e-01
-4.501916170120239258e-01
-4.512650370597839355e-01
-4.501779079437255859e-01
-4.506016373634338379e-01
-4.509157836437225342e-01
-4.508223831653594971e-01
-4.496616125106811523e-01
-4.494107663631439209e-01
-4.518644213676452637e-01
-4.509895145893096924e-01
-4.516862034797668457e-01
-4.513750076293945312e-01
-4.529380202293395996e-01
-4.515183568000793457e-01
-4.520626962184906006e-01
-4.507112801074981689e-01
-4.522840976715087891e-01
-4.522746503353118896e-01
-4.514308571815490723e-01
-4.531864523887634277e-01
-4.512454569339752197e-01
-4.526859223842620850e-01
-4.501326084136962891e-01
-4.533449709415435791e-01
-4.505498707294464111e-01
-4.502103328704833984e-01
-4.493574202060699463e-01
-4.510701596736907959e-01
-4.537582397460937500e-01
-4.501027166843414307e-01
-4.500734210014343262e-01
-4.511851072311401367e-01
-4.506935477256774902e-01
-4.527422487735748291e-01
-4.507857561111450195e-01
-4.510867297649383545e-01
-4.495761692523956299e-01
-4.512833952903747559e-01
-4.517461061477661133e-01
-4.507280290126800537e-01
-4.512636065483093262e-01
-4.512244164943695068e-01
-4.521704614162445068e-01
-4.518803060054779053e-01
-4.500105977058410645e-01
-4.518544375896453857e-01
-4.516038298606872559e-01
-4.512642025947570801e-01
-4.501818418502807617e-01
-4.511932730674743652e-01
-4.532032310962677002e-01
-4.526226222515106201e-01
-4.511219561100006104e-01
-4.527003765106201172e-01
-4.509100317955017090e-01
-4.517275393009185791e-01
-4.518589377403259277e-01
-4.516069293022155762e-01
-4.514379203319549561e-01
-4.517593383789062500e-01
-4.521780908107757568e-01
-4.526153504848480225e-01
-4.522399902343750000e-01
-4.514813721179962158e-01
-4.512246251106262207e-01
-4.513065814971923828e-01
-4.512313902378082275e-01
-4.513340592384338379e-01
-4.521303772926330566e-01
-4.511824250221252441e-01
-4.517409205436706543e-01
-4.514428973197937012e-01
-4.524336159229278564e-01
-4.515021741390228271e-01
-4.516746699810028076e-01
-4.511584341526031494e-01
-4.506208300590515137e-01
-4.518649876117706299e-01
-4.516396522521972656e-01
-4.528135359287261963e-01
-4.512523710727691650e-01
-4.513152539730072021e-01
-4.517942368984222412e-01
-4.517353177070617676e-01
-4.519892632961273193e-01
-4.523509442806243896e-01
-4.516671895980834961e-01
-4.507177174091339111e-01
-4.520650506019592285e-01
-4.515334367752075195e-01
-4.533496797084808350e-01
-4.514334201812744141e-01
-4.511626064777374268e-01
-4.533593058586120605e-01
-4.541472792625427246e-01
-4.525399506092071533e-01
-4.519812464714050293e-01
-4.519059658050537109e-01
-4.520650506019592285e-01
-4.526648521423339844e-01
-4.507813155651092529e-01
-4.533362984657287598e-01
-4.507315754890441895e-01
-4.511251151561737061e-01
-4.510279595851898193e-01
-4.521266818046569824e-01
-4.514977633953094482e-01
-4.508554041385650635e-01
-4.521843492984771729e-01
-4.533132612705230713e-01
-4.523868262767791748e-01
-4.518809318542480469e-01
-4.514777660369873047e-01
-4.519231319427490234e-01
-4.516420960426330566e-01
-4.520778954029083252e-01
-4.523875117301940918e-01
-4.519580006599426270e-01
-4.509951770305633545e-01
-4.517697095870971680e-01
-4.533900320529937744e-01
-4.514600634574890137e-01
-4.518719613552093506e-01
-4.535031020641326904e-01
-4.523426890373229980e-01
-4.519843161106109619e-01
-4.585922956466674805e-01
-4.514153301715850830e-01
-4.520616531372070312e-01
-4.514521360397338867e-01
-4.521219432353973389e-01
-4.519409239292144775e-01
-4.518635869026184082e-01
-4.501721262931823730e-01
-4.525372385978698730e-01
-4.521927535533905029e-01
-4.522438347339630127e-01
-4.525449872016906738e-01
-4.572277963161468506e-01
-4.527223408222198486e-01
-4.516647458076477051e-01
-4.517822861671447754e-01
-4.521627128124237061e-01
-4.519836902618408203e-01
-4.509032964706420898e-01
-4.522958397865295410e-01
-4.532057940959930420e-01
-4.519868195056915283e-01
-4.513981044292449951e-01
-4.520376622676849365e-01
-4.512492120265960693e-01
-4.516977667808532715e-01
-4.515075385570526123e-01
-4.520986974239349365e-01
-4.524599909782409668e-01
-4.526004493236541748e-01
-4.521231651306152344e-01
-4.535168409347534180e-01
-4.547026455402374268e-01
-4.517714381217956543e-01
-4.529809355735778809e-01
-4.516555666923522949e-01
-4.532318115234375000e-01
-4.513344168663024902e-01
-4.516331255435943604e-01
-4.516757130622863770e-01
-4.514340460300445557e-01
-4.528642296791076660e-01
-4.520309269428253174e-01
-4.548969864845275879e-01
-4.514333009719848633e-01
-4.517588019371032715e-01
-4.518187940120697021e-01
-4.522447586059570312e-01
-4.527684748172760010e-01
-4.515962302684783936e-01
-4.521813988685607910e-01
-4.517970681190490723e-01
-4.512145221233367920e-01
-4.512333869934082031e-01
-4.537901580333709717e-01
-4.539311826229095459e-01
-4.510898292064666748e-01
-4.533463418483734131e-01
-4.512848556041717529e-01
-4.523264467716217041e-01
-4.516778588294982910e-01
-4.517321586608886719e-01
-4.529387950897216797e-01
-4.522663354873657227e-01
-4.541918933391571045e-01
-4.536301195621490479e-01
-4.519605338573455811e-01
-4.526256620883941650e-01
-4.539490342140197754e-01
-4.542919993400573730e-01
-4.514773488044738770e-01
-4.525088667869567871e-01
-4.522858262062072754e-01
-4.519705772399902344e-01
-4.529412090778350830e-01
-4.508929252624511719e-01
-4.525787234306335449e-01
-4.513122737407684326e-01
-4.530405998229980469e-01
-4.525522589683532715e-01
-4.522072076797485352e-01
-4.531064331531524658e-01
-4.510173201560974121e-01
-4.521567225456237793e-01
-4.517752826213836670e-01
-4.516190588474273682e-01
-4.517164826393127441e-01
-4.518181085586547852e-01
-4.525858163833618164e-01
-4.524500072002410889e-01
-4.521456956863403320e-01
-4.518090784549713135e-01
-4.520339965820312500e-01
-4.515414535999298096e-01
-4.516913890838623047e-01
-4.519129991531372070e-01
-4.538590908050537109e-01
-4.524080157279968262e-01
-4.515431523323059082e-01
-4.513086676597595215e-01
-4.531007707118988037e-01
-4.540557861328125000e-01
-4.529078304767608643e-01
-4.517575502395629883e-01
-4.521406590938568115e-01
-4.518564939498901367e-01
-4.529617428779602051e-01
-4.517676830291748047e-01
-4.527945518493652344e-01
-4.522421658039093018e-01
-4.536159634590148926e-01
-4.518847465515136719e-01
-4.526622891426086426e-01
-4.519976079463958740e-01
-4.511059224605560303e-01
-4.528224170207977295e-01
-4.521992802619934082e-01
-4.525412023067474365e-01
-4.557675123214721680e-01
-4.531796574592590332e-01
-4.513348340988159180e-01
-4.517512321472167969e-01
-4.530210793018341064e-01
-4.528174400329589844e-01
-4.521400034427642822e-01
-4.527837634086608887e-01
-4.525143504142761230e-01
-4.534080922603607178e-01
-4.518423080444335938e-01
-4.525224566459655762e-01
-4.520706236362457275e-01
-4.536203742027282715e-01
-4.525113403797149658e-01
-4.529508650302886963e-01
-4.511754810810089111e-01
-4.524549841880798340e-01
-4.531642198562622070e-01
-4.522600769996643066e-01
-4.512464106082916260e-01
-4.517958462238311768e-01
-4.530102610588073730e-01
-4.541274309158325195e-01
-4.514514803886413574e-01
-4.527393877506256104e-01
-4.526798129081726074e-01
-4.515655040740966797e-01
-4.535084366798400879e-01
-4.523212611675262451e-01
-4.530875980854034424e-01
-4.525456726551055908e-01
-4.522659182548522949e-01
-4.529841244220733643e-01
-4.516501128673553467e-01
-4.535284340381622314e-01
-4.530838727951049805e-01
-4.515554904937744141e-01
-4.533616900444030762e-01
-4.534068107604980469e-01
-4.527409970760345459e-01
-4.529527723789215088e-01
-4.526301622390747070e-01
-4.546947181224822998e-01
-4.510475993156433105e-01
-4.522432386875152588e-01
-4.522960186004638672e-01
-4.513064622879028320e-01
-4.521481394767761230e-01
-4.514910578727722168e-01
-4.520014822483062744e-01
-4.535915851593017578e-01
-4.507638812065124512e-01
-4.534259438514709473e-01
-4.535306990146636963e-01
-4.526853263378143311e-01
-4.544292688369750977e-01
-4.535998404026031494e-01
-4.522309005260467529e-01
-4.535045921802520752e-01
-4.525294303894042969e-01
-4.544746577739715576e-01
-4.515170156955718994e-01
-4.526489973068237305e-01
-4.521260261535644531e-01
-4.519945681095123291e-01
-4.517348408699035645e-01
-4.521538615226745605e-01
-4.525710940361022949e-01
-4.527029395103454590e-01
-4.531725347042083740e-01
-4.534528851509094238e-01
-4.519980549812316895e-01
-4.525761604309082031e-01
-4.524329900741577148e-01
-4.532019793987274170e-01
-4.520711004734039307e-01
-4.544309973716735840e-01
-4.524671137332916260e-01
-4.527553617954254150e-01
-4.514081478118896484e-01
-4.511644244194030762e-01
-4.522744119167327881e-01
-4.522070586681365967e-01
-4.533517956733703613e-01
-4.528722465038299561e-01
-4.523209333419799805e-01
-4.532328546047210693e-01
-4.520823955535888672e-01
-4.518143832683563232e-01
-4.519770443439483643e-01
-4.527187645435333252e-01
-4.517058134078979492e-01
-4.534270763397216797e-01
-4.539667069911956787e-01
-4.517600238323211670e-01
-4.530299901962280273e-01
-4.520929455757141113e-01
-4.513067007064819336e-01
-4.522109627723693848e-01
-4.531461298465728760e-01
-4.518341124057769775e-01
-4.525881707668304443e-01
-4.522491991519927979e-01
-4.514646530151367188e-01
-4.518754184246063232e-01
-4.524565339088439941e-01
-4.521167576313018799e-01
-4.536295235157012939e-01
-4.519008100032806396e-01
-4.538539350032806396e-01
-4.540291428565979004e-01
-4.525614082813262939e-01
-4.527957439422607422e-01
-4.514884650707244873e-01
-4.529163837432861328e-01
-4.519963264465332031e-01
-4.545851945877075195e-01
-4.527762830257415771e-01
-4.520545601844787598e-01
-4.527196586132049561e-01
-4.515789747238159180e-01
-4.513857960700988770e-01
-4.522807598114013672e-01
-4.517415761947631836e-01
-4.514735937118530273e-01
-4.527799785137176514e-01
-4.529762566089630127e-01
-4.524149298667907715e-01
-4.511192142963409424e-01
-4.514265060424804688e-01
-4.528415799140930176e-01
-4.517849981784820557e-01
-4.529874920845031738e-01
-4.513289928436279297e-01
-4.532259404659271240e-01
-4.514788091182708740e-01
-4.526254236698150635e-01
-4.510336220264434814e-01
-4.527377784252166748e-01
-4.526778161525726318e-01
-4.521868526935577393e-01
-4.528379440307617188e-01
-4.523604214191436768e-01
-4.536153674125671387e-01
-4.522046744823455811e-01
-4.531612992286682129e-01
-4.520971179008483887e-01
-4.524944424629211426e-01
-4.516962766647338867e-01
-4.516585469245910645e-01
-4.530726373195648193e-01
-4.522877633571624756e-01
-4.528812766075134277e-01
-4.528742134571075439e-01
-4.525503218173980713e-01
-4.522198438644409180e-01
-4.520426094532012939e-01
-4.538258612155914307e-01
-4.525707960128784180e-01
-4.523648917675018311e-01
-4.518982172012329102e-01
-4.512540996074676514e-01
-4.524640142917633057e-01
-4.521792232990264893e-01
-4.530521333217620850e-01
-4.520330727100372314e-01
-4.536179304122924805e-01
-4.531356394290924072e-01
-4.528653621673583984e-01
-4.518930017948150635e-01
-4.520603418350219727e-01
-4.528187811374664307e-01
-4.520857930183410645e-01
-4.510844051837921143e-01
-4.523598849773406982e-01
-4.514198601245880127e-01
-4.523214697837829590e-01
-4.522866308689117432e-01
-4.533358216285705566e-01
-4.514109790325164795e-01
-4.521065652370452881e-01
-4.521704614162445068e-01
-4.531746804714202881e-01
-4.519209563732147217e-01
-4.518678486347198486e-01
-4.542614221572875977e-01
-4.527163207530975342e-01
-4.547450542449951172e-01
-4.522380530834197998e-01
-4.531634151935577393e-01
-4.514818787574768066e-01
-4.516054987907409668e-01
-4.522809982299804688e-01
-4.511510729789733887e-01
-4.521143138408660889e-01
-4.531398415565490723e-01
-4.523272216320037842e-01
-4.544822871685028076e-01
-4.506233632564544678e-01
-4.548896551132202148e-01
-4.534414410591125488e-01
-4.524176120758056641e-01
-4.523269534111022949e-01
-4.543502926826477051e-01
-4.527966976165771484e-01
-4.522891938686370850e-01
-4.531193971633911133e-01
-4.529236555099487305e-01
-4.529805779457092285e-01
-4.528547227382659912e-01
-4.522881209850311279e-01
-4.520264267921447754e-01
-4.523109793663024902e-01
-4.538899064064025879e-01
-4.523233771324157715e-01
-4.525922238826751709e-01
-4.511099755764007568e-01
-4.530472755432128906e-01
-4.543057084083557129e-01
-4.525142312049865723e-01
-4.521310031414031982e-01
-4.526857137680053711e-01
-4.525252282619476318e-01
-4.534364938735961914e-01
-4.524537324905395508e-01
-4.537687301635742188e-01
-4.522525668144226074e-01
-4.527685046195983887e-01
-4.527726471424102783e-01
-4.525445103645324707e-01
-4.516780078411102295e-01
-4.539805948734283447e-01
-4.525332450866699219e-01
-4.536909759044647217e-01
-4.518193900585174561e-01
-4.524528682231903076e-01
-4.517351388931274414e-01
-4.516974389553070068e-01
-4.526412487030029297e-01
-4.527339339256286621e-01
-4.529494643211364746e-01
-4.520696401596069336e-01
-4.522987902164459229e-01
-4.525713026523590088e-01
-4.526314139366149902e-01
-4.529463648796081543e-01
-4.528298377990722656e-01
-4.528615474700927734e-01
-4.519058763980865479e-01
-4.523462057113647461e-01
-4.536634385585784912e-01
-4.543896913528442383e-01
-4.522190690040588379e-01
-4.530387222766876221e-01
-4.517589807510375977e-01
-4.526105225086212158e-01
-4.531336724758148193e-01
-4.518747627735137939e-01
-4.530176222324371338e-01
-4.527243673801422119e-01
-4.522321820259094238e-01
-4.523166418075561523e-01
-4.532819390296936035e-01
-4.535205662250518799e-01
-4.524345695972442627e-01
-4.531590044498443604e-01
-4.539799690246582031e-01
-4.526060223579406738e-01
-4.531050324440002441e-01
-4.530143737792968750e-01
-4.521575272083282471e-01
-4.523834288120269775e-01
-4.530563056468963623e-01
-4.519377350807189941e-01
-4.530129134654998779e-01
-4.526914656162261963e-01
-4.520301520824432373e-01
-4.520983994007110596e-01
-4.523399174213409424e-01
-4.535641968250274658e-01
-4.524988830089569092e-01
-4.513409435749053955e-01
-4.520313441753387451e-01
-4.518383145332336426e-01
-4.537603557109832764e-01
-4.539476335048675537e-01
-4.525857269763946533e-01
-4.524922370910644531e-01
-4.514021575450897217e-01
-4.513188302516937256e-01
-4.503536522388458252e-01
-4.517028927803039551e-01
-4.527493715286254883e-01
-4.530601799488067627e-01
-4.536384046077728271e-01
-4.528559148311614990e-01
-4.528461694717407227e-01
-4.520989954471588135e-01
-4.530305266380310059e-01
-4.527108073234558105e-01
-4.523445367813110352e-01
-4.524914622306823730e-01
-4.524931609630584717e-01
-4.524891972541809082e-01
-4.527160227298736572e-01
-4.522730410099029541e-01
-4.521355032920837402e-01
-4.524886608123779297e-01
-4.521231651306152344e-01
-4.520753026008605957e-01
-4.526571035385131836e-01
-4.509815275669097900e-01
-4.524387121200561523e-01
-4.507980942726135254e-01
-4.517164230346679688e-01
-4.519481956958770752e-01
-4.517711699008941650e-01
-4.515663981437683105e-01
-4.522672593593597412e-01
-4.524624049663543701e-01
-4.524983465671539307e-01
-4.520494341850280762e-01
-4.526811540126800537e-01
-4.523104131221771240e-01
-4.524815678596496582e-01
-4.522752463817596436e-01
-4.525459110736846924e-01
-4.535419940948486328e-01
-4.528236091136932373e-01
-4.526936113834381104e-01
-4.520159959793090820e-01
-4.518468677997589111e-01
-4.536264240741729736e-01
-4.523790776729583740e-01
-4.532172679901123047e-01
-4.517780542373657227e-01
-4.530310034751892090e-01
-4.522764980792999268e-01
-4.519473910331726074e-01
-4.536739587783813477e-01
-4.531626701354980469e-01
-4.515822529792785645e-01
-4.523386657238006592e-01
-4.542547464370727539e-01
-4.524054527282714844e-01
-4.524564146995544434e-01
-4.540461897850036621e-01
-4.521232843399047852e-01
-4.534958899021148682e-01
-4.518673717975616455e-01
-4.526184797286987305e-01
-4.525262415409088135e-01
-4.528424143791198730e-01
-4.551834166049957275e-01
-4.526290297508239746e-01
-4.523306787014007568e-01
-4.524253904819488525e-01
-4.521178007125854492e-01
-4.529578089714050293e-01
-4.513218998908996582e-01
-4.534066915512084961e-01
-4.514083266258239746e-01
-4.516207277774810791e-01
-4.523007571697235107e-01
-4.517623484134674072e-01
-4.534552693367004395e-01
-4.537458121776580811e-01
-4.522086679935455322e-01
-4.527451395988464355e-01
-4.528511762619018555e-01
-4.528456032276153564e-01
-4.527576267719268799e-01
-4.527040421962738037e-01
-4.514208137989044189e-01
-4.526004493236541748e-01
-4.516827464103698730e-01
-4.526695907115936279e-01
-4.520928561687469482e-01
-4.529607295989990234e-01
-4.535085856914520264e-01
-4.526219367980957031e-01
-4.535108208656311035e-01
-4.527543783187866211e-01
-4.521313309669494629e-01
-4.520200490951538086e-01
-4.523287415504455566e-01
-4.527935683727264404e-01
-4.524187743663787842e-01
-4.528753161430358887e-01
-4.535645246505737305e-01
-4.520160853862762451e-01
-4.528328478336334229e-01
-4.526269137859344482e-01
-4.533689916133880615e-01
-4.533733427524566650e-01
-4.528493583202362061e-01
-4.527637660503387451e-01
-4.523522555828094482e-01
-4.525097012519836426e-01
-4.526359736919403076e-01
-4.529530704021453857e-01
-4.524320960044860840e-01
-4.524296820163726807e-01
-4.520523548126220703e-01
-4.522111117839813232e-01
-4.545088708400726318e-01
-4.526354968547821045e-01
-4.525021314620971680e-01
-4.529666006565093994e-01
-4.527236521244049072e-01
-4.522192776203155518e-01
-4.534578919410705566e-01
-4.522081911563873291e-01
-4.523956179618835449e-01
-4.514589309692382812e-01
-4.528765976428985596e-01
-4.524323642253875732e-01
-4.542187452316284180e-01
-4.514908194541931152e-01
-4.526079595088958740e-01
-4.524139165878295898e-01
-4.528308510780334473e-01
-4.520526826381683350e-01
-4.519753456115722656e-01
-4.526210129261016846e-01
-4.515956342220306396e-01
-4.513001143932342529e-01
-4.526789486408233643e-01
-4.514500796794891357e-01
-4.520178735256195068e-01
-4.524641931056976318e-01
-4.522472620010375977e-01
-4.528208374977111816e-01
-4.533725678920745850e-01
-4.525097012519836426e-01
-4.531548619270324707e-01
-4.523333609104156494e-01
-4.529442787170410156e-01
-4.524691402912139893e-01
-4.520258903503417969e-01
-4.525240957736968994e-01
-4.526681602001190186e-01
-4.534474909305572510e-01
-4.520046412944793701e-01
-4.520870447158813477e-01
-4.518941044807434082e-01
-4.527922272682189941e-01
-4.531710147857666016e-01
-4.531827867031097412e-01
-4.522169530391693115e-01
-4.526450335979461670e-01
-4.527404904365539551e-01
-4.531872570514678955e-01
-4.532828927040100098e-01
-4.522985219955444336e-01
-4.515496194362640381e-01
-4.524902999401092529e-01
-4.535333216190338135e-01
-4.527096748352050781e-01
-4.522626101970672607e-01
-4.525075256824493408e-01
-4.521368145942687988e-01
-4.528651535511016846e-01
-4.523577988147735596e-01
-4.538282752037048340e-01
-4.521860480308532715e-01
-4.526461064815521240e-01
-4.531255662441253662e-01
-4.528076052665710449e-01
-4.532888233661651611e-01
-4.530590772628784180e-01
-4.523622989654541016e-01
-4.523145258426666260e-01
-4.532271921634674072e-01
-4.523867964744567871e-01
-4.522683322429656982e-01
-4.529377222061157227e-01
-4.533183574676513672e-01
-4.527030587196350098e-01
-4.523739218711853027e-01
-4.531011879444122314e-01
-4.524497389793395996e-01
-4.521690309047698975e-01
-4.529356062412261963e-01
-4.532609879970550537e-01
-4.522104263305664062e-01
-4.525696337223052979e-01
-4.536794126033782959e-01
-4.519551098346710205e-01
-4.521110355854034424e-01
-4.536485075950622559e-01
-4.516932070255279541e-01
-4.530350863933563232e-01
-4.527558386325836182e-01
-4.535248279571533203e-01
-4.520611763000488281e-01
-4.528538584709167480e-01
-4.536332488059997559e-01
-4.526404440402984619e-01
-4.528527259826660156e-01
-4.525096416473388672e-01
-4.517432749271392822e-01
-4.525884091854095459e-01
-4.523613452911376953e-01
-4.522337913513183594e-01
-4.538146555423736572e-01
-4.531739354133605957e-01
-4.524103105068206787e-01
-4.529184103012084961e-01
-4.518762826919555664e-01
-4.522786736488342285e-01
-4.516150653362274170e-01
-4.525775015354156494e-01
-4.528897404670715332e-01
-4.521721899509429932e-01
-4.533556401729583740e-01
-4.524506330490112305e-01
-4.522573947906494141e-01
-4.530954658985137939e-01
-4.523588120937347412e-01
-4.524255394935607910e-01
-4.522539079189300537e-01
-4.535244703292846680e-01
-4.528830647468566895e-01
-4.526997506618499756e-01
-4.527562260627746582e-01
-4.526838362216949463e-01
-4.537111222743988037e-01
-4.541470110416412354e-01
-4.529406130313873291e-01
-4.525311887264251709e-01
-4.529904425144195557e-01
-4.530539810657501221e-01
-4.531003236770629883e-01
-4.521257579326629639e-01
-4.528656303882598877e-01
-4.526441097259521484e-01
-4.521179199218750000e-01
-4.529180228710174561e-01
-4.516489207744598389e-01
-4.529042840003967285e-01
-4.524687528610229492e-01
-4.519364535808563232e-01
-4.524273574352264404e-01
-4.530463218688964844e-01
-4.527647793292999268e-01
-4.519059360027313232e-01
-4.523565769195556641e-01
-4.520851969718933105e-01
-4.527925550937652588e-01
-4.530555903911590576e-01
-4.520272910594940186e-01
-4.526467919349670410e-01
-4.529121518135070801e-01
-4.528488218784332275e-01
-4.525337517261505127e-01
-4.528406560420989990e-01
-4.530057311058044434e-01
-4.552106559276580811e-01
-4.522452950477600098e-01
-4.521540403366088867e-01
-4.526973664760589600e-01
-4.530822336673736572e-01
-4.523234367370605469e-01
-4.529847502708435059e-01
-4.534975588321685791e-01
-4.526944458484649658e-01
-4.530547559261322021e-01
-4.546860456466674805e-01
-4.523882567882537842e-01
-4.522177577018737793e-01
-4.527019560337066650e-01
-4.530708789825439453e-01
-4.531878829002380371e-01
-4.530822634696960449e-01
-4.521117508411407471e-01
-4.535092115402221680e-01
-4.532363116741180420e-01
-4.526067972183227539e-01
-4.526215493679046631e-01
-4.523211121559143066e-01
-4.543974399566650391e-01
-4.534076452255249023e-01
-4.523197114467620850e-01
-4.526511728763580322e-01
-4.526847004890441895e-01
-4.523473381996154785e-01
-4.524956941604614258e-01
-4.532040059566497803e-01
-4.522956609725952148e-01
-4.521028697490692139e-01
-4.521010816097259521e-01
-4.521522819995880127e-01
-4.513565599918365479e-01
-4.542571306228637695e-01
-4.521372914314270020e-01
-4.521957933902740479e-01
-4.519165754318237305e-01
-4.518966078758239746e-01
-4.519940912723541260e-01
-4.524188935756683350e-01
-4.527070820331573486e-01
-4.527274072170257568e-01
-4.526845216751098633e-01
-4.527842402458190918e-01
-4.524314403533935547e-01
-4.531518518924713135e-01
-4.534192085266113281e-01
-4.530142545700073242e-01
-4.518781006336212158e-01
-4.522050917148590088e-01
-4.525294005870819092e-01
-4.530962109565734863e-01
-4.533150792121887207e-01
-4.530180692672729492e-01
-4.532031118869781494e-01
-4.529871046543121338e-01
-4.529754221439361572e-01
-4.532609283924102783e-01
-4.527512788772583008e-01
-4.517958462238311768e-01
-4.519709646701812744e-01
-4.528499543666839600e-01
-4.528431296348571777e-01
-4.526965320110321045e-01
-4.527756273746490479e-01
-4.531093537807464600e-01
-4.527461528778076172e-01
-4.524642229080200195e-01
-4.518547058105468750e-01
-4.534152746200561523e-01
-4.533661305904388428e-01
-4.522488415241241455e-01
-4.518898725509643555e-01
-4.520033597946166992e-01
-4.544084370136260986e-01
-4.527839422225952148e-01
-4.526019096374511719e-01
-4.514050781726837158e-01
-4.532480537891387939e-01
-4.524254202842712402e-01
-4.535545110702514648e-01
-4.515708088874816895e-01
-4.525538086891174316e-01
-4.522672593593597412e-01
-4.519462585449218750e-01
-4.524483680725097656e-01
-4.523694515228271484e-01
-4.539121687412261963e-01
-4.521028399467468262e-01
-4.530134499073028564e-01
-4.523187577724456787e-01
-4.543733298778533936e-01
-4.527444243431091309e-01
-4.539521932601928711e-01
-4.528194665908813477e-01
-4.531346559524536133e-01
-4.526221156120300293e-01
-4.527190029621124268e-01
-4.527798593044281006e-01
-4.529926776885986328e-01
-4.527223706245422363e-01
-4.520076215267181396e-01
-4.533701241016387939e-01
-4.522564709186553955e-01
-4.523494839668273926e-01
-4.525591433048248291e-01
-4.528757929801940918e-01
-4.521871507167816162e-01
-4.532919228076934814e-01
-4.522605240345001221e-01
-4.525415897369384766e-01
-4.522236287593841553e-01
-4.521309137344360352e-01
-4.531241953372955322e-01
-4.528244733810424805e-01
-4.531187117099761963e-01
-4.535320401191711426e-01
-4.530993700027465820e-01
-4.519542753696441650e-01
-4.519069194793701172e-01
-4.524966478347778320e-01
-4.530960619449615479e-01
-4.522777199745178223e-01
-4.529737830162048340e-01
-4.517188072204589844e-01
-4.530474841594696045e-01
-4.523928165435791016e-01
-4.537158310413360596e-01
-4.532629847526550293e-01
-4.526348412036895752e-01
-4.526200592517852783e-01
-4.536987245082855225e-01
-4.528597891330718994e-01
-4.525766074657440186e-01
-4.544695019721984863e-01
-4.524286389350891113e-01
-4.525033831596374512e-01
-4.522646069526672363e-01
-4.535111188888549805e-01
-4.524787068367004395e-01
-4.528053700923919678e-01
-4.539569020271301270e-01
-4.534775316715240479e-01
-4.512072503566741943e-01
-4.531328082084655762e-01
-4.517863094806671143e-01
-4.528583884239196777e-01
-4.524716138839721680e-01
-4.522784054279327393e-01
-4.530250728130340576e-01
-4.520765244960784912e-01
-4.523256421089172363e-01
-4.524544179439544678e-01
-4.515509009361267090e-01
-4.523151814937591553e-01
-4.527094066143035889e-01
-4.529823660850524902e-01
-4.526291787624359131e-01
-4.530822336673736572e-01
-4.523752033710479736e-01
-4.527395665645599365e-01
-4.519821107387542725e-01
-4.516718089580535889e-01
-4.532531201839447021e-01
-4.527684152126312256e-01
-4.526396989822387695e-01
-4.529175460338592529e-01
-4.534493386745452881e-01
-4.529086947441101074e-01
-4.517383277416229248e-01
-4.525443315505981445e-01
-4.526068568229675293e-01
-4.530032575130462646e-01
-4.533785283565521240e-01
-4.541358351707458496e-01
-4.524680674076080322e-01
-4.522557258605957031e-01
-4.528380930423736572e-01
-4.535852074623107910e-01
-4.520522356033325195e-01
-4.532243013381958008e-01
-4.527586400508880615e-01
-4.524661302566528320e-01
-4.525163173675537109e-01
-4.520022869110107422e-01
-4.521723091602325439e-01
-4.518802464008331299e-01
-4.523673057556152344e-01
-4.529437124729156494e-01
-4.521062672138214111e-01
-4.535640180110931396e-01
-4.525402188301086426e-01
-4.525960981845855713e-01
-4.533852636814117432e-01
-4.524280130863189697e-01
-4.527164995670318604e-01
-4.520943760871887207e-01
-4.526045322418212891e-01
-4.519018232822418213e-01
-4.528754949569702148e-01
-4.518698751926422119e-01
-4.530370533466339111e-01
-4.525367319583892822e-01
-4.531555771827697754e-01
-4.530687332153320312e-01
-4.523957073688507080e-01
-4.531900584697723389e-01
-4.518809616565704346e-01
-4.528900384902954102e-01
-4.526703953742980957e-01
-4.534265697002410889e-01
-4.533864855766296387e-01
-4.530374109745025635e-01
-4.533730447292327881e-01
-4.522492587566375732e-01
-4.528874456882476807e-01
-4.529799818992614746e-01
-4.535523653030395508e-01
-4.521789550781250000e-01
-4.527306258678436279e-01
-4.532411396503448486e-01
-4.521882236003875732e-01
-4.533276259899139404e-01
-4.521061480045318604e-01
-4.524875581264495850e-01
-4.529071748256683350e-01
-4.530549347400665283e-01
-4.527954757213592529e-01
-4.521348774433135986e-01
-4.531410336494445801e-01
-4.526337385177612305e-01
-4.528122544288635254e-01
-4.522512257099151611e-01
-4.530120491981506348e-01
-4.515492022037506104e-01
-4.527746140956878662e-01
-4.515429437160491943e-01
-4.525867402553558350e-01
-4.526190757751464844e-01
-4.525848925113677979e-01
-4.521867036819458008e-01
-4.527571499347686768e-01
-4.532033205032348633e-01
-4.525692462921142578e-01
-4.532148540019989014e-01
-4.525950551033020020e-01
-4.522452950477600098e-01
-4.527352154254913330e-01
-4.523672163486480713e-01
-4.524995088577270508e-01
-4.526293873786926270e-01
-4.525650143623352051e-01
-4.523800313472747803e-01
-4.533037543296813965e-01
-4.523727297782897949e-01
-4.539521336555480957e-01
-4.528262317180633545e-01
-4.525905847549438477e-01
-4.521161019802093506e-01
-4.523704648017883301e-01
-4.522792398929595947e-01
-4.526974856853485107e-01
-4.523437917232513428e-01
-4.525982141494750977e-01
-4.539257884025573730e-01
-4.525909125804901123e-01
-4.531508386135101318e-01
-4.518395662307739258e-01
-4.531160593032836914e-01
-4.526353776454925537e-01
-4.520556926727294922e-01
-4.540500342845916748e-01
-4.525874555110931396e-01
-4.530560374259948730e-01
-4.528670012950897217e-01
-4.522331655025482178e-01
-4.525838494300842285e-01
-4.527269899845123291e-01
-4.529637992382049561e-01
-4.531542658805847168e-01
-4.526422917842864990e-01
-4.530574381351470947e-01
-4.526151120662689209e-01
-4.526540040969848633e-01
-4.535896480083465576e-01
-4.529770016670227051e-01
-4.517219960689544678e-01
-4.527696669101715088e-01
-4.535064101219177246e-01
-4.543210864067077637e-01
-4.531969726085662842e-01
-4.520720243453979492e-01
-4.524978101253509521e-01
-4.531695842742919922e-01
-4.524316191673278809e-01
-4.530672729015350342e-01
-4.530838429927825928e-01
-4.515956938266754150e-01
-4.521465599536895752e-01
-4.522446990013122559e-01
-4.524134099483489990e-01
-4.522321224212646484e-01
-4.531902968883514404e-01
-4.538572132587432861e-01
-4.526560008525848389e-01
-4.527734518051147461e-01
-4.522922933101654053e-01
-4.529183506965637207e-01
-4.527153968811035156e-01
-4.532383680343627930e-01
-4.526537656784057617e-01
-4.525457024574279785e-01
-4.521207213401794434e-01
-4.527418613433837891e-01
-4.531490504741668701e-01
-4.531326293945312500e-01
-4.522822499275207520e-01
-4.530585110187530518e-01
-4.529792964458465576e-01
-4.536758959293365479e-01
-4.538025557994842529e-01
-4.530437588691711426e-01
-4.523250758647918701e-01
-4.530799686908721924e-01
-4.532525539398193359e-01
-4.522429406642913818e-01
-4.524513483047485352e-01
-4.518087506294250488e-01
-4.533264636993408203e-01
-4.521539211273193359e-01
-4.535814225673675537e-01
-4.531405568122863770e-01
-4.557018578052520752e-01
-4.525528550148010254e-01
-4.527390599250793457e-01
-4.531304240226745605e-01
-4.531178176403045654e-01
-4.521370530128479004e-01
-4.519755840301513672e-01
-4.528409242630004883e-01
-4.523869752883911133e-01
-4.522789120674133301e-01
-4.525855779647827148e-01
-4.527566134929656982e-01
-4.520398676395416260e-01
-4.530205726623535156e-01
-4.518666267395019531e-01
-4.519642889499664307e-01
-4.534279108047485352e-01
-4.535928964614868164e-01
-4.523903429508209229e-01
-4.548042714595794678e-01
-4.537242352962493896e-01
-4.528365433216094971e-01
-4.537153244018554688e-01
-4.524110853672027588e-01
-4.538902640342712402e-01
-4.523752331733703613e-01
-4.527997672557830811e-01
-4.523410499095916748e-01
-4.519398212432861328e-01
-4.527611136436462402e-01
-4.533574283123016357e-01
-4.535995423793792725e-01
-4.529676139354705811e-01
-4.521289467811584473e-01
-4.533115625381469727e-01
-4.531227648258209229e-01
-4.533632397651672363e-01
-4.520089626312255859e-01
-4.524431824684143066e-01
-4.524346292018890381e-01
-4.519635140895843506e-01
-4.524011313915252686e-01
-4.517159163951873779e-01
-4.533402919769287109e-01
-4.521331787109375000e-01
-4.537262916564941406e-01
-4.524584412574768066e-01
-4.532947242259979248e-01
-4.530805945396423340e-01
-4.512786567211151123e-01
-4.534054696559906006e-01
-4.520524144172668457e-01
-4.538721442222595215e-01
-4.536963701248168945e-01
-4.526421129703521729e-01
-4.521543681621551514e-01
-4.533586204051971436e-01
-4.533497095108032227e-01
-4.524766802787780762e-01
-4.534469842910766602e-01
-4.525989294052124023e-01
-4.530800879001617432e-01
-4.527446329593658447e-01
-4.524929225444793701e-01
-4.524902999401092529e-01
-4.523654282093048096e-01
-4.524044096469879150e-01
-4.526567161083221436e-01
-4.521189630031585693e-01
-4.524680674076080322e-01
-4.523043334484100342e-01
-4.536029994487762451e-01
-4.525977671146392822e-01
-4.522437155246734619e-01
-4.525423049926757812e-01
-4.522859156131744385e-01
-4.527131915092468262e-01
-4.528559446334838867e-01
-4.527702033519744873e-01
-4.524436593055725098e-01
-4.531857371330261230e-01
-4.529390037059783936e-01
-4.520587623119354248e-01
-4.529553949832916260e-01
-4.535729289054870605e-01
-4.528983533382415771e-01
-4.519836902618408203e-01
-4.533629119396209717e-01
-4.530688524246215820e-01
-4.528564512729644775e-01
-4.533704817295074463e-01
-4.525243937969207764e-01
-4.531896412372589111e-01
-4.528676867485046387e-01
-4.529688656330108643e-01
-4.515836834907531738e-01
-4.515305161476135254e-01
-4.521651268005371094e-01
-4.536468982696533203e-01
-4.526255130767822266e-01
-4.524402320384979248e-01
-4.522647559642791748e-01
-4.517749547958374023e-01
-4.540757536888122559e-01
-4.524934589862823486e-01
-4.532067775726318359e-01
-4.555882811546325684e-01
-4.529711604118347168e-01
-4.521125555038452148e-01
