1.226002454757690430e+00
8.546751737594604492e-01
5.393208861351013184e-01
2.511619925498962402e-01
8.534313738346099854e-02
3.907868172973394394e-03
3.081392031162977219e-03
-3.458356484770774841e-02
-2.488288469612598419e-02
-5.610399693250656128e-02
-3.098167479038238525e-02
-9.779123216867446899e-02
-6.644351780414581299e-02
-1.175432503223419189e-01
-9.757886081933975220e-02
-1.354703307151794434e-01
-1.625429987907409668e-01
-1.744057685136795044e-01
-1.593163162469863892e-01
-1.580022573471069336e-01
-1.844993680715560913e-01
-1.698042303323745728e-01
-1.663613915443420410e-01
-1.910834908485412598e-01
-2.068154662847518921e-01
-2.029534578323364258e-01
-2.199153751134872437e-01
-2.215505242347717285e-01
-2.318369299173355103e-01
-2.141638100147247314e-01
-2.581625282764434814e-01
-2.081109881401062012e-01
-2.329183816909790039e-01
-2.305911183357238770e-01
-2.370348423719406128e-01
-2.599423229694366455e-01
-2.350723892450332642e-01
-2.451307177543640137e-01
-2.328864634037017822e-01
-2.456683814525604248e-01
-2.349169850349426270e-01
-2.429764121770858765e-01
-2.653340101242065430e-01
-2.663739919662475586e-01
-2.400301247835159302e-01
-2.763071954250335693e-01
-2.516327500343322754e-01
-2.511526942253112793e-01
-2.720662057399749756e-01
-2.714241445064544678e-01
-2.784222066402435303e-01
-2.988250255584716797e-01
-2.745002508163452148e-01
-3.136035799980163574e-01
-3.209682703018188477e-01
-3.435418605804443359e-01
-3.507882058620452881e-01
-3.590147793292999268e-01
-3.659775257110595703e-01
-3.624045252799987793e-01
-3.669106364250183105e-01
-3.680163621902465820e-01
-3.590495884418487549e-01
-3.689259290695190430e-01
-3.739323318004608154e-01
-3.749980628490447998e-01
-3.831672370433807373e-01
-3.737399876117706299e-01
-3.825209438800811768e-01
-3.757549822330474854e-01
-3.806512057781219482e-01
-3.896771371364593506e-01
-3.830789327621459961e-01
-3.950319290161132812e-01
-3.893148601055145264e-01
-3.874060809612274170e-01
-3.823541402816772461e-01
-3.964537382125854492e-01
-3.906376361846923828e-01
-3.862214088439941406e-01
-3.857813775539398193e-01
-3.901917636394500732e-01
-3.978438675403594971e-01
-4.016131758689880371e-01
-3.866732716560363770e-01
-4.007130563259124756e-01
-3.988916575908660889e-01
-3.866063058376312256e-01
-4.000859558582305908e-01
-3.978110253810882568e-01
-3.957637250423431396e-01
-4.034804701805114746e-01
-4.002740383148193359e-01
-4.022226035594940186e-01
-4.010550975799560547e-01
-4.016982913017272949e-01
-4.012146592140197754e-01
-3.968590795993804932e-01
-4.053044915199279785e-01
-4.071823060512542725e-01
-4.070448577404022217e-01
-4.012031555175781250e-01
-4.044816195964813232e-01
-4.026235938072204590e-01
-4.033676981925964355e-01
-4.007838368415832520e-01
-4.031057059764862061e-01
-4.126711487770080566e-01
-4.102988541126251221e-01
-3.993190824985504150e-01
-4.051290154457092285e-01
-4.017373025417327881e-01
-4.052833616733551025e-01
-3.982461988925933838e-01
-4.037108719348907471e-01
-4.036294519901275635e-01
-4.017747938632965088e-01
-4.059612452983856201e-01
-4.034149050712585449e-01
-4.172191023826599121e-01
-4.072616994380950928e-01
-3.968859314918518066e-01
-4.071329832077026367e-01
-4.143432080745697021e-01
-3.977568149566650391e-01
-4.060091078281402588e-01
-4.103636741638183594e-01
-4.063317775726318359e-01
-3.991984724998474121e-01
-4.048025310039520264e-01
-4.138770103454589844e-01
-4.035069048404693604e-01
-4.020287990570068359e-01
-4.065097272396087646e-01
-4.059186577796936035e-01
-4.037679135799407959e-01
-4.098372459411621094e-01
-4.000696539878845215e-01
-4.081189334392547607e-01
-4.044583737850189209e-01
-4.053297638893127441e-01
-3.940155506134033203e-01
-4.065863788127899170e-01
-4.139202833175659180e-01
-4.053452610969543457e-01
-4.015808105468750000e-01
-3.994922935962677002e-01
-3.927548527717590332e-01
-4.101468324661254883e-01
-4.023029208183288574e-01
-4.017364978790283203e-01
-4.097416996955871582e-01
-4.098848700523376465e-01
-4.102705419063568115e-01
-3.973362445831298828e-01
-4.168009757995605469e-01
-3.986175060272216797e-01
-4.025786221027374268e-01
-4.065029919147491455e-01
-3.972187638282775879e-01
-4.119721055030822754e-01
-4.085581600666046143e-01
-4.121794402599334717e-01
-4.068805575370788574e-01
-4.028636813163757324e-01
-4.085741341114044189e-01
-4.114924371242523193e-01
-4.166668057441711426e-01
-4.058914780616760254e-01
-4.126515388488769531e-01
-4.110370874404907227e-01
-4.048992991447448730e-01
-4.036616683006286621e-01
-4.003939628601074219e-01
-4.080044627189636230e-01
-4.076563715934753418e-01
-4.157029986381530762e-01
-4.003903865814208984e-01
-4.108576774597167969e-01
-4.121356308460235596e-01
-4.068165123462677002e-01
-4.079242646694183350e-01
-4.141334891319274902e-01
-4.079913198947906494e-01
-4.016159176826477051e-01
-4.083212316036224365e-01
-4.145397245883941650e-01
-4.036930501461029053e-01
-4.089378118515014648e-01
-4.081704616546630859e-01
-4.140132367610931396e-01
-4.088988304138183594e-01
-4.114464819431304932e-01
-4.114466011524200439e-01
-4.040694236755371094e-01
-4.101975560188293457e-01
-4.093839228153228760e-01
-4.062095880508422852e-01
-4.055697619915008545e-01
-4.071647822856903076e-01
-4.094723761081695557e-01
-4.087489545345306396e-01
-4.068854749202728271e-01
-4.061066806316375732e-01
-4.097219705581665039e-01
-4.108181893825531006e-01
-4.084624052047729492e-01
-4.093408286571502686e-01
-4.149200320243835449e-01
-4.134714901447296143e-01
-4.097399413585662842e-01
-4.054682850837707520e-01
-4.105012118816375732e-01
-4.091849327087402344e-01
-4.012821614742279053e-01
-4.078551232814788818e-01
-4.052333235740661621e-01
-4.098050594329833984e-01
-4.091235101222991943e-01
-4.082389473915100098e-01
-4.146176576614379883e-01
-4.136439859867095947e-01
-4.113309681415557861e-01
-4.153980314731597900e-01
-4.084817469120025635e-01
-4.098423421382904053e-01
-4.122380614280700684e-01
-4.096399545669555664e-01
-4.152474403381347656e-01
-4.034096598625183105e-01
-4.136400222778320312e-01
-4.101923406124114990e-01
-4.162489771842956543e-01
-4.106296300888061523e-01
-4.113823175430297852e-01
-4.141472876071929932e-01
-4.129550158977508545e-01
-4.090824425220489502e-01
-4.144999980926513672e-01
-4.085129499435424805e-01
-4.171746075153350830e-01
-4.154389202594757080e-01
-4.189082980155944824e-01
-4.179346859455108643e-01
-4.140258431434631348e-01
-4.096473753452301025e-01
-4.175472557544708252e-01
-4.182523190975189209e-01
-4.149995148181915283e-01
-4.180842638015747070e-01
-4.132113456726074219e-01
-4.051874876022338867e-01
-4.128347039222717285e-01
-4.081008732318878174e-01
-4.154514670372009277e-01
-4.105546772480010986e-01
-4.088235199451446533e-01
-4.223977625370025635e-01
-4.185865521430969238e-01
-4.181483089923858643e-01
-4.127145409584045410e-01
-4.050584137439727783e-01
-4.058682322502136230e-01
-4.134366512298583984e-01
-4.168029725551605225e-01
-4.106150269508361816e-01
-4.188522696495056152e-01
-4.191832244396209717e-01
-4.084656238555908203e-01
-4.109140038490295410e-01
-4.165560603141784668e-01
-4.144260287284851074e-01
-4.158496558666229248e-01
-4.132722616195678711e-01
-4.167132675647735596e-01
-4.108476936817169189e-01
-4.184645116329193115e-01
-4.084725975990295410e-01
-4.099268317222595215e-01
-4.129163324832916260e-01
-4.171748161315917969e-01
-4.088263511657714844e-01
-4.170674383640289307e-01
-4.119655489921569824e-01
-4.166107773780822754e-01
-4.113703072071075439e-01
-4.083232581615447998e-01
-4.095672369003295898e-01
-4.110122323036193848e-01
-4.108993113040924072e-01
-4.168363511562347412e-01
-4.142493307590484619e-01
-4.168888926506042480e-01
-4.144648313522338867e-01
-4.125759303569793701e-01
-4.178929924964904785e-01
-4.135410785675048828e-01
-4.158853888511657715e-01
-4.064856469631195068e-01
-4.137044250965118408e-01
-4.179557561874389648e-01
-4.202459752559661865e-01
-4.136665165424346924e-01
-4.115961790084838867e-01
-4.174824953079223633e-01
-4.061591923236846924e-01
-4.199947416782379150e-01
-4.173611402511596680e-01
-4.197747707366943359e-01
-4.202414453029632568e-01
-4.219106137752532959e-01
-4.120767414569854736e-01
-4.187285304069519043e-01
-4.098867774009704590e-01
-4.094803333282470703e-01
-4.098976552486419678e-01
-4.111235737800598145e-01
-4.149922132492065430e-01
-4.106034934520721436e-01
-4.165214598178863525e-01
-4.176465570926666260e-01
-4.121452569961547852e-01
-4.126878082752227783e-01
-4.188660383224487305e-01
-4.248353242874145508e-01
-4.188009202480316162e-01
-4.251747429370880127e-01
-4.103388190269470215e-01
-4.080440700054168701e-01
-4.154873490333557129e-01
-4.150078892707824707e-01
-4.191372692584991455e-01
-4.195897877216339111e-01
-4.198214113712310791e-01
-4.171362817287445068e-01
-4.200362265110015869e-01
-4.168201982975006104e-01
-4.204763174057006836e-01
-4.230083823204040527e-01
-4.166202247142791748e-01
-4.153699874877929688e-01
-4.222798049449920654e-01
-4.171385467052459717e-01
-4.142621457576751709e-01
-4.186612069606781006e-01
-4.181693494319915771e-01
-4.176593720912933350e-01
-4.160808026790618896e-01
-4.220659136772155762e-01
-4.242247343063354492e-01
-4.147378504276275635e-01
-4.146366417407989502e-01
-4.236290752887725830e-01
-4.167765378952026367e-01
-4.158014655113220215e-01
-4.143650531768798828e-01
-4.144359230995178223e-01
-4.134899377822875977e-01
-4.144506156444549561e-01
-4.148505926132202148e-01
-4.200276434421539307e-01
-4.099484086036682129e-01
-4.136955440044403076e-01
-4.138503968715667725e-01
-4.176682829856872559e-01
-4.232546389102935791e-01
-4.119424521923065186e-01
-4.198775887489318848e-01
-4.169160723686218262e-01
-4.219210743904113770e-01
-4.166058897972106934e-01
-4.140654206275939941e-01
-4.165999591350555420e-01
-4.118613898754119873e-01
-4.110874533653259277e-01
-4.178836643695831299e-01
-4.108002185821533203e-01
-4.176761507987976074e-01
-4.173305630683898926e-01
-4.139818847179412842e-01
-4.177814126014709473e-01
-4.191091060638427734e-01
-4.212367534637451172e-01
-4.202841222286224365e-01
-4.179892539978027344e-01
-4.204726517200469971e-01
-4.214162528514862061e-01
-4.112407863140106201e-01
-4.206724762916564941e-01
-4.270274043083190918e-01
-4.188584685325622559e-01
-4.200884997844696045e-01
-4.165230095386505127e-01
-4.191184639930725098e-01
-4.243599176406860352e-01
-4.228413701057434082e-01
-4.171687960624694824e-01
-4.156039357185363770e-01
-4.252586066722869873e-01
-4.215302467346191406e-01
-4.113957881927490234e-01
-4.143239259719848633e-01
-4.154706895351409912e-01
-4.282579720020294189e-01
-4.189678430557250977e-01
-4.137120842933654785e-01
-4.111505448818206787e-01
-4.225150346755981445e-01
-4.157790839672088623e-01
-4.209304153919219971e-01
-4.227672219276428223e-01
-4.235532879829406738e-01
-4.172479808330535889e-01
-4.139060676097869873e-01
-4.251670241355895996e-01
-4.276553392410278320e-01
-4.162442684173583984e-01
-4.230881333351135254e-01
-4.156308770179748535e-01
-4.173645973205566406e-01
-4.260709285736083984e-01
-4.241569340229034424e-01
-4.047566056251525879e-01
-4.182014465332031250e-01
-4.161017835140228271e-01
-4.199118912220001221e-01
-4.231187701225280762e-01
-4.173372387886047363e-01
-4.186572730541229248e-01
-4.187363088130950928e-01
-4.230583012104034424e-01
-4.180986285209655762e-01
-4.166436195373535156e-01
-4.220126271247863770e-01
-4.174136817455291748e-01
-4.142083823680877686e-01
-4.243517816066741943e-01
-4.139438569545745850e-01
-4.244703352451324463e-01
-4.199592769145965576e-01
-4.149661958217620850e-01
-4.156245589256286621e-01
-4.213783442974090576e-01
-4.138564467430114746e-01
-4.237602651119232178e-01
-4.243830442428588867e-01
-4.160312116146087646e-01
-4.246188998222351074e-01
-4.195370972156524658e-01
-4.298378229141235352e-01
-4.190087318420410156e-01
-4.178254902362823486e-01
-4.206295907497406006e-01
-4.205476641654968262e-01
-4.199991226196289062e-01
-4.191624224185943604e-01
-4.178762435913085938e-01
-4.261834323406219482e-01
-4.217890202999114990e-01
-4.215924143791198730e-01
-4.184079468250274658e-01
-4.208281040191650391e-01
-4.206412434577941895e-01
-4.148523509502410889e-01
-4.222325980663299561e-01
-4.250949323177337646e-01
-4.226897656917572021e-01
-4.189304113388061523e-01
-4.201739728450775146e-01
-4.203449785709381104e-01
-4.202775359153747559e-01
-4.224035739898681641e-01
-4.189865589141845703e-01
-4.246859848499298096e-01
-4.205480515956878662e-01
-4.240453243255615234e-01
-4.265785813331604004e-01
-4.291118681430816650e-01
-4.257564246654510498e-01
-4.222268760204315186e-01
-4.226056039333343506e-01
-4.201696217060089111e-01
-4.262518882751464844e-01
-4.186535775661468506e-01
-4.214622080326080322e-01
-4.214892983436584473e-01
-4.177339375019073486e-01
-4.225619435310363770e-01
-4.235801994800567627e-01
-4.240295290946960449e-01
-4.253555238246917725e-01
-4.226083457469940186e-01
-4.214902520179748535e-01
-4.235404133796691895e-01
-4.184852242469787598e-01
-4.219158291816711426e-01
-4.253650903701782227e-01
-4.248217046260833740e-01
-4.214467108249664307e-01
-4.266795516014099121e-01
-4.229223728179931641e-01
-4.206641614437103271e-01
-4.219745397567749023e-01
-4.267880320549011230e-01
-4.230576157569885254e-01
-4.151196777820587158e-01
-4.218380153179168701e-01
-4.251099228858947754e-01
-4.243463873863220215e-01
-4.204455912113189697e-01
-4.276055693626403809e-01
-4.222677052021026611e-01
-4.172734618186950684e-01
-4.255499839782714844e-01
-4.245056807994842529e-01
-4.245107769966125488e-01
-4.253841042518615723e-01
-4.253524243831634521e-01
-4.241138398647308350e-01
-4.206493198871612549e-01
-4.177941381931304932e-01
-4.299127161502838135e-01
-4.250643849372863770e-01
-4.264658391475677490e-01
-4.209668636322021484e-01
-4.274498224258422852e-01
-4.230602383613586426e-01
-4.218341112136840820e-01
-4.227772355079650879e-01
-4.262329638004302979e-01
-4.242304563522338867e-01
-4.290935099124908447e-01
-4.229080975055694580e-01
-4.271388053894042969e-01
-4.204845726490020752e-01
-4.278739094734191895e-01
-4.245675206184387207e-01
-4.265522658824920654e-01
-4.254644811153411865e-01
-4.256705641746520996e-01
-4.206399023532867432e-01
-4.255702495574951172e-01
-4.266121685504913330e-01
-4.290818274021148682e-01
-4.235255122184753418e-01
-4.232250452041625977e-01
-4.123222827911376953e-01
-4.211325645446777344e-01
-4.218468666076660156e-01
-4.212861359119415283e-01
-4.324851036071777344e-01
-4.188921153545379639e-01
-4.244996905326843262e-01
-4.199719727039337158e-01
-4.290412962436676025e-01
-4.306865334510803223e-01
-4.312512576580047607e-01
-4.247144460678100586e-01
-4.269385635852813721e-01
-4.255247712135314941e-01
-4.312748014926910400e-01
-4.283497929573059082e-01
-4.226216971874237061e-01
-4.184402525424957275e-01
-4.322538673877716064e-01
-4.196949601173400879e-01
-4.294440150260925293e-01
-4.209344387054443359e-01
-4.226572811603546143e-01
-4.232601225376129150e-01
-4.291853010654449463e-01
-4.315908849239349365e-01
-4.290885627269744873e-01
-4.211303889751434326e-01
-4.209339618682861328e-01
-4.288582801818847656e-01
-4.287973642349243164e-01
-4.268449842929840088e-01
-4.254757761955261230e-01
-4.233385324478149414e-01
-4.263035356998443604e-01
-4.285800158977508545e-01
-4.262373745441436768e-01
-4.288905858993530273e-01
-4.281017184257507324e-01
-4.232844114303588867e-01
-4.299319386482238770e-01
-4.274739623069763184e-01
-4.241799414157867432e-01
-4.238918423652648926e-01
-4.260199368000030518e-01
-4.279722273349761963e-01
-4.328169524669647217e-01
-4.282358288764953613e-01
-4.334105849266052246e-01
-4.346661269664764404e-01
-4.241981208324432373e-01
-4.214984774589538574e-01
-4.258642792701721191e-01
-4.254201650619506836e-01
-4.287966191768646240e-01
-4.251219630241394043e-01
-4.270218014717102051e-01
-4.257370233535766602e-01
-4.287742376327514648e-01
-4.233457744121551514e-01
-4.298304021358489990e-01
-4.216803312301635742e-01
-4.262408912181854248e-01
-4.281926751136779785e-01
-4.314922392368316650e-01
-4.274705648422241211e-01
-4.256658256053924561e-01
-4.295489192008972168e-01
-4.290192127227783203e-01
-4.334823489189147949e-01
-4.283294975757598877e-01
-4.302946925163269043e-01
-4.269662797451019287e-01
-4.315957725048065186e-01
-4.307034611701965332e-01
-4.320376813411712646e-01
-4.267116785049438477e-01
-4.300016760826110840e-01
-4.251644313335418701e-01
-4.249228239059448242e-01
-4.351214170455932617e-01
-4.288790225982666016e-01
-4.269467592239379883e-01
-4.303032159805297852e-01
-4.281423091888427734e-01
-4.348699152469635010e-01
-4.280849695205688477e-01
-4.289941489696502686e-01
-4.259259104728698730e-01
-4.332285225391387939e-01
-4.259441792964935303e-01
-4.272114336490631104e-01
-4.287676513195037842e-01
-4.302654564380645752e-01
-4.256004989147186279e-01
-4.329160153865814209e-01
-4.305524230003356934e-01
-4.290411174297332764e-01
-4.297454357147216797e-01
-4.306673109531402588e-01
-4.204904437065124512e-01
-4.278283417224884033e-01
-4.309545755386352539e-01
-4.294092655181884766e-01
-4.290709197521209717e-01
-4.253878295421600342e-01
-4.283097088336944580e-01
-4.315470457077026367e-01
-4.288029372692108154e-01
-4.277308285236358643e-01
-4.351988732814788818e-01
-4.342959523200988770e-01
-4.302676320075988770e-01
-4.326393306255340576e-01
-4.293426573276519775e-01
-4.330185055732727051e-01
-4.319622218608856201e-01
-4.287013411521911621e-01
-4.346400201320648193e-01
-4.329300522804260254e-01
-4.298162758350372314e-01
-4.324559867382049561e-01
-4.227158725261688232e-01
-4.310327172279357910e-01
-4.298952817916870117e-01
-4.357278347015380859e-01
-4.315328896045684814e-01
-4.311499297618865967e-01
-4.309009909629821777e-01
-4.326438903808593750e-01
-4.348570704460144043e-01
-4.337176084518432617e-01
-4.299564957618713379e-01
-4.329732656478881836e-01
-4.271068871021270752e-01
-4.328029751777648926e-01
-4.298411607742309570e-01
-4.343971610069274902e-01
-4.259545207023620605e-01
-4.347866773605346680e-01
-4.261050820350646973e-01
-4.300264716148376465e-01
-4.313738048076629639e-01
-4.304280281066894531e-01
-4.323824942111968994e-01
-4.406167566776275635e-01
-4.281266033649444580e-01
-4.291164875030517578e-01
-4.315531551837921143e-01
-4.287831783294677734e-01
-4.330009818077087402e-01
-4.277002513408660889e-01
-4.353117942810058594e-01
-4.300849735736846924e-01
-4.324601888656616211e-01
-4.243305623531341553e-01
-4.317180514335632324e-01
-4.295091927051544189e-01
-4.334969520568847656e-01
-4.328461587429046631e-01
-4.279784858226776123e-01
-4.369804859161376953e-01
-4.280582666397094727e-01
-4.263580143451690674e-01
-4.253878295421600342e-01
-4.275070726871490479e-01
-4.313577413558959961e-01
-4.349824488162994385e-01
-4.302737712860107422e-01
-4.296747446060180664e-01
-4.278771281242370605e-01
-4.303425848484039307e-01
-4.364504218101501465e-01
-4.340665340423583984e-01
-4.301244914531707764e-01
-4.271036982536315918e-01
-4.283943474292755127e-01
-4.307332932949066162e-01
-4.307144284248352051e-01
-4.310308098793029785e-01
-4.330008029937744141e-01
-4.308561384677886963e-01
-4.291068613529205322e-01
-4.335075914859771729e-01
-4.365142881870269775e-01
-4.321891367435455322e-01
-4.331495463848114014e-01
-4.318755269050598145e-01
-4.375673532485961914e-01
-4.391907155513763428e-01
-4.275873899459838867e-01
-4.366438686847686768e-01
-4.333888590335845947e-01
-4.307609200477600098e-01
-4.311586320400238037e-01
-4.333926439285278320e-01
-4.336013793945312500e-01
-4.375996291637420654e-01
-4.283599257469177246e-01
-4.305976331233978271e-01
-4.266673624515533447e-01
-4.289006888866424561e-01
-4.274286031723022461e-01
-4.377840757369995117e-01
-4.343023002147674561e-01
-4.324029684066772461e-01
-4.294194877147674561e-01
-4.306935966014862061e-01
-4.307667613029479980e-01
-4.276971817016601562e-01
-4.358441233634948730e-01
-4.299775660037994385e-01
-4.292706847190856934e-01
-4.287669062614440918e-01
-4.326687157154083252e-01
-4.301699101924896240e-01
-4.242215156555175781e-01
-4.307011961936950684e-01
-4.331520497798919678e-01
-4.313981235027313232e-01
-4.401306211948394775e-01
-4.323354065418243408e-01
-4.334124624729156494e-01
-4.308627843856811523e-01
-4.332932531833648682e-01
-4.294433891773223877e-01
-4.319252371788024902e-01
-4.287914931774139404e-01
-4.371581375598907471e-01
-4.338909387588500977e-01
-4.301918447017669678e-01
-4.364714920520782471e-01
-4.285472929477691650e-01
-4.296116828918457031e-01
-4.352492690086364746e-01
-4.346499443054199219e-01
-4.298555850982666016e-01
-4.315791726112365723e-01
-4.330968558788299561e-01
-4.338241815567016602e-01
-4.331933557987213135e-01
-4.319534003734588623e-01
-4.341769516468048096e-01
-4.326485097408294678e-01
-4.378308653831481934e-01
-4.325700998306274414e-01
-4.286863207817077637e-01
-4.375411272048950195e-01
-4.343201220035552979e-01
-4.298808574676513672e-01
-4.329238235950469971e-01
-4.320894479751586914e-01
-4.347374141216278076e-01
-4.313351809978485107e-01
-4.309946000576019287e-01
-4.335111081600189209e-01
-4.336623549461364746e-01
-4.341644942760467529e-01
-4.315876662731170654e-01
-4.315210580825805664e-01
-4.364717900753021240e-01
-4.274149835109710693e-01
-4.365338087081909180e-01
-4.331136643886566162e-01
-4.313699901103973389e-01
-4.346635639667510986e-01
-4.317186772823333740e-01
-4.284552633762359619e-01
-4.326995313167572021e-01
-4.294865727424621582e-01
-4.385164380073547363e-01
-4.330866038799285889e-01
-4.323425292968750000e-01
-4.329167604446411133e-01
-4.363990426063537598e-01
-4.325230121612548828e-01
-4.365415573120117188e-01
-4.288333058357238770e-01
-4.346123337745666504e-01
-4.320686161518096924e-01
-4.379033148288726807e-01
-4.332811236381530762e-01
-4.288534224033355713e-01
-4.335300922393798828e-01
-4.304928481578826904e-01
-4.276533722877502441e-01
-4.326913356781005859e-01
-4.380662441253662109e-01
-4.345584511756896973e-01
-4.317776560783386230e-01
-4.395946860313415527e-01
-4.327023923397064209e-01
-4.397278130054473877e-01
-4.266444742679595947e-01
-4.384637475013732910e-01
-4.333742260932922363e-01
-4.341235458850860596e-01
-4.299216270446777344e-01
-4.263723790645599365e-01
-4.326958954334259033e-01
-4.342576265335083008e-01
-4.350091516971588135e-01
-4.336698949337005615e-01
-4.325181841850280762e-01
-4.370976686477661133e-01
-4.292768537998199463e-01
-4.351037740707397461e-01
-4.368034899234771729e-01
-4.358917474746704102e-01
-4.358610212802886963e-01
-4.302565455436706543e-01
-4.355264902114868164e-01
-4.328277707099914551e-01
-4.302822351455688477e-01
-4.280527234077453613e-01
-4.334807395935058594e-01
-4.318843483924865723e-01
-4.307709932327270508e-01
-4.330550432205200195e-01
-4.326082766056060791e-01
-4.350468814373016357e-01
-4.366745054721832275e-01
-4.319614768028259277e-01
-4.369586110115051270e-01
-4.371574223041534424e-01
-4.373959302902221680e-01
-4.297883510589599609e-01
-4.351746737957000732e-01
-4.323738515377044678e-01
-4.361897706985473633e-01
-4.355927705764770508e-01
-4.389242231845855713e-01
-4.365728199481964111e-01
-4.341511130332946777e-01
-4.341517388820648193e-01
-4.301905632019042969e-01
-4.280132949352264404e-01
-4.313448369503021240e-01
-4.341747462749481201e-01
-4.367702603340148926e-01
-4.368853867053985596e-01
-4.312238991260528564e-01
-4.399428069591522217e-01
-4.320812821388244629e-01
-4.274437129497528076e-01
-4.339387118816375732e-01
-4.284135401248931885e-01
-4.327611029148101807e-01
-4.325850307941436768e-01
-4.313572645187377930e-01
-4.362448453903198242e-01
-4.373176991939544678e-01
-4.310885071754455566e-01
-4.367321133613586426e-01
-4.323402941226959229e-01
-4.339483976364135742e-01
-4.353245198726654053e-01
-4.313255548477172852e-01
-4.319904148578643799e-01
-4.328229129314422607e-01
-4.342255592346191406e-01
-4.319835901260375977e-01
-4.365477263927459717e-01
-4.289456307888031006e-01
-4.355560243129730225e-01
-4.332708418369293213e-01
-4.301318526268005371e-01
-4.317146241664886475e-01
-4.339077770709991455e-01
-4.283646941184997559e-01
-4.309382736682891846e-01
-4.320803284645080566e-01
-4.343858361244201660e-01
-4.342866837978363037e-01
-4.368796944618225098e-01
-4.365090131759643555e-01
-4.317397773265838623e-01
-4.334562122821807861e-01
-4.345778822898864746e-01
-4.360116124153137207e-01
-4.325314164161682129e-01
-4.301760196685791016e-01
-4.345793426036834717e-01
-4.350697100162506104e-01
-4.297347366809844971e-01
-4.341223239898681641e-01
-4.357832074165344238e-01
-4.289597272872924805e-01
-4.332695305347442627e-01
-4.324671030044555664e-01
-4.333607554435729980e-01
-4.355122148990631104e-01
-4.385445117950439453e-01
-4.299199879169464111e-01
-4.342283606529235840e-01
-4.318395256996154785e-01
-4.339358806610107422e-01
-4.322266578674316406e-01
-4.322783946990966797e-01
-4.324882924556732178e-01
-4.338789284229278564e-01
-4.317355751991271973e-01
-4.328138530254364014e-01
-4.367211163043975830e-01
-4.305523633956909180e-01
-4.362371861934661865e-01
-4.367966353893280029e-01
-4.313261806964874268e-01
-4.328497946262359619e-01
-4.277249574661254883e-01
-4.358725249767303467e-01
-4.333007335662841797e-01
-4.343198537826538086e-01
-4.312932193279266357e-01
-4.367962181568145752e-01
-4.291439950466156006e-01
-4.332987666130065918e-01
-4.359975755214691162e-01
-4.344297647476196289e-01
-4.333138763904571533e-01
-4.316634535789489746e-01
-4.318254888057708740e-01
-4.318174421787261963e-01
-4.349651634693145752e-01
-4.331242144107818604e-01
-4.340654611587524414e-01
-4.375901520252227783e-01
-4.340921342372894287e-01
-4.332830905914306641e-01
-4.332114756107330322e-01
-4.330737292766571045e-01
-4.277199208736419678e-01
-4.356734454631805420e-01
-4.392022490501403809e-01
-4.368070363998413086e-01
-4.354210793972015381e-01
-4.280814528465270996e-01
-4.327137470245361328e-01
-4.336016774177551270e-01
-4.314166903495788574e-01
-4.312122166156768799e-01
-4.351051449775695801e-01
-4.330173432826995850e-01
-4.319440424442291260e-01
-4.329035282135009766e-01
-4.327655732631683350e-01
-4.353034794330596924e-01
-4.352502226829528809e-01
-4.341083467006683350e-01
-4.339443147182464600e-01
-4.345692098140716553e-01
-4.342880845069885254e-01
-4.342781901359558105e-01
-4.338409304618835449e-01
