7.391915321350097656e-01
2.442253695593940011e-01
-1.958632303608788539e-02
-1.200339794158935547e-01
-1.327197021908230190e-01
-1.138753228717380162e-01
-1.012651125590006557e-01
-1.104112995995415597e-01
-1.207337247000800223e-01
-1.282017893261379604e-01
-1.333579884635077706e-01
-1.499332322014702568e-01
-1.572991212209065848e-01
-1.679461002349853516e-01
-1.716021299362182617e-01
-1.859514051013522740e-01
-1.936844322416517439e-01
-1.945230166117350168e-01
-2.017788357204861049e-01
-2.010574473275078544e-01
-2.010903226004706612e-01
-2.105238702562120257e-01
-2.042055394914415178e-01
-2.202051613065931501e-01
-2.105404800838894253e-01
-2.187069257100423270e-01
-2.166008287005954380e-01
-2.149617804421318779e-01
-2.168676720725165596e-01
-2.252515421973334542e-01
-2.210947804980807896e-01
-2.253805796305338449e-01
-2.279475265079074497e-01
-2.253092924753824777e-01
-2.283472749922010603e-01
-2.300373183356391182e-01
-2.367841137780083427e-01
-2.317028840382893973e-01
-2.401772340138753348e-01
-2.308223512437608538e-01
-2.276326815287272043e-01
-2.343126932779947824e-01
-2.391145759158664341e-01
-2.367432117462158203e-01
-2.337996429867214565e-01
-2.345365153418647042e-01
-2.445515791575113840e-01
-2.457066641913520089e-01
-2.469829983181423549e-01
-2.424468729231092634e-01
-2.444162103864881697e-01
-2.283654742770724888e-01
-2.361431121826171875e-01
-2.457938459184434710e-01
-2.457142935858832589e-01
-2.481063206990559988e-01
-2.451317575242784319e-01
-2.507292429606119977e-01
-2.495362228817409878e-01
-2.426041762034098215e-01
-2.512308491600884208e-01
-2.540569570329453963e-01
-2.479729652404785156e-01
-2.602872053782145367e-01
-2.492538558112250557e-01
-2.483760250939263114e-01
-2.526644335852729073e-01
-2.508508629269070034e-01
-2.528199089898003349e-01
-2.529279390970866070e-01
-2.564313146803114396e-01
-2.530616919199625836e-01
-2.546612686581081753e-01
-2.642721864912245255e-01
-2.606164879269070034e-01
-2.515119711558024274e-01
-2.518498632642958146e-01
-2.578609254625108260e-01
-2.536587715148925781e-01
-2.596464951833089008e-01
-2.570965554979112166e-01
-2.631556987762451172e-01
-2.558788458506266461e-01
-2.600574758317735213e-01
-2.601641813913981305e-01
-2.664625379774305802e-01
-2.596923245324028739e-01
-2.603641615973578682e-01
-2.606558799743652344e-01
-2.646770742204453963e-01
-2.490592532687717076e-01
-2.563782268100314732e-01
-2.660571469200981864e-01
-2.539349397023518695e-01
-2.588334878285725726e-01
-2.565062840779622211e-01
-2.599045700497097378e-01
-2.716775470309787388e-01
-2.743259800804985771e-01
-2.713075478871663226e-01
-2.583456834157307758e-01
-2.519611782497829799e-01
-2.576440705193413505e-01
-2.561926576826307755e-01
-2.598910861545138951e-01
-2.614645693037245255e-01
-2.585090531243218193e-01
-2.620437410142686385e-01
-2.592523362901475448e-01
-2.557154496510823383e-01
-2.629170947604709263e-01
-2.614703443315293807e-01
-2.626524236467149276e-01
-2.587278683980305805e-01
-2.660058074527316685e-01
-2.734381887647840959e-01
-2.629185782538520089e-01
-2.667768531375461216e-01
-2.736055850982666016e-01
-2.603823608822292690e-01
-2.680594656202528459e-01
-2.645442485809326172e-01
-2.736750443776448383e-01
-2.695642842186821708e-01
-2.601832813686794643e-01
-2.681937217712402344e-01
-2.641525533464219588e-01
-2.762233151329888114e-01
-2.736735079023573380e-01
-2.758909861246744977e-01
-2.668191062079535714e-01
-2.701981067657470703e-01
-2.666915787590874443e-01
-2.738556332058376674e-01
-2.720559967888726005e-01
-2.731667624579535714e-01
-2.716030809614393693e-01
-2.725217077467176896e-01
-2.688591480255126953e-01
-2.659721374511718750e-01
-2.649282349480522880e-01
-2.768226199679904576e-01
-2.749995655483669643e-01
-2.731248802608913784e-01
-2.713414563073052177e-01
-2.719434897104899274e-01
-2.777118682861328125e-01
-2.671917014651828404e-01
-2.709901862674289341e-01
-2.730182276831732979e-01
-2.717506885528564453e-01
-2.794179121653239117e-01
-2.711175017886691685e-01
-2.834968566894531250e-01
-2.829910914103190289e-01
-2.756445937686496372e-01
-2.768345938788520089e-01
-2.781388759613037109e-01
-2.896000544230143414e-01
-2.858189476860893974e-01
-2.837752766079372768e-01
-2.871759732564290180e-01
-2.745825184716118583e-01
-2.803591092427571430e-01
-2.854641808403862724e-01
-2.865926689571804409e-01
-2.760587533315022601e-01
-2.773444122738308315e-01
-2.828974193996853237e-01
-2.765020529429118024e-01
-2.816848489973280412e-01
-2.850037415822346820e-01
-2.851199044121636161e-01
-2.871603171030680524e-01
-2.814975314670138951e-01
-2.861783769395616073e-01
-2.778488530053032646e-01
-2.842319541507297154e-01
-2.894701162974039899e-01
-2.840328746371799107e-01
-2.813294993506537667e-01
-2.790190378824869977e-01
-2.730121612548828125e-01
-2.834142843882243024e-01
-2.873198456234402065e-01
-2.914117707146538505e-01
-2.850861019558376674e-01
-2.884346908993191128e-01
-2.846216890547010880e-01
-2.837646272447373885e-01
-2.835110558403862724e-01
-2.869774235619438896e-01
-2.897284030914306641e-01
-2.865344948238796596e-01
-2.884204122755262834e-01
-2.861779001024034041e-01
-2.865499125586615792e-01
-2.857680320739746094e-01
-2.876133918762207031e-01
-2.880901495615641461e-01
-2.864525847964816685e-01
-2.824141714307997209e-01
-2.841693825191921596e-01
-2.847649256388346539e-01
-2.818349467383490792e-01
-2.867566744486491070e-01
-2.878424591488308315e-01
-2.901520199245876674e-01
-2.842471864488389510e-01
-2.801742023891872768e-01
-2.798389858669704799e-01
-2.760353618197970982e-01
-2.897145218319363003e-01
-2.808262772030300503e-01
-2.905524041917588729e-01
-2.924708790249294643e-01
-2.924057112799750557e-01
-2.874643007914225445e-01
-2.923371262020534878e-01
-2.883781592051188336e-01
-2.971611287858750838e-01
-2.885487079620361328e-01
-2.882521682315402622e-01
-2.922650178273518695e-01
-2.941721810234917411e-01
-2.962889671325683594e-01
-2.898212803734673271e-01
-2.961753209431965961e-01
-2.977220217386881695e-01
-2.882172266642252789e-01
-2.881814108954535714e-01
-2.932925489213731307e-01
-2.929893599616156807e-01
-2.944097783830430526e-01
-2.816089259253607979e-01
-2.893712255689833146e-01
-2.939118279351128349e-01
-2.851189507378472099e-01
-2.776233090294731864e-01
-2.866791884104410992e-01
-2.840455638037787667e-01
-2.879643440246582031e-01
-2.882789505852593193e-01
-2.882512410481770648e-01
-2.916293938954671039e-01
-2.815879980723063336e-01
-2.879959212409125557e-01
-2.924444940355088729e-01
-2.892099221547444476e-01
-2.878084182739257812e-01
-2.898602485656738281e-01
-2.975519763098822823e-01
-2.954069508446587333e-01
-2.928779919942219867e-01
-2.900571823120117188e-01
-2.865366670820448380e-01
-2.841556866963704242e-01
-2.946305274963378906e-01
-2.935106224483913784e-01
-2.935439745585123883e-01
-2.864305973052978516e-01
-2.897495428721110211e-01
-2.900197505950927734e-01
-2.882212267981635323e-01
-2.954827944437662945e-01
-2.848719490898979911e-01
-2.895435757107204799e-01
-2.848901483747694474e-01
-2.844332059224446430e-01
-2.822582986619737166e-01
-2.881988684336344586e-01
-2.849585480160183315e-01
-2.925163904825846539e-01
-2.873590522342258091e-01
-2.849160300360785714e-01
-2.850694391462538224e-01
-2.967007425096299666e-01
-2.918585671318901786e-01
-2.800197336408827287e-01
-2.884351942274305802e-01
-2.928147315979003906e-01
-2.942507002088758927e-01
-2.908077769809299107e-01
-2.924587726593017578e-01
-2.879061434004042130e-01
-2.825668917761908761e-01
-2.882095707787407646e-01
-2.885103755527072544e-01
-2.802133560180664062e-01
-2.898213068644205914e-01
-2.837802569071452008e-01
-2.843046188354492188e-01
-2.936392625172932758e-01
-2.943334314558241349e-01
-3.038768503401014787e-01
-2.937471336788601284e-01
-2.922127776675754185e-01
-2.989482084910075055e-01
-2.881852785746256695e-01
-2.932495805952284318e-01
-2.913663652208116073e-01
-2.919462256961398716e-01
-2.910963164435492745e-01
-2.938835091061062221e-01
-2.930106321970621930e-01
-2.856151262919108258e-01
-2.814746962653266182e-01
-2.868678834703233260e-01
-2.837876478830973492e-01
-2.840275499555799943e-01
-2.875587675306532365e-01
-2.847839461432563057e-01
-2.888193925221760883e-01
-2.919172181023491630e-01
-2.906499438815646763e-01
-2.883026599884033203e-01
-2.854532665676540737e-01
-2.869671450720893136e-01
-2.942174540625678292e-01
-2.932904296451144810e-01
-2.959744400448269253e-01
-2.956874105665419084e-01
-2.987460295359293805e-01
-2.930658393436008091e-01
-3.010887569851345424e-01
-2.980494234297010880e-01
-3.027020295461018695e-01
-2.953389220767551060e-01
-2.961282995012071151e-01
-2.938768068949381695e-01
-2.905048794216579799e-01
-2.919182512495253068e-01
-2.902271482679579240e-01
-2.986690998077392578e-01
-2.970460255940755023e-01
-2.980447080400254745e-01
-2.936713430616590959e-01
-2.909557554456922990e-01
-2.946261299981011161e-01
-2.883057594299316406e-01
-2.969648308224148159e-01
-2.897564040289984932e-01
-2.905324035220676060e-01
-3.000823656717936383e-01
-2.976888550652397880e-01
-2.952945497300889510e-01
-2.956879403856065291e-01
-2.981323666042751674e-01
-3.013813495635986328e-01
-3.047528001997206193e-01
-3.005858262379964008e-01
-3.072992695702446708e-01
-3.053326076931423549e-01
-2.965597841474745255e-01
-2.954237725999619979e-01
-3.011490768856472378e-01
-3.052381409539116630e-01
-3.089202774895561943e-01
-3.119393984476725445e-01
-3.029321829477946149e-01
-3.072680632273356305e-01
-3.063771194881863003e-01
-3.016230530209011440e-01
-3.029108842213948383e-01
-3.085934321085612164e-01
-3.129687839084201451e-01
-3.041798803541395646e-01
-3.107690811157226562e-01
-3.081880410512288226e-01
-3.058111402723524552e-01
-3.090587192111545201e-01
-3.094756338331434709e-01
-3.154968950483534318e-01
-3.111640612284342633e-01
-3.133012188805474052e-01
-3.082891835106743583e-01
-3.129839367336696987e-01
-3.092139032151963729e-01
-3.118485344780815849e-01
-3.093629678090413226e-01
-3.038714726765950336e-01
-3.055228922102186662e-01
-3.024645646413167133e-01
-3.084969520568847656e-01
-3.090033531188964844e-01
-3.093498282962375279e-01
-3.087705771128336774e-01
-3.059551980760362166e-01
-3.097791141933864956e-01
-3.135697046915690289e-01
-3.154633575015597935e-01
-3.103859689500596541e-01
-3.097658687167697544e-01
-3.082341088189018974e-01
-3.064655462900797711e-01
-3.037688202328152065e-01
-3.041916953192816964e-01
-3.105596701304118024e-01
-3.153485986921522599e-01
-3.112537331051296596e-01
-3.047442436218261719e-01
-3.063768810696071987e-01
-3.109347290462917690e-01
-3.036137686835395089e-01
-3.071668148040771484e-01
-3.092237313588460101e-01
-3.062789440155029297e-01
-3.122347725762261161e-01
-3.147047625647650948e-01
-3.064779175652397880e-01
-3.041649129655625838e-01
-3.017693625556098214e-01
-3.101018534766303292e-01
-3.073652055528428573e-01
-3.070756329430474052e-01
-3.027728928460015068e-01
-3.046992354922824497e-01
-3.006562921735975724e-01
-2.936592896779378070e-01
-3.035937945048014508e-01
-3.055298328399658203e-01
-3.137249681684706193e-01
-3.122969733344184151e-01
-3.128826618194580078e-01
-3.118463622199164620e-01
-3.085149129231770648e-01
-3.110675017038981305e-01
-3.079231315188937779e-01
-3.113518820868598214e-01
-3.078473144107394810e-01
-2.982447147369384766e-01
-3.038835260603163224e-01
-3.024720085991753349e-01
-3.088886737823486328e-01
-3.079744444953070870e-01
-3.071674770779079799e-01
-3.117430210113525391e-01
-3.112395869361029854e-01
-3.106917275322808036e-01
-3.086817529466416854e-01
-3.117141988542344588e-01
-3.095910019344753628e-01
-3.100886609819200057e-01
-3.068777985042995815e-01
-3.102558718787299386e-01
-3.119434780544704799e-01
-3.124166329701741351e-01
-3.068850040435791016e-01
-3.108923435211181641e-01
-3.134006659189860211e-01
-3.099113040500217076e-01
-3.100759983062744141e-01
-3.082309034135606307e-01
-3.063654634687635880e-01
-3.168292575412326451e-01
-3.174060715569390068e-01
-3.148354689280192242e-01
-3.135276105668809432e-01
-3.089572588602702008e-01
-3.065513769785563336e-01
-3.117086092631022320e-01
-3.125506242116292133e-01
-3.099261654747856864e-01
-3.128010961744520646e-01
-3.109589417775471820e-01
-3.080911901262071151e-01
-3.156186739603678570e-01
-3.171065118577744979e-01
-3.100114928351508370e-01
-3.158325619167751674e-01
-3.112729655371772042e-01
-3.174580997890896206e-01
-3.221445083618164062e-01
-3.180574311150444755e-01
-3.150344424777560826e-01
-3.112727801005045758e-01
-3.122336599561903459e-01
-3.171985149383544922e-01
-3.166341251797146206e-01
-3.142752382490370255e-01
-3.115136358473036271e-01
-3.162925243377685547e-01
-3.166339397430419922e-01
-3.183202478620741349e-01
-3.202668031056721820e-01
-3.125179873572455636e-01
-3.129708502027723771e-01
-3.093474176194932479e-01
-3.101601600646972656e-01
-3.175065517425537109e-01
-3.112161954243977680e-01
-3.066229290432400112e-01
-3.137417104509141463e-01
-3.111604319678412667e-01
-3.129950629340277901e-01
-3.171193069881863003e-01
-3.148852984110514508e-01
-3.139899571736653461e-01
-3.116137451595730190e-01
-3.124255869123671037e-01
-3.164126078287760602e-01
-3.153151141272650948e-01
-3.173417780134413224e-01
-3.148162364959716797e-01
-3.250650035010443917e-01
-3.202514118618435268e-01
-3.182150787777370815e-01
-3.208005163404676896e-01
-3.109404775831434709e-01
-3.105550077226426620e-01
-3.173102272881401786e-01
-3.108890056610107422e-01
-3.113208611806233539e-01
-3.174369600084092635e-01
-3.191823959350585938e-01
-3.198361926608615513e-01
-3.132568465338813057e-01
-3.172323968675401229e-01
-3.135757976108127232e-01
-3.161927858988444195e-01
-3.111144171820746651e-01
-3.169780837164984932e-01
-3.182044029235839844e-01
-3.224449687533908482e-01
-3.158567746480305805e-01
-3.172170586056179409e-01
-3.160263167487250557e-01
-3.169710636138916016e-01
-3.200515906016032086e-01
-3.252797921498616351e-01
-3.195718394385443917e-01
-3.172084225548638114e-01
-3.149129549662272320e-01
-3.128892050849066964e-01
-3.121032449934217912e-01
-3.160708480411105747e-01
-3.190880351596408482e-01
-3.208746115366618024e-01
-3.211168977949354630e-01
-3.224656052059597378e-01
-3.191136519114176617e-01
-3.197680049472385044e-01
-3.239453633626301898e-01
-3.185300827026367188e-01
-3.190580474005805245e-01
-3.194131586286756974e-01
-3.175391621059841518e-01
-3.176372845967610492e-01
-3.215611510806613560e-01
-3.220560285780165177e-01
-3.235279983944363003e-01
-3.197036584218342914e-01
-3.175416787465413226e-01
-3.198558489481608258e-01
-3.210333718193901786e-01
-3.167606989542643414e-01
-3.210355440775553570e-01
-3.183719582027859096e-01
-3.146336608462863560e-01
-3.223043812645806083e-01
-3.195124202304416294e-01
-3.178506957160102120e-01
-3.179752031962077008e-01
-3.167764875623915177e-01
-3.245739671919081193e-01
-3.200175497266981584e-01
-3.216082255045573102e-01
-3.194239139556884766e-01
-3.203581174214680805e-01
-3.243534564971923828e-01
-3.255635102589924945e-01
-3.210149341159396763e-01
-3.202125231424967633e-01
-3.206981288062201729e-01
-3.266904354095458984e-01
-3.174297014872233258e-01
-3.229129579332139510e-01
-3.145018153720431919e-01
-3.243130842844645367e-01
-3.249190118577744979e-01
-3.238135178883870258e-01
-3.251853254106309432e-01
-3.221729596455891742e-01
-3.275573783450656529e-01
-3.246448040008544922e-01
-3.252472612592909318e-01
-3.295045428805881138e-01
-3.315060403611924666e-01
-3.295742140875922432e-01
-3.243536949157714844e-01
-3.203086588117811662e-01
-3.184658156500922432e-01
-3.168190850151909599e-01
-3.250470691257053013e-01
-3.251064353519015904e-01
-3.262202739715576172e-01
-3.277095158894856586e-01
-3.271549012925889510e-01
-3.244291411505805245e-01
-3.251387278238932477e-01
-3.228658570183647880e-01
-3.246535989973280412e-01
-3.269769880506727677e-01
-3.198104434543185826e-01
-3.216550085279676896e-01
-3.233870665232340680e-01
-3.303613927629258651e-01
-3.246445390913221818e-01
-3.269877168867323380e-01
-3.261255158318413505e-01
-3.228994740380181083e-01
-3.270234266916910992e-01
-3.285502592722575055e-01
-3.231154547797309151e-01
-3.248172865973578682e-01
-3.224336306254069195e-01
-3.246589766608344307e-01
-3.248351150088840122e-01
-3.235582510630289899e-01
-3.207937346564398995e-01
-3.230252795749240513e-01
-3.201446798112657088e-01
-3.233720726437038784e-01
-3.293438487582736607e-01
-3.298522101508246651e-01
-3.284071816338433036e-01
-3.228027290768093471e-01
-3.303741084204779854e-01
-3.295080396864149552e-01
-3.281748559739854354e-01
-3.336106936136881695e-01
-3.279950618743896484e-01
-3.276940451727973214e-01
-3.229449060228135604e-01
-3.267980681525336495e-01
-3.262702888912624721e-01
-3.305171595679389229e-01
-3.301205635070800781e-01
-3.266303804185655135e-01
-3.275498019324408761e-01
-3.212884002261691685e-01
-3.268621232774522323e-01
-3.252757390340169086e-01
-3.249040444691975726e-01
-3.279146088494194755e-01
-3.266941176520453682e-01
-3.270788722568088169e-01
-3.265710936652289620e-01
-3.293599287668864117e-01
-3.314068582322862166e-01
-3.314382235209147320e-01
-3.301934931013319474e-01
-3.269938627878825055e-01
-3.323252995808919086e-01
-3.309761153327094307e-01
-3.346576160854763393e-01
-3.251356018914116630e-01
-3.326406213972303849e-01
-3.312099509769015904e-01
-3.308027850257025948e-01
-3.318068716261122209e-01
-3.301372528076171875e-01
-3.295532862345377789e-01
-3.310784233940972099e-01
-3.334991931915283203e-01
-3.291389412350124721e-01
-3.293402194976806641e-01
-3.329617977142333984e-01
-3.288747204674614677e-01
-3.293441401587592354e-01
-3.345276249779595146e-01
-3.299528757731119977e-01
-3.321815066867404576e-01
-3.323970900641547432e-01
-3.327106104956732979e-01
-3.341330687204996930e-01
-3.318223688337538224e-01
-3.321565786997477399e-01
-3.364185757107204799e-01
-3.309262328677707310e-01
-3.325196372138129464e-01
-3.296845753987630023e-01
-3.312764432695176620e-01
-3.330859078301323661e-01
-3.364744451310899276e-01
-3.371085325876871930e-01
-3.356749216715494977e-01
-3.345977995130751115e-01
-3.286274539099799386e-01
-3.351633548736572266e-01
-3.328447606828477401e-01
-3.327714602152506695e-01
-3.289924462636311664e-01
-3.304889202117919922e-01
-3.358789285024006976e-01
-3.324315283033583146e-01
-3.339492215050591239e-01
-3.364388677808973771e-01
-3.347889317406548271e-01
-3.368673059675428849e-01
-3.322402636210123883e-01
-3.352078331841362724e-01
-3.308844301435682755e-01
-3.308223353491889229e-01
-3.324691719479030971e-01
-3.331471284230549945e-01
-3.357996145884196149e-01
-3.374722268846299666e-01
-3.341396649678547992e-01
-3.343625863393147601e-01
-3.349138895670573102e-01
-3.362151516808403739e-01
-3.341826862759060268e-01
-3.315951029459635602e-01
-3.356484572092692242e-01
-3.326312435997856864e-01
-3.288670116000705357e-01
-3.317488564385308036e-01
-3.293365372551811943e-01
-3.301858901977539062e-01
-3.298751513163248883e-01
-3.343660566541883927e-01
-3.372596634758843193e-01
-3.280770513746473771e-01
-3.258850574493408203e-01
-3.345052401224772320e-01
-3.338577482435438615e-01
-3.326045937008327846e-01
-3.337584336598714008e-01
-3.382158014509413224e-01
-3.371898333231608258e-01
-3.350098662906222935e-01
-3.384879430135090961e-01
-3.373702102237277622e-01
-3.362134827507866630e-01
-3.371437655554877511e-01
-3.320880730946858539e-01
-3.324580192565917969e-01
-3.312847879197862166e-01
-3.369308842553032646e-01
-3.360820346408420201e-01
-3.412860234578450336e-01
-3.394650088416205636e-01
-3.407176600562201729e-01
-3.396450148688422432e-01
-3.395478460523817521e-01
-3.394362396664089565e-01
-3.370518684387207031e-01
-3.337868319617377511e-01
-3.373905817667643414e-01
-3.336690796746147880e-01
-3.415387471516926898e-01
-3.367941114637587052e-01
-3.355145984225803013e-01
-3.399735291798909320e-01
-3.357726997799343471e-01
-3.352429072062174664e-01
-3.349989255269368305e-01
-3.349979983435736886e-01
-3.383480442894829521e-01
-3.394959237840440291e-01
-3.357007503509521484e-01
-3.328369723425971261e-01
-3.365601698557535992e-01
-3.376148806677924386e-01
-3.365467919243706474e-01
-3.366303708818223495e-01
-3.392788304222954521e-01
-3.375790119171142578e-01
-3.355814615885416852e-01
-3.411841657426621932e-01
-3.395463360680474052e-01
-3.340059121449788226e-01
-3.416289488474528180e-01
-3.374292055765787945e-01
-3.374531269073486328e-01
-3.378882408142089844e-01
-3.407546679178873883e-01
-3.414414458804660435e-01
-3.384673860337998885e-01
-3.410596317715114956e-01
-3.415958881378173828e-01
-3.374668492211235771e-01
-3.359194861518012276e-01
-3.377422226799858818e-01
-3.390319877200656529e-01
-3.378945191701253070e-01
-3.392797576056586495e-01
-3.408104048834906807e-01
-3.426742023891872768e-01
-3.369832833607991351e-01
-3.349703682793511161e-01
-3.401094012790256138e-01
-3.401952584584553851e-01
-3.372587627834743862e-01
-3.370144632127549666e-01
-3.406241205003526229e-01
-3.366522789001464844e-01
-3.412531481848822823e-01
-3.385027249654133930e-01
