7.391915321350097656e-01
2.443126307593451729e-01
-1.913964913951025915e-02
-1.200144820743136997e-01
-1.327197154362996512e-01
-1.139170726140340123e-01
-1.012543439865112305e-01
-1.106180681122673898e-01
-1.206213103400336356e-01
-1.281743182076348075e-01
-1.333143446180555525e-01
-1.498889790640937081e-01
-1.572990152570936384e-01
-1.679094235102335519e-01
-1.715671883689032784e-01
-1.858241425620185128e-01
-1.935710112253824777e-01
-1.946531004375881557e-01
-2.017510599560207729e-01
-2.010174989700317383e-01
-2.010296185811360770e-01
-2.104520532819959822e-01
-2.042054600185818081e-01
-2.202524873945448103e-01
-2.106200059254964285e-01
-2.187484105428059988e-01
-2.165590789582994280e-01
-2.149644560284084682e-01
-2.168275647693210240e-01
-2.252515157063802176e-01
-2.210884491602579660e-01
-2.253807650672065011e-01
-2.279477119445800781e-01
-2.253091070387098493e-01
-2.283470365736219587e-01
-2.300020323859320870e-01
-2.368720372517903738e-01
-2.316631476084391184e-01
-2.402444680531819754e-01
-2.307189040713840122e-01
-2.276319927639431362e-01
-2.343675825330946150e-01
-2.392818133036295480e-01
-2.367453840043809710e-01
-2.336922751532660714e-01
-2.345599863264295759e-01
-2.446330123477511997e-01
-2.456946108076307478e-01
-2.470422055986192522e-01
-2.422625488705105190e-01
-2.448193762037489118e-01
-2.282546891106499443e-01
-2.370495531294080915e-01
-2.462694644927978516e-01
-2.453555795881483259e-01
-2.479456530676947823e-01
-2.451902760399712333e-01
-2.507680786980522880e-01
-2.495541572570800781e-01
-2.426314618852403460e-01
-2.512426906161838169e-01
-2.539584106869167690e-01
-2.481594615512424107e-01
-2.602924505869547711e-01
-2.493010097079806919e-01
-2.484301990932888393e-01
-2.527784506479899274e-01
-2.508466773562961216e-01
-2.527834309471977958e-01
-2.529306676652696151e-01
-2.563628090752495536e-01
-2.520512474907768974e-01
-2.547421985202365513e-01
-2.644895447625054130e-01
-2.608857419755723495e-01
-2.514457437727186662e-01
-2.516835265689426060e-01
-2.577356232537163505e-01
-2.533736493852403182e-01
-2.590424219767252789e-01
-2.571542263031005859e-01
-2.633434666527642021e-01
-2.558457056681315289e-01
-2.599578433566623326e-01
-2.601135571797688617e-01
-2.664748827616373883e-01
-2.596340179443359375e-01
-2.604542043473985213e-01
-2.608345349629719867e-01
-2.647383477952744979e-01
-2.490351994832356863e-01
-2.563977241516113281e-01
-2.661113739013671875e-01
-2.540267043643527622e-01
-2.588391833835178013e-01
-2.563693788316514510e-01
-2.583196692996554966e-01
-2.717316415574815291e-01
-2.744976679484049664e-01
-2.714269426133897323e-01
-2.600926028357611886e-01
-2.522747781541612166e-01
-2.587259345584445591e-01
-2.563417752583821430e-01
-2.599878046247694474e-01
-2.613431612650553570e-01
-2.581874529520670758e-01
-2.617759439680311662e-01
-2.592416869269477120e-01
-2.555378278096516742e-01
-2.631611294216579799e-01
-2.614175478617350445e-01
-2.627974881066216239e-01
-2.588922977447509766e-01
-2.662298679351806641e-01
-2.735990948147243862e-01
-2.628830273946126117e-01
-2.666895124647352677e-01
-2.736355198754204521e-01
-2.613009346856011161e-01
-2.682869964175754185e-01
-2.630005942450629464e-01
-2.729323440127902622e-01
-2.696842352549235211e-01
-2.602640522850884208e-01
-2.690004772610134487e-01
-2.650258011288113003e-01
-2.760109901428222656e-01
-2.730470233493381138e-01
-2.758883900112575893e-01
-2.676529884338378906e-01
-2.706568241119384766e-01
-2.668499416775173549e-01
-2.736922105153401508e-01
-2.720892164442274552e-01
-2.733328607347276229e-01
-2.716908454895019531e-01
-2.736974292331271763e-01
-2.685986095004611607e-01
-2.657064331902397880e-01
-2.641268571217854633e-01
-2.762145201365153180e-01
-2.744306723276774274e-01
-2.734380298190646763e-01
-2.714541753133137836e-01
-2.723568280537922992e-01
-2.772482766045464286e-01
-2.667800850338405971e-01
-2.712644206153022042e-01
-2.733778158823649274e-01
-2.719932927025688896e-01
-2.788241704305012836e-01
-2.715219656626383649e-01
-2.837851577334933872e-01
-2.830748028225368862e-01
-2.751677036285400391e-01
-2.766702969868977680e-01
-2.794379393259684430e-01
-2.896026505364311943e-01
-2.864126629299587612e-01
-2.837554083930121651e-01
-2.871664365132649555e-01
-2.745168473985459823e-01
-2.811060481601291294e-01
-2.844716178046332589e-01
-2.861160437266032086e-01
-2.758949332767062779e-01
-2.773854732513427734e-01
-2.832469675276014787e-01
-2.767141130235459823e-01
-2.816434966193305245e-01
-2.851418654123942242e-01
-2.855564753214518414e-01
-2.874536779191758651e-01
-2.816318405999077568e-01
-2.859685685899522323e-01
-2.783925533294677734e-01
-2.842533058590359096e-01
-2.890169885423448104e-01
-2.822399404313828963e-01
-2.804050975375705357e-01
-2.788355085584852677e-01
-2.735848426818847656e-01
-2.841346263885498047e-01
-2.884979777865939732e-01
-2.921551333533393136e-01
-2.849645614624023438e-01
-2.878438631693522320e-01
-2.839275730980767021e-01
-2.833233144548203963e-01
-2.833845880296494979e-01
-2.875154018402099609e-01
-2.900140020582411271e-01
-2.865373028649224052e-01
-2.891092035505506974e-01
-2.858777840932210101e-01
-2.857648001776801339e-01
-2.843226326836479911e-01
-2.872761090596516742e-01
-2.874690691630045758e-01
