7.391915321350097656e-01
2.443126307593451729e-01
-1.913964913951025915e-02
-1.200144820743136997e-01
-1.327197154362996512e-01
-1.139170726140340123e-01
-1.012543439865112305e-01
-1.106180681122673898e-01
-1.206213103400336356e-01
-1.281743182076348075e-01
-1.333143446180555525e-01
-1.498889790640937081e-01
-1.572990152570936384e-01
-1.679094235102335519e-01
-1.715671883689032784e-01
-1.858241425620185128e-01
-1.935710112253824777e-01
-1.946531004375881557e-01
-2.017510599560207729e-01
-2.010174989700317383e-01
-2.010296185811360770e-01
-2.104520532819959822e-01
-2.042054600185818081e-01
-2.202524873945448103e-01
-2.106200059254964285e-01
-2.187484105428059988e-01
-2.165590789582994280e-01
-2.149644560284084682e-01
-2.168275647693210240e-01
-2.252515157063802176e-01
-2.210884491602579660e-01
-2.253807650672065011e-01
-2.279477119445800781e-01
-2.253091070387098493e-01
-2.283470365736219587e-01
-2.300020323859320870e-01
-2.368720372517903738e-01
-2.316631476084391184e-01
-2.402444680531819754e-01
-2.307189040713840122e-01
-2.276319927639431362e-01
-2.343675825330946150e-01
-2.392818133036295480e-01
-2.367453840043809710e-01
-2.336922751532660714e-01
-2.345599863264295759e-01
-2.446330123477511997e-01
-2.456946108076307478e-01
-2.470422055986192522e-01
-2.422625488705105190e-01
-2.448193762037489118e-01
-2.282546891106499443e-01
-2.370495531294080915e-01
-2.462694644927978516e-01
-2.453555795881483259e-01
-2.479456530676947823e-01
-2.451902760399712333e-01
-2.507680786980522880e-01
-2.495541572570800781e-01
-2.426314618852403460e-01
-2.512426906161838169e-01
-2.539584106869167690e-01
-2.481594615512424107e-01
-2.602924505869547711e-01
-2.493010097079806919e-01
-2.484301990932888393e-01
-2.527784506479899274e-01
-2.508466773562961216e-01
-2.527834309471977958e-01
-2.529306676652696151e-01
-2.563628090752495536e-01
-2.520512474907768974e-01
-2.547421985202365513e-01
-2.644895447625054130e-01
-2.608857419755723495e-01
-2.514457437727186662e-01
-2.516835265689426060e-01
-2.577356232537163505e-01
-2.533736493852403182e-01
-2.590424219767252789e-01
-2.571542263031005859e-01
-2.633434666527642021e-01
-2.558457056681315289e-01
-2.599578433566623326e-01
-2.601135571797688617e-01
-2.664748827616373883e-01
-2.596340179443359375e-01
-2.604542043473985213e-01
-2.608345349629719867e-01
-2.647383477952744979e-01
-2.490351994832356863e-01
-2.563977241516113281e-01
-2.661113739013671875e-01
-2.540267043643527622e-01
-2.588391833835178013e-01
-2.563693788316514510e-01
-2.583196692996554966e-01
-2.717316415574815291e-01
-2.744976679484049664e-01
-2.714269426133897323e-01
-2.600926028357611886e-01
-2.522747781541612166e-01
-2.587259345584445591e-01
-2.563417752583821430e-01
-2.599878046247694474e-01
-2.613431612650553570e-01
-2.581874529520670758e-01
-2.617759439680311662e-01
-2.592416869269477120e-01
-2.555378278096516742e-01
-2.631611294216579799e-01
-2.614175478617350445e-01
-2.627974881066216239e-01
-2.588922977447509766e-01
-2.662298679351806641e-01
-2.735990948147243862e-01
-2.628830273946126117e-01
-2.666895124647352677e-01
-2.736355198754204521e-01
-2.613009346856011161e-01
-2.682869964175754185e-01
-2.630005942450629464e-01
-2.729323440127902622e-01
-2.696842352549235211e-01
-2.602640522850884208e-01
-2.690004772610134487e-01
-2.650258011288113003e-01
-2.760109901428222656e-01
-2.730470233493381138e-01
-2.758883900112575893e-01
-2.676529884338378906e-01
-2.706568241119384766e-01
-2.668499416775173549e-01
-2.736922105153401508e-01
-2.720892164442274552e-01
-2.733328607347276229e-01
-2.716908454895019531e-01
-2.736974292331271763e-01
-2.685986095004611607e-01
-2.657064331902397880e-01
-2.641268571217854633e-01
-2.762145201365153180e-01
-2.744306723276774274e-01
-2.734380298190646763e-01
-2.714541753133137836e-01
-2.723568280537922992e-01
-2.772482766045464286e-01
-2.667800850338405971e-01
-2.712644206153022042e-01
-2.733778158823649274e-01
-2.719932927025688896e-01
-2.788241704305012836e-01
-2.715219656626383649e-01
-2.837851577334933872e-01
-2.830748028225368862e-01
-2.751677036285400391e-01
-2.766702969868977680e-01
-2.794379393259684430e-01
-2.896026505364311943e-01
-2.864126629299587612e-01
-2.837554083930121651e-01
-2.871664365132649555e-01
-2.745168473985459823e-01
-2.811060481601291294e-01
-2.844716178046332589e-01
-2.861160437266032086e-01
-2.758949332767062779e-01
-2.773854732513427734e-01
-2.832469675276014787e-01
-2.767141130235459823e-01
-2.816434966193305245e-01
-2.851418654123942242e-01
-2.855564753214518414e-01
-2.874536779191758651e-01
-2.816318405999077568e-01
-2.859685685899522323e-01
-2.783925533294677734e-01
-2.842533058590359096e-01
-2.890169885423448104e-01
-2.822399404313828963e-01
-2.804050975375705357e-01
-2.788355085584852677e-01
-2.735848426818847656e-01
-2.841346263885498047e-01
-2.884979777865939732e-01
-2.921551333533393136e-01
-2.849645614624023438e-01
-2.878438631693522320e-01
-2.839275730980767021e-01
-2.833233144548203963e-01
-2.833845880296494979e-01
-2.875154018402099609e-01
-2.900140020582411271e-01
-2.865373028649224052e-01
-2.891092035505506974e-01
-2.858777840932210101e-01
-2.857648001776801339e-01
-2.843226326836479911e-01
-2.872761090596516742e-01
-2.874690691630045758e-01
-2.863929006788465959e-01
-3.110518190595839005e-01
-3.272033002641465682e-01
-3.215583695305718193e-01
-3.088448577457004185e-01
-3.099564976162380581e-01
-3.191121684180365792e-01
-3.305946720971001396e-01
-3.322973516252305526e-01
-3.290224075317382812e-01
-3.228597376081678849e-01
-3.220540417565239677e-01
-3.259830474853515625e-01
-3.305023776160346261e-01
-3.344022432963053570e-01
-3.362053235371907367e-01
-3.306753900316026229e-01
-3.310377332899305802e-01
-3.297748035854763393e-01
-3.313060336642795201e-01
-3.344096077813042411e-01
-3.376550674438476562e-01
-3.348834514617919922e-01
-3.351587189568413505e-01
-3.337235715654160995e-01
-3.342726495530869979e-01
-3.349910842047797432e-01
-3.368343512217203961e-01
-3.348774645063612443e-01
-3.357141017913818359e-01
-3.376166025797526227e-01
-3.384919696384006138e-01
-3.365019427405463448e-01
-3.353126049041748047e-01
-3.330046070946587333e-01
-3.357483281029595146e-01
-3.384535577562119979e-01
-3.362888230217827568e-01
-3.370552592807345982e-01
-3.370070192548964005e-01
-3.383985360463460101e-01
-3.371362156338161831e-01
-3.404941823747422713e-01
-3.376964992947048549e-01
-3.392621941036648159e-01
-3.373923566606309432e-01
-3.404929902818467635e-01
-3.376501401265462055e-01
-3.369517856174045201e-01
-3.390361467997233258e-01
-3.375108771853976841e-01
-3.386053509182400112e-01
-3.363173272874619979e-01
-3.389996157752143136e-01
-3.377717071109347935e-01
-3.393845558166503906e-01
-3.389889929029676896e-01
-3.395002683003743305e-01
-3.399999936421712055e-01
-3.390301598442925224e-01
-3.379051155514187221e-01
-3.370876577165391463e-01
-3.390627172258164901e-01
-3.384756512112087612e-01
-3.378811942206488839e-01
-3.357382350497775669e-01
-3.392514122856987724e-01
-3.392558627658420201e-01
-3.392749627431233539e-01
-3.392870426177978516e-01
-3.372956911722819195e-01
-3.384053707122802734e-01
-3.374714056650797711e-01
-3.392377164628770370e-01
-3.383927875094943638e-01
-3.391631709204779854e-01
-3.401034143235948104e-01
-3.377528720431857701e-01
-3.393413225809733258e-01
-3.405489391750759487e-01
-3.408171600765652065e-01
-3.394947846730549945e-01
-3.401444223192002791e-01
-3.406717247433132534e-01
-3.388159804873996372e-01
-3.407347467210557479e-01
-3.391693168216281529e-01
-3.387497001224094029e-01
-3.375629848904079799e-01
-3.400895330641005021e-01
-3.385120497809516182e-01
-3.384243647257487164e-01
-3.386753400166829242e-01
-3.368710411919487724e-01
-3.410141732957627791e-01
-3.391657405429416294e-01
-3.393844498528374443e-01
-3.392587502797444476e-01
-3.372544447580973492e-01
-3.384955988989936104e-01
-3.398702144622802734e-01
-3.402804268731011161e-01
-3.396314250098334542e-01
-3.390725718604193917e-01
-3.386898835500081195e-01
-3.399175273047553292e-01
-3.405277199215359096e-01
-3.396310276455349331e-01
-3.386084238688151227e-01
-3.395148648156059989e-01
-3.404944207933213729e-01
-3.399067719777424945e-01
-3.400743802388508930e-01
-3.403596878051757812e-01
-3.399852381812201729e-01
-3.387570646074082870e-01
-3.421596686045328961e-01
-3.379908402760823383e-01
-3.401917881435818081e-01
-3.383123874664306641e-01
-3.389280372195773716e-01
-3.389249907599555245e-01
-3.393115202585856305e-01
-3.383900854322645646e-01
-3.394475513034396763e-01
-3.387243747711181641e-01
-3.400138749016655693e-01
-3.400712278154160995e-01
-3.410409291585286273e-01
-3.398482004801432477e-01
-3.400912019941542130e-01
-3.416393597920735492e-01
-3.410700427161322823e-01
-3.411719269222683315e-01
-3.381909794277614956e-01
-3.417770332760280971e-01
-3.392518361409505023e-01
-3.414860036638047713e-01
-3.403242429097493305e-01
-3.384807639651828404e-01
-3.406110074785020370e-01
-3.405954572889540177e-01
-3.407864570617675781e-01
-3.418355517917209263e-01
-3.420000606113010044e-01
-3.394066757626003628e-01
-3.403567208184136161e-01
-3.401448991563584823e-01
-3.386927710639106026e-01
-3.421794043646918526e-01
-3.412862618764241351e-01
-3.413228193918864117e-01
-3.399344815148247489e-01
-3.402606381310356864e-01
-3.383948273128933315e-01
-3.385512034098307477e-01
-3.398900296952989120e-01
-3.405199050903320312e-01
-3.407301902770996094e-01
-3.411036597357856026e-01
-3.402729564242892857e-01
-3.395433425903320312e-01
-3.402141994900173549e-01
-3.393181959788004742e-01
-3.393255604637993583e-01
-3.400842083825005302e-01
-3.419601122538248883e-01
-3.416839175754123326e-01
-3.424695067935519810e-01
-3.393843703799777622e-01
-3.404743936326768416e-01
-3.399378458658854352e-01
-3.409176137712266463e-01
-3.378940953148735771e-01
-3.429638544718424664e-01
-3.400506178538004742e-01
-3.416372140248616351e-01
-3.409503565894232979e-01
-3.429632451799180526e-01
-3.419131967756483537e-01
-3.401171366373698102e-01
-3.403276337517632255e-01
-3.395571708679199219e-01
-3.396419684092203961e-01
-3.420245117611355190e-01
-3.409780926174587612e-01
-3.410224649641249162e-01
-3.404066297743055802e-01
-3.387981785668267021e-01
-3.398490746815999164e-01
-3.406212064954969865e-01
-3.411695957183837891e-01
-3.398658964369032365e-01
-3.425042364332411271e-01
-3.403257793850368862e-01
-3.395067850748698102e-01
-3.396079010433620815e-01
-3.413901329040527344e-01
-3.405339982774522323e-01
-3.409290578630235213e-01
-3.399953312344021206e-01
-3.400828573438856584e-01
-3.418077627817789899e-01
-3.412061267428928013e-01
-3.438645203908284320e-01
-3.403595553504096261e-01
-3.419648806254069195e-01
-3.412702348497178573e-01
-3.418810367584228516e-01
-3.411549992031521206e-01
-3.392243915134006138e-01
-3.405425813462998885e-01
-3.409366342756483537e-01
-3.416626453399658203e-01
-3.399186134338378906e-01
-3.390532599555121651e-01
-3.417130046420627232e-01
-3.390574190351698380e-01
-3.406136565738254185e-01
-3.406042257944743024e-01
-3.384595976935492745e-01
-3.412689367930094586e-01
-3.406305048200819474e-01
-3.408632808261447544e-01
-3.401425944434272042e-01
-3.400060335795084820e-01
-3.421636157565646763e-01
-3.404532273610432758e-01
-3.418060408698188057e-01
-3.417424625820583706e-01
-3.420063654581705914e-01
-3.411294619242350445e-01
-3.402532471550835380e-01
-3.405399852328830357e-01
-3.399857680002848492e-01
-3.415680991278754464e-01
-3.412021795908610211e-01
-3.408210277557373047e-01
-3.404116895463731307e-01
-3.406349817911784039e-01
-3.391892115275065289e-01
-3.411387602488200055e-01
-3.408447636498345146e-01
-3.392836252848307477e-01
-3.418223328060573940e-01
-3.410258293151855469e-01
-3.417725563049316406e-01
-3.391153547498915177e-01
-3.393592039744059430e-01
-3.405999342600504742e-01
-3.397304746839735490e-01
-3.417381445566813336e-01
-3.413447274102104911e-01
-3.387670516967773438e-01
-3.425204488966200334e-01
-3.407252629597981586e-01
-3.423339790768093471e-01
-3.398858971065945034e-01
-3.402437898847792130e-01
-3.394936455620659599e-01
-3.415723111894395370e-01
-3.401735358768039341e-01
-3.402434984842936383e-01
-3.419933319091796875e-01
-3.411095142364501953e-01
-3.421687020195854911e-01
-3.419045077429877511e-01
-3.424395190344916573e-01
-3.415570259094238281e-01
-3.408561282687717076e-01
-3.407864570617675781e-01
-3.407399654388427734e-01
-3.410445319281684151e-01
-3.420718246036105747e-01
-3.408874670664469586e-01
-3.406240675184462052e-01
-3.403301239013671875e-01
-3.417957888709174386e-01
-3.399797015719943638e-01
-3.422964943779839286e-01
-3.425674173567030412e-01
-3.422974480523003349e-01
-3.431784047020806083e-01
-3.430929183959960938e-01
-3.425271775987412948e-01
-3.405842516157362443e-01
-3.421751393212212333e-01
-3.392832809024386997e-01
-3.410487174987792969e-01
-3.435779942406548271e-01
-3.413808875613742466e-01
-3.393963177998860492e-01
-3.398141860961914062e-01
-3.397148980034722099e-01
-3.399215009477403182e-01
-3.407380051083034878e-01
-3.399346669514973773e-01
-3.423005739847819195e-01
-3.412235312991672154e-01
-3.418477376302083148e-01
-3.416084713406032924e-01
-3.414437241024441128e-01
-3.414455254872639789e-01
-3.425012164645724888e-01
-3.419591320885552177e-01
-3.412439823150634766e-01
-3.411082956526014787e-01
-3.420079019334580916e-01
-3.416312270694308872e-01
-3.410554462009006138e-01
-3.411140176984999162e-01
-3.422763082716200334e-01
-3.399359385172526227e-01
-3.419944710201687221e-01
-3.403636084662543526e-01
-3.433952331542968750e-01
-3.415951728820800781e-01
-3.400291071997748604e-01
-3.415469858381483537e-01
-3.431061373816596261e-01
-3.392651081085205078e-01
-3.406436178419325334e-01
-3.429903719160292130e-01
-3.429544766743977680e-01
-3.404690689510769253e-01
-3.408041530185275669e-01
-3.412311871846516742e-01
-3.429059187571207867e-01
-3.439972400665283203e-01
-3.421190049913194198e-01
-3.428943687015109654e-01
-3.417993121676974888e-01
-3.416565259297688617e-01
-3.429776032765706195e-01
-3.414587444729275112e-01
-3.421913517846001396e-01
-3.412021001180012836e-01
-3.397927814059787388e-01
-3.418630758921305524e-01
-3.420603275299072266e-01
-3.407760196261935826e-01
-3.409919208950466518e-01
-3.410454591115315570e-01
-3.423060311211479911e-01
-3.432293997870551339e-01
-3.421206474304199219e-01
-3.425294028388129464e-01
-3.425276809268527622e-01
-3.444876405927870255e-01
-3.423649470011393414e-01
-3.430180549621582031e-01
-3.401870197719997768e-01
-3.403983645968967076e-01
-3.412404325273301620e-01
-3.425053490532768974e-01
-3.412067890167236328e-01
-3.415634367201063615e-01
-3.413590590159098492e-01
-3.416819042629665737e-01
-3.422257900238037109e-01
-3.419755299886067523e-01
-3.414461082882351284e-01
-3.406511412726508370e-01
-3.413983450995551339e-01
-3.406312995486789341e-01
-3.404358492957221261e-01
-3.430580033196343193e-01
-3.450575139787461776e-01
-3.407547473907470703e-01
-3.431209193335639229e-01
-3.434658845265706195e-01
-3.407389852735731584e-01
-3.431460062662760602e-01
-3.417622513241238003e-01
-3.435472912258571987e-01
-3.425113889906141740e-01
-3.414100541008843193e-01
-3.428463670942518693e-01
-3.421584765116373883e-01
-3.424559434254964008e-01
-3.399638070000542411e-01
-3.381872706943088169e-01
-3.414201736450195312e-01
-3.434504667917887555e-01
-3.442491955227321987e-01
-3.441876305474175224e-01
-3.414718839857313615e-01
-3.418675793541802177e-01
-3.430492613050672990e-01
-3.412243260277642021e-01
-3.421977096133761997e-01
-3.416294521755642299e-01
-3.412239551544189453e-01
-3.422238826751708984e-01
-3.423186143239339008e-01
-3.425149652693006974e-01
-3.422410488128662109e-01
-3.414173656039767857e-01
-3.414582411448160992e-01
-3.440767129262288226e-01
-3.417549928029378070e-01
-3.412437968783908482e-01
-3.424916532304551620e-01
-3.411929342481825334e-01
-3.411534627278645648e-01
-3.428553475273979911e-01
-3.417456414964463729e-01
-3.417968220180935268e-01
-3.431654241349961776e-01
-3.405002223120795479e-01
-3.410839239756266461e-01
-3.424025111728244419e-01
-3.414975007375081195e-01
-3.420475853814018974e-01
-3.410498566097683315e-01
-3.438884417215983258e-01
-3.407986164093017578e-01
-3.415779537624782924e-01
-3.410512341393364677e-01
-3.410418828328450336e-01
-3.416323396894667130e-01
-3.409100108676486607e-01
-3.417099581824408761e-01
-3.415175543891059151e-01
-3.413985570271809711e-01
-3.410276042090522042e-01
-3.419384161631266461e-01
-3.423315154181586495e-01
-3.427535957760280971e-01
-3.431170781453450336e-01
-3.440253999498155135e-01
-3.429629007975260602e-01
-3.424319691128200893e-01
-3.401701450347900391e-01
-3.422460291120741349e-01
-3.418300416734483260e-01
-3.434804015689426060e-01
-3.419887224833170758e-01
-3.413886494106716518e-01
-3.427568276723225726e-01
-3.434136708577473773e-01
-3.432191477881537667e-01
-3.423016336229112166e-01
-3.405723836686875838e-01
-3.429808086819118862e-01
-3.429856035444471818e-01
-3.420240879058837891e-01
-3.419301244947645646e-01
-3.416656653086344586e-01
-3.436183399624294643e-01
-3.423939016130235213e-01
-3.430507712894015904e-01
-3.424858782026503068e-01
-3.424713611602783203e-01
-3.418358431922065011e-01
-3.416478368971083146e-01
-3.414948516421847935e-01
-3.421996964348686943e-01
-3.424455854627821427e-01
-3.422680430942111607e-01
-3.428954018486870536e-01
-3.413999875386555805e-01
-3.411930402119954242e-01
-3.416580888960096818e-01
-3.411277135213215961e-01
-3.408612145317925224e-01
-3.431973722245957870e-01
-3.406642542945014229e-01
-3.425307008955214005e-01
-3.403468926747639789e-01
-3.447756502363417130e-01
-3.425697220696343193e-01
-3.411207199096679688e-01
-3.411811722649468193e-01
-3.432754410637749443e-01
-3.416700363159179688e-01
-3.415821923149956474e-01
-3.408161799112955914e-01
-3.425589667426215401e-01
-3.408121797773573380e-01
-3.413968351152207870e-01
-3.436898655361599331e-01
-3.441782262590196151e-01
-3.421628210279676896e-01
-3.416381412082248326e-01
-3.418330616421169643e-01
-3.419331179724799386e-01
-3.415463765462239398e-01
-3.412944210900200614e-01
-3.424539830949571151e-01
-3.430559370252821427e-01
-3.421974711947970982e-01
-3.403307861751980190e-01
-3.409487406412760602e-01
-3.417207664913601284e-01
-3.415829605526394253e-01
-3.401439984639485492e-01
-3.423941930135090961e-01
-3.415345615810818081e-01
-3.410076035393608818e-01
-3.414263725280761719e-01
-3.393440246582031250e-01
-3.420553472306993026e-01
-3.413540257347954521e-01
-3.452403015560573940e-01
-3.428830305735270367e-01
-3.417581982082790737e-01
-3.412872685326470146e-01
-3.415034612019856586e-01
-3.428942627376980190e-01
-3.420590294731987724e-01
-3.419404029846191406e-01
-3.418575392829047432e-01
-3.422621621025933036e-01
-3.420015176137288226e-01
-3.429480393727620258e-01
-3.426912095811631698e-01
-3.429425822363959542e-01
-3.430021868811713448e-01
-3.433875772688124162e-01
-3.433328999413384208e-01
-3.420326709747314453e-01
-3.426885869767930526e-01
-3.412419160207112445e-01
-3.435387876298692245e-01
-3.432478374905056362e-01
-3.420440620846218471e-01
-3.408754666646321430e-01
-3.423264821370442523e-01
-3.432807127634684430e-01
-3.419520325130886440e-01
-3.426686657799614677e-01
-3.435454103681776505e-01
-3.419164551628960380e-01
-3.423688941531711216e-01
-3.418418566385905133e-01
-3.439597288767496930e-01
-3.420026567247178573e-01
-3.413711918724907646e-01
-3.433084487915039062e-01
-3.422580824957953682e-01
-3.428631358676486607e-01
-3.423408137427436104e-01
-3.435418870713975448e-01
-3.422910107506645927e-01
-3.437608083089192523e-01
-3.428539170159233818e-01
-3.411198192172580357e-01
-3.423866166008843193e-01
-3.424786726633707867e-01
-3.432158629099528180e-01
-3.427170912424723492e-01
-3.427423371209038505e-01
-3.429817623562282924e-01
-3.444211483001708984e-01
-3.406354056464301339e-01
-3.425922923617892857e-01
-3.438752757178412667e-01
-3.440503014458550224e-01
-3.421972327762179966e-01
-3.419564035203721541e-01
-3.423019250233967914e-01
-3.446126778920491351e-01
-3.425042364332411271e-01
-3.424936400519477120e-01
-3.415579001108805524e-01
-3.415506150987412948e-01
-3.439520994822184430e-01
-3.434005843268500557e-01
-3.424924479590522042e-01
-3.429713514116075057e-01
-3.452769915262858258e-01
-3.410054842631022320e-01
-3.415002557966444474e-01
-3.431457148657904854e-01
-3.424577448103163224e-01
-3.428198231591118583e-01
-3.420298364427354354e-01
-3.429981072743733539e-01
-3.418932755788167133e-01
-3.436150550842285156e-01
-3.431360456678602677e-01
-3.444741831885443917e-01
-3.428968058692084542e-01
-3.435737027062309989e-01
-3.436139424641926898e-01
-3.435494369930691128e-01
-3.423777686225043526e-01
-3.436548709869384766e-01
-3.421032958560519810e-01
-3.443118466271294364e-01
-3.434594207339816685e-01
-3.428896268208821430e-01
-3.423035409715440291e-01
-3.417541715833876115e-01
-3.430793815188937779e-01
-3.431159390343559989e-01
-3.425796296861436385e-01
-3.436228964063856584e-01
-3.442931969960530414e-01
-3.419227865007188338e-01
-3.427880869971381417e-01
-3.425465689765082589e-01
-3.422822157541910992e-01
-3.411812782287597656e-01
-3.444401688045925503e-01
-3.425431781344943638e-01
-3.427533308664957867e-01
-3.436980247497558594e-01
-3.419696225060356864e-01
-3.424039151933457870e-01
-3.410860962337917690e-01
-3.431464036305745258e-01
-3.446175257364909039e-01
-3.443011707729763393e-01
-3.431667221917046318e-01
-3.433426221211751117e-01
-3.426854080624050503e-01
-3.438716464572482701e-01
-3.420473469628227958e-01
-3.436417579650878906e-01
-3.446971575419108258e-01
-3.440407117207844867e-01
-3.410361607869465961e-01
-3.430918057759602680e-01
-3.429420524173312779e-01
-3.432873355017768136e-01
-3.423609733581542969e-01
-3.415859275394015904e-01
-3.441139856974284039e-01
-3.431081242031521206e-01
-3.430366781022813338e-01
-3.432906468709309711e-01
-3.433336681789821987e-01
-3.428363270229763393e-01
-3.443938361273871651e-01
-3.435428937276204242e-01
-3.428702884250217076e-01
-3.433974848853217354e-01
-3.421615229712592354e-01
-3.446325461069743024e-01
-3.426652484469943638e-01
-3.424949645996093750e-01
-3.427635563744438896e-01
-3.415916760762532367e-01
-3.432777722676594867e-01
-3.423963122897678013e-01
-3.452037175496419086e-01
-3.435099124908447266e-01
-3.437199857499864120e-01
-3.422587977515326729e-01
-3.453626897599961776e-01
-3.435302840338813057e-01
-3.422070344289143695e-01
-3.429920673370361328e-01
-3.439712789323594588e-01
-3.423484961191813336e-01
-3.437402248382568359e-01
-3.442140155368381138e-01
-3.426406913333469029e-01
-3.429340786404079799e-01
-3.449887169731987724e-01
-3.429980013105604630e-01
-3.424854808383517857e-01
-3.428010940551757812e-01
-3.438039355807834263e-01
-3.439477019839816685e-01
-3.449376424153645648e-01
-3.431208133697509766e-01
-3.435631063249375838e-01
-3.437718550364176617e-01
-3.433896965450710659e-01
-3.430243862999809989e-01
-3.443316883511013393e-01
-3.406918578677707310e-01
-3.440462748209635602e-01
-3.428605132632785435e-01
-3.431594636705186385e-01
-3.427119519975450057e-01
-3.432674143049452287e-01
-3.419957160949707031e-01
-3.425857755872938615e-01
-3.435481919182671318e-01
-3.420871628655327568e-01
-3.417777220408121930e-01
-3.443561659918891182e-01
-3.429042498270670758e-01
-3.424443933698866349e-01
-3.444866604275173549e-01
-3.448495070139567242e-01
-3.451770411597357979e-01
-3.428281148274739398e-01
-3.426735401153564453e-01
-3.439506954616970424e-01
-3.446872764163547154e-01
-3.436610698699951172e-01
-3.434560034010145646e-01
-3.426403999328613281e-01
-3.432910442352294922e-01
-3.424429098765055524e-01
-3.444990052117241630e-01
-3.416686587863498326e-01
-3.427425490485297432e-01
-3.436263137393527622e-01
-3.440656661987304688e-01
-3.442808522118462333e-01
-3.443644841512044086e-01
-3.434820704989963169e-01
-3.439376089307997209e-01
-3.424712551964653739e-01
-3.434238168928358537e-01
-3.438591162363688336e-01
-3.425883187188042411e-01
-3.429575231340196151e-01
-3.439442846510145646e-01
-3.438951174418131695e-01
-3.432134522332085380e-01
-3.427608013153076172e-01
-3.430290751987033482e-01
-3.428455458747016182e-01
-3.415000703599717635e-01
-3.431671460469563617e-01
-3.425577481587727680e-01
-3.444944752587212333e-01
-3.434811168246799107e-01
-3.454111417134602680e-01
-3.430464532640244979e-01
-3.443728023105197544e-01
-3.445249398549397601e-01
-3.429312705993652344e-01
-3.444321685367160435e-01
-3.434610896640353794e-01
-3.445643848843044643e-01
-3.429936567942301617e-01
-3.438359896341959820e-01
-3.430408636728922711e-01
-3.424297703637017021e-01
-3.439462979634602680e-01
-3.430608113606770648e-01
-3.424963156382243024e-01
-3.427526950836181641e-01
-3.444881704118516463e-01
-3.444104724460178013e-01
-3.422501087188720703e-01
-3.433838950263129464e-01
-3.420303132798936385e-01
-3.434921370612250557e-01
-3.440224594540066128e-01
-3.435294363233778459e-01
-3.443568282657199497e-01
-3.434322939978705636e-01
-3.429728349049885883e-01
-3.429173628489176617e-01
-3.431923919253879185e-01
-3.440073331197102680e-01
-3.445135752360026227e-01
-3.434154457516140346e-01
-3.451507091522216797e-01
-3.432248168521457310e-01
-3.427268928951687221e-01
-3.428617848290337333e-01
-3.442378044128417969e-01
-3.441962930891249162e-01
-3.450188901689317245e-01
-3.424234125349256974e-01
-3.434120284186469307e-01
-3.428378370073106307e-01
-3.457825713687472935e-01
-3.435461521148681641e-01
-3.441309134165446149e-01
-3.432048956553141461e-01
-3.441817230648464565e-01
-3.417561848958333148e-01
-3.437425825330946427e-01
-3.421071635352240792e-01
-3.440476788414849052e-01
-3.431551721360948104e-01
-3.442722956339518414e-01
-3.416921562618679409e-01
-3.428167766994900112e-01
-3.447701930999755859e-01
-3.427601920233832589e-01
-3.426879511939154854e-01
-3.446371555328369141e-01
-3.427729871537950057e-01
-3.445770475599501115e-01
-3.427356878916422711e-01
-3.446909851498073940e-01
-3.448555734422471541e-01
-3.444650438096787948e-01
-3.440465927124023438e-01
-3.439590136210123883e-01
-3.449709680345323104e-01
-3.423096338907877789e-01
-3.453379737006293526e-01
-3.428808583153618583e-01
-3.434535927242702846e-01
-3.407216866811116351e-01
-3.434733019934760323e-01
-3.438404401143391742e-01
