7.391915321350097656e-01
2.442253695593940011e-01
-1.958632303608788539e-02
-1.200339794158935547e-01
-1.327197021908230190e-01
-1.138753758536444755e-01
-1.012650794453091030e-01
-1.104112929768032436e-01
-1.205653746922810826e-01
-1.281382375293307896e-01
-1.333579619725545340e-01
-1.500034994549221401e-01
-1.573790444268120536e-01
-1.679093970192803154e-01
-1.716021564271714983e-01
-1.859472592671712332e-01
-1.937284072240193777e-01
-1.945034662882486887e-01
-2.017356819576687221e-01
-2.010640700658162527e-01
-2.010604805416530971e-01
-2.105471425586276646e-01
-2.037582529915703544e-01
-2.204052739673190708e-01
-2.105385727352566128e-01
-2.187210056516859236e-01
-2.165431976318359375e-01
-2.149586147732204799e-01
-2.171148061752319336e-01
-2.252188258700900669e-01
-2.213867770300971261e-01
-2.250717745886908761e-01
-2.280938625335693359e-01
-2.263249556223551340e-01
-2.281543943617078962e-01
-2.299458980560302734e-01
-2.366712358262803850e-01
-2.317571375105116072e-01
-2.403026156955295201e-01
-2.308926847245958147e-01
-2.279456986321343193e-01
-2.342364258236355190e-01
-2.381014559004041853e-01
-2.370248900519477120e-01
-2.341083950466579799e-01
-2.345706886715359096e-01
-2.440120908949110212e-01
-2.454278469085693359e-01
-2.469111283620198660e-01
-2.422999805874294643e-01
-2.449867195553249721e-01
-2.281453874376085100e-01
-2.371382183498806362e-01
-2.458100583818223772e-01
-2.462044292026095982e-01
-2.483241028255886440e-01
-2.450058725145128069e-01
-2.504720687866210938e-01
-2.495437728034125557e-01
-2.427444458007812500e-01
-2.510015169779459820e-01
-2.538196510738796596e-01
-2.483181953430175781e-01
-2.604490121205647601e-01
-2.492076290978325614e-01
-2.483440770043267021e-01
-2.522725529140896206e-01
-2.508964803483750838e-01
-2.528637780083550224e-01
-2.529575824737548828e-01
-2.564298576778835659e-01
-2.530281808641221541e-01
-2.547237608167860490e-01
-2.642682923210991630e-01
-2.605374919043647042e-01
-2.513726817237006417e-01
-2.519217067294650669e-01
-2.578229639265272599e-01
-2.533075014750162945e-01
-2.589830822414821987e-01
-2.575161986880832310e-01
-2.635324266221787948e-01
-2.557581795586479911e-01
-2.596997684902614956e-01
-2.596740987565782088e-01
-2.668220202128092633e-01
-2.607098420461018695e-01
-2.599648899502224331e-01
-2.602561049991183872e-01
-2.642717096540663224e-01
-2.488831943935818081e-01
-2.565049330393473492e-01
-2.662025292714436664e-01
-2.543071640862358818e-01
-2.583397494422065011e-01
-2.564315795898437500e-01
-2.600665622287326451e-01
-2.717720137702094307e-01
-2.748483551873101005e-01
-2.711606820424397601e-01
-2.594559457567002791e-01
-2.520300017462836495e-01
-2.576516999138726005e-01
-2.579298549228244419e-01
-2.602264616224501115e-01
-2.618013752831352958e-01
-2.589215172661675224e-01
-2.617944876352946149e-01
-2.606126997205946427e-01
-2.559557755788167133e-01
-2.639907466040717354e-01
-2.610534297095404854e-01
-2.622647020551893693e-01
-2.583222654130723495e-01
-2.661595609452989120e-01
-2.734142674340142021e-01
-2.629171477423773995e-01
-2.665571901533339005e-01
-2.738721105787489396e-01
-2.613795068528916854e-01
-2.678671148088243026e-01
-2.631251282162136440e-01
-2.727414766947428570e-01
-2.699845896826850167e-01
-2.606180773841010323e-01
-2.682048479715983258e-01
-2.641978528764512557e-01
-2.760748598310682755e-01
-2.738216453128390904e-01
-2.767471207512749443e-01
-2.673917876349555245e-01
-2.699570390913221818e-01
-2.667338053385416852e-01
-2.725380526648627511e-01
-2.719544834560818081e-01
-2.733241452111138114e-01
-2.716078228420681362e-01
-2.724377314249674664e-01
-2.689383559756808872e-01
-2.659852504730224609e-01
-2.647975285847981586e-01
-2.771481672922770367e-01
-2.746471299065483818e-01
-2.719465096791585101e-01
-2.708461284637451172e-01
-2.721217208438449497e-01
-2.771073712242974052e-01
-2.669201427035861607e-01
-2.710867457919650669e-01
-2.741186353895399552e-01
-2.719810538821750279e-01
-2.793569299909803849e-01
-2.711640199025471820e-01
-2.855385939280192242e-01
-2.836672465006510602e-01
-2.763394514719645367e-01
-2.766610251532660714e-01
-2.778036064571804409e-01
-2.893565760718451729e-01
-2.856512069702148438e-01
-2.836818959977891463e-01
-2.871638403998481026e-01
-2.744928465949164620e-01
-2.801669438680012836e-01
-2.854807906680636997e-01
-2.863644229041205636e-01
-2.764447000291612166e-01
-2.769890361362033482e-01
-2.828154828813340682e-01
-2.768084208170573102e-01
-2.814863787757025948e-01
-2.850282457139756698e-01
-2.850056489308674945e-01
-2.872188356187608260e-01
-2.827073468102349052e-01
-2.866742610931396484e-01
-2.780771255493164062e-01
-2.842024697197808036e-01
-2.890772819519042969e-01
-2.822394635942246932e-01
-2.808637619018554688e-01
-2.788915634155273438e-01
-2.752849260965983258e-01
-2.841823365953233260e-01
-2.872922155592176896e-01
-2.912969854142930526e-01
-2.850728034973144531e-01
-2.884249422285292130e-01
-2.854933738708496094e-01
-2.840497493743896484e-01
-2.841309441460503349e-01
-2.878720230526394253e-01
-2.900805473327636719e-01
-2.866066561804877511e-01
-2.900042798784043807e-01
-2.859167257944743024e-01
-2.873774104648166294e-01
-2.859403822157118302e-01
-2.877293162875705357e-01
-2.878354125552707310e-01
-2.865777545505099888e-01
-2.833265728420681362e-01
-2.850201659732394810e-01
-2.849353949228922711e-01
-2.819221019744873047e-01
-2.866418626573350448e-01
-2.879484494527180805e-01
-2.899823453691270370e-01
-2.841145197550455914e-01
-2.809392876095241909e-01
-2.802590529123942242e-01
-2.765338685777452010e-01
-2.898401154412163505e-01
-2.793992625342475167e-01
-2.890414661831325893e-01
-2.915759616427951451e-01
-2.920787599351670760e-01
-2.849953969319661273e-01
-2.916608651479085101e-01
-2.885463767581515904e-01
-2.969302601284450893e-01
-2.897730668385823383e-01
-2.885722849104139787e-01
-2.910505665673149833e-01
-2.915589014689127789e-01
-2.934448189205593471e-01
-2.867858144972059709e-01
-2.952748404608832589e-01
-2.974207931094699497e-01
-2.891427410973442802e-01
-2.886883947584364396e-01
-2.936570114559597378e-01
-2.930977609422471541e-01
-2.932118309868706474e-01
-2.805764675140380859e-01
-2.896823883056640625e-01
-2.936908139122856864e-01
-2.857312361399332867e-01
-2.779247495863172990e-01
-2.866884602440727958e-01
-2.838182714250352401e-01
-2.875274287329779854e-01
-2.885949611663818359e-01
-2.882080607944064732e-01
-2.919443713294135323e-01
-2.816470993889702568e-01
-2.882575988769531250e-01
-2.927674717373318081e-01
-2.886209223005506974e-01
-2.877102957831488839e-01
-2.898665534125434151e-01
-2.975785467359755021e-01
-2.955218421088324776e-01
-2.937677966223822823e-01
-2.910394403669569474e-01
-2.881706820593940011e-01
-2.850876119401719588e-01
-2.952542304992675781e-01
-2.943217224544948940e-01
-2.935692734188503628e-01
-2.864767710367838727e-01
-2.899326218499077568e-01
-2.899409665001763114e-01
-2.883906894259982701e-01
-2.954860528310139789e-01
-2.849094072977702008e-01
-2.876974211798773995e-01
-2.838744057549370536e-01
-2.836876710255940570e-01
-2.818209595150417690e-01
-2.924939261542426339e-01
-2.865324550204806919e-01
-2.933389875623915177e-01
-2.883964114718967076e-01
-2.870012919108073102e-01
-2.860595915052626115e-01
-2.970095740424262276e-01
-2.920144399007161273e-01
-2.814132107628716239e-01
-2.893839412265353794e-01
-2.931891282399495258e-01
-2.945440080430772323e-01
-2.911642922295464286e-01
-2.936465475294325334e-01
-2.886701424916585101e-01
-2.827598783704969865e-01
-2.881832917531331195e-01
-2.884546385871039620e-01
-2.800683710310194474e-01
-2.889051702287461776e-01
-2.818668948279486886e-01
-2.837294207678900948e-01
-2.925100856357150669e-01
-2.952391306559244977e-01
-3.047620720333523159e-01
-2.967838711208767299e-01
-2.927732202741835099e-01
-2.991133795844184151e-01
-2.881042692396376115e-01
-2.929174900054931641e-01
-2.910802894168429966e-01
-2.918691900041368026e-01
-2.913173304663764229e-01
-2.939581871032714844e-01
-2.931843333774142857e-01
-2.858685917324489956e-01
-2.797322538163926620e-01
-2.859001159667968750e-01
-2.824254830678303851e-01
-2.837773693932427177e-01
-2.903594175974528180e-01
-2.861099508073594588e-01
-2.897779411739773159e-01
-2.921300994025336495e-01
-2.909176879458957310e-01
-2.902407381269667130e-01
-2.859812312655978794e-01
-2.870264848073323383e-01
-2.941984070671929130e-01
-2.926248709360758649e-01
-2.956592771742079240e-01
-2.949713071187337055e-01
-2.985081672668457031e-01
-2.931372324625651227e-01
-3.001676930321587333e-01
-2.972832520802815570e-01
-3.025577333238389510e-01
-2.948484950595431919e-01
-2.963150607215033761e-01
-2.933240731557210101e-01
-2.901121245490180245e-01
-2.938867145114474888e-01
-2.898020214504665737e-01
-2.984390788608127232e-01
-2.968836095598008651e-01
-2.985650963253445034e-01
-2.903349664476182479e-01
-2.890011204613579521e-01
-2.935199207729763393e-01
-2.871017191145155412e-01
-2.966731919182671318e-01
-2.894184059566921596e-01
-2.908711433410644531e-01
-3.009776274363200055e-01
-2.985073460472954521e-01
-2.946694691975911273e-01
-2.957114908430311662e-01
-2.969588968488905412e-01
-2.992919815911186943e-01
-3.036706447601318359e-01
-2.983396583133273716e-01
-3.065260516272650948e-01
-3.063722981346977958e-01
-2.970992459191216239e-01
-2.962714566124809989e-01
-3.015388382805718193e-01
-3.066508769989013672e-01
-3.095453050401475448e-01
-3.129666911231147042e-01
-3.030980957878960380e-01
-3.073036140865749721e-01
-3.071958488888210659e-01
-3.027491304609510880e-01
-3.035196463267008649e-01
-3.081099722120497209e-01
-3.127311865488688336e-01
-3.054815398322211495e-01
-3.113033241695827846e-01
-3.094713422987196427e-01
-3.069161309136284599e-01
-3.096093866560194474e-01
-3.072796397738986607e-01
-3.149574332767062779e-01
-3.121162520514594307e-01
-3.137834601932101841e-01
-3.090110884772406807e-01
-3.125819895002577287e-01
-3.108330567677815570e-01
-3.124245802561442242e-01
-3.099431196848551617e-01
-3.039911588033040180e-01
-3.062920570373535156e-01
-3.029657469855414620e-01
-3.084700637393527622e-01
-3.091511991288926620e-01
-3.097002241346571427e-01
-3.091910150316026229e-01
-3.062233395046657924e-01
-3.100917074415419084e-01
-3.135182327694363003e-01
-3.156297206878662109e-01
-3.102842701805962333e-01
-3.102776739332411271e-01
-3.093499342600504742e-01
-3.070307042863633651e-01
-3.042020267910427456e-01
-3.042711151970757255e-01
-3.108504878150092354e-01
-3.155731095208061943e-01
-3.119015428755018693e-01
-3.050131797790527344e-01
-3.060682879553900948e-01
-3.110112879011366349e-01
-3.038527435726589565e-01
-3.074158827463785992e-01
-3.098433812459309711e-01
-3.065833515591091518e-01
-3.122158845265706195e-01
-3.145586384667290458e-01
-3.071111308203803292e-01
-3.042938444349501115e-01
-3.019583755069308872e-01
-3.107123374938964844e-01
-3.069372971852620258e-01
-3.069728745354546318e-01
-3.028396235571967354e-01
-3.047564029693603516e-01
-3.009708457522922154e-01
-2.943038410610622768e-01
-3.032301002078586216e-01
-3.064963022867838727e-01
-3.147656917572021484e-01
-3.125317626529269810e-01
-3.130125204722086774e-01
-3.120300504896376115e-01
-3.081543975406222935e-01
-3.110783365037705916e-01
-3.078903357187907086e-01
-3.113657368554009208e-01
-3.073811531066894531e-01
-2.978363566928439732e-01
-3.043835957845051898e-01
-3.032415442996554966e-01
-3.095623387230767021e-01
-3.093186749352349052e-01
-3.072940243615044364e-01
-3.109600808885362166e-01
-3.111770417955186385e-01
-3.109039200676811943e-01
-3.090830114152696151e-01
-3.121330473158094865e-01
-3.105632464090983258e-01
-3.106309572855631695e-01
-3.071553177303738003e-01
-3.103174368540446149e-01
-3.114716211954752789e-01
-3.127910031212700614e-01
-3.071641657087538224e-01
-3.112710581885443917e-01
-3.136204878489176617e-01
-3.095788160959879742e-01
-3.099433581034342633e-01
-3.069867557949489956e-01
-3.067206011878119698e-01
-3.173165586259629745e-01
-3.182850943671332589e-01
-3.146830664740668526e-01
-3.138416873084174386e-01
-3.088854948679606305e-01
-3.065046204460991630e-01
-3.117392063140869141e-01
-3.126437928941514510e-01
-3.099165227678086776e-01
-3.131091859605577010e-01
-3.102108107672797432e-01
-3.081518544091118583e-01
-3.157633675469292411e-01
-3.170886834462483539e-01
-3.106811576419406529e-01
-3.157158692677815570e-01
-3.117430210113525391e-01
-3.179380098978678570e-01
-3.219935894012451172e-01
-3.183858394622802734e-01
-3.144130441877577287e-01
-3.103198475307888393e-01
-3.121828767988417130e-01
-3.177004655202229633e-01
-3.170114358266194476e-01
-3.143693870968288784e-01
-3.117492993672688617e-01
-3.174013031853569755e-01
-3.169862694210476284e-01
-3.183712164560953961e-01
-3.206625514560275669e-01
-3.125575118594699497e-01
-3.140310976240370255e-01
-3.100577725304497489e-01
-3.103541798061794643e-01
-3.176674842834472656e-01
-3.105127281612820034e-01
-3.064528041415744419e-01
-3.130078050825331193e-01
-3.119229475657145367e-01
-3.127441406250000000e-01
-3.174485100640190849e-01
-3.161186112297905693e-01
-3.136148982577853794e-01
-3.113814459906684151e-01
-3.128279580010308036e-01
-3.168279859754774552e-01
-3.160454961988661271e-01
-3.183824221293131695e-01
-3.157129817538791294e-01
-3.251527680291069755e-01
-3.195426464080810547e-01
-3.180934323204888114e-01
-3.205296198527018414e-01
-3.106904559665256138e-01
-3.107599152459038505e-01
-3.174620734320746651e-01
-3.109202384948730469e-01
-3.117829958597819195e-01
-3.175844086541069755e-01
-3.192321459452311383e-01
-3.199804888831244698e-01
-3.131839699215359096e-01
-3.171908590528700334e-01
-3.135817845662434711e-01
-3.162424829271104354e-01
-3.110287719302707310e-01
-3.167948722839355469e-01
-3.186282581753200893e-01
-3.223357200622558594e-01
-3.157866266038682479e-01
-3.166715304056803570e-01
-3.151311874389648438e-01
-3.163105116950141182e-01
-3.203109900156657086e-01
-3.254059155782063617e-01
-3.194623523288303013e-01
-3.173105451795790177e-01
-3.142363230387369977e-01
-3.124823040432400112e-01
-3.124531375037299386e-01
-3.161599900987412948e-01
-3.200845188564724331e-01
-3.197598722245957870e-01
-3.209912776947021484e-01
-3.219154940711127511e-01
-3.188789420657687779e-01
-3.191640112135145646e-01
-3.240580028957790737e-01
-3.172359466552734375e-01
-3.182253042856852399e-01
-3.186186949412028180e-01
-3.163491884867350445e-01
-3.170967896779378070e-01
-3.224678304460313338e-01
-3.228423860337998885e-01
-3.223425282372368583e-01
-3.195632298787434711e-01
-3.172229925791422711e-01
-3.188140657212998885e-01
-3.211949666341145648e-01
-3.170987500084770927e-01
-3.216352992587619419e-01
-3.181622823079426898e-01
-3.147560755411784039e-01
-3.228161864810519810e-01
-3.190343644883897323e-01
-3.177503214942084542e-01
-3.182405630747477399e-01
-3.170744313134087333e-01
-3.240839375389946708e-01
-3.195945156945122489e-01
-3.211804495917426339e-01
-3.192675908406575336e-01
-3.211443159315321427e-01
-3.247763580746120815e-01
-3.256519105699327010e-01
-3.218613465627034320e-01
-3.201153013441297990e-01
-3.205334345499674664e-01
-3.253774642944335938e-01
-3.159204324086506976e-01
-3.241711192660861607e-01
-3.147940635681152344e-01
-3.244895405239529018e-01
-3.250618510776095982e-01
-3.238784207238091239e-01
-3.249080975850422992e-01
-3.229311042361789341e-01
-3.278990056779649276e-01
-3.238139152526855469e-01
-3.251506487528483258e-01
-3.292815155453152065e-01
-3.317011462317572823e-01
-3.292221758100721818e-01
-3.235559463500976562e-01
-3.196536435021294364e-01
-3.174892001681857701e-01
-3.168311648898654576e-01
-3.267538547515869141e-01
-3.265266418457031250e-01
-3.264036443498399276e-01
-3.273561530643039341e-01
-3.266395462883843193e-01
-3.233673572540283203e-01
-3.242323663499619979e-01
-3.223659992218017578e-01
-3.253229194217258091e-01
-3.266940646701388951e-01
-3.204606109195285435e-01
-3.219147788153754464e-01
-3.236573007371690291e-01
-3.305741680992974052e-01
-3.250742488437228794e-01
-3.264425065782334823e-01
-3.253287739223904018e-01
-3.222949239942762834e-01
-3.264575269487168807e-01
-3.291813267601860771e-01
-3.230575720469157086e-01
-3.251447677612304688e-01
-3.237353430853949776e-01
-3.241344822777642021e-01
-3.241833315955268136e-01
-3.242555459340413226e-01
-3.204770618014865513e-01
-3.225232495201958427e-01
-3.187671502431233539e-01
-3.235628339979383927e-01
-3.297167883978949776e-01
-3.298500643836127511e-01
-3.282222482893202287e-01
-3.223369651370578404e-01
-3.301866849263508930e-01
-3.293835322062174664e-01
-3.265175819396972656e-01
-3.331076039208306083e-01
-3.274292151133219586e-01
-3.272902435726589565e-01
-3.212823337978786831e-01
-3.266765276590983258e-01
-3.265550401475694198e-01
-3.308746549818251115e-01
-3.288294739193386440e-01
-3.263752990298801060e-01
-3.271931807200114117e-01
-3.209649456871880302e-01
-3.270358509487575893e-01
-3.260684013366699219e-01
-3.243537743886311664e-01
-3.287467956542968750e-01
-3.264856603410508651e-01
-3.273540602789984932e-01
-3.261765109168158761e-01
-3.286293877495659599e-01
-3.313098748524983539e-01
-3.302723566691080914e-01
-3.290141688452826729e-01
-3.270053333706325893e-01
-3.322786490122477399e-01
-3.297570016649034041e-01
-3.337572680579291573e-01
-3.245653841230604630e-01
-3.327955669826931362e-01
-3.319454193115234375e-01
-3.306179311540391463e-01
-3.318186336093478794e-01
-3.309077951643202287e-01
-3.292390505472819195e-01
-3.310701317257351284e-01
-3.323469956715901508e-01
-3.280469046698676339e-01
-3.289024829864501953e-01
-3.327504793802897320e-01
-3.288463486565483818e-01
-3.291265169779459820e-01
-3.341721693674723492e-01
-3.291276295979817523e-01
-3.312578731113010044e-01
-3.327520688374837055e-01
-3.325548171997070312e-01
-3.347215652465820312e-01
-3.317965666453043805e-01
-3.310557206471760883e-01
-3.356900480058457870e-01
-3.295482529534233818e-01
-3.305545647939046039e-01
-3.294417593214247209e-01
-3.305509355333116073e-01
-3.321937455071343193e-01
-3.367273277706570034e-01
-3.375269042121039620e-01
-3.345476256476508370e-01
-3.326791922251383649e-01
-3.267535898420546037e-01
-3.348667356703016740e-01
-3.323947853512234096e-01
-3.326169119940863839e-01
-3.291409810384114398e-01
-3.311709298027886161e-01
-3.358700010511610490e-01
-3.326327535841200334e-01
-3.340733846028645648e-01
-3.363094594743516463e-01
-3.337489763895670758e-01
-3.354002899593777065e-01
-3.294790585835774555e-01
-3.337376382615830916e-01
-3.307953675587971820e-01
-3.300517665015326729e-01
-3.314070171780056362e-01
-3.325064712100558872e-01
-3.357622093624538784e-01
-3.369851377275254745e-01
-3.318630854288737164e-01
-3.335982958475748883e-01
-3.339287704891628628e-01
-3.353595468733046037e-01
-3.327968120574951172e-01
-3.291887972089979630e-01
-3.344786167144775391e-01
-3.318451775444878349e-01
-3.268637127346462612e-01
-3.307008213467068081e-01
-3.287431663937038784e-01
-3.301424715254042130e-01
-3.305685520172119141e-01
-3.336098723941379185e-01
-3.372113704681396484e-01
-3.280208640628390904e-01
-3.250624868604872209e-01
-3.331726921929253349e-01
-3.334097332424587612e-01
-3.324224419063991909e-01
-3.323135111067030412e-01
-3.380740218692355747e-01
-3.367831442091200334e-01
-3.338624371422661552e-01
-3.369820382859971541e-01
-3.364300198025173549e-01
-3.351914087931315289e-01
-3.366372055477566128e-01
-3.309295442369248885e-01
-3.315840297275119419e-01
-3.321077028910319195e-01
-3.363191816541883927e-01
-3.359069559309217912e-01
-3.400216632419162388e-01
-3.376935323079426898e-01
-3.416682614220513114e-01
-3.384081257714165458e-01
-3.385272555881076451e-01
-3.384109603034125557e-01
-3.359611829121907367e-01
-3.331595526801215401e-01
-3.375197516547309151e-01
-3.339347839355468750e-01
-3.411594231923421039e-01
-3.358068731096055526e-01
-3.349834548102484932e-01
-3.399310906728108539e-01
-3.344643645816379185e-01
-3.337339825100368862e-01
-3.338298002878825055e-01
-3.354275756412082310e-01
-3.378749953375922432e-01
-3.378675248887803573e-01
-3.350244628058539620e-01
-3.325295713212754745e-01
-3.363240030076768416e-01
-3.371700445810953961e-01
-3.360063234965006695e-01
-3.358296288384331474e-01
-3.370627827114529018e-01
-3.367191420661078682e-01
-3.347877131568061104e-01
-3.406006495157877789e-01
-3.386084503597683315e-01
-3.335766527387831193e-01
-3.401289516025119419e-01
-3.370780679914686662e-01
-3.359219498104519253e-01
-3.381807804107666016e-01
-3.415364689297146206e-01
-3.413071367475721818e-01
-3.386324246724446430e-01
-3.396874003940158482e-01
-3.403399785359700336e-01
-3.368398878309462052e-01
-3.347154458363850726e-01
-3.366245693630642299e-01
-3.385672039455837612e-01
-3.373724884457058315e-01
-3.387816747029622211e-01
-3.395846949683295479e-01
-3.418251408471001396e-01
-3.361544079250759487e-01
-3.346283170912001115e-01
-3.394105964236789341e-01
-3.391443093617756976e-01
-3.366822136773003349e-01
-3.366013103061252232e-01
-3.393667009141709823e-01
-3.366717232598198661e-01
-3.400170803070068359e-01
-3.386602666642930526e-01
