7.391915321350097656e-01
6.610001458062065849e-01
6.062960094875760042e-01
5.475735134548611605e-01
5.040976736280653459e-01
4.401582082112630023e-01
3.948151535458034878e-01
3.610307110680474052e-01
3.225839138031005859e-01
3.017068703969319476e-01
2.571683989630805245e-01
2.089899116092258091e-01
1.768418550491333008e-01
1.403554280598958426e-01
1.247574355867173967e-01
7.658024628957112168e-02
5.515026715066698171e-02
3.173014521598815918e-02
9.843720537092951091e-04
-5.254486368762122453e-03
-2.815805541144476842e-02
-4.697319202952914691e-02
-6.774898370107014511e-02
-9.495887491438123607e-02
-1.061208513047960100e-01
-1.215328243043687639e-01
-1.282600959142049246e-01
-1.419882509443494978e-01
-1.519453657997978935e-01
-1.738890277014838448e-01
-1.792718834347195034e-01
-1.838284068637424107e-01
-1.917275720172458287e-01
-1.938448084725273857e-01
-2.050670650270250139e-01
-2.138988574345906668e-01
-2.156381607055664062e-01
-2.220915291044447126e-01
-2.274404631720648995e-01
-2.317863570319281807e-01
-2.306921217176649275e-01
-2.326126893361409598e-01
-2.365068859524196987e-01
-2.355581919352213449e-01
-2.414136727650960379e-01
-2.388450569576687221e-01
-2.407619423336452846e-01
-2.465139759911431083e-01
-2.510017553965250836e-01
-2.480188740624321708e-01
-2.507873376210530414e-01
-2.485098838806152344e-01
-2.476243442959255581e-01
-2.541128529442681083e-01
-2.556137243906657086e-01
-2.488520410325792132e-01
-2.520846790737575893e-01
-2.543422910902235490e-01
-2.497487597995334263e-01
-2.518391874101426620e-01
-2.510191864437527065e-01
-2.522901693979899274e-01
-2.511228455437554130e-01
-2.521661652459038505e-01
-2.495702107747395926e-01
-2.537455558776855469e-01
-2.523769007788764229e-01
-2.534007231394450055e-01
-2.539284759097629185e-01
-2.563189400566948661e-01
-2.559523052639431362e-01
-2.517260710398356305e-01
-2.543080912695990792e-01
-2.527538405524359932e-01
-2.531440522935655135e-01
-2.570525275336371651e-01
-2.536588509877522601e-01
-2.524153656429714565e-01
-2.501206662919785995e-01
-2.547818554772270927e-01
-2.485999266306559152e-01
-2.562406063079833984e-01
-2.536075380113389510e-01
-2.561316225263807755e-01
-2.555130322774251117e-01
-2.554845809936523438e-01
-2.552633550431993026e-01
-2.535090976291232701e-01
-2.541775173611111049e-01
-2.555579344431559430e-01
-2.542175451914469586e-01
-2.556557920244004745e-01
-2.551323307885063896e-01
-2.551631132761637555e-01
-2.536745866139729633e-01
-2.525217533111572266e-01
-2.575806246863471261e-01
-2.563098536597357979e-01
-2.563321060604519253e-01
-2.552047040727403182e-01
-2.555929554833306083e-01
-2.577358881632487164e-01
-2.538585133022732143e-01
-2.589817047119140625e-01
-2.579633129967583427e-01
-2.565088801913791294e-01
-2.585920492808024274e-01
-2.548269960615370255e-01
-2.552967601352267857e-01
-2.566270828247070312e-01
-2.555262512630886440e-01
-2.580956617991129742e-01
-2.568322552575005302e-01
-2.565594779120551339e-01
-2.572044796413845424e-01
-2.596544424692789899e-01
-2.557968828413221818e-01
-2.567344771491156807e-01
-2.556549972958034878e-01
-2.587412198384602680e-01
-2.599120934804280414e-01
-2.611435519324408761e-01
-2.601483927832709542e-01
-2.591921753353542690e-01
-2.592085467444525948e-01
-2.567514578501383649e-01
-2.579627831776936664e-01
-2.668693595462375279e-01
-2.573028935326470146e-01
-2.619492212931315289e-01
-2.601824071672227401e-01
-2.607238292694091797e-01
-2.596888012356228237e-01
-2.578251361846923828e-01
-2.607109016842312221e-01
-2.615684668223063336e-01
-2.567466364966498604e-01
-2.609872817993164062e-01
-2.546983030107285995e-01
-2.606348726484510880e-01
-2.569231457180446987e-01
-2.593965265485975724e-01
-2.601685523986816406e-01
-2.589407232072618026e-01
-2.624937163458930245e-01
-2.600078052944607143e-01
-2.578613758087158203e-01
-2.606847816043429966e-01
-2.588021490308973771e-01
-2.609118355645073661e-01
-2.597931226094563617e-01
-2.599707444508870258e-01
-2.601784865061442242e-01
-2.633510695563422432e-01
-2.633663018544514789e-01
-2.611443731519911271e-01
-2.625084982977973214e-01
-2.621960375044081193e-01
-2.621310816870795479e-01
-2.593337694803873883e-01
-2.575315634409586774e-01
-2.603443993462456474e-01
-2.592188517252604352e-01
-2.632697158389621372e-01
-2.636599010891384487e-01
-2.639048364427354354e-01
-2.623489962683783761e-01
-2.637832694583469029e-01
-2.630405426025390625e-01
-2.620050642225477677e-01
-2.622284889221191406e-01
-2.622870604197184430e-01
-2.624284161461724052e-01
-2.620808548397488003e-01
-2.670034302605522880e-01
-2.640256616804335099e-01
-2.633020877838134766e-01
-2.625228563944498883e-01
-2.651783095465766182e-01
-2.654372321234809151e-01
-2.646758821275498885e-01
-2.616436216566297990e-01
-2.624047332339816685e-01
-2.641447385152180805e-01
-2.653564347161186943e-01
-2.636474503411186943e-01
-2.633784082200791854e-01
-2.661350303226047154e-01
-2.639696598052978516e-01
-2.608762052324082870e-01
-2.679601775275336495e-01
-2.688808176252577287e-01
-2.652315298716227399e-01
-2.665866216023762836e-01
-2.629582087198893414e-01
-2.677597999572753906e-01
-2.708530955844455357e-01
-2.636887497372097378e-01
-2.688405513763427734e-01
-2.684100468953450336e-01
-2.652618885040283203e-01
-2.665152814653184432e-01
-2.667194207509358539e-01
-2.687179777357313615e-01
-2.658317089080810547e-01
-2.678199874030219307e-01
-2.692114512125651227e-01
-2.686542405022515068e-01
-2.691021495395236607e-01
-2.680150402916802177e-01
-2.685851256052653180e-01
-2.657611634996202010e-01
-2.672149605221218471e-01
-2.635173002878825055e-01
-2.702971034579806919e-01
-2.680672804514567242e-01
-2.692733340793185826e-01
-2.707771725124782924e-01
-2.705214023590087891e-01
-2.690969043307834263e-01
-2.691136731041802177e-01
-2.689814832475450057e-01
-2.686785856882731305e-01
-2.750074333614773159e-01
-2.679678334130181083e-01
-2.726983494228786831e-01
-2.673114405737982979e-01
-2.698843214246962052e-01
-2.701322237650553570e-01
-2.721869150797526227e-01
-2.709100246429443359e-01
-2.705927689870198383e-01
-2.699648009406195870e-01
-2.728938791486952287e-01
-2.671061091952853794e-01
-2.740419970618354073e-01
-2.714263333214653739e-01
-2.726374202304416294e-01
-2.712364726596408482e-01
-2.720282077789306641e-01
-2.734460035959879742e-01
-2.716853883531358260e-01
-2.734077771504719867e-01
-2.711401515536838169e-01
-2.718776332007514229e-01
-2.697533766428629742e-01
-2.761327160729302177e-01
-2.753825717502170201e-01
-2.738428910573323383e-01
-2.717044618394639510e-01
-2.729753918117946987e-01
-2.726794878641764508e-01
-2.751256095038520089e-01
-2.731389204661051617e-01
-2.714966668023003349e-01
-2.750855551825629464e-01
-2.738433943854438057e-01
-2.757545047336154576e-01
-2.756921185387505302e-01
-2.743018203311496372e-01
-2.763654126061333427e-01
-2.781307432386610490e-01
-2.736987537807888393e-01
-2.773359616597493305e-01
-2.740381558736165180e-01
-2.725039588080512276e-01
-2.750403086344401227e-01
-2.757481998867458706e-01
-2.773925728268093471e-01
-2.753189139895969029e-01
-2.746006382836235771e-01
-2.757010989718967076e-01
-2.775661415523952846e-01
-2.756277455223931083e-01
-2.776534292432997209e-01
-2.788825300004746932e-01
-2.774459785885280971e-01
-2.754065990447998047e-01
-2.775558365715874443e-01
-2.785109678904215680e-01
-2.777652210659450893e-01
-2.803616523742675781e-01
-2.801201608445909041e-01
-2.803793483310275669e-01
-2.788127793206108818e-01
-2.836607032352023716e-01
-2.799773481157090682e-01
-2.781349288092719307e-01
-2.788344754113091239e-01
-2.812799347771538505e-01
-2.787928051418728237e-01
-2.776437335544162388e-01
-2.795847256978352680e-01
-2.801694075266520367e-01
-2.786470784081352958e-01
-2.778089841206868305e-01
-2.823787265353732701e-01
-2.836770216623942242e-01
-2.806569735209147320e-01
-2.815692689683702010e-01
-2.824029922485351562e-01
-2.820545567406548271e-01
-2.828569412231445312e-01
-2.807063261667887555e-01
-2.846932411193847656e-01
-2.822881009843614120e-01
-2.801267835828993302e-01
-2.827738655938042411e-01
-2.809031274583604354e-01
-2.816188600328233260e-01
-2.843275864919026508e-01
-2.808968755933973771e-01
-2.821193536122639789e-01
-2.807872295379638672e-01
-2.835823959774441128e-01
-2.824651665157741909e-01
-2.831512822045220146e-01
-2.832544909583197823e-01
-2.854651080237494698e-01
-2.837456332312690011e-01
-2.837563620673285714e-01
-2.813427713182237166e-01
-2.803690433502197266e-01
-2.828097608354356307e-01
-2.835744486914740792e-01
-2.852061324649386997e-01
-2.841185463799370536e-01
-2.863430182139078961e-01
-2.866129080454508649e-01
-2.876632743411594029e-01
-2.827653884887695312e-01
-2.827248043484157924e-01
-2.851403554280598773e-01
-2.850134107801649552e-01
-2.826784981621636161e-01
-2.880509694417317523e-01
-2.844309277004665737e-01
-2.851534419589572544e-01
-2.867318789164225445e-01
-2.838284969329833984e-01
-2.871975898742675781e-01
-2.837110890282524833e-01
-2.859825823042128068e-01
-2.905482186211479911e-01
-2.871143023173014508e-01
-2.842022577921549664e-01
-2.878610557980007534e-01
-2.871681849161784039e-01
-2.865489323933919086e-01
-2.897313435872395648e-01
-2.856017748514811383e-01
-2.888040012783474331e-01
-2.879236009385850448e-01
-2.887356811099582310e-01
-2.863632308112250557e-01
-2.854933473798964005e-01
-2.884225845336914062e-01
-2.898897594875759487e-01
-2.881054878234863281e-01
-2.890599038865830916e-01
-2.865114476945664901e-01
-2.897830274369981307e-01
-2.885343498653835659e-01
-2.871107525295681362e-01
-2.863607141706678849e-01
-2.922042475806342354e-01
-2.874033715989854354e-01
-2.924793296390109654e-01
-2.905187076992458706e-01
-2.884627183278401508e-01
-2.884465588463677177e-01
-2.870802879333496094e-01
-2.939671410454643974e-01
-2.848914464314778461e-01
-2.884115378061930524e-01
-2.910167641109890346e-01
-2.898059421115451451e-01
-2.914839320712619419e-01
-2.913271586100260602e-01
-2.876306904686821708e-01
-2.875514030456542969e-01
-2.904005580478244419e-01
-2.874193191528320312e-01
-2.910616397857666016e-01
-2.922071086035834542e-01
-2.923765977223714008e-01
-2.927355501386854630e-01
-2.891434298621283761e-01
-2.910076512230767021e-01
-2.895220120747883930e-01
-2.914196120368109932e-01
-2.919563187493218193e-01
-2.912784947289360771e-01
-2.911804252200656529e-01
-2.917939027150471820e-01
-2.869249979654948102e-01
-2.911183039347330914e-01
-2.919711271921793805e-01
-2.911594973670111886e-01
-2.924209435780842914e-01
-2.916776604122585659e-01
-2.920435269673665180e-01
-2.893854777018229352e-01
-2.905288272433810826e-01
-2.950101958380805245e-01
-2.920518716176350726e-01
-2.925374242994520646e-01
-2.890670299530029297e-01
-2.952850129869248885e-01
-2.918308840857611886e-01
-2.916224797566731586e-01
-2.890686194101969586e-01
-2.973648442162407646e-01
-2.916345331403944474e-01
-2.935419612460666294e-01
-2.917725245157877789e-01
-2.924642033047146206e-01
-2.914475335015190849e-01
-2.918460898929172154e-01
-2.915132310655381698e-01
-2.932898733350965959e-01
-2.936043739318847656e-01
-2.899479601118299943e-01
-2.940846284230549945e-01
-2.905941274431016463e-01
-2.933966583675808315e-01
-2.936183346642388114e-01
-2.925168408287895927e-01
-2.922217581007215959e-01
-2.922551102108425503e-01
-2.917484707302517299e-01
-2.906369898054335099e-01
-2.916224797566731586e-01
-2.936323748694525948e-01
-2.932158311208089008e-01
-2.948199113210042133e-01
-2.955989837646484375e-01
-2.900871435801188336e-01
-2.911931938595241909e-01
-2.932283083597819195e-01
-2.920698589748806362e-01
-2.937622600131564732e-01
-2.944712109035915737e-01
-2.937562200758192521e-01
-2.904140684339735490e-01
-2.899868753221299666e-01
-2.929968569013807755e-01
-2.943018807305229911e-01
-2.946647802988688336e-01
-2.943953937954372768e-01
-2.933973471323649274e-01
-2.958239449395073661e-01
-2.952530384063720703e-01
-2.916527854071723214e-01
-2.967692481146918526e-01
-2.964629862043592912e-01
-2.961579693688286552e-01
-2.948313819037543526e-01
-2.923012044694688338e-01
-2.929151323106553573e-01
-2.918483416239420758e-01
-2.954260243309868583e-01
-2.968087991078694476e-01
-2.961350546942816964e-01
-2.952827877468532924e-01
-2.933269871605767021e-01
-2.925842338138156529e-01
-2.924765480889214286e-01
-2.946358521779378070e-01
-2.977477709452311383e-01
-2.965752548641628628e-01
-2.966496149698893414e-01
-2.969030539194743024e-01
-2.946126196119520646e-01
-2.958264880710178013e-01
-2.949916786617702846e-01
-2.947118812137179966e-01
-2.954922782050238839e-01
-2.927649815877278461e-01
-2.967815664079453963e-01
-2.952715290917290458e-01
-2.965339819590250836e-01
-2.962172031402587891e-01
-2.954328589969211216e-01
-2.965693473815917969e-01
-2.948980331420898438e-01
-2.984673447079128628e-01
-2.931288878122965680e-01
-2.967891163296169643e-01
-2.998081048329671039e-01
-2.949503792656792411e-01
-2.919245296054416294e-01
-2.947599093119303570e-01
-2.960129578908284320e-01
-2.953677972157796039e-01
-2.961028681861029854e-01
-2.947462664710150948e-01
-2.943784130944145927e-01
-2.977636655171712055e-01
-2.969155311584472656e-01
-2.947066360049777622e-01
-2.958398660024006976e-01
-2.956502702501084823e-01
-2.999795277913411273e-01
-2.994458675384521484e-01
-2.977386315663655414e-01
-2.940326531728108539e-01
-2.979322009616428013e-01
-2.962123023139106026e-01
-2.968846427069770089e-01
-2.941396501329209823e-01
-3.010231124030219307e-01
-2.969171206156412945e-01
-2.977235317230224609e-01
-2.975609302520751953e-01
-2.966411643558078404e-01
-2.951923476325141182e-01
-2.978308465745713729e-01
-2.943160268995497209e-01
-2.996866438123915177e-01
-2.960912916395399552e-01
-2.974446614583333148e-01
-2.948023743099636440e-01
-3.027730517917209263e-01
-2.966787550184462052e-01
-2.983298036787245255e-01
-2.980655564202202568e-01
-2.975366115570068359e-01
-2.996044158935546875e-01
-2.972205479939778461e-01
-3.001905017428928013e-01
-2.987580034467909318e-01
-2.965108553568522320e-01
-2.977653609381781807e-01
-2.957431475321452008e-01
-3.003059493170844307e-01
-2.989051077100965959e-01
-2.954149776034885044e-01
-2.975082662370469588e-01
-2.951459354824489956e-01
-2.971445189581977120e-01
-2.959562672509087333e-01
-2.956622441609700336e-01
-2.977049085828993302e-01
-2.995496326022678013e-01
-2.969644069671630859e-01
-2.978354030185275669e-01
-2.993969387478298549e-01
-3.006564246283637276e-01
-2.980560991499159318e-01
-2.973179817199707031e-01
-2.962783707512749443e-01
-2.980929480658637276e-01
-2.970972855885823383e-01
-3.002252313825819474e-01
-2.982195483313666573e-01
-2.981858253479003906e-01
-2.993395063612196427e-01
-2.962036662631564732e-01
-2.995749844445122489e-01
-2.967782815297444476e-01
-2.975596851772732143e-01
-2.986310323079426898e-01
-2.974432574378119698e-01
-2.979537645975748883e-01
-2.994440131717258091e-01
-3.016831345028347378e-01
-3.001811239454481584e-01
-2.979608906639946708e-01
-2.998258537716335659e-01
-2.999822033776177177e-01
-2.986683845520019531e-01
-2.991492748260498047e-01
-2.973140080769856586e-01
-2.992569340599907646e-01
-2.967792881859673271e-01
-2.989663018120659599e-01
-2.985210153791639787e-01
-3.023602962493896484e-01
-2.981721030341254464e-01
-2.994139459398057479e-01
-2.973148028055827008e-01
-3.014145427280002232e-01
-2.991137769487168807e-01
-2.998215887281630021e-01
-3.000137805938720703e-01
-3.002870347764756698e-01
-2.990308337741428013e-01
-3.011680708991156807e-01
-3.006427552964952010e-01
-3.007135656144883651e-01
-3.023585743374294643e-01
-3.008193969726562500e-01
-2.964774767557780133e-01
-3.001085122426350726e-01
-2.991898324754502791e-01
-3.007251421610514508e-01
-2.996845245361328125e-01
-3.012004693349202289e-01
-3.021182219187418805e-01
-3.010845979054768695e-01
-3.015491432613796596e-01
-3.014989958869086495e-01
-3.004729482862684709e-01
-2.987015777164035435e-01
-2.996288405524359932e-01
-2.996632523006863003e-01
-3.002963331010606307e-01
-3.012750148773193359e-01
-3.021700382232666016e-01
-2.973326841990153180e-01
-3.000418874952528459e-01
-3.024074766370985490e-01
-2.986739476521809711e-01
-2.980397012498643416e-01
-3.010211255815293807e-01
-3.020446035597059709e-01
-2.996661927964952010e-01
-3.006433910793728237e-01
-3.018874327341715680e-01
-3.019481499989827289e-01
-3.035914897918701172e-01
-3.001446723937988281e-01
-3.037507269117567521e-01
-3.028454780578613281e-01
-3.021003405253092633e-01
-3.021820121341281529e-01
-3.012166023254394531e-01
-3.029033872816297990e-01
-2.998965846167670479e-01
-3.030235767364501953e-01
-3.010554048750135880e-01
-3.054207430945502511e-01
-3.004646301269531250e-01
-3.018189006381564732e-01
-3.030328485700819474e-01
-3.056796391805012836e-01
-3.002834320068359375e-01
-2.998846636878119698e-01
-3.055716885460747489e-01
-3.008657826317681083e-01
-3.026919364929199219e-01
-3.020416365729438057e-01
-3.008609612782796039e-01
-2.981031470828586216e-01
-3.037867546081542969e-01
-3.012469344668918247e-01
-3.029652436574299945e-01
-3.004084693060981026e-01
-3.034994867112901229e-01
-3.006383577982584820e-01
-3.049550056457519531e-01
-3.041159311930338727e-01
-3.041609128316243305e-01
-3.007684018876817245e-01
-3.039507865905761719e-01
-3.011849986182318917e-01
-3.035306930541992188e-01
-3.011709054311116351e-01
-3.032961686452229633e-01
-3.029776944054497489e-01
-3.041680124070909041e-01
-3.024874793158637276e-01
-3.015937805175781250e-01
-3.045860131581624164e-01
-3.045309914482964286e-01
-3.024691210852729073e-01
-3.011968400743272323e-01
-3.044154114193386440e-01
-3.048889372083876115e-01
-3.041463692982991351e-01
-3.040059407552083148e-01
-3.044699562920464286e-01
-3.007103602091471539e-01
-3.031882180107964286e-01
-3.019655280643039341e-01
-3.041569656795925503e-01
-3.006129529741075057e-01
-3.015695148044162388e-01
-3.011391162872314453e-01
-3.026136557261149274e-01
-3.053122891320122489e-01
-3.032336764865451451e-01
-3.034933143191867466e-01
-3.017393218146430245e-01
-3.014001316494411831e-01
-3.019854492611355190e-01
-3.005398379431830636e-01
-2.990501191880967635e-01
-3.046387831370035992e-01
-3.047123485141330357e-01
-3.065164354112412948e-01
-3.046307563781738281e-01
-3.019586139255099888e-01
-3.026632997724745255e-01
-3.019014464484320870e-01
-3.026101324293348771e-01
-3.034758567810058594e-01
-2.993632687462700614e-01
-3.019360966152614956e-01
-3.024880621168348771e-01
-3.007798989613850726e-01
-3.045787016550700055e-01
-3.022445307837592354e-01
-3.037702242533366070e-01
-3.073011504279242745e-01
-3.039010895623101005e-01
-3.025826613108317242e-01
-3.050466113620334263e-01
-3.006087144215901508e-01
-3.012776639726426620e-01
-3.041847281985812779e-01
-3.027566274007161273e-01
-3.037665420108371372e-01
-3.054772218068440570e-01
-3.031195799509684430e-01
-3.032782077789306641e-01
-3.034137354956732979e-01
-3.054887188805474052e-01
-3.039309183756510602e-01
-3.065296808878580914e-01
-3.043346934848361607e-01
-3.048826058705647601e-01
-3.034646246168348771e-01
-3.036452399359809151e-01
-3.062785731421576729e-01
-3.049829006195068359e-01
-3.045123683081732979e-01
-3.025232156117756976e-01
-3.054603205786811104e-01
-3.048154248131645927e-01
-3.046992090013291854e-01
-3.046761353810628070e-01
-3.038783073425292969e-01
-3.069121307796902065e-01
-3.033497068617079240e-01
-3.057190312279595146e-01
-3.024227884080674666e-01
-3.039957682291666852e-01
-3.018042511410183315e-01
-3.048816786872016182e-01
-3.039836088816325055e-01
-3.027495543162028180e-01
-3.058670361836751117e-01
-3.019473817613389510e-01
-3.063635561201307755e-01
-3.040157688988579521e-01
-3.040073182847764510e-01
-3.023347854614257812e-01
-3.029847939809163226e-01
-3.040128284030490513e-01
-3.046982553270127791e-01
-3.048373593224419364e-01
-3.032275570763481864e-01
-3.065623442331950055e-01
-3.028861681620280133e-01
-3.043558862474229354e-01
-3.051677544911702289e-01
-3.059141635894775391e-01
-3.036996258629692802e-01
-3.045372168223063336e-01
-3.064419163597954521e-01
-3.048043251037597656e-01
-3.066412872738308315e-01
-3.053488996293809432e-01
-3.034101062350803013e-01
-3.061483701070149555e-01
-3.033512963189018974e-01
-3.058688905504014510e-01
-3.056934409671359654e-01
-3.053792582617865792e-01
-3.074613147311740513e-01
-3.052620622846815568e-01
-3.029123677147759208e-01
-3.074685997433132534e-01
-3.060988320244683036e-01
-3.080070018768310547e-01
-3.013222217559814453e-01
-3.038659625583224888e-01
-3.063231309254964008e-01
-3.047392898135715122e-01
-3.066215250227186662e-01
-3.059582180447048549e-01
-3.067086537679036273e-01
-3.059782452053493862e-01
-3.051099512312147599e-01
-3.077701727549235211e-01
-3.054246902465820312e-01
-3.091150654686821708e-01
-3.048979441324869977e-01
-3.037953906589084263e-01
-3.049573103586832867e-01
-3.068539566463894253e-01
-3.047858344184027901e-01
-3.065074284871419086e-01
-3.061092694600422992e-01
-3.065376016828749162e-01
-3.043812380896674386e-01
-3.092666996849907646e-01
-3.083732128143310547e-01
-3.055597676171196708e-01
-3.060581684112548828e-01
-3.053938812679714565e-01
-3.079308138953315011e-01
-3.088924619886610490e-01
-3.085766898261176339e-01
-3.074717256757948380e-01
-3.073069784376356584e-01
-3.058951165941026229e-01
-3.069561852349175224e-01
-3.061423301696777344e-01
-3.062962161170111886e-01
-3.079597420162624721e-01
-3.068320221371120815e-01
-3.086857530805799943e-01
-3.068216111924912948e-01
-3.056370947096083146e-01
-3.084358109368218193e-01
-3.079664972093369979e-01
-3.062927722930908203e-01
-3.070982297261555805e-01
-3.081187672085232143e-01
-3.075610001881917133e-01
-3.061548868815104352e-01
-3.087033430735270367e-01
-3.042872746785481586e-01
-3.091404173109266740e-01
-3.084620104895697823e-01
-3.101514710320366630e-01
-3.079726960923936385e-01
-3.087475564744737166e-01
-3.049072689480251674e-01
-3.086557653215196151e-01
-3.052684466044108258e-01
-3.093629678090413226e-01
-3.084424336751301898e-01
-3.085527155134413224e-01
-3.094182279374864120e-01
-3.075119124518500557e-01
-3.078661759694417133e-01
-3.075248930189344865e-01
-3.062170876397026786e-01
-3.101117610931396484e-01
-3.060640758938259487e-01
-3.067910141415066128e-01
-3.074661360846625557e-01
-3.080803023444281807e-01
-3.103509214189317245e-01
-3.091935846540663224e-01
-3.073799345228407365e-01
-3.075744840833876115e-01
-3.088348441653781529e-01
-3.077689276801215401e-01
-3.080823156568739396e-01
-3.083792792426215401e-01
-3.108172151777479630e-01
-3.062833944956461774e-01
-3.108338779873318081e-01
-3.076514403025309430e-01
-3.092254002888997211e-01
-3.097317218780517578e-01
-3.139281802707248326e-01
-3.106662432352702008e-01
-3.093615372975667133e-01
-3.106635676489936104e-01
-3.092277050018310547e-01
-3.115952279832627791e-01
-3.106377389695909041e-01
-3.083524174160427456e-01
-3.123764461941189174e-01
-3.112969663408067245e-01
-3.115161259969075336e-01
-3.082040150960286273e-01
-3.113606505923801060e-01
-3.103626304202609654e-01
-3.076287905375162945e-01
-3.088581032223171596e-01
-3.089057604471842633e-01
-3.109587298499213448e-01
-3.113516171773274555e-01
-3.080797990163167133e-01
-3.122194608052571430e-01
-3.092963165707058315e-01
-3.115070925818549386e-01
-3.119176493750678292e-01
-3.115390671624077568e-01
-3.114857408735487443e-01
-3.120117452409532088e-01
-3.126056459214952010e-01
-3.112487528059217912e-01
-3.115880489349365234e-01
-3.095881144205729352e-01
-3.098096847534179688e-01
-3.128492832183837891e-01
-3.128223684098985213e-01
-3.116963439517551060e-01
-3.107947243584526786e-01
-3.127472400665283203e-01
-3.095900747511122209e-01
-3.112184206644694195e-01
-3.137291272481282367e-01
-3.095836639404296875e-01
-3.098660045199924107e-01
-3.109010325537787667e-01
-3.138759930928547992e-01
-3.114887078603108539e-01
-3.125527964697943917e-01
-3.121924665239121932e-01
-3.108791245354546318e-01
-3.139032257927788505e-01
-3.116385406917995815e-01
-3.158793979220920201e-01
-3.114931318495008927e-01
-3.149585723876953125e-01
-3.114910390641953963e-01
-3.128954834408230190e-01
-3.137966526879204521e-01
-3.133190737830268136e-01
-3.126508129967583427e-01
-3.147249221801757812e-01
-3.114040692647297992e-01
-3.117397626241047992e-01
-3.128386603461371651e-01
-3.133939107259114398e-01
-3.132074938880072823e-01
-3.141290346781412945e-01
-3.114857408735487443e-01
-3.131319946712917690e-01
-3.127458095550537109e-01
-3.139390680525038224e-01
-3.140321572621663226e-01
-3.124473624759250279e-01
-3.146725760565863839e-01
-3.147256374359130859e-01
-3.142005337609184989e-01
-3.127749231126573104e-01
-3.118997679816352120e-01
-3.153889444139268416e-01
-3.128064208560519810e-01
-3.126327461666530971e-01
-3.136519591013590680e-01
-3.163866202036539899e-01
-3.143113189273410435e-01
-3.130609724256727677e-01
-3.157041072845458984e-01
-3.117967711554633370e-01
-3.121453126271565570e-01
-3.142721388075087052e-01
-3.139787250094943638e-01
-3.166253036922878628e-01
-3.115520742204453963e-01
-3.124023013644748326e-01
-3.147865666283501396e-01
-3.131508297390407924e-01
-3.162840207417805805e-01
-3.172709941864013672e-01
-3.123317029741075057e-01
-3.138826953040229073e-01
-3.136310842302110213e-01
-3.161139488220214844e-01
-3.128001954820420760e-01
-3.157183594173855190e-01
-3.169827196333143693e-01
-3.178501394059922713e-01
-3.154046005672878628e-01
-3.163003921508789062e-01
-3.157544665866428013e-01
-3.174590799543592912e-01
-3.172441853417290458e-01
-3.175754812028672713e-01
-3.145156701405842914e-01
-3.180822531382243024e-01
-3.164470195770263672e-01
-3.142941262986924666e-01
-3.121368355221218471e-01
-3.159598509470621930e-01
-3.125411669413248883e-01
-3.158812522888183594e-01
-3.134224679734971541e-01
-3.145497904883490792e-01
-3.160952991909450893e-01
-3.162896103329128628e-01
-3.181344138251410714e-01
-3.175376521216498604e-01
-3.170128398471408482e-01
-3.151393466525607701e-01
-3.157624138726128349e-01
-3.170826699998643416e-01
-3.171254793802897320e-01
-3.192430602179633370e-01
-3.195032013787163505e-01
-3.159979979197184430e-01
-3.186056084103054409e-01
-3.140103552076551896e-01
-3.172633383009169084e-01
-3.188566366831461774e-01
-3.168010976579453963e-01
-3.133367962307400112e-01
-3.171667787763807755e-01
-3.169102138943142299e-01
