-3.712812364101409912e-01
-3.951585888862609863e-01
-3.992044627666473389e-01
-4.011881053447723389e-01
-4.009474217891693115e-01
-4.019904732704162598e-01
-4.003238379955291748e-01
-4.017349183559417725e-01
-4.002117812633514404e-01
-4.032182991504669189e-01
-3.969473540782928467e-01
-4.028972685337066650e-01
-3.983868360519409180e-01
-3.775754570960998535e-01
-3.810770213603973389e-01
-3.940194249153137207e-01
-3.983381390571594238e-01
-3.998575210571289062e-01
-3.319467604160308838e-01
-3.680163621902465820e-01
-3.764422535896301270e-01
-3.738527297973632812e-01
-3.719080090522766113e-01
-3.765550553798675537e-01
-3.734243810176849365e-01
-3.795662224292755127e-01
-3.751123845577239990e-01
-3.749377429485321045e-01
-3.776881992816925049e-01
-3.761040568351745605e-01
-3.778625428676605225e-01
-3.829079270362854004e-01
-3.926345407962799072e-01
-3.630765378475189209e-01
-3.873514235019683838e-01
-3.997184336185455322e-01
-3.989806473255157471e-01
-3.995735943317413330e-01
-3.975751101970672607e-01
-3.999148607254028320e-01
-3.967142999172210693e-01
-3.726104497909545898e-01
-3.797389864921569824e-01
-3.827469646930694580e-01
-3.876970708370208740e-01
-3.938903212547302246e-01
-3.989185094833374023e-01
-2.225260138511657715e-01
-2.492850720882415771e-01
-2.626079618930816650e-01
-2.640169560909271240e-01
-2.865988612174987793e-01
-3.078854978084564209e-01
-3.221311569213867188e-01
-3.376718163490295410e-01
-3.531345725059509277e-01
-3.464748263359069824e-01
-3.357816040515899658e-01
-3.570743799209594727e-01
-3.658607602119445801e-01
-3.682312369346618652e-01
-3.676278293132781982e-01
-3.787344396114349365e-01
-3.702645599842071533e-01
-3.743323385715484619e-01
-3.720605969429016113e-01
-3.693097531795501709e-01
-3.752768635749816895e-01
-3.800480961799621582e-01
-2.671886086463928223e-01
-3.681414425373077393e-01
-3.796253502368927002e-01
-3.752472400665283203e-01
-3.815088570117950439e-01
-3.839911520481109619e-01
-3.823609948158264160e-01
-3.943867385387420654e-01
-3.862961232662200928e-01
-2.452256828546524048e-01
-3.027871847152709961e-01
-3.404446542263031006e-01
-3.622854650020599365e-01
-3.742916882038116455e-01
-3.665687739849090576e-01
-3.768897354602813721e-01
-3.719961047172546387e-01
-3.708107471466064453e-01
-3.804795145988464355e-01
-3.770782351493835449e-01
-3.843995332717895508e-01
-3.807699382305145264e-01
-3.782884478569030762e-01
-3.847575187683105469e-01
-3.875778317451477051e-01
-3.740576803684234619e-01
-3.469634354114532471e-01
-3.695678710937500000e-01
-3.660830855369567871e-01
-3.608514666557312012e-01
-3.862539529800415039e-01
-3.843637704849243164e-01
-3.891886174678802490e-01
-3.872668147087097168e-01
-3.918764889240264893e-01
-3.952347636222839355e-01
-3.893090486526489258e-01
-3.923601806163787842e-01
-3.685548901557922363e-01
-3.963792622089385986e-01
-2.539169490337371826e-01
-2.664875388145446777e-01
-2.931573092937469482e-01
-3.227609395980834961e-01
-3.642000854015350342e-01
-3.658687174320220947e-01
-3.675897717475891113e-01
-3.768640756607055664e-01
-3.731011152267456055e-01
-3.723333179950714111e-01
-3.793646097183227539e-01
-3.770696222782135010e-01
-3.713816702365875244e-01
-3.705986440181732178e-01
-3.774087727069854736e-01
-3.760864436626434326e-01
-3.820372819900512695e-01
-3.660601675510406494e-01
-3.831399083137512207e-01
-3.870710730552673340e-01
-3.807881176471710205e-01
-3.837423622608184814e-01
-3.855060636997222900e-01
-3.789989948272705078e-01
-3.774037659168243408e-01
-3.879651129245758057e-01
-3.878487348556518555e-01
-3.839779198169708252e-01
-3.918491601943969727e-01
-3.868187963962554932e-01
-3.909985423088073730e-01
-3.810577988624572754e-01
-3.807167410850524902e-01
-3.772194683551788330e-01
-3.805169761180877686e-01
-3.827449679374694824e-01
-3.821645975112915039e-01
-3.786239624023437500e-01
-3.907864987850189209e-01
-3.781503438949584961e-01
-3.936456739902496338e-01
-3.871721923351287842e-01
-3.903653621673583984e-01
-3.945734202861785889e-01
-3.741230368614196777e-01
-3.699214458465576172e-01
-3.718577325344085693e-01
-3.828572630882263184e-01
-3.885117769241333008e-01
-3.918683528900146484e-01
-3.835094273090362549e-01
-3.623721301555633545e-01
-3.931276202201843262e-01
-3.951245248317718506e-01
-3.928408324718475342e-01
-3.895334601402282715e-01
-3.869403600692749023e-01
-3.922688961029052734e-01
-3.720889985561370850e-01
-3.816469013690948486e-01
-2.321948111057281494e-01
-2.594310343265533447e-01
-2.869144082069396973e-01
-3.111057877540588379e-01
-3.301885724067687988e-01
-3.654373586177825928e-01
-3.658050596714019775e-01
-3.758282363414764404e-01
-3.719948232173919678e-01
-3.826743066310882568e-01
-3.775617480278015137e-01
-3.780346810817718506e-01
-3.780030608177185059e-01
-3.712034523487091064e-01
-3.758226335048675537e-01
-3.779737055301666260e-01
-3.718427717685699463e-01
-3.781397044658660889e-01
-3.700718879699707031e-01
-3.765770792961120605e-01
-3.761666119098663330e-01
-3.786000311374664307e-01
-3.721581101417541504e-01
-3.704441487789154053e-01
-3.709106445312500000e-01
-3.737241029739379883e-01
-3.877890706062316895e-01
-3.847979307174682617e-01
-3.708781599998474121e-01
-3.872430324554443359e-01
-3.850474357604980469e-01
-3.779225051403045654e-01
-3.849767446517944336e-01
-3.747575879096984863e-01
-3.754134774208068848e-01
-3.827968835830688477e-01
-3.879271745681762695e-01
-3.854251801967620850e-01
-3.867456614971160889e-01
-3.787746727466583252e-01
-3.881036341190338135e-01
-3.827384710311889648e-01
-3.806220889091491699e-01
-3.834174871444702148e-01
-3.843870162963867188e-01
-1.817773133516311646e-01
-1.822975426912307739e-01
-1.865962892770767212e-01
-2.171671688556671143e-01
-2.126588076353073120e-01
-1.996193081140518188e-01
-2.068018913269042969e-01
-1.909806281328201294e-01
-1.772377043962478638e-01
-2.155295014381408691e-01
-1.810524612665176392e-01
-1.957734525203704834e-01
-1.176196634769439697e-01
-1.132793277502059937e-01
-1.516231149435043335e-01
-1.702888160943984985e-01
-1.180597245693206787e-01
-1.094758585095405579e-01
-1.450051665306091309e-01
-1.406358927488327026e-01
-1.387334764003753662e-01
-1.558914482593536377e-01
-1.547714769840240479e-01
-1.299001425504684448e-01
-1.346478611230850220e-01
-1.569755673408508301e-01
-1.150617375969886780e-01
-1.967398077249526978e-01
-1.806017160415649414e-01
-1.432172805070877075e-01
-1.717313528060913086e-01
-1.778187453746795654e-01
-1.601215451955795288e-01
-1.550700962543487549e-01
-1.422824412584304810e-01
-1.683257520198822021e-01
-1.389348655939102173e-01
-1.869200468063354492e-01
-1.786128878593444824e-01
-1.611975431442260742e-01
-1.427858322858810425e-01
-1.760194003582000732e-01
-1.923609077930450439e-01
-1.974446475505828857e-01
-2.112147212028503418e-01
-1.936979740858078003e-01
-1.561959832906723022e-01
-1.923708766698837280e-01
-1.922400146722793579e-01
-2.258070707321166992e-01
-1.840119063854217529e-01
-2.052081674337387085e-01
-1.905015856027603149e-01
-2.009846866130828857e-01
-2.010687887668609619e-01
-1.796983927488327026e-01
-2.183915525674819946e-01
-1.917074024677276611e-01
-2.325017154216766357e-01
-2.116374820470809937e-01
-2.338836938142776489e-01
-2.431382089853286743e-01
-2.538672685623168945e-01
-2.425401359796524048e-01
-2.616753280162811279e-01
-2.533068954944610596e-01
-2.674738168716430664e-01
-2.441652566194534302e-01
-2.689726650714874268e-01
-2.387243211269378662e-01
-2.604426443576812744e-01
-2.766813337802886963e-01
-2.717085480690002441e-01
-2.808104157447814941e-01
-2.711403071880340576e-01
-2.707265019416809082e-01
-2.849760353565216064e-01
-2.286641597747802734e-01
-2.766890823841094971e-01
-2.871686220169067383e-01
-2.782903313636779785e-01
-2.717280387878417969e-01
-2.669593393802642822e-01
-2.900273799896240234e-01
-2.987391054630279541e-01
-2.993086278438568115e-01
-2.810498476028442383e-01
-2.797458767890930176e-01
-2.829975485801696777e-01
-2.869766354560852051e-01
-2.896669805049896240e-01
-2.981685996055603027e-01
-2.583366930484771729e-01
-2.894073724746704102e-01
-2.915307581424713135e-01
-2.856271266937255859e-01
-3.013748228549957275e-01
-2.801827490329742432e-01
-2.788794934749603271e-01
-2.727213501930236816e-01
-2.716819643974304199e-01
-2.908388078212738037e-01
-2.891733944416046143e-01
-2.568756043910980225e-01
-2.729298770427703857e-01
-2.949328720569610596e-01
-2.733096778392791748e-01
-2.837796211242675781e-01
-2.835749685764312744e-01
-2.827787101268768311e-01
-2.846117317676544189e-01
-2.619669437408447266e-01
-2.860755026340484619e-01
-2.846426367759704590e-01
-2.795460820198059082e-01
-3.038576543331146240e-01
-2.662197947502136230e-01
-3.002242743968963623e-01
-2.845969200134277344e-01
-2.839111983776092529e-01
-2.763453423976898193e-01
-2.889292538166046143e-01
-2.760992944240570068e-01
-2.593153417110443115e-01
-2.688375115394592285e-01
-2.884772419929504395e-01
-2.983033359050750732e-01
-2.894970476627349854e-01
-2.980145215988159180e-01
-2.656017243862152100e-01
-2.803937792778015137e-01
-2.870326638221740723e-01
-3.075967729091644287e-01
-2.826938331127166748e-01
-3.005629777908325195e-01
-3.099011778831481934e-01
-2.931720912456512451e-01
-3.106916248798370361e-01
-2.825871109962463379e-01
-2.931108474731445312e-01
-3.146848082542419434e-01
-2.978680431842803955e-01
-2.932488322257995605e-01
-2.916943430900573730e-01
-3.046042621135711670e-01
-2.956639528274536133e-01
-3.076589405536651611e-01
-3.136619925498962402e-01
-2.980535328388214111e-01
-3.217178285121917725e-01
-3.211818933486938477e-01
-3.176288306713104248e-01
-3.274492025375366211e-01
-3.291266262531280518e-01
-3.196214735507965088e-01
-3.205290436744689941e-01
-3.352217972278594971e-01
-3.343679904937744141e-01
-3.441428244113922119e-01
-3.368926942348480225e-01
-3.445608615875244141e-01
-3.554565608501434326e-01
-3.448292911052703857e-01
-3.639579415321350098e-01
-3.583568036556243896e-01
1.311582978814840317e-02
-1.146796867251396179e-01
-1.118308901786804199e-01
-9.911514073610305786e-02
-1.387840509414672852e-01
-1.420900821685791016e-01
-1.035379692912101746e-01
-1.537712663412094116e-01
-1.613155305385589600e-01
-1.715237647294998169e-01
-1.730308383703231812e-01
-1.597722023725509644e-01
-1.756758093833923340e-01
-1.312325149774551392e-01
-1.878263205289840698e-01
-1.447310447692871094e-01
-1.567771583795547485e-01
-1.949511766433715820e-01
-1.420519948005676270e-01
-1.714586317539215088e-01
-1.764842569828033447e-01
-1.610286682844161987e-01
-1.929137855768203735e-01
-1.678629219532012939e-01
-1.786473244428634644e-01
-1.850972026586532593e-01
-1.701660305261611938e-01
-1.593930125236511230e-01
-1.998436897993087769e-01
-1.940793097019195557e-01
-1.690121442079544067e-01
-1.719026863574981689e-01
-1.942690461874008179e-01
-1.830560863018035889e-01
-1.786395162343978882e-01
-1.458612978458404541e-01
-1.728686839342117310e-01
-1.774187833070755005e-01
-1.649136096239089966e-01
-1.816550791263580322e-01
-1.576139926910400391e-01
-1.535686999559402466e-01
-1.760552972555160522e-01
-1.711671501398086548e-01
-1.907568126916885376e-01
-1.525256484746932983e-01
-1.955809295177459717e-01
-2.105790525674819946e-01
-1.749026179313659668e-01
-1.601249426603317261e-01
-1.591208130121231079e-01
-1.868254244327545166e-01
-2.366834282875061035e-01
-2.129065245389938354e-01
-1.905309557914733887e-01
-2.201021164655685425e-01
-2.079680413007736206e-01
-2.050715684890747070e-01
-1.956328004598617554e-01
-1.984188556671142578e-01
-2.051922678947448730e-01
-2.263846099376678467e-01
-1.794610619544982910e-01
-1.512202471494674683e-01
-1.302346140146255493e-01
-1.627932488918304443e-01
-1.661192029714584351e-01
-1.514644771814346313e-01
-1.620836853981018066e-01
-1.845465302467346191e-01
-1.834836453199386597e-01
-1.658316701650619507e-01
-1.688300520181655884e-01
-1.882735937833786011e-01
-1.877082884311676025e-01
-2.130097597837448120e-01
-1.796717494726181030e-01
-2.060970664024353027e-01
-1.949302703142166138e-01
-2.056587487459182739e-01
-1.828746050596237183e-01
-1.937896758317947388e-01
-1.974074393510818481e-01
-1.940293759107589722e-01
-1.802696138620376587e-01
-2.270899862051010132e-01
-1.458971351385116577e-01
-1.578150093555450439e-01
-1.480746418237686157e-01
-1.625737249851226807e-01
-1.450860202312469482e-01
-1.612847298383712769e-01
-1.372504234313964844e-01
-1.613749414682388306e-01
-1.800877898931503296e-01
-1.225732862949371338e-01
-1.773338913917541504e-01
-1.457470059394836426e-01
-1.494680494070053101e-01
-1.632828861474990845e-01
-1.916074603796005249e-01
-1.825544685125350952e-01
-1.544952243566513062e-01
-1.675035655498504639e-01
-1.916961222887039185e-01
-1.827940046787261963e-01
-1.724272668361663818e-01
-1.345703154802322388e-01
-1.716112047433853149e-01
-1.522490531206130981e-01
-1.776191145181655884e-01
-2.028674036264419556e-01
-2.234026193618774414e-01
-2.145984172821044922e-01
-2.286990284919738770e-01
-2.226963192224502563e-01
-2.300147712230682373e-01
-2.400641441345214844e-01
-2.263140380382537842e-01
-2.098935246467590332e-01
-2.383992671966552734e-01
-2.484658807516098022e-01
-2.388078272342681885e-01
-2.204219400882720947e-01
-2.121265232563018799e-01
-2.284610718488693237e-01
-2.215204089879989624e-01
-2.542402446269989014e-01
-2.162330895662307739e-01
-2.474507093429565430e-01
-2.061802297830581665e-01
-2.283594012260437012e-01
-2.302087992429733276e-01
-2.344929724931716919e-01
-2.444254457950592041e-01
-2.411795258522033691e-01
-2.102640867233276367e-01
-2.297869026660919189e-01
-2.326020747423171997e-01
-2.552770674228668213e-01
-2.397131919860839844e-01
-2.593348324298858643e-01
-2.521812319755554199e-01
-2.058627754449844360e-01
-2.129482179880142212e-01
-2.570079267024993896e-01
-2.419348806142807007e-01
-2.471904903650283813e-01
-2.078994214534759521e-01
-2.576965987682342529e-01
-2.412885427474975586e-01
-2.218882739543914795e-01
-2.468959093093872070e-01
-2.640591263771057129e-01
3.790440410375595093e-02
-2.172965556383132935e-01
-2.229860574007034302e-01
-2.147463411092758179e-01
-2.200971394777297974e-01
-2.101210206747055054e-01
-2.083145529031753540e-01
-2.260324954986572266e-01
-2.133146077394485474e-01
-2.303668260574340820e-01
-2.160797566175460815e-01
-1.985751241445541382e-01
-1.965803205966949463e-01
-2.116502374410629272e-01
-2.018486261367797852e-01
-2.139271497726440430e-01
-2.178514152765274048e-01
-2.425998151302337646e-01
-2.017631530761718750e-01
-2.046958357095718384e-01
-2.060636132955551147e-01
-2.199287712574005127e-01
-2.030263096094131470e-01
-2.333528101444244385e-01
-2.327962517738342285e-01
-2.092271298170089722e-01
-1.902069002389907837e-01
-2.232637703418731689e-01
-2.140050679445266724e-01
-2.242439687252044678e-01
-2.110250443220138550e-01
-2.508636713027954102e-01
-2.318698018789291382e-01
-2.454340159893035889e-01
-2.277764230966567993e-01
-2.142466157674789429e-01
-2.380241155624389648e-01
-2.280645072460174561e-01
-2.104045897722244263e-01
-2.366302907466888428e-01
-2.189451009035110474e-01
-2.622112929821014404e-01
-2.367020100355148315e-01
-1.965689361095428467e-01
-2.208616733551025391e-01
-2.221368849277496338e-01
-2.278066128492355347e-01
-2.198013812303543091e-01
-2.143088877201080322e-01
-2.281842082738876343e-01
-2.299430221319198608e-01
-2.217720896005630493e-01
-2.266379147768020630e-01
-2.517125010490417480e-01
2.840098179876804352e-02
2.069876044988632202e-01
6.236299276351928711e-01
9.704650938510894775e-02
1.394360810518264771e-01
-4.347708076238632202e-02
-1.437274664640426636e-01
-1.708653122186660767e-01
-1.479202061891555786e-01
-1.656112074851989746e-01
-1.710645854473114014e-01
-1.918168365955352783e-01
-1.870275884866714478e-01
-1.853999644517898560e-01
-2.016890496015548706e-01
-2.010838389396667480e-01
-1.173575893044471741e-01
-1.641477942466735840e-01
-1.825224906206130981e-01
-1.827095597982406616e-01
-1.726090610027313232e-01
-1.796659231185913086e-01
-1.665616184473037720e-01
-1.745912879705429077e-01
-1.894989013671875000e-01
-2.017515450716018677e-01
-1.768037974834442139e-01
-1.891238987445831299e-01
-2.061202973127365112e-01
-1.667268127202987671e-01
-1.706108748912811279e-01
-1.826371699571609497e-01
-1.205155178904533386e-01
-1.493656039237976074e-01
-1.802436113357543945e-01
-1.881882250308990479e-01
-2.003965526819229126e-01
-1.769682317972183228e-01
-1.767458915710449219e-01
-1.559274345636367798e-01
-1.738469898700714111e-01
-1.688279658555984497e-01
-2.020874321460723877e-01
-1.324200183153152466e-01
-1.074192747473716736e-01
-1.530622839927673340e-01
-1.828720271587371826e-01
-1.521426439285278320e-01
-1.838176846504211426e-01
-1.792332679033279419e-01
-1.561658382415771484e-01
-2.054841965436935425e-01
-1.824395507574081421e-01
-1.818472892045974731e-01
-1.802017539739608765e-01
-1.921296566724777222e-01
-1.578620523214340210e-01
-1.787980645895004272e-01
-1.899872720241546631e-01
-1.966673284769058228e-01
-2.029186636209487915e-01
-1.797277331352233887e-01
-1.779105216264724731e-01
-1.912190467119216919e-01
-1.646225303411483765e-01
-1.694733649492263794e-01
-1.963383555412292480e-01
-1.949053704738616943e-01
-2.235806584358215332e-01
-2.141406983137130737e-01
-1.976868659257888794e-01
-2.269865572452545166e-01
-2.308423519134521484e-01
-2.119426876306533813e-01
-2.244986444711685181e-01
-2.005296945571899414e-01
-2.185407429933547974e-01
-1.948469579219818115e-01
-2.222992181777954102e-01
-2.106474041938781738e-01
-2.188781499862670898e-01
-1.989737898111343384e-01
-2.009602934122085571e-01
-1.472367793321609497e-01
-1.872795820236206055e-01
-2.060591727495193481e-01
-1.932415813207626343e-01
-1.527072787284851074e-01
-1.844443082809448242e-01
-1.757149398326873779e-01
-1.904468387365341187e-01
-1.694912314414978027e-01
-2.089518755674362183e-01
-1.797520071268081665e-01
-1.917430907487869263e-01
-1.601021587848663330e-01
-1.654666066169738770e-01
-1.562556326389312744e-01
-1.589200496673583984e-01
-1.715376377105712891e-01
-1.699184030294418335e-01
-1.718045622110366821e-01
-1.987881511449813843e-01
-1.907526254653930664e-01
-2.289415299892425537e-01
-2.155768722295761108e-01
-2.061707377433776855e-01
-1.910599321126937866e-01
-2.065708637237548828e-01
-2.246530055999755859e-01
-2.069786638021469116e-01
-2.074953317642211914e-01
-1.763884127140045166e-01
-2.036234736442565918e-01
-1.904734075069427490e-01
-1.692188084125518799e-01
-1.461805850267410278e-01
-1.960745006799697876e-01
-1.960498541593551636e-01
-2.028006315231323242e-01
-1.953529268503189087e-01
-2.173621356487274170e-01
-2.058881223201751709e-01
-2.095389664173126221e-01
-2.194486707448959351e-01
-1.865312755107879639e-01
-1.440676897764205933e-01
-1.820674687623977661e-01
-2.075844407081604004e-01
-1.908488869667053223e-01
-2.123059630393981934e-01
-2.138208597898483276e-01
-1.580608487129211426e-01
-2.183341383934020996e-01
-1.951304674148559570e-01
-1.989481151103973389e-01
-2.101792842149734497e-01
-2.110316157341003418e-01
-2.126433551311492920e-01
-1.914844065904617310e-01
-2.150985151529312134e-01
-1.741058826446533203e-01
-1.953252851963043213e-01
-1.885573416948318481e-01
-1.918286085128784180e-01
-1.663234829902648926e-01
-1.611059010028839111e-01
-1.750460416078567505e-01
-1.435096114873886108e-01
-1.759023815393447876e-01
-1.891185641288757324e-01
-1.949346363544464111e-01
-1.609424799680709839e-01
-1.417063474655151367e-01
-1.894500851631164551e-01
-2.080211490392684937e-01
-1.367027014493942261e-01
-1.533040702342987061e-01
-1.787807047367095947e-01
-1.943295896053314209e-01
-1.466243118047714233e-01
-1.061744987964630127e-01
-1.651570200920104980e-01
-1.047966629266738892e-01
-1.451763361692428589e-01
-1.383296996355056763e-01
-1.812149584293365479e-01
-1.682248860597610474e-01
-1.826373189687728882e-01
-1.842040121555328369e-01
-1.657476127147674561e-01
-1.743406057357788086e-01
-1.797456294298171997e-01
-1.817650645971298218e-01
-1.444568186998367310e-01
-1.610759645700454712e-01
-1.702287644147872925e-01
-1.216345056891441345e-01
-1.060611605644226074e-01
-1.121793165802955627e-01
-1.390666663646697998e-01
-1.417058408260345459e-01
-1.498519927263259888e-01
-1.667469739913940430e-01
-1.304701119661331177e-01
-1.406856477260589600e-01
-1.395588964223861694e-01
-1.483137160539627075e-01
-1.560294777154922485e-01
-1.787842661142349243e-01
-1.649922728538513184e-01
-1.523992717266082764e-01
-1.679101288318634033e-01
-1.394478380680084229e-01
-1.454497128725051880e-01
-1.663239896297454834e-01
-1.536798179149627686e-01
-1.725616604089736938e-01
-1.562570780515670776e-01
-1.638306826353073120e-01
-1.432079523801803589e-01
-1.851435750722885132e-01
-1.733213216066360474e-01
-1.461072713136672974e-01
-1.565901339054107666e-01
-1.701225042343139648e-01
-1.710654199123382568e-01
-1.619198620319366455e-01
-1.276274323463439941e-01
-1.407307982444763184e-01
-1.658454835414886475e-01
-1.419584602117538452e-01
-1.686819493770599365e-01
-1.853391677141189575e-01
-1.763015985488891602e-01
-1.726009845733642578e-01
-1.815219968557357788e-01
-1.699767559766769409e-01
-1.814805567264556885e-01
-1.757600754499435425e-01
-1.762470901012420654e-01
-1.654403507709503174e-01
-1.906593292951583862e-01
-1.382916271686553955e-01
-1.582957208156585693e-01
-1.450339257717132568e-01
-1.291712224483489990e-01
-1.403199136257171631e-01
-1.487361192703247070e-01
-1.391839534044265747e-01
-1.737899184226989746e-01
-1.434771418571472168e-01
-1.305351555347442627e-01
-1.508905887603759766e-01
-1.110119447112083435e-01
-1.786049604415893555e-01
-1.269928514957427979e-01
-1.436225920915603638e-01
-1.529139578342437744e-01
-1.307556331157684326e-01
-1.512787491083145142e-01
-1.867346912622451782e-01
-2.089468389749526978e-01
-1.775209009647369385e-01
-1.998374313116073608e-01
-1.930041462182998657e-01
-1.886194199323654175e-01
-1.726579964160919189e-01
-1.465443670749664307e-01
-1.896323412656784058e-01
-2.051087319850921631e-01
-1.743228435516357422e-01
-1.569220274686813354e-01
-1.645801812410354614e-01
-1.677343398332595825e-01
-2.031121850013732910e-01
-1.467822194099426270e-01
-1.764267683029174805e-01
-1.609999686479568481e-01
-1.954367309808731079e-01
-1.682105213403701782e-01
-1.524516046047210693e-01
-1.972222179174423218e-01
-1.845623105764389038e-01
-1.999604254961013794e-01
-1.995686292648315430e-01
-1.788336932659149170e-01
-1.708028316497802734e-01
-1.573692560195922852e-01
-1.638613045215606689e-01
-1.801050305366516113e-01
-1.999157965183258057e-01
-1.787903010845184326e-01
-2.217022180557250977e-01
-1.933715194463729858e-01
-2.008998095989227295e-01
-1.857263147830963135e-01
-2.096788287162780762e-01
-1.865151524543762207e-01
-1.809456199407577515e-01
-1.807820647954940796e-01
-2.192001193761825562e-01
-1.841726750135421753e-01
-2.104152441024780273e-01
-1.893932670354843140e-01
-2.235483974218368530e-01
1.550735533237457275e-01
-1.778668463230133057e-01
-2.439152598381042480e-01
-1.887666285037994385e-01
-2.032481729984283447e-01
-2.247062623500823975e-01
-2.134037911891937256e-01
-2.237387001514434814e-01
-1.675355583429336548e-01
-1.979308277368545532e-01
-1.822266876697540283e-01
-2.242745310068130493e-01
-1.855342090129852295e-01
-2.229419499635696411e-01
-2.073315829038619995e-01
-2.186518460512161255e-01
-2.423148453235626221e-01
-2.001214921474456787e-01
-2.241717278957366943e-01
-2.172347158193588257e-01
-2.288986742496490479e-01
-2.039742767810821533e-01
-2.009977698326110840e-01
-2.201128304004669189e-01
-2.258335202932357788e-01
-2.234044373035430908e-01
-2.217275351285934448e-01
-1.803459227085113525e-01
-2.226227223873138428e-01
-1.881694495677947998e-01
-2.203407138586044312e-01
-2.019267529249191284e-01
-2.280536592006683350e-01
-2.251645773649215698e-01
-2.318871468305587769e-01
-2.102105468511581421e-01
-2.378144264221191406e-01
-2.202673703432083130e-01
-2.065284550189971924e-01
-2.442016154527664185e-01
-1.945535689592361450e-01
-2.032247632741928101e-01
-2.106921672821044922e-01
-2.159351110458374023e-01
-2.140371799468994141e-01
-2.141313105821609497e-01
-2.339017391204833984e-01
-2.395350635051727295e-01
-2.182246744632720947e-01
-2.060827612876892090e-01
-2.106231749057769775e-01
-2.048512399196624756e-01
-2.338436841964721680e-01
-2.369717657566070557e-01
-2.033492773771286011e-01
-1.810558885335922241e-01
-2.081580311059951782e-01
-2.317694127559661865e-01
-2.333749830722808838e-01
-2.330352216958999634e-01
-1.964981257915496826e-01
-2.073459029197692871e-01
-1.825705319643020630e-01
-2.112578153610229492e-01
-2.170734405517578125e-01
-2.097874432802200317e-01
-1.935141682624816895e-01
-1.952519416809082031e-01
-2.081419825553894043e-01
-2.099978923797607422e-01
-2.225467860698699951e-01
-2.087436765432357788e-01
-2.172475159168243408e-01
-2.228309959173202515e-01
-2.242906093597412109e-01
-2.005884498357772827e-01
-1.977734416723251343e-01
-2.275651097297668457e-01
-2.159835696220397949e-01
-2.176809161901473999e-01
-2.224662750959396362e-01
-2.288788706064224243e-01
-2.056151628494262695e-01
-2.075971662998199463e-01
-2.121466100215911865e-01
-2.111856192350387573e-01
-2.220193743705749512e-01
-2.334353625774383545e-01
-2.062639892101287842e-01
-2.144039273262023926e-01
-1.935629099607467651e-01
-2.278319150209426880e-01
-2.205673456192016602e-01
-2.196188867092132568e-01
-1.991874128580093384e-01
-2.121539115905761719e-01
-2.250099927186965942e-01
-2.308057546615600586e-01
-2.194723486900329590e-01
-2.032818198204040527e-01
-1.904122978448867798e-01
-1.932498216629028320e-01
-2.246730029582977295e-01
-2.074022740125656128e-01
-2.209043055772781372e-01
-2.011131942272186279e-01
-1.904240250587463379e-01
-2.252230346202850342e-01
-1.961130350828170776e-01
-2.310619801282882690e-01
-2.315814048051834106e-01
-2.156609147787094116e-01
-2.225287258625030518e-01
-2.245789766311645508e-01
-2.297675609588623047e-01
-2.213989794254302979e-01
-2.161965817213058472e-01
-1.960749775171279907e-01
-2.154000997543334961e-01
-2.146698385477066040e-01
-1.996209770441055298e-01
-2.026252448558807373e-01
-2.232078760862350464e-01
-1.935956180095672607e-01
-2.031612247228622437e-01
-2.062224149703979492e-01
-2.064837217330932617e-01
