7.083827853202819824e-01
6.281841993331909180e-01
5.736845135688781738e-01
5.296208858489990234e-01
4.793178439140319824e-01
4.265466332435607910e-01
3.839309215545654297e-01
3.429280817508697510e-01
2.939494550228118896e-01
2.673105001449584961e-01
2.209203392267227173e-01
1.877971440553665161e-01
1.501558572053909302e-01
1.335626542568206787e-01
8.300812542438507080e-02
6.618845462799072266e-02
4.433244466781616211e-02
2.027347497642040253e-02
-2.306534675881266594e-03
-3.287758678197860718e-02
-5.054832994937896729e-02
-6.909895688295364380e-02
-8.364286273717880249e-02
-1.014046445488929749e-01
-1.165072172880172729e-01
-1.301022768020629883e-01
-1.431732773780822754e-01
-1.528647392988204956e-01
-1.646007299423217773e-01
-1.723580062389373779e-01
-1.818567216396331787e-01
-1.904946416616439819e-01
-2.009054273366928101e-01
-2.072347700595855713e-01
-2.092302143573760986e-01
-2.099052220582962036e-01
-2.213363945484161377e-01
-2.260009795427322388e-01
-2.270263731479644775e-01
-2.255812138319015503e-01
-2.365436553955078125e-01
-2.368794977664947510e-01
-2.366458773612976074e-01
-2.368650585412979126e-01
-2.422111183404922485e-01
-2.510061562061309814e-01
-2.435818463563919067e-01
-2.437891960144042969e-01
-2.471841275691986084e-01
-2.483116239309310913e-01
-2.482932806015014648e-01
-2.512488365173339844e-01
-2.500571906566619873e-01
-2.532971203327178955e-01
-2.501096129417419434e-01
-2.515318691730499268e-01
-2.533307075500488281e-01
-2.548830211162567139e-01
-2.508434057235717773e-01
-2.511253654956817627e-01
-2.550579011440277100e-01
-2.495931684970855713e-01
-2.508430182933807373e-01
-2.554262578487396240e-01
-2.551909387111663818e-01
-2.554040849208831787e-01
-2.523089647293090820e-01
-2.519282102584838867e-01
-2.537472546100616455e-01
-2.537735402584075928e-01
-2.524203062057495117e-01
-2.544228732585906982e-01
-2.540658116340637207e-01
-2.527764439582824707e-01
-2.534839212894439697e-01
-2.531362473964691162e-01
-2.530981600284576416e-01
-2.518677711486816406e-01
-2.541296482086181641e-01
-2.509489357471466064e-01
-2.525512874126434326e-01
-2.547356784343719482e-01
-2.537498772144317627e-01
-2.564237117767333984e-01
-2.550002932548522949e-01
-2.533971965312957764e-01
-2.546036839485168457e-01
-2.544402778148651123e-01
-2.526730298995971680e-01
-2.572862505912780762e-01
-2.506214678287506104e-01
-2.546919882297515869e-01
-2.572605609893798828e-01
-2.533125877380371094e-01
-2.549382448196411133e-01
-2.568879425525665283e-01
-2.547494471073150635e-01
-2.539989948272705078e-01
-2.527647316455841064e-01
-2.552426159381866455e-01
-2.559726834297180176e-01
-2.542786002159118652e-01
-2.544738054275512695e-01
-2.560174465179443359e-01
-2.568002939224243164e-01
-2.539858222007751465e-01
-2.571019232273101807e-01
-2.548946738243103027e-01
-2.565510869026184082e-01
-2.564161419868469238e-01
-2.547321617603302002e-01
-2.559478580951690674e-01
-2.544821202754974365e-01
-2.578576803207397461e-01
-2.554524242877960205e-01
-2.559075951576232910e-01
-2.574144601821899414e-01
-2.592764496803283691e-01
-2.559631168842315674e-01
-2.557377815246582031e-01
-2.582128942012786865e-01
-2.582192122936248779e-01
-2.541512846946716309e-01
-2.555091977119445801e-01
-2.575592100620269775e-01
-2.571607828140258789e-01
-2.566615045070648193e-01
-2.588320970535278320e-01
-2.562569677829742432e-01
-2.556417882442474365e-01
-2.572368681430816650e-01
-2.606248855590820312e-01
-2.564404606819152832e-01
-2.558921575546264648e-01
-2.593164443969726562e-01
-2.601302862167358398e-01
-2.570597827434539795e-01
-2.603550255298614502e-01
-2.593198120594024658e-01
-2.560891807079315186e-01
-2.589200437068939209e-01
-2.589501142501831055e-01
-2.583752870559692383e-01
-2.568007707595825195e-01
-2.603169083595275879e-01
-2.588720321655273438e-01
-2.590709626674652100e-01
-2.586039900779724121e-01
-2.595357000827789307e-01
-2.581574022769927979e-01
-2.598873376846313477e-01
-2.572607398033142090e-01
-2.576406300067901611e-01
-2.577193677425384521e-01
-2.586594820022583008e-01
-2.592785060405731201e-01
-2.575960159301757812e-01
-2.630389034748077393e-01
-2.596534490585327148e-01
-2.617611885070800781e-01
-2.605684399604797363e-01
-2.609197199344635010e-01
-2.567464113235473633e-01
-2.622307538986206055e-01
-2.614099085330963135e-01
-2.600193619728088379e-01
-2.588458359241485596e-01
-2.616957426071166992e-01
-2.605317234992980957e-01
-2.578829824924468994e-01
-2.588987946510314941e-01
-2.585357427597045898e-01
-2.593729794025421143e-01
-2.618172466754913330e-01
-2.609219551086425781e-01
-2.588645517826080322e-01
-2.607962787151336670e-01
-2.620816826820373535e-01
-2.595605254173278809e-01
-2.605783343315124512e-01
-2.610376179218292236e-01
-2.612711787223815918e-01
-2.631875276565551758e-01
-2.616314589977264404e-01
-2.621085345745086670e-01
-2.616505324840545654e-01
-2.629415988922119141e-01
-2.615288496017456055e-01
-2.631522715091705322e-01
-2.616174817085266113e-01
-2.659911215305328369e-01
-2.612026631832122803e-01
-2.637805044651031494e-01
-2.616486847400665283e-01
-2.645322084426879883e-01
-2.644563019275665283e-01
-2.617714405059814453e-01
-2.632822692394256592e-01
-2.632944881916046143e-01
-2.633195221424102783e-01
-2.629043459892272949e-01
-2.631039023399353027e-01
-2.631427943706512451e-01
-2.673062980175018311e-01
-2.613894641399383545e-01
-2.633826434612274170e-01
-2.693237364292144775e-01
-2.667772769927978516e-01
-2.652808129787445068e-01
-2.664158344268798828e-01
-2.658149898052215576e-01
-2.652470469474792480e-01
-2.647621035575866699e-01
-2.688229978084564209e-01
-2.694168090820312500e-01
-2.633928954601287842e-01
-2.698221504688262939e-01
-2.677159905433654785e-01
-2.651175856590270996e-01
-2.666068375110626221e-01
-2.667114138603210449e-01
-2.682926952838897705e-01
-2.675126791000366211e-01
-2.646256983280181885e-01
-2.667962610721588135e-01
-2.664604485034942627e-01
-2.670071423053741455e-01
-2.661946117877960205e-01
-2.692475616931915283e-01
-2.684273719787597656e-01
-2.681099176406860352e-01
-2.681319117546081543e-01
-2.649331688880920410e-01
-2.689858973026275635e-01
-2.674102485179901123e-01
-2.690162360668182373e-01
-2.720252573490142822e-01
-2.691030800342559814e-01
-2.658250629901885986e-01
-2.689338326454162598e-01
-2.685842216014862061e-01
-2.690458893775939941e-01
-2.699421644210815430e-01
-2.699044942855834961e-01
-2.697397768497467041e-01
-2.700607776641845703e-01
-2.673734128475189209e-01
-2.703164815902709961e-01
-2.702841758728027344e-01
-2.706398069858551025e-01
-2.682946324348449707e-01
-2.717531919479370117e-01
-2.716367244720458984e-01
-2.733819484710693359e-01
-2.700974047183990479e-01
-2.736234068870544434e-01
-2.735919654369354248e-01
-2.715649604797363281e-01
-2.723067998886108398e-01
-2.724890112876892090e-01
-2.722998857498168945e-01
-2.724010944366455078e-01
-2.714901864528656006e-01
-2.722321152687072754e-01
-2.713321745395660400e-01
-2.701365351676940918e-01
-2.722816467285156250e-01
-2.737615704536437988e-01
-2.717733681201934814e-01
-2.712573111057281494e-01
-2.744185924530029297e-01
-2.724428772926330566e-01
-2.721356749534606934e-01
-2.721173167228698730e-01
-2.738638222217559814e-01
-2.762534916400909424e-01
-2.735734581947326660e-01
-2.745437026023864746e-01
-2.712213397026062012e-01
-2.747457325458526611e-01
-2.742721140384674072e-01
-2.736591994762420654e-01
-2.749787867069244385e-01
-2.770824134349822998e-01
-2.758717536926269531e-01
-2.767293453216552734e-01
-2.770999670028686523e-01
-2.754190564155578613e-01
-2.759205698966979980e-01
-2.741480469703674316e-01
-2.757936418056488037e-01
-2.764509618282318115e-01
-2.747700512409210205e-01
-2.758691608905792236e-01
-2.751503288745880127e-01
-2.746785283088684082e-01
-2.757723331451416016e-01
-2.730762958526611328e-01
-2.754488587379455566e-01
-2.791860401630401611e-01
-2.778557240962982178e-01
-2.778112292289733887e-01
-2.769279778003692627e-01
-2.781991064548492432e-01
-2.754262685775756836e-01
-2.770826518535614014e-01
-2.782656252384185791e-01
-2.773835957050323486e-01
-2.778302729129791260e-01
-2.791247665882110596e-01
-2.792340815067291260e-01
-2.783884406089782715e-01
-2.817486524581909180e-01
-2.811703383922576904e-01
-2.794202268123626709e-01
-2.794221937656402588e-01
-2.771340310573577881e-01
-2.797724604606628418e-01
-2.799387276172637939e-01
-2.795884311199188232e-01
-2.821327447891235352e-01
-2.790057361125946045e-01
-2.800768911838531494e-01
-2.789549529552459717e-01
-2.794827222824096680e-01
-2.797467410564422607e-01
-2.806773781776428223e-01
-2.807929217815399170e-01
-2.803840935230255127e-01
-2.826091349124908447e-01
-2.832076549530029297e-01
-2.801824212074279785e-01
-2.781224846839904785e-01
-2.819061577320098877e-01
-2.813321650028228760e-01
-2.827737927436828613e-01
-2.828829586505889893e-01
-2.822164893150329590e-01
-2.820182442665100098e-01
-2.812531292438507080e-01
-2.833698093891143799e-01
-2.816219627857208252e-01
-2.816444039344787598e-01
-2.811692357063293457e-01
-2.791845202445983887e-01
-2.827650904655456543e-01
-2.825012803077697754e-01
-2.836221456527709961e-01
-2.848115265369415283e-01
-2.830520272254943848e-01
-2.825604975223541260e-01
-2.841284871101379395e-01
-2.831642627716064453e-01
-2.840108573436737061e-01
-2.838224172592163086e-01
-2.840466201305389404e-01
-2.832021117210388184e-01
-2.839652597904205322e-01
-2.831828594207763672e-01
-2.851072549819946289e-01
-2.865745127201080322e-01
-2.841166555881500244e-01
-2.836978733539581299e-01
-2.837684750556945801e-01
-2.860311269760131836e-01
-2.844823002815246582e-01
-2.842631042003631592e-01
-2.865236401557922363e-01
-2.847046554088592529e-01
-2.863908708095550537e-01
-2.848528623580932617e-01
-2.864170968532562256e-01
-2.864766716957092285e-01
-2.830809354782104492e-01
-2.887864410877227783e-01
-2.856940329074859619e-01
-2.848469913005828857e-01
-2.832289934158325195e-01
-2.876126766204833984e-01
-2.866723537445068359e-01
-2.848706245422363281e-01
-2.847321033477783203e-01
-2.851674258708953857e-01
-2.856811583042144775e-01
-2.879483699798583984e-01
-2.856564223766326904e-01
-2.857796549797058105e-01
-2.860273718833923340e-01
-2.877422869205474854e-01
-2.859328687191009521e-01
-2.886513769626617432e-01
-2.882259488105773926e-01
-2.893287241458892822e-01
-2.857402265071868896e-01
-2.856979966163635254e-01
-2.880788445472717285e-01
-2.870424091815948486e-01
-2.878900766372680664e-01
-2.860679924488067627e-01
-2.869817614555358887e-01
-2.866682112216949463e-01
-2.873052358627319336e-01
-2.877953648567199707e-01
-2.864305377006530762e-01
-2.858377695083618164e-01
-2.885546386241912842e-01
-2.864067256450653076e-01
-2.879162132740020752e-01
-2.875382006168365479e-01
-2.848756015300750732e-01
-2.886538803577423096e-01
-2.868885397911071777e-01
-2.886736392974853516e-01
-2.870888710021972656e-01
-2.881579101085662842e-01
-2.873046994209289551e-01
-2.886846661567687988e-01
-2.878179848194122314e-01
-2.879943549633026123e-01
-2.864393293857574463e-01
-2.874139547348022461e-01
-2.893423736095428467e-01
-2.898240089416503906e-01
-2.872645854949951172e-01
-2.893182933330535889e-01
-2.892885208129882812e-01
-2.878418564796447754e-01
-2.873991131782531738e-01
-2.893240451812744141e-01
-2.911196053028106689e-01
-2.882624566555023193e-01
-2.881579101085662842e-01
-2.881370782852172852e-01
-2.895714640617370605e-01
-2.897334694862365723e-01
-2.867131233215332031e-01
-2.899250984191894531e-01
-2.872484326362609863e-01
-2.889843881130218506e-01
-2.911582589149475098e-01
-2.865047752857208252e-01
-2.878713309764862061e-01
-2.866851985454559326e-01
-2.892496287822723389e-01
-2.909204363822937012e-01
-2.911584377288818359e-01
-2.870605587959289551e-01
-2.892927229404449463e-01
-2.878705859184265137e-01
-2.889704406261444092e-01
-2.888669967651367188e-01
-2.902431786060333252e-01
-2.895202934741973877e-01
-2.899411320686340332e-01
-2.879227995872497559e-01
-2.925136685371398926e-01
-2.873179912567138672e-01
-2.902438640594482422e-01
-2.914102375507354736e-01
-2.881777286529541016e-01
-2.921826839447021484e-01
-2.923268973827362061e-01
-2.892555892467498779e-01
-2.906451225280761719e-01
-2.885210514068603516e-01
-2.904886007308959961e-01
-2.884165644645690918e-01
-2.928625345230102539e-01
-2.907012104988098145e-01
-2.910883724689483643e-01
-2.899595499038696289e-01
-2.890599071979522705e-01
-2.907099723815917969e-01
-2.896972894668579102e-01
-2.907836437225341797e-01
-2.891859710216522217e-01
-2.895744442939758301e-01
-2.917338907718658447e-01
-2.919180989265441895e-01
-2.895021438598632812e-01
-2.918183505535125732e-01
-2.887274026870727539e-01
-2.908013463020324707e-01
-2.934668064117431641e-01
-2.916524410247802734e-01
-2.918459773063659668e-01
-2.922371923923492432e-01
-2.922182977199554443e-01
-2.915267646312713623e-01
-2.917724251747131348e-01
-2.915298640727996826e-01
-2.899751961231231689e-01
-2.913062870502471924e-01
-2.895371019840240479e-01
-2.923578619956970215e-01
-2.907884418964385986e-01
-2.916730642318725586e-01
-2.924059629440307617e-01
-2.927240133285522461e-01
-2.920588254928588867e-01
-2.919290065765380859e-01
-2.913286685943603516e-01
-2.916464805603027344e-01
-2.929232716560363770e-01
-2.915717661380767822e-01
-2.906743884086608887e-01
-2.914138734340667725e-01
-2.899431884288787842e-01
-2.915557920932769775e-01
-2.906911969184875488e-01
-2.916540503501892090e-01
-2.927787303924560547e-01
-2.914606034755706787e-01
-2.920117080211639404e-01
-2.900156676769256592e-01
-2.922244071960449219e-01
-2.941216528415679932e-01
-2.918610870838165283e-01
-2.941181659698486328e-01
-2.923186123371124268e-01
-2.905730605125427246e-01
-2.912325263023376465e-01
-2.926696240901947021e-01
-2.937667369842529297e-01
-2.940546572208404541e-01
-2.937538921833038330e-01
-2.931973934173583984e-01
-2.902306616306304932e-01
-2.935075163841247559e-01
-2.923040688037872314e-01
-2.921367585659027100e-01
-2.924046516418457031e-01
-2.917994260787963867e-01
-2.912437617778778076e-01
-2.919982373714447021e-01
-2.923724353313446045e-01
-2.922805547714233398e-01
-2.928660809993743896e-01
-2.942881584167480469e-01
-2.912476658821105957e-01
-2.929198145866394043e-01
-2.926804423332214355e-01
-2.915792763233184814e-01
-2.944165170192718506e-01
-2.906433641910552979e-01
-2.918390631675720215e-01
-2.912595272064208984e-01
-2.918929457664489746e-01
-2.926560044288635254e-01
-2.910577356815338135e-01
-2.930559813976287842e-01
-2.918190956115722656e-01
-2.910381853580474854e-01
-2.909915149211883545e-01
-2.941429615020751953e-01
-2.921163141727447510e-01
-2.924501597881317139e-01
-2.913829684257507324e-01
-2.918358445167541504e-01
-2.944248914718627930e-01
-2.892433702945709229e-01
-2.895753085613250732e-01
-2.923530936241149902e-01
-2.910580337047576904e-01
-2.920036911964416504e-01
-2.912280261516571045e-01
-2.929230928421020508e-01
-2.920634746551513672e-01
-2.952514588832855225e-01
-2.902590930461883545e-01
-2.912558317184448242e-01
-2.912276685237884521e-01
-2.930463850498199463e-01
-2.922613024711608887e-01
-2.918367981910705566e-01
-2.931421399116516113e-01
-2.927099466323852539e-01
-2.916571795940399170e-01
-2.942306399345397949e-01
-2.896459996700286865e-01
-2.919522821903228760e-01
-2.921719253063201904e-01
-2.931436300277709961e-01
-2.927734255790710449e-01
-2.925412356853485107e-01
-2.917165160179138184e-01
-2.929194271564483643e-01
-2.939655482769012451e-01
-2.915689051151275635e-01
-2.929325699806213379e-01
-2.908037006855010986e-01
-2.936876118183135986e-01
-2.946895062923431396e-01
-2.901895344257354736e-01
-2.943919301033020020e-01
-2.920940220355987549e-01
-2.928528189659118652e-01
-2.931196987628936768e-01
-2.936859726905822754e-01
-2.919555008411407471e-01
-2.909171879291534424e-01
-2.940555512905120850e-01
-2.920906543731689453e-01
-2.946307957172393799e-01
-2.915938794612884521e-01
-2.929165661334991455e-01
-2.918530404567718506e-01
-2.930976450443267822e-01
-2.935841083526611328e-01
-2.919672727584838867e-01
-2.935803830623626709e-01
-2.935565710067749023e-01
-2.963360249996185303e-01
-2.916792035102844238e-01
-2.925598621368408203e-01
-2.936064004898071289e-01
-2.915650606155395508e-01
-2.951329350471496582e-01
-2.911899387836456299e-01
-2.937592267990112305e-01
-2.932159900665283203e-01
-2.921404838562011719e-01
-2.928222119808197021e-01
-2.937710583209991455e-01
-2.940302789211273193e-01
-2.925592064857482910e-01
-2.924835085868835449e-01
-2.933352589607238770e-01
-2.933122515678405762e-01
-2.929764389991760254e-01
-2.930302619934082031e-01
-2.922963201999664307e-01
-2.916591167449951172e-01
-2.934699952602386475e-01
-2.935208380222320557e-01
-2.929240167140960693e-01
-2.930541336536407471e-01
-2.957361936569213867e-01
-2.957027852535247803e-01
-2.912284731864929199e-01
-2.950718402862548828e-01
-2.934820055961608887e-01
-2.909622192382812500e-01
-2.912867665290832520e-01
-2.937999367713928223e-01
-2.945153117179870605e-01
-2.929711043834686279e-01
-2.914973795413970947e-01
-2.915790975093841553e-01
-2.913441359996795654e-01
-2.933638989925384521e-01
-2.937726080417633057e-01
-2.933766543865203857e-01
-2.945619523525238037e-01
-2.926532030105590820e-01
-2.955892980098724365e-01
-2.926774322986602783e-01
-2.943152785301208496e-01
-2.907086312770843506e-01
-2.925250828266143799e-01
-2.942224740982055664e-01
-2.951242625713348389e-01
-2.944081723690032959e-01
-2.964021563529968262e-01
-2.942665517330169678e-01
-2.930576801300048828e-01
-2.937278151512145996e-01
-2.946346998214721680e-01
-2.924288213253021240e-01
-2.949860095977783203e-01
-2.941100001335144043e-01
-2.925575077533721924e-01
-2.937218546867370605e-01
-2.938782870769500732e-01
-2.950815260410308838e-01
-2.956001162528991699e-01
-2.942404747009277344e-01
-2.935092151165008545e-01
-2.934182286262512207e-01
-2.959730327129364014e-01
-2.941109538078308105e-01
-2.923957705497741699e-01
-2.953417599201202393e-01
-2.944692969322204590e-01
-2.940337657928466797e-01
-2.931790649890899658e-01
-2.942443788051605225e-01
-2.923260629177093506e-01
-2.933796942234039307e-01
-2.940715551376342773e-01
-2.953958809375762939e-01
-2.933380603790283203e-01
-2.946851849555969238e-01
-2.927385270595550537e-01
-2.922595739364624023e-01
-2.948311865329742432e-01
-2.934394776821136475e-01
-2.928236722946166992e-01
-2.943089306354522705e-01
-2.929766476154327393e-01
-2.933588027954101562e-01
-2.927413880825042725e-01
-2.933537065982818604e-01
-2.932168543338775635e-01
-2.940488159656524658e-01
-2.941932678222656250e-01
-2.914045155048370361e-01
-2.952589392662048340e-01
-2.957555055618286133e-01
-2.916200757026672363e-01
-2.932444810867309570e-01
-2.934009134769439697e-01
-2.918938100337982178e-01
-2.919398248195648193e-01
-2.944266498088836670e-01
-2.916379272937774658e-01
-2.930181026458740234e-01
-2.945928871631622314e-01
-2.967839837074279785e-01
-2.931129336357116699e-01
-2.932820916175842285e-01
-2.968267798423767090e-01
-2.964856624603271484e-01
-2.933155894279479980e-01
-2.939814031124114990e-01
-2.928268909454345703e-01
-2.929228842258453369e-01
-2.935471236705780029e-01
-2.945637106895446777e-01
-2.945293486118316650e-01
-2.938872277736663818e-01
-2.917183339595794678e-01
-2.957262694835662842e-01
-2.920998036861419678e-01
-2.937419414520263672e-01
-2.921117544174194336e-01
-2.935989797115325928e-01
-2.941173613071441650e-01
-2.936541736125946045e-01
-2.930466830730438232e-01
-2.938568592071533203e-01
-2.929784655570983887e-01
-2.919634878635406494e-01
-2.962076961994171143e-01
-2.908049821853637695e-01
-2.945869863033294678e-01
-2.947415113449096680e-01
-2.971774339675903320e-01
-2.933694422245025635e-01
-2.951965034008026123e-01
-2.948273420333862305e-01
-2.946852445602416992e-01
-2.956473529338836670e-01
-2.946503460407257080e-01
-2.913204431533813477e-01
-2.928765416145324707e-01
-2.928994894027709961e-01
-2.946816980838775635e-01
-2.943396568298339844e-01
-2.950856089591979980e-01
-2.946194708347320557e-01
-2.955487668514251709e-01
-2.923226356506347656e-01
-2.955868542194366455e-01
-2.966769635677337646e-01
-2.929086089134216309e-01
-2.956226468086242676e-01
-2.955980300903320312e-01
-2.935948967933654785e-01
-2.949707210063934326e-01
-2.933240830898284912e-01
-2.960088551044464111e-01
-2.964719533920288086e-01
-2.941631376743316650e-01
-2.935498952865600586e-01
-2.914178371429443359e-01
-2.953603565692901611e-01
-2.940422296524047852e-01
-2.947014868259429932e-01
-2.957360148429870605e-01
-2.940489649772644043e-01
-2.968661487102508545e-01
-2.927274107933044434e-01
-2.950295805931091309e-01
-2.957390248775482178e-01
-2.949583232402801514e-01
-2.924558520317077637e-01
-2.949286997318267822e-01
-2.937853336334228516e-01
-2.959164381027221680e-01
-2.941486239433288574e-01
-2.944976091384887695e-01
-2.952422499656677246e-01
-2.957022190093994141e-01
-2.947736680507659912e-01
-2.943196296691894531e-01
-2.946867048740386963e-01
-2.970623970031738281e-01
-2.948933243751525879e-01
-2.935020029544830322e-01
-2.938608825206756592e-01
-2.952665090560913086e-01
-2.965646982192993164e-01
-2.944029271602630615e-01
-2.937151491641998291e-01
-2.944190800189971924e-01
-2.947213053703308105e-01
-2.947944700717926025e-01
-2.948381602764129639e-01
-2.967206835746765137e-01
-2.958259284496307373e-01
-2.942692041397094727e-01
-2.970631718635559082e-01
-2.952872216701507568e-01
-2.968564927577972412e-01
-2.977440655231475830e-01
-2.960182428359985352e-01
-2.948501110076904297e-01
-2.977231740951538086e-01
-2.968077361583709717e-01
-2.942991256713867188e-01
-2.955930531024932861e-01
-2.913671135902404785e-01
-2.964182496070861816e-01
-2.963980138301849365e-01
-2.979696989059448242e-01
-2.963246405124664307e-01
-2.936766147613525391e-01
-2.941508293151855469e-01
-2.953846454620361328e-01
-2.955511510372161865e-01
-2.943676710128784180e-01
-2.962895035743713379e-01
-2.968483269214630127e-01
-2.951749563217163086e-01
-2.938221395015716553e-01
-2.957147359848022461e-01
-2.957078814506530762e-01
-2.945872247219085693e-01
-2.960444986820220947e-01
-2.950464487075805664e-01
-2.960620820522308350e-01
-2.965718507766723633e-01
-2.970473766326904297e-01
-2.957179546356201172e-01
-2.936958968639373779e-01
-2.957919538021087646e-01
-2.949268221855163574e-01
-2.966660261154174805e-01
-2.947003841400146484e-01
-2.959778606891632080e-01
-2.941096127033233643e-01
-2.953461110591888428e-01
-2.961563169956207275e-01
-2.965683043003082275e-01
-2.949766218662261963e-01
-2.969289422035217285e-01
-2.959247827529907227e-01
-2.957640886306762695e-01
-2.968080937862396240e-01
-2.962276637554168701e-01
-2.976063787937164307e-01
-2.972984313964843750e-01
-2.947526872158050537e-01
-2.967794835567474365e-01
-2.973269224166870117e-01
-2.964052855968475342e-01
-2.941396534442901611e-01
-2.951221168041229248e-01
-2.961218655109405518e-01
-2.948116362094879150e-01
-2.966929376125335693e-01
-2.949012517929077148e-01
-2.963234782218933105e-01
-2.955403327941894531e-01
-2.982026338577270508e-01
-2.963571846485137939e-01
-2.964170277118682861e-01
-2.963572144508361816e-01
-2.949414551258087158e-01
-2.963988184928894043e-01
-2.962224781513214111e-01
-2.961705029010772705e-01
-2.980147004127502441e-01
-2.965542972087860107e-01
-2.954481244087219238e-01
-2.965407073497772217e-01
-2.981025576591491699e-01
-2.955044507980346680e-01
-2.970505356788635254e-01
-2.975769639015197754e-01
-2.962867319583892822e-01
-2.972022891044616699e-01
-2.962973415851593018e-01
-2.960590124130249023e-01
-2.979133427143096924e-01
-2.951866984367370605e-01
-2.954210042953491211e-01
-2.975678443908691406e-01
-2.965655028820037842e-01
-2.935195863246917725e-01
-2.965692877769470215e-01
-2.974148690700531006e-01
-2.949290871620178223e-01
-2.967491745948791504e-01
-2.964425384998321533e-01
-2.938173115253448486e-01
-2.947755455970764160e-01
-2.963316142559051514e-01
-2.966002821922302246e-01
-2.970958948135375977e-01
-2.957345545291900635e-01
-2.965802848339080811e-01
-2.949862182140350342e-01
-2.943854033946990967e-01
-2.965114414691925049e-01
-2.947977185249328613e-01
-2.960948348045349121e-01
-2.980753779411315918e-01
-2.953312695026397705e-01
-2.961055934429168701e-01
-2.932904660701751709e-01
-2.978350520133972168e-01
-2.969572842121124268e-01
-2.975165545940399170e-01
-2.951538562774658203e-01
-2.961958944797515869e-01
-2.967135012149810791e-01
-2.981448471546173096e-01
-2.968368828296661377e-01
-2.992454171180725098e-01
-2.970209419727325439e-01
-2.947752177715301514e-01
-2.980695366859436035e-01
-2.953419387340545654e-01
-2.974213957786560059e-01
-2.970500290393829346e-01
-2.977790534496307373e-01
-2.961935102939605713e-01
-2.988792061805725098e-01
-2.972715795040130615e-01
-2.970509827136993408e-01
-2.976386249065399170e-01
-2.960509061813354492e-01
-2.963679134845733643e-01
-2.953443229198455811e-01
-2.975090146064758301e-01
-2.985264956951141357e-01
-2.954116761684417725e-01
-2.977051436901092529e-01
-2.956295907497406006e-01
-2.976051270961761475e-01
-2.984345555305480957e-01
-2.984523177146911621e-01
-2.972022593021392822e-01
-2.978592514991760254e-01
-2.948940396308898926e-01
-2.963257133960723877e-01
-2.978507578372955322e-01
-2.967351973056793213e-01
-2.958416044712066650e-01
-2.985613942146301270e-01
-2.950847744941711426e-01
-2.958835065364837646e-01
-2.965711951255798340e-01
-2.987596690654754639e-01
-2.969877719879150391e-01
-2.959422469139099121e-01
-2.951737642288208008e-01
-2.961051166057586670e-01
-2.992812395095825195e-01
-2.964496314525604248e-01
-2.987558543682098389e-01
-2.956722974777221680e-01
-2.975665926933288574e-01
-2.998633980751037598e-01
-2.962269783020019531e-01
-2.997406423091888428e-01
-2.980470061302185059e-01
-2.963086366653442383e-01
-2.977740466594696045e-01
-2.981002926826477051e-01
-2.958869338035583496e-01
-2.981497049331665039e-01
-2.957262992858886719e-01
-2.994104027748107910e-01
-2.974998652935028076e-01
-2.975846529006958008e-01
-2.988337278366088867e-01
-2.968645095825195312e-01
-2.963966131210327148e-01
-2.981107831001281738e-01
-2.964571714401245117e-01
-2.977128028869628906e-01
-2.979096174240112305e-01
-2.968001365661621094e-01
-2.973640263080596924e-01
-2.983724772930145264e-01
-2.983397245407104492e-01
-2.956886887550354004e-01
