-1.244099736213684082e-01
-1.188172623515129089e-01
-1.979106366634368896e-01
-1.762720346450805664e-01
-2.241120934486389160e-01
-2.157378494739532471e-01
-2.271444797515869141e-01
-2.240967154502868652e-01
-2.302976101636886597e-01
-2.306705862283706665e-01
-2.244049459695816040e-01
-2.277228087186813354e-01
-2.399780303239822388e-01
-2.282087057828903198e-01
-2.281972914934158325e-01
-2.281065881252288818e-01
-2.377731353044509888e-01
-2.447263300418853760e-01
-2.311837226152420044e-01
-2.291563749313354492e-01
-2.344792932271957397e-01
-2.392101734876632690e-01
-2.403572797775268555e-01
-2.413787841796875000e-01
-2.339810281991958618e-01
-2.491703480482101440e-01
-2.437728345394134521e-01
-2.405120134353637695e-01
-2.415712028741836548e-01
-2.640413343906402588e-01
-2.578510046005249023e-01
-2.548418045043945312e-01
-2.596277892589569092e-01
-2.581891417503356934e-01
-2.527018487453460693e-01
-2.522189617156982422e-01
-2.625899314880371094e-01
-2.540685236454010010e-01
-2.512279152870178223e-01
-2.600835859775543213e-01
-2.605904638767242432e-01
-2.613095641136169434e-01
-2.714592218399047852e-01
-2.813183367252349854e-01
-2.800123989582061768e-01
-2.812622785568237305e-01
-2.804995179176330566e-01
-2.671224176883697510e-01
-2.648229897022247314e-01
-2.870389521121978760e-01
-2.733730971813201904e-01
-2.683407664299011230e-01
-2.673487067222595215e-01
-2.745480239391326904e-01
-2.679378986358642578e-01
-2.715078294277191162e-01
-2.849343121051788330e-01
-2.799181044101715088e-01
-2.871436178684234619e-01
-2.922576367855072021e-01
-2.953003048896789551e-01
-2.895460128784179688e-01
-2.908690869808197021e-01
-2.806481719017028809e-01
-2.824058234691619873e-01
-2.865580320358276367e-01
-2.994259595870971680e-01
-2.853225469589233398e-01
-2.888203263282775879e-01
-3.034915626049041748e-01
-2.968017458915710449e-01
-2.931673228740692139e-01
-2.912442684173583984e-01
-2.851714193820953369e-01
-3.011516630649566650e-01
-3.061842024326324463e-01
-3.003188371658325195e-01
-2.865286171436309814e-01
-3.013128638267517090e-01
-3.109949827194213867e-01
-3.031975626945495605e-01
-2.940988838672637939e-01
-3.005222976207733154e-01
-2.898331582546234131e-01
-2.931326925754547119e-01
-3.044760823249816895e-01
-3.038861751556396484e-01
-3.023337423801422119e-01
-3.023898303508758545e-01
-3.128499388694763184e-01
-3.201741576194763184e-01
-3.171177506446838379e-01
-2.961606383323669434e-01
-3.211664557456970215e-01
-3.197470903396606445e-01
-3.161078989505767822e-01
-3.161140978336334229e-01
-3.243078887462615967e-01
-3.219335377216339111e-01
-3.239638209342956543e-01
-3.279082477092742920e-01
-3.325340151786804199e-01
-3.264365196228027344e-01
-3.397973775863647461e-01
-3.274465501308441162e-01
-3.325127661228179932e-01
-3.341265320777893066e-01
-3.402035832405090332e-01
-3.315035104751586914e-01
-3.441580832004547119e-01
-3.320423662662506104e-01
-3.437687456607818604e-01
-3.361369669437408447e-01
-3.328415453433990479e-01
-3.401149213314056396e-01
-3.373447656631469727e-01
-3.415750563144683838e-01
-3.449893295764923096e-01
-3.398922681808471680e-01
-3.384950757026672363e-01
-3.421095609664916992e-01
-3.431602716445922852e-01
-3.410115242004394531e-01
-3.354324102401733398e-01
-3.436180651187896729e-01
-3.446367979049682617e-01
-3.472782671451568604e-01
-3.385480940341949463e-01
-3.388287425041198730e-01
-3.455663323402404785e-01
-3.389780819416046143e-01
-3.390015363693237305e-01
-3.428722918033599854e-01
-3.478989899158477783e-01
-3.453775644302368164e-01
-3.370569050312042236e-01
-3.404160439968109131e-01
-3.374862074851989746e-01
-3.425138890743255615e-01
-3.438174426555633545e-01
-3.499373793601989746e-01
-3.392786681652069092e-01
-3.459754288196563721e-01
-3.449871838092803955e-01
-3.417899310588836670e-01
-3.448375761508941650e-01
-3.375636637210845947e-01
-3.434867858886718750e-01
-3.441910445690155029e-01
-3.414832651615142822e-01
-3.459423780441284180e-01
-3.447840809822082520e-01
-3.446943461894989014e-01
-3.439946770668029785e-01
-3.506871461868286133e-01
-3.456768095493316650e-01
-3.453063666820526123e-01
-3.423231542110443115e-01
-3.328970372676849365e-01
-3.333249986171722412e-01
-3.469850718975067139e-01
-3.365176022052764893e-01
-3.451635241508483887e-01
-3.407573997974395752e-01
-3.457895517349243164e-01
-3.472036719322204590e-01
-3.440251350402832031e-01
-3.440280854701995850e-01
-3.443174362182617188e-01
-3.453136682510375977e-01
-3.461931645870208740e-01
-3.471127450466156006e-01
-3.454858362674713135e-01
-3.410870730876922607e-01
-3.451808989048004150e-01
-3.452605307102203369e-01
-3.435808718204498291e-01
-3.427710235118865967e-01
-3.408730030059814453e-01
-3.439741730690002441e-01
-3.441143631935119629e-01
-3.385691344738006592e-01
-3.400595188140869141e-01
-3.479976058006286621e-01
-3.467139303684234619e-01
-3.313962519168853760e-01
-3.407147526741027832e-01
-3.404042422771453857e-01
-3.461979329586029053e-01
-3.475131094455718994e-01
-3.440248370170593262e-01
-3.451152443885803223e-01
-3.448288738727569580e-01
-3.435484766960144043e-01
-3.388570547103881836e-01
-3.463585674762725830e-01
-3.434961438179016113e-01
-3.449263572692871094e-01
-3.442198634147644043e-01
-3.382249772548675537e-01
-3.415488898754119873e-01
-3.420731723308563232e-01
-3.448070585727691650e-01
-3.328916728496551514e-01
-3.408013284206390381e-01
-3.400407731533050537e-01
-3.386226296424865723e-01
-3.444203436374664307e-01
-3.398247063159942627e-01
-3.457145988941192627e-01
-3.455691635608673096e-01
-3.344668447971343994e-01
-3.419010043144226074e-01
-3.444882333278656006e-01
-3.392547369003295898e-01
-3.373497426509857178e-01
-3.453880548477172852e-01
-3.440438807010650635e-01
-3.388943970203399658e-01
-3.449949920177459717e-01
-3.395165503025054932e-01
-3.448113203048706055e-01
-3.363589048385620117e-01
-3.306113779544830322e-01
-3.363369703292846680e-01
-3.447304069995880127e-01
-3.429944515228271484e-01
-3.405136764049530029e-01
-3.441452980041503906e-01
-3.361913561820983887e-01
-3.411806523799896240e-01
-3.409349620342254639e-01
-3.424452841281890869e-01
-3.340820670127868652e-01
-3.391612470149993896e-01
-3.416013717651367188e-01
-3.325335383415222168e-01
-3.403099477291107178e-01
-3.391387164592742920e-01
-3.387426137924194336e-01
-3.291885852813720703e-01
-3.419976830482482910e-01
-3.378320336341857910e-01
-3.339553177356719971e-01
-3.400776386260986328e-01
-3.298425972461700439e-01
-3.401882350444793701e-01
-3.376990258693695068e-01
-3.342173695564270020e-01
-3.402255177497863770e-01
-3.402896821498870850e-01
-3.331347405910491943e-01
-3.294210433959960938e-01
-3.309370279312133789e-01
-3.373073339462280273e-01
-3.372468054294586182e-01
-3.366529643535614014e-01
-3.302077054977416992e-01
-3.309886753559112549e-01
-3.399823009967803955e-01
-3.322306871414184570e-01
-3.339720070362091064e-01
-3.358962833881378174e-01
-3.314096033573150635e-01
-3.377545475959777832e-01
-3.290855586528778076e-01
-3.363723158836364746e-01
-3.401755392551422119e-01
-3.293411731719970703e-01
-3.336254656314849854e-01
-3.329552114009857178e-01
-3.399327993392944336e-01
-3.338939547538757324e-01
-3.297357261180877686e-01
-3.314233422279357910e-01
-3.379860818386077881e-01
-3.372634947299957275e-01
-3.323186635971069336e-01
-3.339445292949676514e-01
-3.345034420490264893e-01
-3.333689272403717041e-01
-3.366032540798187256e-01
-3.237001001834869385e-01
-3.361666202545166016e-01
-3.218044340610504150e-01
-3.358700275421142578e-01
-3.270552456378936768e-01
-3.317889273166656494e-01
-3.305878937244415283e-01
-3.287075459957122803e-01
-3.270746767520904541e-01
-3.296426832675933838e-01
-3.320304155349731445e-01
-3.226329982280731201e-01
-3.241874277591705322e-01
-3.346940875053405762e-01
-3.233521580696105957e-01
-3.349919617176055908e-01
-3.265312612056732178e-01
-3.338091969490051270e-01
-3.290953338146209717e-01
-3.313646614551544189e-01
-3.312847912311553955e-01
-3.357981443405151367e-01
-3.273115158081054688e-01
-3.253882229328155518e-01
-3.327203094959259033e-01
-3.323351442813873291e-01
-3.224397003650665283e-01
-3.126352131366729736e-01
-3.177070021629333496e-01
-3.251966238021850586e-01
-3.303387761116027832e-01
-3.196067810058593750e-01
-3.230587244033813477e-01
-3.300498723983764648e-01
-3.274256289005279541e-01
-3.285705447196960449e-01
-3.243837952613830566e-01
-3.266178369522094727e-01
-3.336024582386016846e-01
-3.253312408924102783e-01
-3.308990597724914551e-01
-3.289664685726165771e-01
-3.349063694477081299e-01
-3.296685814857482910e-01
-3.300155401229858398e-01
-3.252121806144714355e-01
-3.322572708129882812e-01
-3.236562013626098633e-01
-3.275261223316192627e-01
-3.113361001014709473e-01
-3.255620896816253662e-01
-3.243928849697113037e-01
-3.274638056755065918e-01
-3.208669424057006836e-01
-3.302179574966430664e-01
-3.327381908893585205e-01
-3.237439990043640137e-01
-3.224767744541168213e-01
-3.272259831428527832e-01
-3.216399550437927246e-01
-3.221169710159301758e-01
-3.201744258403778076e-01
-3.092208206653594971e-01
-3.247503638267517090e-01
-3.287071883678436279e-01
-3.252153098583221436e-01
-3.196714818477630615e-01
-3.274954259395599365e-01
-3.145779967308044434e-01
-3.178864419460296631e-01
-3.299982547760009766e-01
-3.336707651615142822e-01
-3.322002291679382324e-01
-3.185781538486480713e-01
-3.225272595882415771e-01
-3.273141682147979736e-01
-3.236630260944366455e-01
-3.266939222812652588e-01
-3.261106312274932861e-01
-3.225277364253997803e-01
-3.260003626346588135e-01
-3.227312564849853516e-01
-3.226971328258514404e-01
-3.242462873458862305e-01
-3.209027051925659180e-01
-3.262421786785125732e-01
-3.222254216670989990e-01
-3.205779492855072021e-01
-3.230644464492797852e-01
-3.147431015968322754e-01
-3.241579234600067139e-01
-3.230468928813934326e-01
-3.225008547306060791e-01
-3.220055103302001953e-01
-3.223553001880645752e-01
-3.226658105850219727e-01
-3.228122591972351074e-01
-3.233074843883514404e-01
-3.163849413394927979e-01
-3.177118599414825439e-01
-3.149531781673431396e-01
-3.211114406585693359e-01
-3.171789050102233887e-01
-3.302410542964935303e-01
-3.201737701892852783e-01
-3.170123398303985596e-01
-3.252304196357727051e-01
-3.026333749294281006e-01
-3.185950815677642822e-01
-3.215376734733581543e-01
-3.187532424926757812e-01
-3.122406005859375000e-01
-3.197148442268371582e-01
-3.218933641910552979e-01
-3.171522617340087891e-01
-3.205515444278717041e-01
-3.162054121494293213e-01
-3.213352859020233154e-01
-3.173889815807342529e-01
-3.087327778339385986e-01
-3.183575570583343506e-01
-3.139728009700775146e-01
-3.171012103557586670e-01
-3.050805032253265381e-01
-3.175023198127746582e-01
-3.241690397262573242e-01
-3.220609128475189209e-01
-3.205328285694122314e-01
-3.046554028987884521e-01
-3.221835196018218994e-01
-3.249908387660980225e-01
-3.155891001224517822e-01
-3.147641718387603760e-01
-3.204493522644042969e-01
-3.166083395481109619e-01
-3.207890689373016357e-01
-3.134978115558624268e-01
-3.107920289039611816e-01
-3.064971268177032471e-01
-3.100731670856475830e-01
-3.160401582717895508e-01
-3.199947476387023926e-01
-3.157151937484741211e-01
-3.298456370830535889e-01
-3.179609477519989014e-01
-3.121992349624633789e-01
-3.146715164184570312e-01
-3.048609495162963867e-01
-3.232420086860656738e-01
-3.194467723369598389e-01
-3.170104324817657471e-01
-3.257738947868347168e-01
-3.238635361194610596e-01
-3.212532997131347656e-01
-3.216084241867065430e-01
-3.199277818202972412e-01
-3.107255995273590088e-01
-3.151336610317230225e-01
-3.226330578327178955e-01
-3.138030469417572021e-01
-3.142750263214111328e-01
-3.204400539398193359e-01
-3.218703269958496094e-01
-3.161675631999969482e-01
-3.073855638504028320e-01
-3.155061602592468262e-01
-3.103448450565338135e-01
-3.171524703502655029e-01
-3.171605467796325684e-01
-3.116327524185180664e-01
-3.184907138347625732e-01
-3.129119575023651123e-01
-3.169657588005065918e-01
-3.156772255897521973e-01
-3.169768452644348145e-01
-3.095557987689971924e-01
-3.141264617443084717e-01
-3.074899911880493164e-01
-3.125214278697967529e-01
-3.120155632495880127e-01
-3.041527569293975830e-01
-3.053612411022186279e-01
-3.140656054019927979e-01
-3.107057511806488037e-01
-3.053867518901824951e-01
-3.021624982357025146e-01
-3.129833042621612549e-01
-3.204920291900634766e-01
-3.089633882045745850e-01
-3.166940510272979736e-01
-3.025385439395904541e-01
-3.226113617420196533e-01
-3.114462196826934814e-01
-3.126349151134490967e-01
-3.126953840255737305e-01
-3.051668107509613037e-01
-3.126303553581237793e-01
-3.158169090747833252e-01
-3.109182119369506836e-01
-3.168005943298339844e-01
-3.175210654735565186e-01
-3.163583576679229736e-01
-3.188858330249786377e-01
-3.149820566177368164e-01
-3.088193833827972412e-01
-3.205793499946594238e-01
-3.246290385723114014e-01
-3.109949231147766113e-01
-3.041370809078216553e-01
-3.040910959243774414e-01
-3.076539933681488037e-01
-3.001466989517211914e-01
-3.054671585559844971e-01
-3.132620751857757568e-01
-3.167231380939483643e-01
-2.995377779006958008e-01
-3.057410120964050293e-01
-3.099225461483001709e-01
-3.137443363666534424e-01
-3.155221641063690186e-01
-3.073531389236450195e-01
-3.100964426994323730e-01
-3.035850226879119873e-01
-3.078743219375610352e-01
-3.119691610336303711e-01
-3.125647902488708496e-01
-3.124752342700958252e-01
-3.038927614688873291e-01
-3.108129799365997314e-01
-2.992584705352783203e-01
-3.069661855697631836e-01
-3.095088303089141846e-01
-3.020792305469512939e-01
-3.063373267650604248e-01
-3.059097826480865479e-01
-3.166297078132629395e-01
-3.072249591350555420e-01
-3.014262318611145020e-01
-3.064741194248199463e-01
-3.015719652175903320e-01
-3.113805651664733887e-01
-3.158200085163116455e-01
-3.197705149650573730e-01
-3.107095360755920410e-01
-3.008196055889129639e-01
-3.012706935405731201e-01
-3.134711384773254395e-01
-3.109778761863708496e-01
-2.992933392524719238e-01
-3.143363595008850098e-01
-3.117624819278717041e-01
-3.067428469657897949e-01
-3.168944716453552246e-01
-3.040976822376251221e-01
-3.000903427600860596e-01
-2.963804900646209717e-01
-3.044136464595794678e-01
-3.131438791751861572e-01
-3.012467622756958008e-01
-3.132125735282897949e-01
-3.116936087608337402e-01
-3.114745318889617920e-01
-3.089833259582519531e-01
-3.038386702537536621e-01
-3.140583634376525879e-01
-3.066726028919219971e-01
-2.943090796470642090e-01
-3.148384392261505127e-01
-3.109618723392486572e-01
-3.149715662002563477e-01
-3.070861995220184326e-01
-3.056655824184417725e-01
-3.200092017650604248e-01
-3.020605444908142090e-01
-3.079209923744201660e-01
-3.014111518859863281e-01
-3.068335354328155518e-01
-3.163875639438629150e-01
-3.002606332302093506e-01
-3.088636100292205811e-01
-3.027532100677490234e-01
-3.130925893783569336e-01
-3.107373416423797607e-01
-3.114802241325378418e-01
-3.059335947036743164e-01
-3.137947320938110352e-01
-3.159685432910919189e-01
-3.134091198444366455e-01
-3.052009642124176025e-01
-3.065104782581329346e-01
-3.043429553508758545e-01
-3.020897805690765381e-01
-3.087136745452880859e-01
-3.049614131450653076e-01
-3.186927735805511475e-01
-3.111301958560943604e-01
-3.112569451332092285e-01
-3.094733059406280518e-01
-3.089349865913391113e-01
-3.071059286594390869e-01
-3.101899325847625732e-01
-3.012020885944366455e-01
-3.055794537067413330e-01
-2.938615083694458008e-01
-3.083273172378540039e-01
-3.202297985553741455e-01
-3.078834414482116699e-01
-3.067822158336639404e-01
-3.133479058742523193e-01
-3.154770433902740479e-01
-3.070248663425445557e-01
-3.117875158786773682e-01
-2.991893887519836426e-01
-3.074660003185272217e-01
-3.049373924732208252e-01
-3.008090853691101074e-01
-3.048889636993408203e-01
-3.030788600444793701e-01
-3.210001289844512939e-01
-3.091698288917541504e-01
-3.126834034919738770e-01
-3.086763322353363037e-01
-3.051860630512237549e-01
-3.044503927230834961e-01
-3.122569322586059570e-01
-3.072916567325592041e-01
-3.047766387462615967e-01
-3.000223934650421143e-01
-3.065633475780487061e-01
-3.004705011844635010e-01
-3.125518262386322021e-01
-3.107681274414062500e-01
-3.064427971839904785e-01
-3.103453814983367920e-01
-3.210529386997222900e-01
-3.057980239391326904e-01
-3.057100176811218262e-01
-3.056511878967285156e-01
-3.098323941230773926e-01
-3.066047430038452148e-01
-2.990131974220275879e-01
-3.050628006458282471e-01
-3.088832199573516846e-01
-3.031209409236907959e-01
-3.110772073268890381e-01
-3.025607764720916748e-01
-3.036893010139465332e-01
-2.921727895736694336e-01
-3.032342195510864258e-01
-3.072663545608520508e-01
-3.038571178913116455e-01
-3.092081844806671143e-01
-3.007878959178924561e-01
-3.015939891338348389e-01
-2.979886531829833984e-01
-3.069047629833221436e-01
-3.090786039829254150e-01
-3.100805282592773438e-01
-3.023584485054016113e-01
-3.057859241962432861e-01
-3.085200190544128418e-01
-3.072365522384643555e-01
-3.088804185390472412e-01
-2.899163961410522461e-01
-3.012603819370269775e-01
-3.081381320953369141e-01
-3.046062588691711426e-01
-2.974977791309356689e-01
-2.938547730445861816e-01
-3.023078739643096924e-01
-2.955411076545715332e-01
-3.058009743690490723e-01
-3.052987158298492432e-01
-3.066177964210510254e-01
-2.873984873294830322e-01
-3.087199330329895020e-01
-3.164495229721069336e-01
-3.040277957916259766e-01
-3.013026118278503418e-01
-2.961770594120025635e-01
-3.047195374965667725e-01
-3.086461722850799561e-01
-2.855412364006042480e-01
-3.047819733619689941e-01
-3.071172535419464111e-01
-3.082666099071502686e-01
-3.059192001819610596e-01
-3.086746931076049805e-01
-2.950793504714965820e-01
-3.118408024311065674e-01
-3.035398721694946289e-01
-3.098818957805633545e-01
-3.052462041378021240e-01
-3.093506991863250732e-01
-2.939484715461730957e-01
-3.056214153766632080e-01
-2.973314523696899414e-01
-3.041349351406097412e-01
-2.966532707214355469e-01
-3.006933033466339111e-01
-3.104668855667114258e-01
-3.016434311866760254e-01
-2.973205745220184326e-01
-2.903420329093933105e-01
-3.057701885700225830e-01
-3.009093701839447021e-01
-3.061607182025909424e-01
-2.823396623134613037e-01
-3.106012940406799316e-01
-3.080616593360900879e-01
-2.948889434337615967e-01
-3.029658496379852295e-01
-3.041785657405853271e-01
-3.056417107582092285e-01
-3.083966672420501709e-01
-3.090159893035888672e-01
-3.045948743820190430e-01
-3.030297756195068359e-01
-2.908888757228851318e-01
-3.033356368541717529e-01
-2.906454801559448242e-01
-3.008415400981903076e-01
-3.018679618835449219e-01
-3.039462268352508545e-01
-3.067403137683868408e-01
-3.088553249835968018e-01
-2.986721694469451904e-01
-2.936930358409881592e-01
-3.063874840736389160e-01
-2.934370636940002441e-01
-3.022947311401367188e-01
-3.025539517402648926e-01
-3.139461874961853027e-01
-3.147341012954711914e-01
-2.992803752422332764e-01
-2.829719781875610352e-01
-3.077376782894134521e-01
-2.941347062587738037e-01
-3.104473054409027100e-01
-3.117444515228271484e-01
-3.004924654960632324e-01
-3.145499527454376221e-01
-3.020540773868560791e-01
-2.991236746311187744e-01
-2.933986186981201172e-01
-3.048039674758911133e-01
-2.947459220886230469e-01
-3.002707958221435547e-01
-3.019985258579254150e-01
-3.093696534633636475e-01
-2.930192947387695312e-01
-3.037667870521545410e-01
-3.007823824882507324e-01
-2.937244176864624023e-01
-3.049268722534179688e-01
-3.032453358173370361e-01
-3.077830970287322998e-01
-2.960743904113769531e-01
-3.034005761146545410e-01
-2.943079769611358643e-01
-2.923017740249633789e-01
-3.071359992027282715e-01
-3.004913628101348877e-01
-2.943467795848846436e-01
-3.038661479949951172e-01
-3.077769875526428223e-01
-3.054381012916564941e-01
-2.947023808956146240e-01
-3.064478039741516113e-01
-3.023074865341186523e-01
-2.921994626522064209e-01
-2.997979819774627686e-01
-3.079978525638580322e-01
-3.009232878684997559e-01
-2.999854087829589844e-01
-3.031206727027893066e-01
-3.018881976604461670e-01
-2.993729710578918457e-01
-2.940006852149963379e-01
-2.940122187137603760e-01
-3.101957440376281738e-01
-3.071214854717254639e-01
-3.047992587089538574e-01
-2.951923310756683350e-01
-3.054529726505279541e-01
-3.100408017635345459e-01
-2.976250648498535156e-01
-3.078168928623199463e-01
-3.040469884872436523e-01
-2.974127829074859619e-01
-3.064282834529876709e-01
-3.092031776905059814e-01
-3.108981251716613770e-01
-3.106316924095153809e-01
-3.008988499641418457e-01
-2.888729870319366455e-01
-2.972272932529449463e-01
-2.850232720375061035e-01
-2.983983159065246582e-01
-3.069345653057098389e-01
-3.039049804210662842e-01
-3.037070035934448242e-01
-3.029299974441528320e-01
-3.003676533699035645e-01
-3.029372692108154297e-01
-3.030082285404205322e-01
-3.070964217185974121e-01
-2.984990179538726807e-01
-3.101735711097717285e-01
-2.940182089805603027e-01
-2.992041110992431641e-01
-2.979266941547393799e-01
-3.016351759433746338e-01
-2.927470505237579346e-01
-3.008790016174316406e-01
-2.964920103549957275e-01
-2.914263010025024414e-01
-2.980879247188568115e-01
-2.971283197402954102e-01
-3.021169900894165039e-01
-3.043393194675445557e-01
-3.000694811344146729e-01
-2.953175008296966553e-01
-2.843938469886779785e-01
-3.098801374435424805e-01
-2.983441650867462158e-01
-3.033869564533233643e-01
-2.965403795242309570e-01
-2.957730591297149658e-01
-2.918698489665985107e-01
-2.995800375938415527e-01
-3.009389638900756836e-01
-3.004527986049652100e-01
-2.956568002700805664e-01
-3.018949627876281738e-01
-2.959265410900115967e-01
-3.031750619411468506e-01
-2.980172634124755859e-01
-3.001340925693511963e-01
-2.988473176956176758e-01
-2.925518751144409180e-01
-3.008362948894500732e-01
-3.076080083847045898e-01
-3.011859357357025146e-01
-2.994929254055023193e-01
-2.967627048492431641e-01
-2.894681394100189209e-01
-3.081218898296356201e-01
-3.046013712882995605e-01
-2.966503798961639404e-01
-2.981148064136505127e-01
-2.967287600040435791e-01
-3.036705553531646729e-01
-2.925771176815032959e-01
-3.010224997997283936e-01
-2.966181039810180664e-01
-3.065362274646759033e-01
-3.003254532814025879e-01
-2.857587933540344238e-01
-2.950481474399566650e-01
-3.054000139236450195e-01
-2.951784729957580566e-01
-2.985376715660095215e-01
-2.978982329368591309e-01
-2.895657122135162354e-01
-2.971793115139007568e-01
-2.943542599678039551e-01
-2.980763316154479980e-01
-2.967143654823303223e-01
-2.983159720897674561e-01
-2.990198433399200439e-01
-2.918775379657745361e-01
-2.957656383514404297e-01
-2.883248329162597656e-01
-3.066235482692718506e-01
-3.004176616668701172e-01
-2.894678115844726562e-01
-2.949747741222381592e-01
-2.948016822338104248e-01
-3.021627068519592285e-01
-2.992369830608367920e-01
-2.882161140441894531e-01
-3.058035075664520264e-01
-2.971329391002655029e-01
-3.082676529884338379e-01
-3.034827411174774170e-01
-3.001123368740081787e-01
-3.008989989757537842e-01
-3.057037889957427979e-01
-3.048177957534790039e-01
-2.940076291561126709e-01
-3.002744615077972412e-01
-2.942192852497100830e-01
-2.972307503223419189e-01
-3.053000867366790771e-01
-3.055297136306762695e-01
-2.915666699409484863e-01
-2.900428473949432373e-01
-2.945749461650848389e-01
-3.024359047412872314e-01
-3.038641214370727539e-01
-3.114509582519531250e-01
-3.039678931236267090e-01
-2.932630479335784912e-01
-2.982323765754699707e-01
-3.055114746093750000e-01
-3.027089238166809082e-01
-2.971136569976806641e-01
-2.956750392913818359e-01
-2.921411395072937012e-01
-2.937845587730407715e-01
-3.028075695037841797e-01
-3.061814010143280029e-01
-2.924802303314208984e-01
-2.767622768878936768e-01
-2.878575921058654785e-01
-2.945813238620758057e-01
-2.892901897430419922e-01
-3.020341992378234863e-01
-2.931227982044219971e-01
-2.922875881195068359e-01
-2.956832349300384521e-01
-2.971643209457397461e-01
-2.970703244209289551e-01
-2.968409657478332520e-01
-2.926892936229705811e-01
-2.848124802112579346e-01
-3.034096658229827881e-01
-2.984540462493896484e-01
-2.994298338890075684e-01
-3.059130907058715820e-01
-2.963536977767944336e-01
-2.972839474678039551e-01
-2.880657017230987549e-01
-2.969774603843688965e-01
-2.869993448257446289e-01
-2.877214252948760986e-01
-2.952309846878051758e-01
-3.014538884162902832e-01
-2.973395884037017822e-01
-2.949945032596588135e-01
-2.868457436561584473e-01
-2.925479412078857422e-01
-3.026355504989624023e-01
-3.058612644672393799e-01
-2.870538234710693359e-01
-2.967649102210998535e-01
-3.052635490894317627e-01
-2.971451878547668457e-01
-3.136699795722961426e-01
-2.900068759918212891e-01
-2.928492724895477295e-01
-2.923002839088439941e-01
-2.981150448322296143e-01
-2.991099655628204346e-01
-2.797927558422088623e-01
-3.020039796829223633e-01
-2.939865589141845703e-01
-2.972159981727600098e-01
-2.834046483039855957e-01
-2.971594333648681641e-01
-2.944559454917907715e-01
-2.803114652633666992e-01
-2.733731567859649658e-01
-2.856177985668182373e-01
-2.801679074764251709e-01
-2.948668301105499268e-01
-2.941712737083435059e-01
-2.946587502956390381e-01
-2.891502678394317627e-01
-2.978306710720062256e-01
-2.967080771923065186e-01
-2.840912938117980957e-01
-2.981407344341278076e-01
-2.804102003574371338e-01
-2.940756976604461670e-01
-2.925361990928649902e-01
-2.945479750633239746e-01
-3.058223426342010498e-01
-3.075143694877624512e-01
-2.901211977005004883e-01
-2.764876186847686768e-01
-2.916094362735748291e-01
-3.046115040779113770e-01
-3.048469126224517822e-01
-3.031207919120788574e-01
-2.958300113677978516e-01
-2.975698113441467285e-01
-3.031483292579650879e-01
-3.025802075862884521e-01
-2.992621958255767822e-01
-3.082093894481658936e-01
-2.948457300662994385e-01
-2.898796498775482178e-01
-2.987892329692840576e-01
-2.921929955482482910e-01
-3.015167713165283203e-01
-2.967968881130218506e-01
-3.017040789127349854e-01
-2.939729690551757812e-01
-3.038643896579742432e-01
-3.076646625995635986e-01
-3.037103712558746338e-01
-2.992293238639831543e-01
-2.950088977813720703e-01
-2.944956123828887939e-01
-2.960799038410186768e-01
-3.071536123752593994e-01
-3.035427927970886230e-01
-2.991499006748199463e-01
-2.942721843719482422e-01
-2.976264655590057373e-01
-3.019240200519561768e-01
-3.065197765827178955e-01
-3.088276386260986328e-01
-3.036907315254211426e-01
-3.029920756816864014e-01
-2.914861440658569336e-01
