1.857779741287231445e+00
1.250041007995605469e+00
6.926047205924987793e-01
2.542852163314819336e-01
-8.616738021373748779e-03
-1.416601538658142090e-01
-1.610841006040573120e-01
-1.419899761676788330e-01
-1.275296062231063843e-01
-1.259368658065795898e-01
-1.285921782255172729e-01
-1.476649940013885498e-01
-1.521857678890228271e-01
-1.533199697732925415e-01
-1.536857336759567261e-01
-1.551348865032196045e-01
-1.645243465900421143e-01
-1.744433045387268066e-01
-1.808289438486099243e-01
-1.729699075222015381e-01
-1.773695945739746094e-01
-1.844829171895980835e-01
-1.823826879262924194e-01
-1.897223144769668579e-01
-1.920242160558700562e-01
-1.914750933647155762e-01
-1.935406178236007690e-01
-1.950413286685943604e-01
-1.978517919778823853e-01
-2.055190056562423706e-01
-2.048990726470947266e-01
-2.039662450551986694e-01
-2.057928442955017090e-01
-2.064244896173477173e-01
-2.108962982892990112e-01
-2.071665078401565552e-01
-2.155564874410629272e-01
-2.097000777721405029e-01
-2.100558727979660034e-01
-2.131830751895904541e-01
-2.104181200265884399e-01
-2.108542472124099731e-01
-2.180375605821609497e-01
-2.143622189760208130e-01
-2.158182412385940552e-01
-2.217145413160324097e-01
-2.193916440010070801e-01
-2.174212187528610229e-01
-2.165245711803436279e-01
-2.211562842130661011e-01
-2.194638401269912720e-01
-2.195545583963394165e-01
-2.202255129814147949e-01
-2.222154289484024048e-01
-2.247716635465621948e-01
-2.212079167366027832e-01
-2.184756100177764893e-01
-2.248483002185821533e-01
-2.268577516078948975e-01
-2.253212630748748779e-01
-2.252671569585800171e-01
-2.220310121774673462e-01
-2.233430743217468262e-01
-2.262297421693801880e-01
-2.183970808982849121e-01
-2.278943508863449097e-01
-2.258982062339782715e-01
-2.286313921213150024e-01
-2.287853658199310303e-01
-2.268052548170089722e-01
-2.260555475950241089e-01
-2.235810309648513794e-01
-2.265842705965042114e-01
-2.290643900632858276e-01
-2.193045020103454590e-01
-2.271286398172378540e-01
-2.227487266063690186e-01
-2.289369255304336548e-01
-2.283906489610671997e-01
-2.289297133684158325e-01
-2.256645560264587402e-01
-2.277921736240386963e-01
-2.282642871141433716e-01
-2.280660420656204224e-01
-2.287564277648925781e-01
-2.282439172267913818e-01
-2.257573902606964111e-01
-2.258323729038238525e-01
-2.262539714574813843e-01
-2.333835810422897339e-01
-2.294732183218002319e-01
-2.288591116666793823e-01
-2.276039570569992065e-01
-2.316362559795379639e-01
-2.286167442798614502e-01
-2.275282293558120728e-01
-2.290042638778686523e-01
-2.258835285902023315e-01
-2.294353246688842773e-01
-2.250783592462539673e-01
-2.251206487417221069e-01
-2.312861829996109009e-01
-2.249729335308074951e-01
-2.253888249397277832e-01
-2.283445149660110474e-01
-2.285449802875518799e-01
-2.277079671621322632e-01
-2.309723049402236938e-01
-2.249530851840972900e-01
-2.303283810615539551e-01
-2.286699414253234863e-01
-2.315393686294555664e-01
-2.310827374458312988e-01
-2.255502790212631226e-01
-2.227519154548645020e-01
-2.375650107860565186e-01
-2.264546751976013184e-01
-2.308848500251770020e-01
-2.265996336936950684e-01
-2.234552651643753052e-01
-2.267192602157592773e-01
-2.300756722688674927e-01
-2.291198968887329102e-01
-2.254963666200637817e-01
-2.293603569269180298e-01
-2.284787893295288086e-01
-2.344609498977661133e-01
-2.250249981880187988e-01
-2.278599590063095093e-01
-2.321797609329223633e-01
-2.355799823999404907e-01
-2.277157157659530640e-01
-2.350863963365554810e-01
-2.288686782121658325e-01
-2.374737560749053955e-01
-2.253523170948028564e-01
-2.346754372119903564e-01
-2.275734245777130127e-01
-2.263694405555725098e-01
-2.340456843376159668e-01
-2.304365336894989014e-01
-2.321737110614776611e-01
-2.343303263187408447e-01
-2.264829576015472412e-01
-2.365299016237258911e-01
-2.317380607128143311e-01
-2.285833805799484253e-01
-2.308482229709625244e-01
-2.367103993892669678e-01
-2.323220223188400269e-01
-2.283342331647872925e-01
-2.313284575939178467e-01
-2.337713092565536499e-01
-2.250891774892807007e-01
-2.261278331279754639e-01
-2.330182492733001709e-01
-2.313845455646514893e-01
-2.321376055479049683e-01
-2.318086177110671997e-01
-2.312369197607040405e-01
-2.273779660463333130e-01
-2.301072776317596436e-01
-2.434432953596115112e-01
-2.328064441680908203e-01
-2.335027903318405151e-01
-2.364108264446258545e-01
-2.331503480672836304e-01
-2.349755764007568359e-01
-2.303089201450347900e-01
-2.339975386857986450e-01
-2.328010499477386475e-01
-2.299495190382003784e-01
-2.356626838445663452e-01
-2.402201890945434570e-01
-2.290914803743362427e-01
-2.375822216272354126e-01
-2.334691137075424194e-01
-2.347146272659301758e-01
-2.370923757553100586e-01
-2.342884540557861328e-01
-2.384318113327026367e-01
-2.283917218446731567e-01
-2.330588400363922119e-01
-2.364607006311416626e-01
-2.314299792051315308e-01
-2.357279360294342041e-01
-2.349783182144165039e-01
-2.372431904077529907e-01
-2.347206026315689087e-01
-2.362471073865890503e-01
-2.371651232242584229e-01
-2.369544953107833862e-01
-2.326563596725463867e-01
-2.346837520599365234e-01
-2.375972419977188110e-01
-2.348638027906417847e-01
-2.410041987895965576e-01
-2.445107400417327881e-01
-2.413017898797988892e-01
-2.400256395339965820e-01
-2.376984506845474243e-01
-2.348183840513229370e-01
-2.451325953006744385e-01
-2.412647902965545654e-01
-2.405049204826354980e-01
-2.389598041772842407e-01
-2.393408715724945068e-01
-2.436666637659072876e-01
-2.371680587530136108e-01
-2.398815900087356567e-01
-2.476086765527725220e-01
-2.434005737304687500e-01
-2.443689852952957153e-01
-2.417964041233062744e-01
-2.429342418909072876e-01
-2.384290099143981934e-01
-2.411005795001983643e-01
-2.464686036109924316e-01
-2.412878572940826416e-01
-2.430118173360824585e-01
-2.422193288803100586e-01
-2.419822216033935547e-01
-2.518602013587951660e-01
-2.489115297794342041e-01
-2.439603358507156372e-01
-2.434830069541931152e-01
-2.482882887125015259e-01
-2.478661239147186279e-01
-2.472753375768661499e-01
-2.453834265470504761e-01
-2.396795302629470825e-01
-2.449717223644256592e-01
-2.441119402647018433e-01
-2.491897046566009521e-01
-2.414180636405944824e-01
-2.510358393192291260e-01
-2.473968863487243652e-01
-2.496156543493270874e-01
-2.533949315547943115e-01
-2.416117191314697266e-01
-2.472594827413558960e-01
-2.561405301094055176e-01
-2.546578347682952881e-01
-2.447626590728759766e-01
-2.470231354236602783e-01
-2.426323592662811279e-01
-2.457439154386520386e-01
-2.483111917972564697e-01
-2.494834661483764648e-01
-2.477754950523376465e-01
-2.492992579936981201e-01
-2.557945847511291504e-01
-2.522878944873809814e-01
-2.502999007701873779e-01
-2.501433491706848145e-01
-2.485035061836242676e-01
-2.455025017261505127e-01
-2.426655441522598267e-01
-2.533128857612609863e-01
-2.537187337875366211e-01
-2.425841689109802246e-01
-2.536278963088989258e-01
-2.446108460426330566e-01
-2.518746852874755859e-01
-2.517221271991729736e-01
-2.501335442066192627e-01
-2.508586347103118896e-01
-2.480020672082901001e-01
-2.498363703489303589e-01
-2.583306133747100830e-01
-2.507495880126953125e-01
-2.491431534290313721e-01
-2.525500059127807617e-01
-2.623515725135803223e-01
-2.478460073471069336e-01
-2.536353170871734619e-01
-2.592583596706390381e-01
-2.527087628841400146e-01
-2.538524866104125977e-01
-2.548030614852905273e-01
-2.529985010623931885e-01
-2.540321946144104004e-01
-2.470298707485198975e-01
-2.567192316055297852e-01
-2.525523304939270020e-01
-2.449592053890228271e-01
-2.456411719322204590e-01
-2.567345798015594482e-01
-2.526924610137939453e-01
-2.580081224441528320e-01
-2.490025162696838379e-01
-2.608555257320404053e-01
-2.529059946537017822e-01
-2.569361627101898193e-01
-2.547365128993988037e-01
-2.672283351421356201e-01
-2.486450076103210449e-01
-2.567708194255828857e-01
-2.484264522790908813e-01
-2.547075450420379639e-01
-2.540563344955444336e-01
-2.585269212722778320e-01
-2.603642344474792480e-01
-2.498003989458084106e-01
-2.546004652976989746e-01
-2.564480006694793701e-01
-2.473270744085311890e-01
-2.649390995502471924e-01
-2.515856027603149414e-01
-2.561217546463012695e-01
-2.630069553852081299e-01
-2.444105893373489380e-01
-2.494647800922393799e-01
-2.591802179813385010e-01
-2.530930638313293457e-01
-2.623424232006072998e-01
-2.555518150329589844e-01
-2.582729756832122803e-01
-2.515735030174255371e-01
-2.508706748485565186e-01
-2.539588809013366699e-01
-2.489819377660751343e-01
-2.574852406978607178e-01
-2.630951404571533203e-01
-2.511276304721832275e-01
-2.585118114948272705e-01
-2.540189027786254883e-01
-2.605080008506774902e-01
-2.605448663234710693e-01
-2.438147217035293579e-01
-2.690345942974090576e-01
-2.471568882465362549e-01
-2.558582127094268799e-01
-2.509059309959411621e-01
-2.672049701213836670e-01
-2.542403638362884521e-01
-2.580063939094543457e-01
-2.582786381244659424e-01
-2.573436796665191650e-01
-2.559169530868530273e-01
-2.573727369308471680e-01
-2.516937553882598877e-01
-2.586160302162170410e-01
-2.461937516927719116e-01
-2.570028007030487061e-01
-2.615897357463836670e-01
-2.618935108184814453e-01
-2.537562549114227295e-01
-2.559227049350738525e-01
-2.517234981060028076e-01
-2.550205886363983154e-01
-2.588630616664886475e-01
-2.509420514106750488e-01
-2.582010030746459961e-01
-2.568577229976654053e-01
-2.598239183425903320e-01
-2.604362666606903076e-01
-2.525948882102966309e-01
-2.609564960002899170e-01
-2.594434916973114014e-01
-2.523903846740722656e-01
-2.586478292942047119e-01
-2.519329786300659180e-01
-2.606668174266815186e-01
-2.477435916662216187e-01
-2.690071463584899902e-01
-2.575099468231201172e-01
-2.516430914402008057e-01
-2.562858164310455322e-01
-2.516297399997711182e-01
-2.594932317733764648e-01
-2.471162974834442139e-01
-2.591447830200195312e-01
-2.592567801475524902e-01
-2.624868750572204590e-01
-2.566464841365814209e-01
-2.602486014366149902e-01
-2.562288343906402588e-01
-2.581488490104675293e-01
-2.497703880071640015e-01
-2.591584026813507080e-01
-2.609999179840087891e-01
-2.503441870212554932e-01
-2.621969580650329590e-01
-2.646566033363342285e-01
-2.480622380971908569e-01
-2.539467215538024902e-01
-2.561954557895660400e-01
-2.606174051761627197e-01
-2.511207759380340576e-01
-2.599656283855438232e-01
-2.523224949836730957e-01
-2.548899650573730469e-01
-2.609827518463134766e-01
-2.570172548294067383e-01
-2.562443315982818604e-01
-2.535184919834136963e-01
-2.656832933425903320e-01
-2.572326064109802246e-01
-2.556866705417633057e-01
-2.559055984020233154e-01
-2.605561017990112305e-01
-2.645593881607055664e-01
-2.482499927282333374e-01
-2.662127614021301270e-01
-2.641850113868713379e-01
-2.536483108997344971e-01
-2.563119530677795410e-01
-2.639643549919128418e-01
-2.578047215938568115e-01
-2.581106424331665039e-01
-2.588340938091278076e-01
-2.660776376724243164e-01
-2.582439482212066650e-01
-2.541379928588867188e-01
-2.656244635581970215e-01
-2.615217268466949463e-01
-2.610563933849334717e-01
-2.621606588363647461e-01
-2.623166441917419434e-01
-2.591533362865447998e-01
-2.578940987586975098e-01
-2.629177272319793701e-01
-2.669545412063598633e-01
-2.648294270038604736e-01
-2.582942545413970947e-01
-2.627244293689727783e-01
-2.649711966514587402e-01
-2.655237317085266113e-01
-2.650531530380249023e-01
-2.556470930576324463e-01
-2.563794851303100586e-01
-2.638041079044342041e-01
-2.678663730621337891e-01
-2.709779739379882812e-01
-2.704210877418518066e-01
-2.734638154506683350e-01
-2.665347456932067871e-01
-2.631342709064483643e-01
-2.615778148174285889e-01
-2.658770680427551270e-01
-2.652147114276885986e-01
-2.676125466823577881e-01
-2.704533636569976807e-01
-2.705544233322143555e-01
-2.735399305820465088e-01
-2.658940553665161133e-01
-2.692927122116088867e-01
-2.711065709590911865e-01
-2.790561914443969727e-01
-2.749730050563812256e-01
-2.669332027435302734e-01
-2.655899524688720703e-01
-2.667468190193176270e-01
-2.701574563980102539e-01
-2.682512700557708740e-01
-2.720150053501129150e-01
-2.810480892658233643e-01
-2.731237113475799561e-01
-2.660272717475891113e-01
-2.635514736175537109e-01
-2.699838876724243164e-01
-2.766213417053222656e-01
-2.736505866050720215e-01
-2.760871946811676025e-01
-2.703638970851898193e-01
-2.705534696578979492e-01
-2.703702449798583984e-01
-2.671233713626861572e-01
-2.680743932723999023e-01
-2.703378200531005859e-01
-2.757909297943115234e-01
-2.733842730522155762e-01
-2.807519733905792236e-01
-2.734026312828063965e-01
-2.717578411102294922e-01
-2.678319215774536133e-01
-2.703562974929809570e-01
-2.670010328292846680e-01
-2.702538073062896729e-01
-2.709995806217193604e-01
-2.744460999965667725e-01
-2.730917334556579590e-01
-2.750050723552703857e-01
-2.754386961460113525e-01
-2.786815166473388672e-01
-2.782844007015228271e-01
-2.779020965099334717e-01
-2.728691697120666504e-01
-2.789737582206726074e-01
-2.762136459350585938e-01
-2.763006091117858887e-01
-2.783934473991394043e-01
-2.744198739528656006e-01
-2.785637378692626953e-01
-2.763762176036834717e-01
-2.783816456794738770e-01
-2.782246172428131104e-01
-2.778817713260650635e-01
-2.732036113739013672e-01
-2.741785645484924316e-01
-2.767280042171478271e-01
-2.717420756816864014e-01
-2.707185745239257812e-01
-2.672848999500274658e-01
-2.707371115684509277e-01
-2.772289216518402100e-01
-2.687474489212036133e-01
-2.762026786804199219e-01
-2.740676403045654297e-01
-2.719376087188720703e-01
-2.674933671951293945e-01
-2.695093154907226562e-01
-2.803783714771270752e-01
-2.818044722080230713e-01
-2.683653831481933594e-01
-2.702970802783966064e-01
-2.684505283832550049e-01
-2.706389129161834717e-01
-2.717691063880920410e-01
-2.705333828926086426e-01
-2.740806937217712402e-01
-2.797088027000427246e-01
-2.761568725109100342e-01
-2.795193791389465332e-01
-2.808707356452941895e-01
-2.803108990192413330e-01
-2.749319374561309814e-01
-2.709984779357910156e-01
-2.750009298324584961e-01
-2.612002789974212646e-01
-2.611828744411468506e-01
-2.674902975559234619e-01
-2.703999876976013184e-01
-2.690139710903167725e-01
-2.795178890228271484e-01
-2.768413126468658447e-01
-2.713704705238342285e-01
-2.720859944820404053e-01
-2.742263078689575195e-01
-2.688596248626708984e-01
-2.769115865230560303e-01
-2.760592699050903320e-01
-2.726387381553649902e-01
-2.777908444404602051e-01
-2.754369974136352539e-01
-2.729448378086090088e-01
-2.754716873168945312e-01
-2.709389030933380127e-01
-2.679823637008666992e-01
-2.725079357624053955e-01
-2.705635428428649902e-01
-2.781093716621398926e-01
-2.754589915275573730e-01
-2.787538468837738037e-01
-2.782369554042816162e-01
-2.774411141872406006e-01
-2.740539610385894775e-01
-2.812006771564483643e-01
-2.700231373310089111e-01
-2.759743034839630127e-01
-2.768334448337554932e-01
-2.786552608013153076e-01
-2.720944881439208984e-01
-2.667805552482604980e-01
-2.751632034778594971e-01
-2.778846919536590576e-01
-2.766364514827728271e-01
-2.788794040679931641e-01
-2.742701470851898193e-01
-2.742354571819305420e-01
-2.809787094593048096e-01
-2.764508724212646484e-01
-2.830848991870880127e-01
-2.705095708370208740e-01
-2.677654027938842773e-01
-2.764643430709838867e-01
-2.788667678833007812e-01
-2.819567918777465820e-01
-2.765132486820220947e-01
-2.682980597019195557e-01
-2.733975052833557129e-01
-2.686017751693725586e-01
-2.638292312622070312e-01
-2.653988301753997803e-01
-2.698289752006530762e-01
-2.701824605464935303e-01
-2.728004157543182373e-01
-2.694778144359588623e-01
-2.784808278083801270e-01
-2.802262008190155029e-01
-2.751716375350952148e-01
-2.775482535362243652e-01
-2.732627093791961670e-01
-2.725038528442382812e-01
-2.735649645328521729e-01
-2.819646298885345459e-01
-2.823808789253234863e-01
-2.725230157375335693e-01
-2.734938263893127441e-01
-2.729401886463165283e-01
-2.790195345878601074e-01
-2.862174510955810547e-01
-2.859604060649871826e-01
-2.820405364036560059e-01
-2.812097072601318359e-01
-2.786357402801513672e-01
-2.740159928798675537e-01
-2.751105129718780518e-01
-2.730692028999328613e-01
-2.746214568614959717e-01
-2.740156352519989014e-01
-2.784916758537292480e-01
-2.802565991878509521e-01
-2.836318016052246094e-01
-2.789230048656463623e-01
-2.785634398460388184e-01
-2.728535234928131104e-01
-2.755361795425415039e-01
-2.747064232826232910e-01
-2.800368070602416992e-01
-2.709828615188598633e-01
-2.727696001529693604e-01
-2.736296951770782471e-01
-2.785180807113647461e-01
-2.827672064304351807e-01
-2.798767685890197754e-01
-2.796115279197692871e-01
-2.796826660633087158e-01
-2.743591666221618652e-01
-2.720622718334197998e-01
-2.676646113395690918e-01
-2.781198918819427490e-01
-2.785127460956573486e-01
-2.766062021255493164e-01
-2.782918214797973633e-01
-2.755397260189056396e-01
-2.747226059436798096e-01
-2.738126814365386963e-01
-2.802399992942810059e-01
-2.789576649665832520e-01
-2.710801064968109131e-01
-2.747810781002044678e-01
-2.733444869518280029e-01
-2.748261690139770508e-01
-2.714898586273193359e-01
-2.683224081993103027e-01
-2.743333876132965088e-01
-2.773579955101013184e-01
-2.712378203868865967e-01
-2.775812447071075439e-01
-2.817038595676422119e-01
-2.790074944496154785e-01
-2.769119143486022949e-01
-2.709039449691772461e-01
-2.763689458370208740e-01
-2.787216305732727051e-01
-2.755954861640930176e-01
-2.761867642402648926e-01
-2.779235243797302246e-01
-2.718725502490997314e-01
-2.752159535884857178e-01
-2.719501256942749023e-01
-2.696033120155334473e-01
-2.652494311332702637e-01
-2.724153995513916016e-01
-2.754120826721191406e-01
-2.785395979881286621e-01
-2.765362262725830078e-01
-2.749570906162261963e-01
-2.801534533500671387e-01
-2.762121558189392090e-01
-2.750279903411865234e-01
-2.780150473117828369e-01
-2.812358140945434570e-01
-2.736086547374725342e-01
-2.755854427814483643e-01
-2.731708288192749023e-01
-2.749361693859100342e-01
-2.738577127456665039e-01
-2.764503061771392822e-01
-2.837209105491638184e-01
-2.839503586292266846e-01
-2.802442014217376709e-01
-2.799659073352813721e-01
-2.817174196243286133e-01
-2.823458313941955566e-01
-2.856206893920898438e-01
-2.819493710994720459e-01
-2.827979922294616699e-01
-2.872725725173950195e-01
-2.847810685634613037e-01
-2.823840677738189697e-01
-2.807164788246154785e-01
-2.857075333595275879e-01
-2.827441990375518799e-01
-2.859702706336975098e-01
-2.886655926704406738e-01
-2.885056734085083008e-01
-2.831605970859527588e-01
-2.779409587383270264e-01
-2.892864644527435303e-01
-2.850934565067291260e-01
-2.886568605899810791e-01
-2.839506268501281738e-01
-2.925148904323577881e-01
-2.868260443210601807e-01
-2.872849702835083008e-01
-2.868388891220092773e-01
-2.856976091861724854e-01
-2.912598252296447754e-01
-2.861209213733673096e-01
-2.934830486774444580e-01
-2.911309301853179932e-01
-2.921269237995147705e-01
-2.878363728523254395e-01
-2.898249626159667969e-01
-2.909100949764251709e-01
-2.929774820804595947e-01
-2.909528315067291260e-01
-2.836523056030273438e-01
-2.848701179027557373e-01
-2.848792374134063721e-01
-2.942920923233032227e-01
-2.991547882556915283e-01
-2.976050674915313721e-01
-2.938259243965148926e-01
-2.870216369628906250e-01
-2.884994149208068848e-01
-2.916938960552215576e-01
-2.906326353549957275e-01
-2.848729789257049561e-01
-2.884816527366638184e-01
-2.870114147663116455e-01
-2.882012426853179932e-01
-2.845861315727233887e-01
-2.923468947410583496e-01
-2.938806712627410889e-01
-2.943645119667053223e-01
-2.967066764831542969e-01
-2.900895476341247559e-01
-2.898700237274169922e-01
-2.928979396820068359e-01
-2.920517921447753906e-01
-2.917535901069641113e-01
-2.941123843193054199e-01
-2.896171212196350098e-01
-2.973151206970214844e-01
-2.938038706779479980e-01
-2.934579849243164062e-01
-2.897308468818664551e-01
-2.971975803375244141e-01
-2.940432727336883545e-01
-2.966042757034301758e-01
-2.931850552558898926e-01
-2.916568517684936523e-01
-2.925914824008941650e-01
-2.899619042873382568e-01
-2.849758863449096680e-01
-2.917585670948028564e-01
-2.905336916446685791e-01
-2.924207150936126709e-01
-2.886742055416107178e-01
-2.905099391937255859e-01
-2.933230400085449219e-01
-2.930703163146972656e-01
-2.865628600120544434e-01
-2.904059290885925293e-01
-2.924775183200836182e-01
-2.937138378620147705e-01
-2.961765825748443604e-01
-2.901739478111267090e-01
-2.883000969886779785e-01
-2.922238111495971680e-01
-2.882052958011627197e-01
-2.929356694221496582e-01
-2.874396145343780518e-01
-2.917377948760986328e-01
-2.955974936485290527e-01
-2.928349673748016357e-01
-2.904413640499114990e-01
-2.990065813064575195e-01
-2.917727530002593994e-01
-2.890244126319885254e-01
-2.903090119361877441e-01
-2.936953306198120117e-01
-2.946480512619018555e-01
-2.899949848651885986e-01
-2.857758998870849609e-01
-2.855457663536071777e-01
-2.900748848915100098e-01
-2.958378195762634277e-01
-2.953098714351654053e-01
-2.940931320190429688e-01
-2.885626852512359619e-01
-2.866199314594268799e-01
-2.952740490436553955e-01
-2.942482531070709229e-01
-2.951302528381347656e-01
-2.903406620025634766e-01
-2.923531234264373779e-01
-2.953505814075469971e-01
-2.957529723644256592e-01
-3.054945170879364014e-01
-2.904379963874816895e-01
-2.933104932308197021e-01
-2.956590950489044189e-01
-2.974990010261535645e-01
-2.967371344566345215e-01
-2.922218143939971924e-01
-2.884111404418945312e-01
-2.992183864116668701e-01
-2.933480739593505859e-01
-2.925283908843994141e-01
-2.932792603969573975e-01
-2.918026745319366455e-01
-2.964680194854736328e-01
-2.955745160579681396e-01
-2.993754148483276367e-01
-2.930654585361480713e-01
-2.956181168556213379e-01
-2.918120622634887695e-01
-2.882532775402069092e-01
-2.941894233226776123e-01
-2.922254502773284912e-01
-2.987700700759887695e-01
-2.950871586799621582e-01
-2.896129786968231201e-01
-2.867327332496643066e-01
-2.936083376407623291e-01
-2.965795099735260010e-01
-2.953473925590515137e-01
-2.952803075313568115e-01
-2.883226871490478516e-01
-2.887770533561706543e-01
-2.879848778247833252e-01
-2.941817045211791992e-01
-2.946602404117584229e-01
-2.931230366230010986e-01
-2.896160781383514404e-01
-2.864337861537933350e-01
-2.979888319969177246e-01
-2.985472381114959717e-01
-2.945973873138427734e-01
-2.899195849895477295e-01
-2.958294749259948730e-01
-2.926580011844635010e-01
-3.013610243797302246e-01
-2.954406142234802246e-01
-2.896046638488769531e-01
-2.912250161170959473e-01
-2.897604703903198242e-01
-2.875872254371643066e-01
-2.896402776241302490e-01
-2.897548973560333252e-01
-2.920483946800231934e-01
-2.980635464191436768e-01
-2.973120212554931641e-01
-2.981121540069580078e-01
-2.992358803749084473e-01
-2.959622740745544434e-01
-2.963309884071350098e-01
-2.974873781204223633e-01
-2.950209677219390869e-01
-2.959305346012115479e-01
-2.896878123283386230e-01
-2.966239750385284424e-01
-2.984626293182373047e-01
-2.961195111274719238e-01
-2.921161353588104248e-01
-2.978241443634033203e-01
-2.956676781177520752e-01
-2.986690998077392578e-01
-2.972715795040130615e-01
-2.965536713600158691e-01
-2.923782169818878174e-01
-2.955875992774963379e-01
-2.970212101936340332e-01
-3.033836781978607178e-01
-3.059696555137634277e-01
-3.052434027194976807e-01
-3.012255430221557617e-01
-2.950589656829833984e-01
-2.948704957962036133e-01
-2.951804101467132568e-01
-2.958789467811584473e-01
-2.983885407447814941e-01
-3.046578466892242432e-01
-3.010351359844207764e-01
-2.934238314628601074e-01
-2.952153384685516357e-01
-2.988240420818328857e-01
-2.988278567790985107e-01
-3.003591299057006836e-01
-3.002761900424957275e-01
-2.943329811096191406e-01
-2.930797040462493896e-01
-2.913665771484375000e-01
-2.940543293952941895e-01
-2.986353635787963867e-01
-2.990158200263977051e-01
-2.951411008834838867e-01
-2.966454625129699707e-01
-3.019859790802001953e-01
-3.022387027740478516e-01
-2.965799272060394287e-01
-2.905178964138031006e-01
-2.984146177768707275e-01
-2.953022122383117676e-01
-2.896021902561187744e-01
-2.927293777465820312e-01
-2.961216270923614502e-01
-3.012449741363525391e-01
-2.954451441764831543e-01
-3.001970350742340088e-01
-2.892715334892272949e-01
-2.942850887775421143e-01
-2.980831265449523926e-01
-3.025589883327484131e-01
-3.006516695022583008e-01
-3.063689470291137695e-01
-2.976825535297393799e-01
-2.971267402172088623e-01
-2.925916016101837158e-01
-2.991737723350524902e-01
-2.996318340301513672e-01
-2.984805107116699219e-01
-2.922514677047729492e-01
-2.928137779235839844e-01
-2.997376918792724609e-01
-2.998602688312530518e-01
-2.994296848773956299e-01
-2.914504110813140869e-01
-2.914575934410095215e-01
-2.950975298881530762e-01
-2.993121147155761719e-01
-2.965350449085235596e-01
-2.957245111465454102e-01
-2.975198030471801758e-01
-2.966136336326599121e-01
-2.962435483932495117e-01
-2.966566085815429688e-01
-2.949907183647155762e-01
-2.974472045898437500e-01
-2.967747151851654053e-01
-2.958859801292419434e-01
-3.008101284503936768e-01
-2.968600988388061523e-01
-2.939493656158447266e-01
-3.006548583507537842e-01
-3.030946850776672363e-01
-2.944898009300231934e-01
-2.958497405052185059e-01
-2.972388267517089844e-01
-3.003481924533843994e-01
-2.982828319072723389e-01
-3.018816113471984863e-01
-3.024785220623016357e-01
-3.011156022548675537e-01
-2.942092418670654297e-01
-2.943781018257141113e-01
-2.973039448261260986e-01
-2.958522439002990723e-01
-2.966646254062652588e-01
-2.941211462020874023e-01
-2.953053712844848633e-01
-2.996846437454223633e-01
-3.076633214950561523e-01
-3.033064603805541992e-01
-2.974401116371154785e-01
-3.039001524448394775e-01
-3.080453574657440186e-01
-3.059464097023010254e-01
-3.020094633102416992e-01
-2.949767410755157471e-01
-3.004523813724517822e-01
-3.054102659225463867e-01
-3.017798960208892822e-01
-3.036456704139709473e-01
-2.984668016433715820e-01
-3.010743260383605957e-01
-3.026833832263946533e-01
-3.040418624877929688e-01
-3.018075227737426758e-01
-2.989358007907867432e-01
-2.995644807815551758e-01
-2.998040020465850830e-01
-3.052416145801544189e-01
-3.078778982162475586e-01
-3.081669211387634277e-01
-3.032572567462921143e-01
-2.967574894428253174e-01
-2.934595942497253418e-01
-2.956597805023193359e-01
-2.900087833404541016e-01
-2.968706786632537842e-01
-3.023004531860351562e-01
-2.982892990112304688e-01
-3.051344156265258789e-01
-2.973924279212951660e-01
