-2.273313850164413452e-01
-2.474258691072463989e-01
-2.645813822746276855e-01
-2.743025422096252441e-01
-2.766961157321929932e-01
-2.722146511077880859e-01
-2.748833000659942627e-01
-2.851204872131347656e-01
-2.925398945808410645e-01
-2.918399870395660400e-01
-3.055523931980133057e-01
-3.198099732398986816e-01
-3.204608857631683350e-01
-3.270798623561859131e-01
-3.275870978832244873e-01
-3.355017602443695068e-01
-3.394010066986083984e-01
-3.433552980422973633e-01
-3.432042896747589111e-01
-3.489513695240020752e-01
-3.486649096012115479e-01
-3.505662083625793457e-01
-3.502615094184875488e-01
-3.507724106311798096e-01
-3.528907001018524170e-01
-3.563629388809204102e-01
-3.545041680335998535e-01
-3.556382954120635986e-01
-3.564435541629791260e-01
-3.574423789978027344e-01
-3.589973747730255127e-01
-3.573790788650512695e-01
-3.584503531455993652e-01
-3.591286242008209229e-01
-3.565397858619689941e-01
-3.583132326602935791e-01
-3.587917685508728027e-01
-3.588017523288726807e-01
-3.577520549297332764e-01
-3.599790632724761963e-01
-3.578203916549682617e-01
-3.561197221279144287e-01
-3.600784838199615479e-01
-3.557966053485870361e-01
-3.601815700531005859e-01
-3.602761924266815186e-01
-3.612426817417144775e-01
-3.597850203514099121e-01
-3.586773276329040527e-01
-3.586148619651794434e-01
-3.609037995338439941e-01
-3.605170249938964844e-01
-3.615491390228271484e-01
-3.589097857475280762e-01
-3.621937930583953857e-01
-3.588752448558807373e-01
-3.607098460197448730e-01
-3.610094487667083740e-01
-3.607443571090698242e-01
-3.592333793640136719e-01
-3.610457777976989746e-01
-3.629804849624633789e-01
-3.609473407268524170e-01
-3.605095148086547852e-01
-3.613608479499816895e-01
-3.603946566581726074e-01
-3.610263168811798096e-01
-3.631263375282287598e-01
-3.612363636493682861e-01
-3.587713539600372314e-01
-3.613140881061553955e-01
-3.614836931228637695e-01
-3.586209714412689209e-01
-3.627029955387115479e-01
-3.602520525455474854e-01
-3.611379861831665039e-01
-3.604052364826202393e-01
-3.605399131774902344e-01
-3.577231764793395996e-01
-3.595966696739196777e-01
-3.590977787971496582e-01
-3.605223298072814941e-01
-3.603302836418151855e-01
-3.595871329307556152e-01
-3.603751957416534424e-01
-3.600056767463684082e-01
-3.563527762889862061e-01
-3.590216636657714844e-01
-3.591416478157043457e-01
-3.611674308776855469e-01
-3.599477410316467285e-01
-3.620589077472686768e-01
-3.591711223125457764e-01
-3.575346469879150391e-01
-3.590444326400756836e-01
-3.580447435379028320e-01
-3.609606623649597168e-01
-3.576419055461883545e-01
-3.612906932830810547e-01
-3.587176799774169922e-01
-3.582299053668975830e-01
-3.546142578125000000e-01
-3.585168421268463135e-01
-3.583529591560363770e-01
-3.581505715847015381e-01
-3.585716485977172852e-01
-3.605047166347503662e-01
-3.581686913967132568e-01
-3.555667698383331299e-01
-3.558157384395599365e-01
-3.579597771167755127e-01
-3.570067286491394043e-01
-3.585661649703979492e-01
-3.566238284111022949e-01
-3.568489253520965576e-01
-3.573761582374572754e-01
-3.562499582767486572e-01
-3.547833263874053955e-01
-3.565860092639923096e-01
-3.582900762557983398e-01
-3.548316657543182373e-01
-3.605304360389709473e-01
-3.549486994743347168e-01
-3.559364080429077148e-01
-3.594663143157958984e-01
-3.588139414787292480e-01
-3.615574836730957031e-01
-3.535572290420532227e-01
-3.593552112579345703e-01
-3.558134734630584717e-01
-3.583968877792358398e-01
-3.577582836151123047e-01
-3.566268384456634521e-01
-3.554698824882507324e-01
-3.588790297508239746e-01
-3.580194115638732910e-01
-3.566963672637939453e-01
-3.597481548786163330e-01
-3.574096560478210449e-01
-3.558460474014282227e-01
-3.557722866535186768e-01
-3.586829006671905518e-01
-3.583928346633911133e-01
-3.559623062610626221e-01
-3.588510751724243164e-01
-3.579377532005310059e-01
-3.583662509918212891e-01
-3.572351932525634766e-01
-3.578182458877563477e-01
-3.589129149913787842e-01
-3.563372194766998291e-01
-3.560679852962493896e-01
-3.579113185405731201e-01
-3.563638627529144287e-01
-3.585683107376098633e-01
-3.567609488964080811e-01
-3.590594530105590820e-01
-3.587071001529693604e-01
-3.594334125518798828e-01
-3.573520183563232422e-01
-3.571037054061889648e-01
-3.562393188476562500e-01
-3.572627604007720947e-01
-3.570075631141662598e-01
-3.588658273220062256e-01
-3.591782748699188232e-01
-3.595444262027740479e-01
-3.597675263881683350e-01
-3.549835383892059326e-01
-3.562783300876617432e-01
-3.580421209335327148e-01
-3.601359426975250244e-01
-3.558768630027770996e-01
-3.581845760345458984e-01
-3.576343357563018799e-01
-3.570683300495147705e-01
-3.606231808662414551e-01
-3.580777049064636230e-01
-3.582018315792083740e-01
-3.569124639034271240e-01
-3.592138886451721191e-01
-3.599367141723632812e-01
-3.551462888717651367e-01
-3.469157218933105469e-01
-3.587674200534820557e-01
-3.577621281147003174e-01
-3.576232790946960449e-01
-3.575060367584228516e-01
-3.460550606250762939e-01
-3.583524823188781738e-01
-3.590186238288879395e-01
-3.592817783355712891e-01
-3.567058742046356201e-01
-2.301124036312103271e-01
-2.235829234123229980e-01
-2.271545827388763428e-01
-2.386398613452911377e-01
-2.391567230224609375e-01
-2.435823082923889160e-01
-2.472559958696365356e-01
-2.439485788345336914e-01
-2.497815042734146118e-01
-2.549935281276702881e-01
-2.575682997703552246e-01
-2.650908529758453369e-01
-2.719052433967590332e-01
-2.771362960338592529e-01
-2.815408110618591309e-01
-2.804634869098663330e-01
-2.901687920093536377e-01
-2.864021062850952148e-01
-2.889808416366577148e-01
-2.975304424762725830e-01
-3.011143803596496582e-01
-3.058432936668395996e-01
-3.066738843917846680e-01
-3.083076775074005127e-01
-3.118981719017028809e-01
-3.091229796409606934e-01
-3.189441561698913574e-01
-3.138743340969085693e-01
-3.190405070781707764e-01
-3.279572725296020508e-01
-3.312090337276458740e-01
-3.320606648921966553e-01
-3.375683724880218506e-01
-3.328293561935424805e-01
-3.404641747474670410e-01
-3.425795435905456543e-01
-3.406473398208618164e-01
-3.448235988616943359e-01
-3.487619757652282715e-01
-3.499165773391723633e-01
-3.484091460704803467e-01
-3.464924395084381104e-01
-3.473892807960510254e-01
-3.515988290309906006e-01
-3.534358739852905273e-01
-3.537407517433166504e-01
-3.549367785453796387e-01
-3.562130033969879150e-01
-3.598421812057495117e-01
-3.567472100257873535e-01
-3.584640026092529297e-01
-3.605930805206298828e-01
-3.582742214202880859e-01
-3.605507910251617432e-01
-3.597297966480255127e-01
-3.613074421882629395e-01
-3.624312877655029297e-01
-3.571436107158660889e-01
-3.623938262462615967e-01
-3.630561232566833496e-01
-3.606885969638824463e-01
-3.601299226284027100e-01
-3.617324829101562500e-01
-3.614130318164825439e-01
-3.613556623458862305e-01
-3.588587939739227295e-01
-3.613608777523040771e-01
-3.612038493156433105e-01
-3.629570305347442627e-01
-3.631299436092376709e-01
-3.635262548923492432e-01
-3.636412322521209717e-01
-3.592614233493804932e-01
-3.621921837329864502e-01
-3.643718659877777100e-01
-3.622608780860900879e-01
-3.621434271335601807e-01
-3.634126484394073486e-01
-3.627731800079345703e-01
-3.623795211315155029e-01
-3.639706969261169434e-01
-3.615281283855438232e-01
-3.612329065799713135e-01
-3.621418178081512451e-01
-3.627555072307586670e-01
-3.621031045913696289e-01
-3.644066751003265381e-01
-3.605325222015380859e-01
-3.623380064964294434e-01
-3.610977828502655029e-01
-3.603105247020721436e-01
-3.618186712265014648e-01
-3.633307516574859619e-01
-3.625259697437286377e-01
-3.622361421585083008e-01
-3.633625805377960205e-01
-3.641866147518157959e-01
-3.602127730846405029e-01
-3.633121550083160400e-01
-3.619440197944641113e-01
-3.612805306911468506e-01
-3.629554510116577148e-01
-3.641475737094879150e-01
-3.635948300361633301e-01
-3.623941540718078613e-01
-3.596399426460266113e-01
-3.612439632415771484e-01
-3.619575500488281250e-01
-3.639518916606903076e-01
-3.645079433917999268e-01
-3.618094921112060547e-01
-3.624255657196044922e-01
-3.641243278980255127e-01
-3.627998828887939453e-01
-3.629432916641235352e-01
-3.645526766777038574e-01
-3.620604574680328369e-01
-3.620174229145050049e-01
-3.625916838645935059e-01
-3.626044094562530518e-01
-3.638100028038024902e-01
-3.635627925395965576e-01
-3.613767027854919434e-01
-3.626554310321807861e-01
-3.637814223766326904e-01
-3.586771786212921143e-01
-3.620965480804443359e-01
-3.636566698551177979e-01
-3.616266548633575439e-01
-3.616491556167602539e-01
-3.640038073062896729e-01
-3.615151643753051758e-01
-3.623450994491577148e-01
-3.638903796672821045e-01
-3.628508746623992920e-01
-3.643671572208404541e-01
-3.628701865673065186e-01
-3.621264100074768066e-01
-3.626955449581146240e-01
-3.637283146381378174e-01
-3.650586009025573730e-01
-3.643019497394561768e-01
-3.612038195133209229e-01
-3.642250299453735352e-01
-3.623248636722564697e-01
-3.624743819236755371e-01
-3.646748661994934082e-01
-3.638215661048889160e-01
-3.640929460525512695e-01
-3.624269664287567139e-01
-3.639452457427978516e-01
-3.624405264854431152e-01
-3.617213070392608643e-01
-3.625681400299072266e-01
-3.623246550559997559e-01
-3.640173077583312988e-01
-3.649178743362426758e-01
-3.635492026805877686e-01
-3.637015521526336670e-01
-3.640536367893218994e-01
-3.652074337005615234e-01
-3.635820448398590088e-01
-3.636511862277984619e-01
-3.633253276348114014e-01
-3.648311197757720947e-01
-3.647985756397247314e-01
-3.620129525661468506e-01
-3.636956214904785156e-01
-3.621207773685455322e-01
-3.637196123600006104e-01
-3.646693825721740723e-01
-3.652241826057434082e-01
-3.622900843620300293e-01
-3.637050688266754150e-01
-3.642766475677490234e-01
-3.627192974090576172e-01
-3.646434247493743896e-01
-3.636611402034759521e-01
-3.639110028743743896e-01
-3.639729917049407959e-01
-3.648717403411865234e-01
-3.638957142829895020e-01
-3.639500141143798828e-01
-3.626390099525451660e-01
-3.637717366218566895e-01
-3.625411987304687500e-01
-3.622948527336120605e-01
-3.626984357833862305e-01
-3.625957071781158447e-01
-3.630971908569335938e-01
-3.639468848705291748e-01
-3.641983568668365479e-01
-3.643684089183807373e-01
-3.655123412609100342e-01
-3.626312017440795898e-01
-3.650344610214233398e-01
-3.627587556838989258e-01
-3.641423285007476807e-01
-3.620818555355072021e-01
-3.629206418991088867e-01
-3.619896173477172852e-01
-3.661511838436126709e-01
-3.655507266521453857e-01
-3.646987080574035645e-01
-3.650658726692199707e-01
-3.637794554233551025e-01
-3.648397326469421387e-01
-3.655286133289337158e-01
-3.633506894111633301e-01
-3.629895746707916260e-01
-3.635368645191192627e-01
-3.626310825347900391e-01
-3.642113506793975830e-01
-3.636249899864196777e-01
-3.627032637596130371e-01
-3.635388910770416260e-01
-3.635804951190948486e-01
-3.641653954982757568e-01
-3.649605214595794678e-01
-3.641099631786346436e-01
-3.637677431106567383e-01
-3.638462424278259277e-01
-3.655080497264862061e-01
-3.634277284145355225e-01
-3.644702434539794922e-01
-3.634223043918609619e-01
-3.641538023948669434e-01
-3.649025559425354004e-01
-3.654934465885162354e-01
-3.656514883041381836e-01
-3.642246425151824951e-01
-3.654967546463012695e-01
-3.634153306484222412e-01
-3.649081885814666748e-01
-3.629343211650848389e-01
-3.651440739631652832e-01
-3.639306724071502686e-01
-3.635256886482238770e-01
-3.652418255805969238e-01
-3.646502792835235596e-01
-3.647647798061370850e-01
-3.633743226528167725e-01
-3.652983009815216064e-01
-3.666811287403106689e-01
-3.644573390483856201e-01
-3.652513027191162109e-01
-3.650415241718292236e-01
-3.666607141494750977e-01
-3.651732206344604492e-01
-3.635500967502593994e-01
-3.630153238773345947e-01
-3.639985024929046631e-01
-3.651622235774993896e-01
-3.649548590183258057e-01
-3.642215132713317871e-01
-3.634081482887268066e-01
-3.645100891590118408e-01
-3.651672899723052979e-01
-3.618766963481903076e-01
-3.633199036121368408e-01
-3.642480969429016113e-01
-3.625954985618591309e-01
-3.636116385459899902e-01
-3.653936088085174561e-01
-3.616561889648437500e-01
-3.638332486152648926e-01
-3.642800152301788330e-01
-3.646316528320312500e-01
-3.659392595291137695e-01
-3.652609288692474365e-01
-3.640132546424865723e-01
-3.634352385997772217e-01
-3.653398454189300537e-01
-3.654082417488098145e-01
-3.643532097339630127e-01
-3.650991916656494141e-01
-3.650405108928680420e-01
-3.649820685386657715e-01
-3.637813031673431396e-01
-3.651615083217620850e-01
-3.653032779693603516e-01
-3.628529310226440430e-01
-3.620870411396026611e-01
-3.639346063137054443e-01
-3.626474142074584961e-01
-3.662246465682983398e-01
-3.637346327304840088e-01
-3.661491274833679199e-01
-3.650878667831420898e-01
-3.658490478992462158e-01
-3.643051087856292725e-01
-3.638037145137786865e-01
-3.654197454452514648e-01
-3.648497760295867920e-01
-3.643799424171447754e-01
-3.646257221698760986e-01
-3.640798032283782959e-01
-3.635390102863311768e-01
-3.646685183048248291e-01
-3.644751012325286865e-01
-3.641246259212493896e-01
-3.648838996887207031e-01
-3.616246879100799561e-01
-3.636310696601867676e-01
-3.660970926284790039e-01
-3.655312657356262207e-01
-3.656825125217437744e-01
-3.636225461959838867e-01
-3.645530343055725098e-01
-3.643109798431396484e-01
-3.638045489788055420e-01
-3.626783490180969238e-01
-3.649607598781585693e-01
-3.646540045738220215e-01
-3.653599917888641357e-01
-3.625123202800750732e-01
-3.639759123325347900e-01
-3.654089570045471191e-01
-3.641200065612792969e-01
-3.657750785350799561e-01
-3.625205755233764648e-01
-3.657478690147399902e-01
-3.631178736686706543e-01
-3.633404970169067383e-01
-3.648657202720642090e-01
-3.660649359226226807e-01
-3.633589446544647217e-01
-3.672688603401184082e-01
-3.645941019058227539e-01
-3.625230193138122559e-01
-3.633730411529541016e-01
-3.632297217845916748e-01
-3.635480999946594238e-01
-3.648130595684051514e-01
-3.639664351940155029e-01
-3.641785979270935059e-01
-3.653394877910614014e-01
-3.652587234973907471e-01
-3.634171783924102783e-01
-3.647240102291107178e-01
-3.641136288642883301e-01
-3.632819950580596924e-01
-3.641050457954406738e-01
-3.647293746471405029e-01
-3.634552061557769775e-01
-3.635555505752563477e-01
-3.631657063961029053e-01
-3.627960681915283203e-01
-3.637677133083343506e-01
-3.635337054729461670e-01
-3.624477684497833252e-01
-3.630010485649108887e-01
-3.623071312904357910e-01
-3.630386888980865479e-01
-3.636628687381744385e-01
-3.620085418224334717e-01
-3.643823862075805664e-01
-3.650725483894348145e-01
-3.629661202430725098e-01
-3.627892732620239258e-01
-3.642423748970031738e-01
-3.629248738288879395e-01
-3.633028864860534668e-01
-3.638265430927276611e-01
-3.631252050399780273e-01
-3.621706962585449219e-01
-3.628765046596527100e-01
-3.596892356872558594e-01
-3.623759746551513672e-01
-3.628159165382385254e-01
-3.633117675781250000e-01
-3.634990155696868896e-01
-3.620378971099853516e-01
-3.635404109954833984e-01
-3.601260483264923096e-01
-3.624964654445648193e-01
-3.618009090423583984e-01
-3.633830547332763672e-01
-3.622429966926574707e-01
-3.617798984050750732e-01
-3.635738193988800049e-01
-3.629603385925292969e-01
-3.637429475784301758e-01
-3.613144457340240479e-01
-3.659611940383911133e-01
-3.605245053768157959e-01
-3.612335920333862305e-01
-3.630471229553222656e-01
-3.625472784042358398e-01
-3.631490170955657959e-01
-3.629624545574188232e-01
-3.635805547237396240e-01
-3.621365129947662354e-01
-3.635099828243255615e-01
-3.631650507450103760e-01
-3.652105629444122314e-01
-3.640360832214355469e-01
-3.634860813617706299e-01
-3.597800433635711670e-01
-3.656704425811767578e-01
-3.621112704277038574e-01
-3.638841509819030762e-01
-3.627985715866088867e-01
-3.627865612506866455e-01
-3.620985448360443115e-01
-3.634130954742431641e-01
-3.636558353900909424e-01
-3.602901697158813477e-01
-3.560593724250793457e-01
-3.642593324184417725e-01
-3.638254404067993164e-01
-3.612869679927825928e-01
-3.625896871089935303e-01
-3.631466627120971680e-01
-3.636285364627838135e-01
-3.628389239311218262e-01
-3.639367818832397461e-01
-3.613428175449371338e-01
-3.632865548133850098e-01
-3.608511388301849365e-01
-3.609441518783569336e-01
-3.648371696472167969e-01
-3.628090322017669678e-01
-3.591890335083007812e-01
-3.624907732009887695e-01
-3.631398379802703857e-01
-3.634018599987030029e-01
-3.633719086647033691e-01
-3.631074726581573486e-01
-3.633109033107757568e-01
-3.633481264114379883e-01
-3.632230162620544434e-01
-3.610692620277404785e-01
-3.614042997360229492e-01
-3.619787693023681641e-01
-3.617551922798156738e-01
-3.601214885711669922e-01
-3.612922132015228271e-01
-3.651871383190155029e-01
-3.614971935749053955e-01
-3.620617687702178955e-01
-3.571934103965759277e-01
-3.587775826454162598e-01
-3.615201413631439209e-01
-3.600784242153167725e-01
-3.572431504726409912e-01
-3.610609173774719238e-01
-3.612171411514282227e-01
-3.627636730670928955e-01
-3.631647825241088867e-01
-3.602279722690582275e-01
-3.615174591541290283e-01
-3.547256290912628174e-01
-3.619155883789062500e-01
-3.626575171947479248e-01
-3.614770174026489258e-01
-3.633470237255096436e-01
-3.611892759799957275e-01
-3.607050180435180664e-01
-3.618496656417846680e-01
-3.609710037708282471e-01
-3.604419827461242676e-01
-3.614060282707214355e-01
-3.613492548465728760e-01
-3.606638014316558838e-01
-3.578098118305206299e-01
-3.595179617404937744e-01
-3.616511821746826172e-01
-3.621649146080017090e-01
-3.620003461837768555e-01
-3.555703163146972656e-01
-2.117210775613784790e-01
-2.138105630874633789e-01
-2.147484123706817627e-01
-2.165819108486175537e-01
-2.219894081354141235e-01
-2.226284742355346680e-01
-2.339300811290740967e-01
-2.303211092948913574e-01
-2.348415851593017578e-01
-2.417816668748855591e-01
-2.496302425861358643e-01
-2.588498592376708984e-01
-2.789965867996215820e-01
-2.875387668609619141e-01
-2.974639832973480225e-01
-2.999021708965301514e-01
-3.017883896827697754e-01
-3.061726093292236328e-01
-3.037152588367462158e-01
-3.147871196269989014e-01
-3.068440258502960205e-01
-3.125218451023101807e-01
-3.091544806957244873e-01
-3.080457150936126709e-01
-3.086201250553131104e-01
-3.119223713874816895e-01
-3.201740682125091553e-01
-3.227414488792419434e-01
-3.259343206882476807e-01
-3.385056555271148682e-01
-3.473077416419982910e-01
-3.448804914951324463e-01
-3.500413298606872559e-01
-3.546919226646423340e-01
-3.540115952491760254e-01
-3.530099987983703613e-01
-3.569093048572540283e-01
-3.549340963363647461e-01
-3.585225343704223633e-01
-3.563254177570343018e-01
-3.589786589145660400e-01
-3.567259609699249268e-01
-3.582636713981628418e-01
-3.577241897583007812e-01
-3.599031865596771240e-01
-3.595518767833709717e-01
-3.597184717655181885e-01
-3.577485084533691406e-01
-3.587800264358520508e-01
-3.602625131607055664e-01
-3.590151369571685791e-01
-3.597995042800903320e-01
-3.607752323150634766e-01
-3.579273521900177002e-01
-3.618390262126922607e-01
-3.586602509021759033e-01
-3.619787991046905518e-01
-3.587747216224670410e-01
-3.637351095676422119e-01
-3.620411455631256104e-01
-3.611764013767242432e-01
-3.625966012477874756e-01
-3.619132339954376221e-01
-3.617518544197082520e-01
-3.636206686496734619e-01
-3.621387183666229248e-01
-3.611298501491546631e-01
-3.624218702316284180e-01
-3.617395162582397461e-01
-3.647774755954742432e-01
-3.647106289863586426e-01
-3.654887974262237549e-01
-3.629106283187866211e-01
-3.640059232711791992e-01
-3.616859614849090576e-01
-3.636103272438049316e-01
-3.635597825050354004e-01
-3.563209176063537598e-01
-3.619109988212585449e-01
-3.632733523845672607e-01
-3.626931905746459961e-01
-3.640419840812683105e-01
-3.618243038654327393e-01
-3.622024655342102051e-01
-3.598353266716003418e-01
-3.605100810527801514e-01
-3.627924323081970215e-01
-3.627186119556427002e-01
-3.638330101966857910e-01
-3.546635806560516357e-01
-3.607350289821624756e-01
-3.629674613475799561e-01
-3.647486865520477295e-01
-3.623743951320648193e-01
-3.621671795845031738e-01
-3.629569709300994873e-01
-3.636998832225799561e-01
-3.619317114353179932e-01
-3.626473248004913330e-01
-3.632527589797973633e-01
-3.641420304775238037e-01
-3.653625845909118652e-01
-3.620674312114715576e-01
-3.640627861022949219e-01
-3.641101717948913574e-01
-3.645797073841094971e-01
-3.654617369174957275e-01
-3.637653291225433350e-01
-3.644984960556030273e-01
-3.648799657821655273e-01
-3.645609021186828613e-01
-3.637971878051757812e-01
-3.583001792430877686e-01
-3.645863234996795654e-01
-3.645791113376617432e-01
-3.645366132259368896e-01
-3.635563552379608154e-01
-3.650623261928558350e-01
-3.623364865779876709e-01
-3.661021590232849121e-01
-3.643716573715209961e-01
-3.645155131816864014e-01
-3.627841472625732422e-01
-3.639905452728271484e-01
-3.649335503578186035e-01
-3.556120097637176514e-01
-3.656049668788909912e-01
-3.596573173999786377e-01
-3.617224395275115967e-01
-3.614389002323150635e-01
-3.613145649433135986e-01
-3.636165857315063477e-01
-3.612654805183410645e-01
-3.635613620281219482e-01
-3.629335463047027588e-01
-3.625489473342895508e-01
-3.600166738033294678e-01
-3.589948713779449463e-01
-3.605764806270599365e-01
-3.635616898536682129e-01
-3.645844161510467529e-01
-3.632545769214630127e-01
-3.171693980693817139e-01
-3.203242719173431396e-01
-3.188152015209197998e-01
-3.233954906463623047e-01
-3.258472979068756104e-01
-3.169201612472534180e-01
-3.237601220607757568e-01
-3.307572901248931885e-01
-3.609150648117065430e-01
-3.596773743629455566e-01
-3.612346947193145752e-01
-3.612404167652130127e-01
-3.603133559226989746e-01
-3.629980385303497314e-01
-2.951235473155975342e-01
-3.037859499454498291e-01
-3.047476708889007568e-01
-3.106343150138854980e-01
-3.173479139804840088e-01
-3.222003579139709473e-01
-3.230346441268920898e-01
-3.317854106426239014e-01
-3.365477621555328369e-01
-3.368692100048065186e-01
-3.389352858066558838e-01
-3.416802883148193359e-01
-3.458782434463500977e-01
-3.450871109962463379e-01
-3.467980921268463135e-01
-3.477585911750793457e-01
-3.491889536380767822e-01
-3.485324680805206299e-01
-3.471140563488006592e-01
-3.508256971836090088e-01
-3.405454754829406738e-01
-3.514107167720794678e-01
-3.459264636039733887e-01
-3.468236625194549561e-01
-3.461091816425323486e-01
-3.498921990394592285e-01
-3.466224968433380127e-01
-3.452972769737243652e-01
-3.535180091857910156e-01
-3.537383973598480225e-01
-3.509395122528076172e-01
-3.510476648807525635e-01
-3.509548902511596680e-01
-3.517900407314300537e-01
-3.543547093868255615e-01
-3.534310162067413330e-01
-3.520684838294982910e-01
-3.566450774669647217e-01
-3.535854518413543701e-01
-3.535460829734802246e-01
-3.555470407009124756e-01
-3.539553284645080566e-01
-3.530291914939880371e-01
-3.554005026817321777e-01
-3.550693690776824951e-01
-3.528664410114288330e-01
-3.552998006343841553e-01
-3.559259474277496338e-01
-3.577043116092681885e-01
-3.577931821346282959e-01
-3.597547709941864014e-01
-3.575621843338012695e-01
-3.575229942798614502e-01
-3.601210713386535645e-01
-3.589886426925659180e-01
-3.582985401153564453e-01
-3.611125349998474121e-01
-3.589050173759460449e-01
-3.590738475322723389e-01
-3.595153391361236572e-01
-3.582598865032196045e-01
-3.589918315410614014e-01
-3.587445914745330811e-01
-3.587999343872070312e-01
-3.560632765293121338e-01
-3.607878386974334717e-01
-3.603752255439758301e-01
-3.585054278373718262e-01
-3.601039350032806396e-01
-3.590576052665710449e-01
-3.621625900268554688e-01
-3.603699803352355957e-01
-3.580157458782196045e-01
-3.587285280227661133e-01
-3.616662323474884033e-01
-3.618409335613250732e-01
-3.587997853755950928e-01
-3.593778014183044434e-01
-3.600626289844512939e-01
-3.626471757888793945e-01
-3.609472513198852539e-01
-3.594695329666137695e-01
-3.575723469257354736e-01
-3.607579469680786133e-01
-3.617756366729736328e-01
-3.609873056411743164e-01
-3.594118654727935791e-01
-3.579078018665313721e-01
-3.622932434082031250e-01
-3.606652319431304932e-01
-3.604083359241485596e-01
-3.610248267650604248e-01
-3.609904050827026367e-01
-3.596163392066955566e-01
-3.606993556022644043e-01
-3.616258502006530762e-01
-3.600636124610900879e-01
-3.571240305900573730e-01
-3.619288206100463867e-01
-3.591781556606292725e-01
-3.590040206909179688e-01
-3.609014749526977539e-01
-3.598182797431945801e-01
-3.612994849681854248e-01
-3.634566962718963623e-01
-3.619142770767211914e-01
-3.595965802669525146e-01
-3.597964942455291748e-01
-3.606215715408325195e-01
-3.607043921947479248e-01
-3.616117537021636963e-01
-3.619443774223327637e-01
-3.618768453598022461e-01
-3.608927726745605469e-01
-3.607973158359527588e-01
-3.611910343170166016e-01
-3.614459931850433350e-01
-3.626822531223297119e-01
-3.600001633167266846e-01
-3.611280620098114014e-01
-3.614523410797119141e-01
-3.611155748367309570e-01
-3.620151281356811523e-01
-3.619457781314849854e-01
-3.607346713542938232e-01
-3.609713912010192871e-01
-3.623006045818328857e-01
-3.608533740043640137e-01
-3.623206019401550293e-01
-3.613540530204772949e-01
-3.631428182125091553e-01
-3.614269196987152100e-01
-3.633228242397308350e-01
-3.608141541481018066e-01
-3.615828752517700195e-01
-3.613766133785247803e-01
-3.596023023128509521e-01
-3.622899949550628662e-01
-3.604491055011749268e-01
-3.625982105731964111e-01
-3.623130023479461670e-01
-3.626115620136260986e-01
-3.611688613891601562e-01
-3.618670105934143066e-01
-3.599824309349060059e-01
-3.623796999454498291e-01
-3.619096875190734863e-01
-3.625950813293457031e-01
-3.620234429836273193e-01
-3.593237698078155518e-01
-3.600359559059143066e-01
-3.607131838798522949e-01
-3.605973422527313232e-01
-3.615099191665649414e-01
-3.604576289653778076e-01
-3.615353405475616455e-01
-3.613890409469604492e-01
-3.607566058635711670e-01
-3.605109155178070068e-01
-3.623996376991271973e-01
-3.611169755458831787e-01
-3.591614365577697754e-01
-3.617822527885437012e-01
-3.609379231929779053e-01
-3.610858023166656494e-01
-3.599686324596405029e-01
-3.611272871494293213e-01
-3.605545163154602051e-01
-3.607331812381744385e-01
-3.614355027675628662e-01
-3.617350757122039795e-01
-3.613041341304779053e-01
-3.629677593708038330e-01
-3.626157939434051514e-01
-3.587172031402587891e-01
-3.624155223369598389e-01
-3.627939820289611816e-01
-3.631757795810699463e-01
-3.616005182266235352e-01
-3.643257319927215576e-01
