6.033539772033691406e-01
5.757614970207214355e-01
4.882075786590576172e-01
4.538141489028930664e-01
4.566232264041900635e-01
3.674164116382598877e-01
3.249973654747009277e-01
2.942462265491485596e-01
2.575649917125701904e-01
2.170859426259994507e-01
2.002795040607452393e-01
1.708475649356842041e-01
1.146055161952972412e-01
9.068864583969116211e-02
8.250274509191513062e-02
4.727826640009880066e-02
1.117903739213943481e-02
-4.702281876234337687e-05
-2.432353422045707703e-02
-4.531702026724815369e-02
-6.971140205860137939e-02
-7.801893353462219238e-02
-9.478695690631866455e-02
-1.097444295883178711e-01
-1.347670853137969971e-01
-1.341979652643203735e-01
-1.517010480165481567e-01
-1.606380194425582886e-01
-1.636878401041030884e-01
-1.803761124610900879e-01
-1.907563507556915283e-01
-1.939530819654464722e-01
-2.047632783651351929e-01
-2.079479694366455078e-01
-2.078102678060531616e-01
-2.211798280477523804e-01
-2.197737693786621094e-01
-2.190884798765182495e-01
-2.297857552766799927e-01
-2.262044996023178101e-01
-2.354621589183807373e-01
-2.407389730215072632e-01
-2.350153475999832153e-01
-2.321607023477554321e-01
-2.466997653245925903e-01
-2.498102635145187378e-01
-2.426214516162872314e-01
-2.420749217271804810e-01
-2.491430640220642090e-01
-2.487325966358184814e-01
-2.478484511375427246e-01
-2.529112398624420166e-01
-2.543875873088836670e-01
-2.520386278629302979e-01
-2.468318194150924683e-01
-2.539984583854675293e-01
-2.514229118824005127e-01
-2.486736476421356201e-01
-2.453864812850952148e-01
-2.536623179912567139e-01
-2.555018961429595947e-01
-2.516501545906066895e-01
-2.542806267738342285e-01
-2.537984251976013184e-01
-2.538176774978637695e-01
-2.521533071994781494e-01
-2.558121383190155029e-01
-2.523958683013916016e-01
-2.555598616600036621e-01
-2.558069229125976562e-01
-2.516120672225952148e-01
-2.552436292171478271e-01
-2.508772909641265869e-01
-2.477962970733642578e-01
-2.549491524696350098e-01
-2.512179613113403320e-01
-2.582548856735229492e-01
-2.519617676734924316e-01
-2.566690444946289062e-01
-2.537242472171783447e-01
-2.527273595333099365e-01
-2.585446834564208984e-01
-2.574033737182617188e-01
-2.573755383491516113e-01
-2.599504292011260986e-01
-2.507617473602294922e-01
-2.529605925083160400e-01
-2.586559057235717773e-01
-2.495814859867095947e-01
-2.521986663341522217e-01
-2.507907152175903320e-01
-2.545307576656341553e-01
-2.605895698070526123e-01
-2.564464807510375977e-01
-2.521995902061462402e-01
-2.563101053237915039e-01
-2.521214187145233154e-01
-2.566186487674713135e-01
-2.523772418498992920e-01
-2.597838640213012695e-01
-2.583883106708526611e-01
-2.582207024097442627e-01
-2.564325928688049316e-01
-2.612616717815399170e-01
-2.564811408519744873e-01
-2.606260478496551514e-01
-2.577011287212371826e-01
-2.540115416049957275e-01
-2.630735039710998535e-01
-2.579753994941711426e-01
-2.560605406761169434e-01
-2.672021985054016113e-01
-2.542155385017395020e-01
-2.564839124679565430e-01
-2.629150748252868652e-01
-2.592170536518096924e-01
-2.545718550682067871e-01
-2.620642781257629395e-01
-2.589524984359741211e-01
-2.594589889049530029e-01
-2.556816041469573975e-01
-2.695633471012115479e-01
-2.626296877861022949e-01
-2.597183287143707275e-01
-2.642454504966735840e-01
-2.618362605571746826e-01
-2.560481429100036621e-01
-2.629042267799377441e-01
-2.620775103569030762e-01
-2.601958215236663818e-01
-2.580683827400207520e-01
-2.665118873119354248e-01
-2.569942176342010498e-01
-2.555648982524871826e-01
-2.634059488773345947e-01
-2.621801793575286865e-01
-2.597307264804840088e-01
-2.695681154727935791e-01
-2.617421150207519531e-01
-2.555566728115081787e-01
-2.610301375389099121e-01
-2.615763843059539795e-01
-2.655280232429504395e-01
-2.584621608257293701e-01
-2.710921168327331543e-01
-2.584337294101715088e-01
-2.651814520359039307e-01
-2.634046971797943115e-01
-2.653107047080993652e-01
-2.646291255950927734e-01
-2.629456222057342529e-01
-2.640172243118286133e-01
-2.661233544349670410e-01
-2.634260654449462891e-01
-2.658341526985168457e-01
-2.625880241394042969e-01
-2.645971477031707764e-01
-2.698760330677032471e-01
-2.663905918598175049e-01
-2.634608745574951172e-01
-2.672674655914306641e-01
-2.685704827308654785e-01
-2.648106813430786133e-01
-2.655917108058929443e-01
-2.684627473354339600e-01
-2.677558064460754395e-01
-2.617309689521789551e-01
-2.690808773040771484e-01
-2.673999071121215820e-01
-2.681943476200103760e-01
-2.724636197090148926e-01
-2.656682133674621582e-01
-2.714088559150695801e-01
-2.685576081275939941e-01
-2.709045410156250000e-01
-2.621152102947235107e-01
-2.700009047985076904e-01
-2.649620473384857178e-01
-2.696703374385833740e-01
-2.645444273948669434e-01
-2.648671865463256836e-01
-2.730462253093719482e-01
-2.745439410209655762e-01
-2.760411500930786133e-01
-2.713761031627655029e-01
-2.663820385932922363e-01
-2.708793580532073975e-01
-2.730326056480407715e-01
-2.666375637054443359e-01
-2.638122439384460449e-01
-2.729480564594268799e-01
-2.733409702777862549e-01
-2.750449776649475098e-01
-2.707970738410949707e-01
-2.759563624858856201e-01
-2.667902112007141113e-01
-2.716368734836578369e-01
-2.719746530055999756e-01
-2.673643827438354492e-01
-2.703834772109985352e-01
-2.777206897735595703e-01
-2.738955020904541016e-01
-2.703445553779602051e-01
-2.791671752929687500e-01
-2.679606974124908447e-01
-2.777184545993804932e-01
-2.778685092926025391e-01
-2.747428715229034424e-01
-2.749112546443939209e-01
-2.755505442619323730e-01
-2.773124873638153076e-01
-2.746126651763916016e-01
-2.701366543769836426e-01
-2.657022178173065186e-01
-2.756935656070709229e-01
-2.753311097621917725e-01
-2.783328592777252197e-01
-2.785649001598358154e-01
-2.758430540561676025e-01
-2.818009555339813232e-01
-2.749951779842376709e-01
-2.704531848430633545e-01
-2.764306068420410156e-01
-2.720566391944885254e-01
-2.810225188732147217e-01
-2.834126353263854980e-01
-2.769257426261901855e-01
-2.758759558200836182e-01
-2.791418135166168213e-01
-2.800537645816802979e-01
-2.784846723079681396e-01
-2.778624296188354492e-01
-2.785122394561767578e-01
-2.827556431293487549e-01
-2.773250341415405273e-01
-2.781880199909210205e-01
-2.828713357448577881e-01
-2.793438136577606201e-01
-2.753844559192657471e-01
-2.796969711780548096e-01
-2.798177003860473633e-01
-2.762120664119720459e-01
-2.732998728752136230e-01
-2.783986926078796387e-01
-2.853353321552276611e-01
-2.799206674098968506e-01
-2.815177142620086670e-01
-2.771958112716674805e-01
-2.789409756660461426e-01
-2.832992374897003174e-01
-2.800678014755249023e-01
-2.804749310016632080e-01
-2.803309261798858643e-01
-2.836016118526458740e-01
-2.823564410209655762e-01
-2.867295742034912109e-01
-2.851390540599822998e-01
-2.900818586349487305e-01
-2.858541309833526611e-01
-2.869829535484313965e-01
-2.859006226062774658e-01
-2.818935513496398926e-01
-2.851937115192413330e-01
-2.830798327922821045e-01
-2.811754941940307617e-01
-2.833504080772399902e-01
-2.866629660129547119e-01
-2.900124490261077881e-01
-2.784034609794616699e-01
-2.860549688339233398e-01
-2.913528978824615479e-01
-2.870947122573852539e-01
-2.892093360424041748e-01
-2.845997810363769531e-01
-2.885332107543945312e-01
-2.914150655269622803e-01
-2.850275635719299316e-01
-2.906520366668701172e-01
-2.832898199558258057e-01
-2.825452983379364014e-01
-2.843389213085174561e-01
-2.852708697319030762e-01
-2.887394130229949951e-01
-2.915356457233428955e-01
-2.874031960964202881e-01
-2.904999852180480957e-01
-2.848817706108093262e-01
-2.878193855285644531e-01
-2.888585925102233887e-01
-2.893967032432556152e-01
-2.907506823539733887e-01
-2.920273542404174805e-01
-2.899972498416900635e-01
-2.926322519779205322e-01
-2.888339459896087646e-01
-2.935306429862976074e-01
-2.853109538555145264e-01
-2.971052825450897217e-01
-2.937318086624145508e-01
-2.905121445655822754e-01
-2.915674149990081787e-01
-2.964110374450683594e-01
-2.910530865192413330e-01
-2.873199880123138428e-01
-2.861300408840179443e-01
-2.956508100032806396e-01
-2.952617108821868896e-01
-2.981780469417572021e-01
-2.953645288944244385e-01
-2.886087894439697266e-01
-2.933005988597869873e-01
-2.969008088111877441e-01
-2.912344336509704590e-01
-2.937206923961639404e-01
-2.954841852188110352e-01
-2.896063923835754395e-01
-2.889189422130584717e-01
-2.943063974380493164e-01
-2.990367710590362549e-01
-2.982510924339294434e-01
-2.973915338516235352e-01
-2.942919731140136719e-01
-2.978051900863647461e-01
-2.998077869415283203e-01
-2.983049452304840088e-01
-2.967096269130706787e-01
-2.962512075901031494e-01
-2.981673479080200195e-01
-2.930339276790618896e-01
-2.934176921844482422e-01
-2.993145883083343506e-01
-2.935065925121307373e-01
-2.984054684638977051e-01
-3.016704618930816650e-01
-2.952747941017150879e-01
-2.985407114028930664e-01
-3.019143640995025635e-01
-2.921704053878784180e-01
-2.963000237941741943e-01
-2.988038361072540283e-01
-2.982803285121917725e-01
-2.965202033519744873e-01
-2.961565554141998291e-01
-2.946782112121582031e-01
-2.985120713710784912e-01
-3.005921840667724609e-01
-2.992229759693145752e-01
-3.005711734294891357e-01
-3.015744686126708984e-01
-3.013495802879333496e-01
-2.975744605064392090e-01
-2.985255718231201172e-01
-3.021129071712493896e-01
-3.026681542396545410e-01
-2.990059554576873779e-01
-3.005336225032806396e-01
-2.984772324562072754e-01
-3.010880053043365479e-01
-3.035044372081756592e-01
-3.057250678539276123e-01
-3.004514873027801514e-01
-2.994606196880340576e-01
-3.019753396511077881e-01
-3.008211851119995117e-01
-3.050778806209564209e-01
-3.069270253181457520e-01
-3.038378953933715820e-01
-2.989107966423034668e-01
-3.020431995391845703e-01
-3.007870316505432129e-01
-3.044858574867248535e-01
-3.019062578678131104e-01
-2.994695305824279785e-01
-2.995026707649230957e-01
-3.045554161071777344e-01
-3.009570240974426270e-01
-3.078224956989288330e-01
-3.031403124332427979e-01
-3.030966818332672119e-01
-3.047670125961303711e-01
-3.051852881908416748e-01
-3.006500303745269775e-01
-3.113900125026702881e-01
-3.033995330333709717e-01
-3.058309257030487061e-01
-3.018926978111267090e-01
-3.079105913639068604e-01
-3.098884522914886475e-01
-3.044682741165161133e-01
-3.042539358139038086e-01
-3.079917132854461670e-01
-3.086165785789489746e-01
-3.044359385967254639e-01
-3.043839335441589355e-01
-3.067876696586608887e-01
-3.021394014358520508e-01
-3.105064034461975098e-01
-3.052370548248291016e-01
-3.050706684589385986e-01
-3.098417222499847412e-01
-3.072344064712524414e-01
-3.081074655055999756e-01
-3.118414580821990967e-01
-3.079186081886291504e-01
-3.083505332469940186e-01
-3.056658804416656494e-01
-3.052562773227691650e-01
-3.052942454814910889e-01
-3.071845173835754395e-01
-3.035456538200378418e-01
-3.063657879829406738e-01
-3.119425177574157715e-01
-3.078607618808746338e-01
-3.112039864063262939e-01
-3.078056573867797852e-01
-3.113147318363189697e-01
-3.117449283599853516e-01
-3.091289699077606201e-01
-3.125450611114501953e-01
-3.068188726902008057e-01
-3.070553541183471680e-01
-3.159937262535095215e-01
-3.121905624866485596e-01
-3.130747675895690918e-01
-3.145734369754791260e-01
-3.118351399898529053e-01
-3.093149363994598389e-01
-3.108479678630828857e-01
-3.163901865482330322e-01
-3.150872290134429932e-01
-3.163651227951049805e-01
-3.124051988124847412e-01
-3.120983541011810303e-01
-3.068457841873168945e-01
-3.120580017566680908e-01
-3.111808896064758301e-01
-3.148536980152130127e-01
-3.155722916126251221e-01
-3.117862045764923096e-01
-3.149777948856353760e-01
-3.118757903575897217e-01
-3.125978410243988037e-01
-3.123301267623901367e-01
-3.124846220016479492e-01
-3.169814348220825195e-01
-3.175071477890014648e-01
-3.102016746997833252e-01
-3.160057365894317627e-01
-3.117915689945220947e-01
-3.149616420269012451e-01
-3.166433274745941162e-01
-3.148423731327056885e-01
-3.154982924461364746e-01
-3.130115568637847900e-01
-3.125694096088409424e-01
-3.153996467590332031e-01
-3.109879195690155029e-01
-3.124287724494934082e-01
-3.160089254379272461e-01
-3.130002915859222412e-01
-3.142181038856506348e-01
-3.130872249603271484e-01
-3.138481378555297852e-01
-3.134222328662872314e-01
-3.101362586021423340e-01
-3.192942738533020020e-01
-3.171660304069519043e-01
-3.130664229393005371e-01
-3.164013028144836426e-01
-3.134104609489440918e-01
-3.145927488803863525e-01
-3.126631677150726318e-01
-3.145739138126373291e-01
-3.149519860744476318e-01
-3.175427913665771484e-01
-3.188666701316833496e-01
-3.164117634296417236e-01
-3.156702816486358643e-01
-3.211117386817932129e-01
-3.190580308437347412e-01
-3.163742721080780029e-01
-3.168353140354156494e-01
-3.152505159378051758e-01
-3.159866333007812500e-01
-3.208960592746734619e-01
-3.201961815357208252e-01
-3.160533308982849121e-01
-3.215904831886291504e-01
-3.179476559162139893e-01
-3.194326162338256836e-01
-3.182004392147064209e-01
-3.192554712295532227e-01
-3.192598223686218262e-01
-3.211928308010101318e-01
-3.174712359905242920e-01
-3.184088468551635742e-01
-3.194193840026855469e-01
-3.220663666725158691e-01
-3.166554570198059082e-01
-3.180231451988220215e-01
-3.204981386661529541e-01
-3.227792382240295410e-01
-3.235449194908142090e-01
-3.173627853393554688e-01
-3.228681385517120361e-01
-3.195958733558654785e-01
-3.185416162014007568e-01
-3.195726275444030762e-01
-3.197500109672546387e-01
-3.218779265880584717e-01
-3.181987404823303223e-01
-3.191727697849273682e-01
-3.246944844722747803e-01
-3.218919634819030762e-01
-3.220792412757873535e-01
-3.213036358356475830e-01
-3.229124546051025391e-01
-3.188248872756958008e-01
-3.244273066520690918e-01
-3.233032524585723877e-01
-3.204226195812225342e-01
-3.217084705829620361e-01
-3.278648555278778076e-01
-3.218706548213958740e-01
-3.194797933101654053e-01
-3.221718370914459229e-01
-3.249310255050659180e-01
-3.249126672744750977e-01
-3.258401453495025635e-01
-3.275390863418579102e-01
-3.204089999198913574e-01
-3.261620402336120605e-01
-3.259155154228210449e-01
-3.271056413650512695e-01
-3.233085572719573975e-01
-3.277941048145294189e-01
-3.261438608169555664e-01
-3.258546590805053711e-01
-3.245974779129028320e-01
-3.197841942310333252e-01
-3.239348530769348145e-01
-3.221407830715179443e-01
-3.248099088668823242e-01
-3.277660608291625977e-01
-3.249884545803070068e-01
-3.289090096950531006e-01
-3.245422244071960449e-01
-3.293505311012268066e-01
-3.252461552619934082e-01
-3.271345496177673340e-01
-3.277454078197479248e-01
-3.274771869182586670e-01
-3.255189061164855957e-01
-3.266298770904541016e-01
-3.249531388282775879e-01
-3.237598240375518799e-01
-3.267718553543090820e-01
-3.294352591037750244e-01
-3.299871087074279785e-01
-3.240140378475189209e-01
-3.269034326076507568e-01
-3.259409666061401367e-01
-3.262189924716949463e-01
-3.268660306930541992e-01
-3.301821351051330566e-01
-3.302442729473114014e-01
-3.269740939140319824e-01
-3.275308907032012939e-01
-3.294372558593750000e-01
-3.275166153907775879e-01
-3.263223767280578613e-01
-3.275024592876434326e-01
-3.269228637218475342e-01
-3.272425532341003418e-01
-3.279065489768981934e-01
-3.246263563632965088e-01
-3.277938067913055420e-01
-3.321393132209777832e-01
-3.290032446384429932e-01
-3.279772102832794189e-01
-3.302580118179321289e-01
-3.321159780025482178e-01
-3.279868066310882568e-01
-3.262440860271453857e-01
-3.273076117038726807e-01
-3.288514316082000732e-01
-3.281300663948059082e-01
-3.294346928596496582e-01
-3.307793140411376953e-01
-3.326842486858367920e-01
-3.299625515937805176e-01
-3.288122415542602539e-01
-3.285734951496124268e-01
-3.307312428951263428e-01
-3.295513391494750977e-01
-3.293220698833465576e-01
-3.270595967769622803e-01
-3.338048458099365234e-01
-3.332021534442901611e-01
-3.319699168205261230e-01
-3.303541839122772217e-01
-3.334058821201324463e-01
-3.281439840793609619e-01
-3.300828337669372559e-01
-3.317888677120208740e-01
-3.283851444721221924e-01
-3.280844688415527344e-01
-3.300944864749908447e-01
-3.326306641101837158e-01
-3.338944017887115479e-01
-3.301556706428527832e-01
-3.291675746440887451e-01
-3.313541114330291748e-01
-3.323571979999542236e-01
-3.330145776271820068e-01
-3.318786621093750000e-01
-3.326574563980102539e-01
-3.298388421535491943e-01
-3.321707844734191895e-01
-3.339343369007110596e-01
-3.362601399421691895e-01
-3.304440081119537354e-01
-3.313751518726348877e-01
-3.327453136444091797e-01
-3.332233726978302002e-01
-3.321956098079681396e-01
-3.322700858116149902e-01
-3.324314951896667480e-01
-3.354646563529968262e-01
-3.295138776302337646e-01
-3.311043083667755127e-01
-3.307065665721893311e-01
-3.343708813190460205e-01
-3.323867917060852051e-01
-3.303900063037872314e-01
-3.309045135974884033e-01
-3.334122598171234131e-01
-3.321795761585235596e-01
-3.344684839248657227e-01
-3.323528468608856201e-01
-3.328556418418884277e-01
-3.333029747009277344e-01
-3.322225213050842285e-01
-3.310799598693847656e-01
-3.303307592868804932e-01
-3.331224322319030762e-01
-3.306447863578796387e-01
-3.318775594234466553e-01
-3.316232562065124512e-01
-3.335314095020294189e-01
-3.364547789096832275e-01
-3.303849101066589355e-01
-3.337839841842651367e-01
-3.305492699146270752e-01
-3.318126201629638672e-01
-3.307907581329345703e-01
-3.349896073341369629e-01
-3.357867896556854248e-01
-3.357212543487548828e-01
-3.345712423324584961e-01
-3.353018164634704590e-01
-3.331072032451629639e-01
-3.357798159122467041e-01
-3.357073366641998291e-01
-3.354060947895050049e-01
-3.341010212898254395e-01
-3.362081646919250488e-01
-3.356048464775085449e-01
-3.350374400615692139e-01
-3.337791562080383301e-01
-3.312273621559143066e-01
-3.306007087230682373e-01
-3.322934210300445557e-01
-3.349182605743408203e-01
-3.337120115756988525e-01
-3.351467847824096680e-01
-3.315837979316711426e-01
-3.348804116249084473e-01
-3.329008221626281738e-01
-3.330118954181671143e-01
-3.368611037731170654e-01
-3.313167989253997803e-01
-3.335759937763214111e-01
-3.312818706035614014e-01
-3.347811996936798096e-01
-3.288645744323730469e-01
-3.317224681377410889e-01
-3.335279524326324463e-01
-3.324401974678039551e-01
-3.358658850193023682e-01
-3.358208537101745605e-01
-3.350606560707092285e-01
-3.369154930114746094e-01
-3.338618278503417969e-01
-3.387377262115478516e-01
-3.353739082813262939e-01
-3.354124724864959717e-01
-3.336746096611022949e-01
-3.348426520824432373e-01
-3.332459628582000732e-01
-3.331156671047210693e-01
-3.323955833911895752e-01
-3.349845707416534424e-01
-3.336983025074005127e-01
-3.334518373012542725e-01
-3.313462436199188232e-01
-3.329075872898101807e-01
-3.342193067073822021e-01
-3.377899229526519775e-01
-3.337881565093994141e-01
-3.343667685985565186e-01
-3.364339470863342285e-01
-3.335849046707153320e-01
-3.354853391647338867e-01
-3.345078229904174805e-01
-3.338495492935180664e-01
-3.387548327445983887e-01
-3.362573385238647461e-01
-3.363095819950103760e-01
-3.307183384895324707e-01
-3.291448354721069336e-01
-3.368937075138092041e-01
-3.355616033077239990e-01
-3.333220481872558594e-01
-3.329845368862152100e-01
-3.369133770465850830e-01
-3.334136307239532471e-01
-3.368909955024719238e-01
-3.363681137561798096e-01
-3.360110223293304443e-01
-3.337217271327972412e-01
-3.340791463851928711e-01
-3.320194184780120850e-01
-3.363347053527832031e-01
-3.366186916828155518e-01
-3.352452516555786133e-01
-3.332305252552032471e-01
-3.329980373382568359e-01
-3.359424471855163574e-01
-3.347950279712677002e-01
-3.340735435485839844e-01
-3.365814387798309326e-01
-3.354704380035400391e-01
-3.380935788154602051e-01
-3.325718343257904053e-01
-3.340854942798614502e-01
-3.323141336441040039e-01
-3.326348960399627686e-01
-3.348914086818695068e-01
-3.378626108169555664e-01
-3.379799723625183105e-01
-3.375456035137176514e-01
-3.359497785568237305e-01
-3.356609642505645752e-01
-3.358390331268310547e-01
-3.364688158035278320e-01
-3.364702761173248291e-01
-3.334481716156005859e-01
-3.369541466236114502e-01
-3.368560373783111572e-01
-3.344460427761077881e-01
-3.357993662357330322e-01
-3.345936834812164307e-01
-3.338086009025573730e-01
-3.367535471916198730e-01
-3.316256403923034668e-01
-3.338698744773864746e-01
-3.360414505004882812e-01
-3.345726430416107178e-01
-3.344447314739227295e-01
-3.389316201210021973e-01
-3.358860313892364502e-01
-3.371174037456512451e-01
-3.366382420063018799e-01
-3.356562256813049316e-01
-3.350947201251983643e-01
-3.364195525646209717e-01
-3.369088768959045410e-01
-3.346340060234069824e-01
-3.370180726051330566e-01
-3.359931707382202148e-01
-3.351441025733947754e-01
-3.390455842018127441e-01
-3.388890027999877930e-01
-3.376291394233703613e-01
-3.363847732543945312e-01
-3.352822363376617432e-01
-3.347600698471069336e-01
-3.374489843845367432e-01
-3.365826904773712158e-01
-3.358017504215240479e-01
-3.386245667934417725e-01
-3.390490412712097168e-01
-3.366204202175140381e-01
-3.336188197135925293e-01
-3.412570059299468994e-01
-3.376046121120452881e-01
-3.354762792587280273e-01
-3.353578448295593262e-01
-3.347922861576080322e-01
-3.360630273818969727e-01
-3.374365270137786865e-01
-3.358970880508422852e-01
-3.367379903793334961e-01
-3.411393463611602783e-01
-3.339843750000000000e-01
-3.379582464694976807e-01
-3.374896645545959473e-01
-3.344894051551818848e-01
-3.351158499717712402e-01
-3.371666371822357178e-01
-3.403135240077972412e-01
-3.351520299911499023e-01
-3.370439112186431885e-01
-3.378231823444366455e-01
-3.404045999050140381e-01
-3.357641696929931641e-01
-3.384192585945129395e-01
-3.391611874103546143e-01
-3.368024230003356934e-01
-3.362232148647308350e-01
-3.361122906208038330e-01
-3.372471332550048828e-01
-3.394536077976226807e-01
-3.387742042541503906e-01
-3.362486362457275391e-01
-3.390752077102661133e-01
-3.399241864681243896e-01
-3.372963070869445801e-01
-3.402783870697021484e-01
-3.353909254074096680e-01
-3.378865420818328857e-01
-3.392746746540069580e-01
-3.380719721317291260e-01
-3.355850279331207275e-01
-3.347620368003845215e-01
-3.360470533370971680e-01
-3.370145857334136963e-01
-3.356087505817413330e-01
-3.371774554252624512e-01
-3.407847583293914795e-01
-3.368115723133087158e-01
-3.391226828098297119e-01
-3.406355977058410645e-01
-3.366195559501647949e-01
-3.378423452377319336e-01
-3.396364748477935791e-01
-3.377332985401153564e-01
-3.382016420364379883e-01
-3.381157517433166504e-01
-3.385011553764343262e-01
-3.384592533111572266e-01
-3.374756574630737305e-01
-3.414564728736877441e-01
-3.378997743129730225e-01
-3.407973647117614746e-01
-3.376564383506774902e-01
-3.406619131565093994e-01
-3.374926149845123291e-01
-3.368681669235229492e-01
-3.375127911567687988e-01
-3.367378413677215576e-01
-3.413302004337310791e-01
-3.398838639259338379e-01
-3.405430912971496582e-01
-3.357002437114715576e-01
-3.384965658187866211e-01
-3.394520878791809082e-01
-3.416589498519897461e-01
-3.374711275100708008e-01
-3.362290859222412109e-01
-3.346327245235443115e-01
-3.402077555656433105e-01
-3.364050090312957764e-01
-3.397521972656250000e-01
-3.379309177398681641e-01
-3.375250697135925293e-01
-3.412240147590637207e-01
-3.353068232536315918e-01
-3.354488015174865723e-01
-3.382557332515716553e-01
-3.353817164897918701e-01
-3.375839293003082275e-01
-3.402220606803894043e-01
-3.375953733921051025e-01
-3.384085595607757568e-01
-3.388569653034210205e-01
-3.402969241142272949e-01
-3.390974998474121094e-01
-3.426375985145568848e-01
-3.389544785022735596e-01
-3.403063118457794189e-01
-3.411129713058471680e-01
-3.416892588138580322e-01
-3.392482995986938477e-01
-3.411807715892791748e-01
-3.394563198089599609e-01
-3.386839032173156738e-01
-3.401845395565032959e-01
-3.418463766574859619e-01
-3.388916552066802979e-01
-3.384743034839630127e-01
-3.386967182159423828e-01
-3.416628837585449219e-01
-3.416488170623779297e-01
-3.383210301399230957e-01
-3.393030464649200439e-01
-3.389239311218261719e-01
-3.397802114486694336e-01
-3.411513566970825195e-01
-3.424965143203735352e-01
-3.392215967178344727e-01
-3.419670462608337402e-01
-3.425783514976501465e-01
-3.382678031921386719e-01
-3.381280004978179932e-01
-3.405315577983856201e-01
-3.401021957397460938e-01
-3.376295268535614014e-01
-3.370092511177062988e-01
-3.370102941989898682e-01
-3.389001786708831787e-01
-3.398301899433135986e-01
-3.422477245330810547e-01
-3.430729508399963379e-01
-3.395271003246307373e-01
-3.396666347980499268e-01
-3.415548205375671387e-01
-3.427900969982147217e-01
-3.395029306411743164e-01
-3.398283720016479492e-01
-3.432576656341552734e-01
-3.387373089790344238e-01
-3.404570519924163818e-01
-3.384988605976104736e-01
-3.382946848869323730e-01
-3.426566421985626221e-01
-3.418133556842803955e-01
-3.366799354553222656e-01
-3.371313512325286865e-01
-3.397733271121978760e-01
-3.414028882980346680e-01
-3.407473266124725342e-01
-3.401417136192321777e-01
-3.421507179737091064e-01
-3.430955410003662109e-01
-3.402295410633087158e-01
-3.399318754673004150e-01
-3.403292596340179443e-01
-3.413092494010925293e-01
-3.396273255348205566e-01
-3.400252461433410645e-01
-3.408794701099395752e-01
-3.424245417118072510e-01
-3.416342139244079590e-01
-3.384284675121307373e-01
-3.416387438774108887e-01
-3.421051800251007080e-01
-3.402082026004791260e-01
-3.407822847366333008e-01
-3.419593274593353271e-01
-3.406377434730529785e-01
-3.410486578941345215e-01
-3.412962555885314941e-01
-3.384400010108947754e-01
-3.408943414688110352e-01
-3.393612802028656006e-01
-3.403633832931518555e-01
-3.418280780315399170e-01
-3.444740176200866699e-01
-3.437498211860656738e-01
-3.407489657402038574e-01
-3.393960595130920410e-01
-3.423040807247161865e-01
-3.389691412448883057e-01
-3.404649794101715088e-01
-3.399906754493713379e-01
-3.415543437004089355e-01
-3.440422713756561279e-01
-3.398626744747161865e-01
-3.402844667434692383e-01
-3.397656977176666260e-01
-3.392804861068725586e-01
-3.381974995136260986e-01
-3.423087894916534424e-01
-3.424254655838012695e-01
-3.379494547843933105e-01
-3.426863551139831543e-01
-3.413290083408355713e-01
-3.418870866298675537e-01
-3.426888287067413330e-01
-3.406067490577697754e-01
-3.426152467727661133e-01
-3.419256508350372314e-01
-3.426206111907958984e-01
-3.448649942874908447e-01
-3.384618163108825684e-01
-3.435439467430114746e-01
-3.404643833637237549e-01
-3.403222560882568359e-01
